116	4.64158883361278e+01	1.00000000000000e-03
0.00000000000000e+00	5.46666392087203e-03	-6.31303430354002e-06	1.12509084881074e-02	5.41815526513068e-03	-6.39761774667846e-06
2.23805563815836e-02	5.36986805426487e-03	-6.51807843432550e-06	3.33913137932802e-02	5.32173723512885e-03	-6.64185612819779e-06
4.42854994502698e-02	5.27374663842828e-03	-6.76907376706559e-06	5.50653821821810e-02	5.22587994068080e-03	-6.89986013568955e-06
6.57331825419992e-02	5.17812063947320e-03	-7.03434808912995e-06	7.62910743769998e-02	5.13045203803841e-03	-7.17267924343901e-06
8.67411863521521e-02	5.08285721498747e-03	-7.31499987338680e-06	9.70856034283308e-02	5.03531900635723e-03	-7.46146571817263e-06
1.07326368297506e-01	4.98781997430209e-03	-7.61223720169291e-06	1.17465482777081e-01	4.94034238546193e-03	-7.76748444142328e-06
1.27504909165406e-01	4.89286818269496e-03	-7.92738588750730e-06	1.37446571560493e-01	4.84537895445936e-03	-8.09212822439065e-06
1.47292357143873e-01	4.79785590609882e-03	-8.26190767355683e-06	1.57044117431470e-01	4.75027983129594e-03	-8.43693225727193e-06
1.66703669493336e-01	4.70263106906144e-03	-8.61741630941992e-06	1.76272797144072e-01	4.65488948264237e-03	-8.80359027455313e-06
1.85753252105634e-01	4.60703441201527e-03	-8.99569366219488e-06	1.95146755144312e-01	4.55904464074819e-03	-9.19398084642253e-06
2.04454997183535e-01	4.51089834730767e-03	-9.39871580296625e-06	2.13679640394233e-01	4.46257307427977e-03	-9.61018171374839e-06
2.22822319264323e-01	4.41404567114900e-03	-9.82867533538823e-06	2.31884641649060e-01	4.36529224988869e-03	-1.00545093413285e-05
2.40868189803850e-01	4.31628813012019e-03	-1.02880135490757e-05	2.49774521401146e-01	4.26700778837175e-03	-1.05295378636239e-05
2.58605170533110e-01	4.21742479423304e-03	-1.07794505310732e-05	2.67361648701667e-01	4.16751175098029e-03	-1.10381423514827e-05
2.76045445797631e-01	4.11724023342219e-03	-1.13060306963231e-05	2.84658031070583e-01	4.06658069244448e-03	-1.15835462621838e-05
2.93200854091319e-01	4.01550241801196e-03	-1.18711600647359e-05	3.01675345708443e-01	3.96397341522814e-03	-1.21693589703042e-05
3.10082919001155e-01	3.91196035559416e-03	-1.24786723918469e-05	3.18424970229890e-01	3.85942843703124e-03	-1.27996460923541e-05
3.26702879786953e-01	3.80634133463009e-03	-1.31328775105910e-05	3.34918013148928e-01	3.75266105273009e-03	-1.34789940957614e-05
3.43071721833179e-01	3.69834781530787e-03	-1.38386611359120e-05	3.51165344360539e-01	3.64335994721054e-03	-1.42125901971824e-05
3.59200207226496e-01	3.58765373410708e-03	-1.46015405935174e-05	3.67177625883353e-01	3.53118327451107e-03	-1.50063229065189e-05
3.75098905735944e-01	3.47390031877293e-03	-1.54278024135923e-05	3.82965343153659e-01	3.41575409575134e-03	-1.58669037495507e-05
3.90778226501719e-01	3.35669112058024e-03	-1.63246123903171e-05	3.98538837194866e-01	3.29665499589860e-03	-1.68019841391143e-05
4.06248450776807e-01	3.23558620934516e-03	-1.73001622250091e-05	4.13908338029032e-01	3.17342186403269e-03	-1.78203660621268e-05
4.21519766113051e-01	3.11009538936768e-03	-1.83638806896536e-05	4.29083999750307e-01	3.04553637924898e-03	-1.89321451629088e-05
4.36602302444027e-01	2.97967008127897e-03	-1.95266326601384e-05	4.44075937748838e-01	2.91241728872982e-03	-2.01490121445325e-05
4.51506170592611e-01	2.84369371519522e-03	-2.08009945288357e-05	4.58894268657738e-01	2.77340985111851e-03	-2.14845195865010e-05
4.66241503827207e-01	2.70147026588052e-03	-2.22016058908370e-05	4.73549153704012e-01	2.62777327040831e-03	-2.29544692087469e-05
4.80818503210941e-01	2.55221036153519e-03	-2.37455314997526e-05	4.88050846280032e-01	2.47466554927311e-03	-2.45773916314196e-05
4.95247487641683e-01	2.39501472107073e-03	-2.54528643697238e-05	5.02409744724103e-01	2.31312495604419e-03	-2.63750341562563e-05
5.09538949675219e-01	2.22885367492465e-03	-2.73472566225674e-05	5.16636451520785e-01	2.14204773818305e-03	-2.83731878349958e-05
5.23703618473796e-01	2.05254245022313e-03	-2.94568215348789e-05	5.30741840412161e-01	1.96016044359681e-03	-3.06025262510889e-05
5.37752531543758e-01	1.86471043636538e-03	-3.18150907554493e-05	5.44737133280335e-01	1.76598584057963e-03	-3.30997709725445e-05
5.51697117344531e-01	1.66376320094286e-03	-3.44623452956938e-05	5.58633989137448e-01	1.55780044855058e-03	-3.59091788497690e-05
5.65549291397895e-01	1.44783493179013e-03	-3.74472953537097e-05	5.72444608188692e-01	1.33358119839722e-03	-3.90844607092156e-05
5.79321569250378e-01	1.21472849528015e-03	-4.08292822275946e-05	5.86181854768436e-01	1.09093792760473e-03	-4.26913176121424e-05
5.93027200606921e-01	9.61839235949613e-04	-4.46812032062205e-05	5.99859404069301e-01	8.27027077136888e-04	-4.68107675857254e-05
6.06680330256722e-01	6.86056891227027e-04	-4.90932411332246e-05	6.13491919104573e-01	5.38440125842587e-04	-5.15434673766801e-05
6.20296193191576e-01	3.83638720589996e-04	-5.41781303089461e-05	6.27095266431073e-01	2.21058768679949e-04	-5.70160278714482e-05
6.33891353772605e-01	5.00430849924571e-05	-6.00783222850509e-05	6.40686782064284e-01	-1.30137195961555e-04	-6.33889775549790e-05
6.47484002252423e-01	-3.20292371433939e-04	-6.69752904149945e-05	6.54285603127504e-01	-5.21325769662462e-04	-7.08683778629648e-05
6.61094326865154e-01	-7.34247257015652e-04	-7.51038172173146e-05	6.67913086658032e-01	-9.60189213335405e-04	-7.97223586097573e-05
6.74744986793430e-01	-1.20042516532726e-03	-8.47709452187484e-05	6.81593345602935e-01	-1.45639192283742e-03	-9.03039325801380e-05
6.88461721800654e-01	-1.72971618725093e-03	-9.63844263199842e-05	6.95353944838732e-01	-2.02224630696246e-03	-1.03086005058373e-04
7.02274150048686e-01	-2.33609049038674e-03	-1.10494860047439e-04	7.09226819514745e-01	-2.67366306187666e-03	-1.18712457912507e-04
7.16216829851431e-01	-3.03774077230357e-03	-1.27858873671949e-04	7.23249508347591e-01	-3.43153179846523e-03	-1.38076976278656e-04
7.30330699314008e-01	-3.85876082006265e-03	-1.49537734373872e-04	7.37466842960749e-01	-4.32377462599909e-03	-1.62447006393229e-04
7.44665069773870e-01	-4.83167399130358e-03	-1.77054415354538e-04	7.51933314215852e-01	-5.38847964136879e-03	-1.93665044545765e-04
7.59280452722192e-01	-6.00134582986289e-03	-2.12652979848738e-04	7.66716472532664e-01	-6.67882815745591e-03	-2.34483325656232e-04
7.74252680018739e-01	-7.43123698129422e-03	-2.59737041748975e-04	7.81901960178190e-01	-8.27109433927231e-03	-2.89148054318344e-04
7.89679103151945e-01	-9.21374308922507e-03	-3.23650467110914e-04	7.97601219671573e-01	-1.02781541090810e-02	-3.64448869543788e-04
8.05688276100624e-01	-1.14880266592289e-02	-4.13111614330441e-04	8.13963792785714e-01	-1.28732923597061e-02	-4.71706794245241e-04
8.22455769082018e-01	-1.44722175526067e-02	-5.42990362461637e-04	8.31197928825871e-01	-1.63343535057033e-02	-6.30690821767921e-04
8.40231427921565e-01	-1.85247954724571e-02	-7.39904244426937e-04	8.49607243495847e-01	-2.11303688370240e-02	-8.77680185395580e-04
8.59389593233117e-01	-2.42687943821895e-02	-1.05384765596406e-03	8.69660955152706e-01	-2.81024416515449e-02	-1.28212147225115e-03
8.80529650108666e-01	-3.28591497069185e-02	-1.58135883433919e-03	8.92141666228430e-01	-3.88636948866586e-02	-1.97620424532219e-03
9.04699759982068e-01	-4.65841747223997e-02	-2.49441069508349e-03	9.18495512540821e-01	-5.66944794331390e-02	-3.15415239727868e-03
9.33965321340466e-01	-7.01345311298263e-02	-3.94240405363555e-03	9.51792389964883e-01	-8.80592980654202e-02	-5.00643719565752e-03
9.73105067874719e-01	-1.07541609844938e-01	-1.43247750480542e-02	1.00000000000000e+00	0.00000000000000e+00	0.00000000000000e+00
59	4.64158883361278e+01	7.16428571428571e-02
0.00000000000000e+00	1.08286618829376e-02	-2.47977210656725e-05	2.23491315020487e-02	1.06390925009123e-02	-2.57119379465376e-05
4.42277292094659e-02	1.04507770772182e-02	-2.66938333173261e-05	6.56537694471325e-02	1.02634425528800e-02	-2.77311612064679e-05
8.66444782305196e-02	1.00768348030900e-02	-2.88281575404614e-05	1.07216378693138e-01	9.89069310284285e-03	-2.99894682409541e-05
1.27385335930781e-01	9.70474865411397e-03	-3.12201965584347e-05	1.47166599343012e-01	9.51872299214163e-03	-3.25259608751072e-05
1.66574842717506e-01	9.33232623223801e-03	-3.39129539821403e-05	1.85624202288706e-01	9.14525515395948e-03	-3.53880194299272e-05
2.04328312990398e-01	8.95719106901760e-03	-3.69587316488840e-05	2.22700343112592e-01	8.76779745565370e-03	-3.86334927753307e-05
2.40753027566106e-01	8.57671731078424e-03	-4.04216434954918e-05	2.58498699953766e-01	8.38357016923275e-03	-4.23335888037890e-05
2.75949323645248e-01	8.18794875110029e-03	-4.43809531598394e-05	2.93116522053185e-01	7.98941513119744e-03	-4.65767443473819e-05
3.10011608312074e-01	7.78749640801357e-03	-4.89355671946523e-05	3.26645614568093e-01	7.58167971055346e-03	-5.14738512629176e-05
3.43029321098929e-01	7.37140650439128e-03	-5.42101481268986e-05	3.59173285497109e-01	7.15606595778007e-03	-5.71654435559399e-05
3.75087872170779e-01	6.93498732186293e-03	-6.03635734615082e-05	3.90783282440982e-01	6.70743099840232e-03	-6.38316803525107e-05
4.06269585548119e-01	6.47257814329638e-03	-6.76007911526444e-05	4.21556750921523e-01	6.22951841984176e-03	-7.17064896511577e-05
4.36654682119009e-01	5.97723558234842e-03	-7.61897522933985e-05	4.51573252908979e-01	5.71459034362021e-03	-8.10979387138033e-05
4.66322346050954e-01	5.44030000691254e-03	-8.64860331533102e-05	4.80911895434389e-01	5.15291405051355e-03	-9.24181589085915e-05
4.95351932367733e-01	4.85078467054167e-03	-9.89694186976919e-05	5.09652636977020e-01	4.53203124310231e-03	-1.06228281149701e-04
5.23824395885485e-01	4.19449687010554e-03	-1.14299479508695e-04	5.37877867620312e-01	3.83569514090176e-03	-1.23307715581777e-04
5.51824057545044e-01	3.45274441535093e-03	-1.33402398996507e-04	5.65674404576157e-01	3.04228603684131e-03	-1.44763713683327e-04
5.79440882546652e-01	2.60038182883893e-03	-1.57610507755646e-04	5.93136119880059e-01	2.12238456556202e-03	-1.72210663582195e-04
6.06773542310707e-01	1.60277251658769e-03	-1.88894672026541e-04	6.20367544840122e-01	1.03493670246513e-03	-2.08074044656170e-04
6.33933701108415e-01	4.10903964397580e-04	-2.30266236882937e-04	6.47489021126914e-01	-2.79028178441165e-04	-2.56128476368245e-04
6.61052272218323e-01	-1.04677664582842e-03	-2.86505916384350e-04	6.74644383580303e-01	-1.90713012029797e-03	-3.22498436709617e-04
6.88288963024845e-01	-2.87864775854341e-03	-3.65558521681519e-04	7.02012966482295e-01	-3.98491294837311e-03	-4.17633972060960e-04
7.15847579138171e-01	-5.25631132877735e-03	-4.81382465122859e-04	7.29829395393540e-01	-6.73260291880717e-03	-5.60501992256990e-04
7.44002029935484e-01	-8.46672891596201e-03	-6.60251975296067e-04	7.58418366135257e-01	-1.05305886204989e-02	-7.88299940717163e-04
7.73143773259426e-01	-1.30240528784759e-02	-9.56146904905752e-04	7.88260844409467e-01	-1.60894992068378e-02	-1.18160908070797e-03
8.03876612393815e-01	-1.99361125564016e-02	-1.49333395258022e-03	8.20133984407176e-01	-2.48822888090013e-02	-1.93938421401008e-03
8.37230745187288e-01	-3.14333217459253e-02	-2.60434808390175e-03	8.55453023031808e-01	-4.04320726145868e-02	-3.64482772999075e-03
8.75238617398070e-01	-5.33712859373123e-02	-5.36323023238716e-03	8.97308197087568e-01	-7.30943003302169e-02	-8.33560577454451e-03
9.22970322575944e-01	-1.05495446908342e-01	-1.33727270137987e-02	9.54940462528823e-01	-1.61352323591130e-01	-2.26552425342843e-02
1.00000000000000e+00	0.00000000000000e+00	0.00000000000000e+00
48	4.64158883361278e+01	1.42285714285714e-01
0.00000000000000e+00	1.33467522055342e-02	-3.76325581123993e-05	2.77406127297559e-02	1.30595860223606e-02	-3.93693641036474e-05
5.47660250700062e-02	1.27746633288970e-02	-4.12396455040653e-05	8.11096885812522e-02	1.24913905302071e-02	-4.32420108884557e-05
1.06803358842309e-01	1.22091768496584e-02	-4.53891431164699e-05	1.31877227102010e-01	1.19274103182030e-02	-4.76952758647897e-05
1.56360042968537e-01	1.16454523307816e-02	-5.01764244793534e-05	1.80279229039445e-01	1.13626315835020e-02	-5.28506622143876e-05
2.03660988476316e-01	1.10782372417766e-02	-5.57384422579243e-05	2.26530406466594e-01	1.07915111887023e-02	-5.88629841564714e-05
2.48911546469393e-01	1.05016391516943e-02	-6.22507352467938e-05	2.70827542112349e-01	1.02077404571601e-02	-6.59319177775952e-05
2.92300685593329e-01	9.90885614145576e-03	-6.99411971081254e-05	3.13352513444877e-01	9.60393503200208e-03	-7.43184837677102e-05
3.34003890543214e-01	9.29181736497631e-03	-7.91099150132535e-05	3.54275093289633e-01	8.97121534747392e-03	-8.43690431064914e-05
3.74185892964864e-01	8.64069001023382e-03	-9.01583236112558e-05	3.93755640361171e-01	8.29862336716380e-03	-9.65509274835075e-05
4.13003352941774e-01	7.94318481771272e-03	-1.03633031511619e-04	4.31947805971058e-01	7.57229022732275e-03	-1.11506667437311e-04
4.50607629318601e-01	7.18355181549812e-03	-1.20293340991395e-04	4.69001411982964e-01	6.77421635318054e-03	-1.30138674100388e-04
4.87147816835906e-01	6.34108818909818e-03	-1.41218301494161e-04	5.05065708693119e-01	5.88043290985807e-03	-1.53745631227276e-04
5.22774299624024e-01	5.38785537438335e-03	-1.67981928166361e-04	5.40293316502655e-01	4.85814418040809e-03	-1.84249756850274e-04
5.57643197279125e-01	4.28507112267784e-03	-2.02950953906322e-04	5.74845324483843e-01	3.66113004674729e-03	-2.24591093528570e-04
5.91922307301897e-01	2.97719261000351e-03	-2.49813098322615e-04	6.08898327541655e-01	2.22204904990297e-03	-2.79444296017228e-04
6.25799570528300e-01	1.38178683854062e-03	-3.14563223495989e-04	6.42654770268459e-01	4.38937355380808e-04	-3.56596280785215e-04
6.59495910574413e-01	-6.28715681088243e-04	-4.07460391071757e-04	6.76359142547961e-01	-1.84983109697445e-03	-4.69778261070308e-04
6.93286007864490e-01	-3.26197109992765e-03	-5.47211371864309e-04	7.10325103570622e-01	-4.91525748717736e-03	-6.44989718185052e-04
7.27534400064146e-01	-6.87794711816159e-03	-7.70781615412774e-04	7.44984552891337e-01	-9.24518882483827e-03	-9.36174733266348e-04
7.62763776627661e-01	-1.21532542668394e-02	-1.15930237388140e-03	7.80985269379903e-01	-1.58035820513877e-02	-1.46973321175459e-03
7.99798994278286e-01	-2.05053129630005e-02	-1.91808490381895e-03	8.19411318781140e-01	-2.67546907275320e-02	-2.59618005616846e-03
8.40119798575375e-01	-3.53931252104953e-02	-3.68244751867852e-03	8.62379675632465e-01	-4.79473981233129e-02	-5.55191884103512e-03
8.86944232006033e-01	-6.74383379211887e-02	-9.05258840347978e-03	9.15202876503218e-01	-1.00603127897129e-01	-1.60457864699688e-02
9.50156371935087e-01	-1.65265606151714e-01	-2.81294154961380e-02	1.00000000000000e+00	0.00000000000000e+00	0.00000000000000e+00
45	4.64158883361278e+01	2.12928571428571e-01
0.00000000000000e+00	1.42365859962301e-02	-4.26039900642827e-05	2.98643872288042e-02	1.39107693771161e-02	-4.47035192203682e-05
5.89093279031599e-02	1.35876662640204e-02	-4.69703027070612e-05	8.71755735638692e-02	1.32665197447566e-02	-4.94083792434985e-05
1.14701682268494e-01	1.29465676389087e-02	-5.20353774198234e-05	1.41524199657719e-01	1.26270178533257e-02	-5.48712396248874e-05
1.67677826924224e-01	1.23070403065892e-02	-5.79385955494782e-05	1.93195577186907e-01	1.19857578416918e-02	-6.12632070506880e-05
2.18108921823894e-01	1.16622358938754e-02	-6.48745020179753e-05	2.42447928221686e-01	1.13354706232414e-02	-6.88062150813185e-05
2.66241390329970e-01	1.10043751733535e-02	-7.30971685436455e-05	2.89516953372263e-01	1.06677635973422e-02	-7.77922114716390e-05
3.12301234053478e-01	1.03243319466764e-02	-8.29433817439718e-05	3.34619937628879e-01	9.97263580526453e-03	-8.86113224825014e-05
3.56497973260281e-01	9.61106344212537e-03	-9.48670451770273e-05	3.77959569190262e-01	9.23780347349101e-03	-1.01794126081911e-04
3.99028389424161e-01	8.85080560745477e-03	-1.09491450596799e-04	4.19727653835696e-01	8.44773268382104e-03	-1.18076698679248e-04
4.40080263923507e-01	8.02590160445904e-03	-1.27690789073265e-04	4.60108936869610e-01	7.58220995739500e-03	-1.38503565445092e-04
4.79836351123177e-01	7.11304422153325e-03	-1.50721209758453e-04	4.99285307504789e-01	6.61416381155355e-03	-1.64595930388645e-04
5.18478910873330e-01	6.08055330861679e-03	-1.80438805170713e-04	5.37440778824712e-01	5.50623224113478e-03	-1.98636984218181e-04
5.56195285856124e-01	4.88400761411345e-03	-2.19677035418364e-04	5.74767854162983e-01	4.20514814886075e-03	-2.44177012621360e-04
5.93185306089344e-01	3.45895026198662e-03	-2.72931301389168e-04	6.11476298763221e-01	2.63215148946072e-03	-3.06974126618842e-04
6.29671869465312e-01	1.70812625664141e-03	-3.47671466018884e-04	6.47806132151104e-01	6.65764233736432e-04	-3.96856333288120e-04
6.65917183505523e-01	-5.22122401993452e-04	-4.57032748809150e-04	6.84048304698318e-01	-1.89110767049316e-03	-5.31690794379980e-04
7.02249589153908e-01	-3.48857594517749e-03	-6.25807068264983e-04	7.20580198861757e-01	-5.37893353777774e-03	-7.46665462569629e-04
7.39111573894387e-01	-7.65177815875684e-03	-9.05252969539472e-04	7.57932134478377e-01	-1.04351465820867e-02	-1.11873403608032e-03
7.77154409459385e-01	-1.39178526555980e-02	-1.41505699792455e-03	7.96926288745798e-01	-1.83889201105000e-02	-1.84202996389993e-03
8.17449670706213e-01	-2.43110654788993e-02	-2.48643935502635e-03	8.39013269622900e-01	-3.24667922773022e-02	-3.51761076106549e-03
8.62054861384218e-01	-4.42727181560835e-02	-5.29578328064706e-03	8.87291563101423e-01	-6.25269163211934e-02	-8.66424870068516e-03
9.16031068964174e-01	-9.34641161245894e-02	-1.56995748361886e-02	9.51066033074703e-01	-1.54864339215554e-01	-2.88190879054768e-02
1.00000000000000e+00	0.00000000000000e+00	0.00000000000000e+00
45	4.64158883361278e+01	2.83571428571429e-01
0.00000000000000e+00	1.42138291658409e-02	-4.21291717651595e-05	3.01298812592872e-02	1.38900471356145e-02	-4.41931844352705e-05
5.94342451869081e-02	1.35690150934358e-02	-4.64207011883211e-05	8.79540223096228e-02	1.32499884773241e-02	-4.88156530877859e-05
1.15727941551527e-01	1.29322179581433e-02	-5.13951794443024e-05	1.42792711244616e-01	1.26149254802799e-02	-5.41786585681603e-05
1.69183187022362e-01	1.22972964239318e-02	-5.71880651716317e-05	1.94932528091904e-01	1.19784708029071e-02	-6.04483994171012e-05
2.20072343427127e-01	1.16575332654485e-02	-6.39881986874702e-05	2.44632829327943e-01	1.13335016272960e-02	-6.78401532991924e-05
2.68642899721643e-01	1.10053136057475e-02	-7.20418531527933e-05	2.92130310540726e-01	1.06718113323236e-02	-7.66366914761729e-05
3.15121779499418e-01	1.03317231342623e-02	-8.16749692598151e-05	3.37643102610739e-01	9.98364194176116e-03	-8.72152544093563e-05
3.59719268841705e-01	9.62599950665322e-03	-9.33260648181555e-05	3.81374574402441e-01	9.25703537320288e-03	-1.00087952584094e-04
4.02632738314719e-01	8.87475930176707e-03	-1.07596129827803e-04	4.23517021118804e-01	8.47690538009727e-03	-1.15963770775496e-04
4.44050348872973e-01	8.06087561304825e-03	-1.25326232615297e-04	4.64255445001101e-01	7.62366993955865e-03	-1.35846435847409e-04
4.84154973086111e-01	7.16179886074730e-03	-1.47721891406105e-04	5.03771694436901e-01	6.67117319348454e-03	-1.61193823487782e-04
5.23128645246230e-01	6.14696391028735e-03	-1.76559290646638e-04	5.42249339501954e-01	5.58342197496953e-03	-1.94187327535733e-04
5.61158005663707e-01	4.97364453848204e-03	-2.14540862893964e-04	5.79879867682070e-01	4.30926780929619e-03	-2.38206716514311e-04
5.98441484545656e-01	3.58005875586453e-03	-2.65937372601721e-04	6.16871167684978e-01	2.77336509576132e-03	-2.98710182941697e-04
6.35199503016397e-01	1.87336278026584e-03	-3.37812374520352e-04	6.53460015415107e-01	8.60010408627820e-04	-3.84966127745523e-04
6.71690029972500e-01	-2.92430613924588e-04	-4.42516217366906e-04	6.89931809921932e-01	-1.61753287718236e-03	-5.13718553611264e-04
7.08234091454449e-01	-3.15985857254220e-03	-6.03196258607275e-04	7.26654201247486e-01	-4.97973890561176e-03	-7.17683788687973e-04
7.45261052756782e-01	-7.16072596838857e-03	-8.67284272171531e-04	7.64139509614145e-01	-9.82160147297562e-03	-1.06768365405041e-03
7.83396954765954e-01	-1.31364846675677e-02	-1.34423978149822e-03	8.03173575359795e-01	-1.73700387943999e-02	-1.73997078233779e-03
8.23659240055841e-01	-2.29424637178957e-02	-2.33222249716225e-03	8.45122837548460e-01	-3.05572870283184e-02	-3.27028326721424e-03
8.67967109524517e-01	-4.14726981520509e-02	-4.86830864803345e-03	8.92841217870153e-01	-5.81358419366529e-02	-7.85734974648955e-03
9.20902888369606e-01	-8.58797343180124e-02	-1.40852439136103e-02	9.54546540766711e-01	-1.39726424609982e-01	-2.63019956612915e-02
1.00000000000000e+00	0.00000000000000e+00	0.00000000000000e+00
45	4.64158883361278e+01	3.54214285714286e-01
0.00000000000000e+00	1.41885905813000e-02	-4.15781999936193e-05	3.03977804909508e-02	1.38671360912770e-02	-4.36019247680441e-05
5.99640578967356e-02	1.35484729398536e-02	-4.57850005759486e-05	8.87399177569720e-02	1.32318703586769e-02	-4.81311940643270e-05
1.16764237382230e-01	1.29165934344118e-02	-5.06571043019655e-05	1.44073866582238e-01	1.26018798335628e-02	-5.33814849166259e-05
1.70703795272247e-01	1.22869322316759e-02	-5.63255871961488e-05	1.96687309442425e-01	1.19709098223413e-02	-5.95135707475158e-05
2.22056137018306e-01	1.16529186850358e-02	-6.29729924206401e-05	2.46840585042373e-01	1.13320007531972e-02	-6.67353928542891e-05
2.71069669535903e-01	1.10071210732368e-02	-7.08370093025490e-05	2.94771239356336e-01	1.06771529451513e-02	-7.53196338241224e-05
3.17972095350114e-01	1.03408604806949e-02	-8.02316693124805e-05	3.40698106116062e-01	9.99687793673765e-03	-8.56294125970436e-05
3.62974321744580e-01	9.64368510095848e-03	-9.15786579709366e-05	3.84825086988048e-01	9.27957768744747e-03	-9.81566655595678e-05
4.06274155457708e-01	8.90263155564219e-03	-1.05454648165804e-04	4.27344806641837e-01	8.51065907540094e-03	-1.13580889596010e-04
4.48059967817501e-01	8.10115556804170e-03	-1.22664720616505e-04	4.68442343304884e-01	7.67123298091765e-03	-1.32861583123978e-04
4.88514554022356e-01	7.21753722317420e-03	-1.44359628241997e-04	5.08299290985164e-01	6.73614407078027e-03	-1.57388273922754e-04
5.27819487317523e-01	6.22242704733345e-03	-1.72229521731682e-04	5.47098514605439e-01	5.67088803585825e-03	-1.89233041658632e-04
5.66160411141781e-01	5.07493785160729e-03	-2.08836530264156e-04	5.85030152001714e-01	4.42660885298740e-03	-2.31593589375523e-04
6.03733974231021e-01	3.71617377544431e-03	-2.58212346187836e-04	6.22299775184432e-01	2.93163376795924e-03	-2.89610018354480e-04
6.40757608913616e-01	2.05802032365288e-03	-3.26991097560514e-04	6.59140315594369e-01	1.07642847259770e-03	-3.71961785523123e-04
6.77484334104784e-01	-3.73464255428724e-05	-4.26700884521347e-04	6.95830771047697e-01	-1.31476824162469e-03	-4.94221693187136e-04
7.14226835929412e-01	-2.79744111002012e-03	-5.78783284904461e-04	7.32727811071139e-01	-4.54144967609438e-03	-6.86557904271634e-04
7.51399823011901e-01	-6.62408668111991e-03	-8.26750999519010e-04	7.70323852057654e-01	-9.15462186075189e-03	-1.01355913559842e-03
7.89601723215536e-01	-1.22921968245868e-02	-1.26975543558050e-03	8.09365402971030e-01	-1.62768837827254e-02	-1.63362756621477e-03
8.29792094394826e-01	-2.14864378195354e-02	-2.17330546507166e-03	8.51130141297728e-01	-2.85465689796923e-02	-3.01874246764555e-03
8.73746670731854e-01	-3.85617817230455e-02	-4.43999529198558e-03	8.98223408888160e-01	-5.36455013740333e-02	-7.05963462774317e-03
9.25573857884007e-01	-7.82994670339064e-02	-1.24740180967551e-02	9.57825037891206e-01	-1.24860803191918e-01	-2.36038043935307e-02
1.00000000000000e+00	0.00000000000000e+00	0.00000000000000e+00
44	4.64158883361278e+01	4.24857142857143e-01
0.00000000000000e+00	1.44902086128693e-02	-4.29007136304449e-05	3.13680717594492e-02	1.41564127149556e-02	-4.50252415704622e-05
6.18604501569770e-02	1.38256381241288e-02	-4.73187453280399e-05	9.15212047542626e-02	1.34971016000411e-02	-4.97868366235998e-05
1.20391988253184e-01	1.31700134308310e-02	-5.24476273453534e-05	1.48512237766695e-01	1.28435541955754e-02	-5.53216273853074e-05
1.75919361150092e-01	1.25168663321498e-02	-5.84321367522733e-05	2.02648910136228e-01	1.21890446506181e-02	-6.18057099330827e-05
2.28734742035810e-01	1.18591255586113e-02	-6.54727193716287e-05	2.54209171648646e-01	1.15260746768808e-02	-6.94680284396565e-05
2.79103114949094e-01	1.11887724901034e-02	-7.38318124411386e-05	3.03446226058556e-01	1.08459975572561e-02	-7.86105542669446e-05
3.27267029001687e-01	1.04964067265154e-02	-8.38582735138704e-05	3.50593045763608e-01	1.01385115982124e-02	-8.96380291681709e-05
3.73450922228351e-01	9.77065035405289e-03	-9.60237976057599e-05	3.95866553690635e-01	9.39095375145804e-03	-1.03102813613143e-04
4.17865211805385e-01	8.99730376634733e-03	-1.10978512054105e-04	4.39471675086603e-01	8.58728293046895e-03	-1.19774266913009e-04
4.60710365410436e-01	8.15811177533776e-03	-1.29638179447555e-04	4.81605493446200e-01	7.70657090503923e-03	-1.40749229815107e-04
5.02181216575856e-01	7.22890320613567e-03	-1.53325332368892e-04	5.22461813724458e-01	6.72068985651597e-03	-1.67633884226914e-04
5.42471882699048e-01	6.17669179947589e-03	-1.84005865880188e-04	5.62236567240916e-01	5.59064476834625e-03	-2.02854781469641e-04
5.81781823221439e-01	4.95499142058997e-03	-2.24702515046582e-04	6.01134736522474e-01	4.26052709287861e-03	-2.50215152252986e-04
6.20323909552431e-01	3.49592499915152e-03	-2.80253275629638e-04	6.39379939698061e-01	2.64709096711324e-03	-3.15943993212331e-04
6.58336022306465e-01	1.69627229981240e-03	-3.58785842818898e-04	6.77228724670680e-01	6.20805780318978e-04	-4.10805032384109e-04
6.96098998661328e-01	-6.08675783586032e-04	-4.74793589561262e-04	7.14993532737258e-01	-2.03086880718339e-03	-5.54682149357166e-04
7.33966597225687e-01	-3.69773649787164e-03	-6.56141387283427e-04	7.53082624855344e-01	-5.68058055092124e-03	-7.87586232076531e-04
7.72419919802241e-01	-8.07970528217716e-03	-9.61920200165611e-04	7.92076159175025e-01	-1.10403712037439e-02	-1.19970976033934e-03
8.12176858923921e-01	-1.47802842793680e-02	-1.53528074251752e-03	8.32888985542683e-01	-1.96394021355957e-02	-2.02921631573516e-03
8.54444041819932e-01	-2.61757845487358e-02	-2.79605332133048e-03	8.77179920097026e-01	-3.53640051685321e-02	-4.07177309123363e-03
9.01623573636732e-01	-4.90446396954531e-02	-6.39794183632225e-03	9.28674124150132e-01	-7.10694462171606e-02	-1.11863559955365e-02
9.60078910064293e-01	-1.11742301789521e-01	-2.14894359671138e-02	1.00000000000000e+00	0.00000000000000e+00	0.00000000000000e+00
42	4.64158883361278e+01	4.95500000000000e-01
0.00000000000000e+00	1.51646436483277e-02	-4.64310562924286e-05	3.31589017909158e-02	1.48009374930484e-02	-4.88309355304306e-05
6.53505876866988e-02	1.44407349668640e-02	-5.14274743994569e-05	9.66258026721086e-02	1.40831126817531e-02	-5.42307852708923e-05
1.27032387912256e-01	1.37271346563446e-02	-5.72633393940425e-05	1.56615532651275e-01	1.33718279790074e-02	-6.05507295434737e-05
1.85418006593981e-01	1.30161718548039e-02	-6.41222063455515e-05	2.13480375201299e-01	1.26590852099291e-02	-6.80113205395738e-05
2.40841200285179e-01	1.22994125070257e-02	-7.22567043491829e-05	2.67537228129823e-01	1.19359073200280e-02	-7.69030185672204e-05
2.93603567255426e-01	1.15672131388405e-02	-8.20021186072051e-05	3.19073857878340e-01	1.11918407028357e-02	-8.76144853398930e-05
3.43980435110925e-01	1.08081410069849e-02	-9.38109995256564e-05	3.68354487990321e-01	1.04142728805856e-02	-1.00675158440255e-04
3.92226216536793e-01	1.00081637246832e-02	-1.08305866338254e-04	4.15624989232365e-01	9.58746154051071e-03	-1.16820955070152e-04
4.38579503598227e-01	9.14947588440040e-03	-1.26361698129962e-04	4.61117952961143e-01	8.69110452756172e-03	-1.37098618094633e-04
4.83268203074543e-01	8.20874155463769e-03	-1.49239027044112e-04	5.05057983053184e-01	7.69816122971978e-03	-1.63036972013364e-04
5.26515096169847e-01	7.15436964132565e-03	-1.78806383744234e-04	5.47667657565357e-01	6.57141347620716e-03	-1.96938832922822e-04
5.68544368003842e-01	5.94213049548120e-03	-2.17927618924474e-04	5.89174835720605e-01	5.25782035778044e-03	-2.42401128122571e-04
6.09589962535299e-01	4.50780435389042e-03	-2.71169511121494e-04	6.29822416333910e-01	3.67882863088953e-03	-3.05291421368592e-04
6.49907220679453e-01	2.75424202831798e-03	-3.46170853696037e-04	6.69882505197445e-01	1.71284436349284e-03	-3.95701017795735e-04
6.89790479956474e-01	5.27241616633312e-04	-4.56482872818853e-04	7.09678727527444e-01	-8.38553615085558e-04	-5.32166018938129e-04
7.29601955091802e-01	-2.43270788839978e-03	-6.27996520889074e-04	7.49624429192354e-01	-4.32107354137856e-03	-7.51727761150622e-04
7.69823452592164e-01	-6.59591309839269e-03	-9.15195770183619e-04	7.90294485806961e-01	-9.39022993782124e-03	-1.13717118493128e-03
8.11158968396543e-01	-1.29023174651183e-02	-1.44881141129294e-03	8.32576785473442e-01	-1.74399591287501e-02	-1.90477994433880e-03
8.54767197650008e-01	-2.35048736020972e-02	-2.60779316599380e-03	8.78046327236950e-01	-3.19661059075130e-02	-3.76836272199843e-03
9.02900107474566e-01	-4.44490474002849e-02	-5.86905149876893e-03	9.30142870523945e-01	-6.43119284793660e-02	-1.01877581340339e-02
9.61320124981058e-01	-1.00368991800691e-01	-1.98423955054021e-02	1.00000000000000e+00	0.00000000000000e+00	0.00000000000000e+00
39	4.64158883361278e+01	5.66142857142857e-01
0.00000000000000e+00	1.63239756503164e-02	-5.31096140390375e-05	3.60348173770681e-02	1.59050569844525e-02	-5.60600283010526e-05
7.09413537925536e-02	1.54905346285026e-02	-5.92664411980248e-05	1.04782994908158e-01	1.50791917864002e-02	-6.27483581643329e-05
1.37619244143648e-01	1.46697859174412e-02	-6.65381603293103e-05	1.69506083050530e-01	1.42610205298963e-02	-7.06731079149758e-05
2.00496301880481e-01	1.38515281652096e-02	-7.51962479339507e-05	2.30639804433906e-01	1.34398509269353e-02	-8.01575248146058e-05
2.59983891079573e-01	1.30244178959056e-02	-8.56151481143375e-05	2.88573523575269e-01	1.26035185990061e-02	-9.16372829704581e-05
3.16451575150313e-01	1.21752715024634e-02	-9.83041651954064e-05	3.43659069235727e-01	1.17375861690263e-02	-1.05710749040533e-04
3.70235410255461e-01	1.12881173696420e-02	-1.13970063348567e-04	3.96218610035531e-01	1.08242088809660e-02	-1.23217490618721e-04
4.21645513670757e-01	1.03428239948025e-02	-1.33616274125892e-04	4.46552029144485e-01	9.84045877213813e-03	-1.45364672772041e-04
4.70973365675771e-01	9.31303269704342e-03	-1.58705352074406e-04	4.94944286744276e-01	8.75574941578483e-03	-1.73937827764314e-04
5.18499385123503e-01	8.16291754082910e-03	-1.91435184227595e-04	5.41673389196039e-01	7.52771744290981e-03	-2.11666812007127e-04
5.64501512568346e-01	6.84189399951185e-03	-2.35229716145202e-04	5.87019862907153e-01	6.09534669408873e-03	-2.62892420960670e-04
6.09265931536758e-01	5.27557468847606e-03	-2.95657384506987e-04	6.31279193542496e-01	4.36691424852209e-03	-3.34851673638781e-04
6.53101860313157e-01	3.34947237170047e-03	-3.82261171914866e-04	6.74779844936049e-01	2.19760728056428e-03	-4.40334036177825e-04
6.96364029522157e-01	8.77716995759448e-04	-5.12497364534958e-04	7.17911969181704e-01	-6.55056843291812e-04	-6.03664814468718e-04
7.39490242254001e-01	-2.46187714510349e-03	-7.21078101917128e-04	7.61177783531571e-01	-4.62818419263256e-03	-8.75758912119995e-04
7.83070761757903e-01	-7.27674851480165e-03	-1.08512969507490e-03	8.05289978035994e-01	-1.05899493279118e-02	-1.37801051423181e-03
8.27992573174351e-01	-1.48497226396875e-02	-1.80478970580245e-03	8.51391524674513e-01	-2.05135546225322e-02	-2.45985237569823e-03
8.75790241530339e-01	-2.83697729110991e-02	-3.53628235179482e-03	9.01649143949835e-01	-3.98840774738273e-02	-5.47767853175318e-03
9.29728479948495e-01	-5.80617267672067e-02	-9.47718013103316e-03	9.61445305882708e-01	-9.06783151138918e-02	-1.87308062830092e-02
1.00000000000000e+00	0.00000000000000e+00	0.00000000000000e+00
37	4.64158883361278e+01	6.36785714285714e-01
0.00000000000000e+00	1.71876867187393e-02	-5.79833083917958e-05	3.83117350723528e-02	1.67262994057480e-02	-6.13624492495912e-05
7.53629811980812e-02	1.62701161674983e-02	-6.50471084147064e-05	1.11227934099393e-01	1.58176696639882e-02	-6.90649845007663e-05
1.45976022857610e-01	1.53674558414807e-02	-7.34573734755273e-05	1.79672372993477e-01	1.49179016703034e-02	-7.82721450576229e-05
2.12378229431681e-01	1.44673422833650e-02	-8.35650385251352e-05	2.44151345172588e-01	1.40139946021116e-02	-8.94012640166864e-05
2.75046341135617e-01	1.35559264570617e-02	-9.58574969269765e-05	3.05115042268103e-01	1.30910199417242e-02	-1.03024380309291e-04
3.34406794786328e-01	1.26169273733605e-02	-1.11009684906627e-04	3.62968769337524e-01	1.21310177650484e-02	-1.19942339886991e-04
3.90846254957788e-01	1.16303110159546e-02	-1.29977600436648e-04	4.18082948978405e-01	1.11113961815523e-02	-1.41303764926271e-04
4.44721248544045e-01	1.05703288377779e-02	-1.54150957179411e-04	4.70802550217086e-01	1.00025008661817e-02	-1.68802770813326e-04
4.96367565349039e-01	9.40247336040190e-03	-1.85611847832279e-04	5.21456660649782e-01	8.76375980491528e-03	-2.05021033238939e-04
5.46110235894601e-01	8.07854123402807e-03	-2.27592467322957e-04	5.70369154310574e-01	7.33728709994974e-03	-2.54048188262024e-04
5.94275246386657e-01	6.52824363066329e-03	-2.85327851808903e-04	6.17871915453734e-01	5.63673243608154e-03	-3.22672151697567e-04
6.41204884664416e-01	4.64417279632512e-03	-3.67746010613512e-04	6.64323142059066e-01	3.52669298611907e-03	-4.22824685664347e-04
6.87280166764741e-01	2.25311622717528e-03	-4.91082234425066e-04	7.10135561152280e-01	7.81970257935249e-04	-5.77051932121320e-04
7.32957281941037e-01	-9.43072568099002e-04	-6.87386174009097e-04	7.55824778228325e-01	-3.00036324183672e-03	-8.32160164450757e-04
7.78833546027611e-01	-5.50194668419335e-03	-1.02721218709267e-03	8.02101978663385e-01	-8.61335913747052e-03	-1.29857610383155e-03
8.25782107648546e-01	-1.25888780464052e-02	-1.69143801704097e-03	8.50077303694254e-01	-1.78380301177192e-02	-2.28973511410513e-03
8.75273297246835e-01	-2.50602154836019e-02	-3.26356874574052e-03	9.01796975244588e-01	-3.55417110809781e-02	-4.99991723555926e-03
9.30340071359762e-01	-5.18835689891066e-02	-8.53256465357410e-03	9.62160455517919e-01	-8.07069061254407e-02	-1.66545101980671e-02
1.00000000000000e+00	0.00000000000000e+00	0.00000000000000e+00
34	4.64158883361278e+01	7.07428571428571e-01
0.00000000000000e+00	1.86996548043441e-02	-6.75277188149082e-05	4.20571132305769e-02	1.81575922728439e-02	-7.18000112298611e-05
8.26142268497024e-02	1.76222738314886e-02	-7.64886632675932e-05	1.21766761643581e-01	1.70916840655644e-02	-8.16401821868151e-05
1.59603518120719e-01	1.65637445660067e-02	-8.73173842546038e-05	1.96207370968640e-01	1.60362701183072e-02	-9.35940747732733e-05
2.31655898921835e-01	1.55069307861806e-02	-1.00557433109660e-04	2.66021960338846e-01	1.49732074844529e-02	-1.08311027149144e-04
2.99374224006375e-01	1.44323390071419e-02	-1.16978643746490e-04	3.31777664055575e-01	1.38812579037029e-02	-1.26709213003506e-04
3.63294027544779e-01	1.33165117132288e-02	-1.37683177316550e-04	3.93982283255632e-01	1.27341649531045e-02	-1.50120833606326e-04
4.23899060610873e-01	1.21296755605906e-02	-1.64293354128819e-04	4.53099088433131e-01	1.14977372064127e-02	-1.80537539838266e-04
4.81635644652447e-01	1.08320754679256e-02	-1.99275795270459e-04	5.09561030236444e-01	1.01251809741434e-02	-2.21043574182511e-04
5.36927083868713e-01	9.36795523481249e-03	-2.46527639406136e-04	5.63785758718002e-01	8.54923374649963e-03	-2.76620282402051e-04
5.90189789776080e-01	7.65513387384553e-03	-3.12497636753006e-04	6.16193490901072e-01	6.66814771577950e-03	-3.55735019750059e-04
6.41853736861003e-01	5.56585655260533e-03	-4.08480815300649e-04	6.67231210637901e-01	4.31907061704040e-03	-4.73725336202824e-04
6.92392035750177e-01	2.88907383708925e-03	-5.55728867936978e-04	7.17409977595524e-01	1.22343365609945e-03	-6.60726157614810e-04
7.42369505758615e-01	-7.50566608463954e-04	-7.98131345677300e-04	7.67370197565553e-01	-3.13658646260462e-03	-9.82693832305204e-04
7.92533306634585e-01	-6.08724368694302e-03	-1.23856729557237e-03	8.18011980208699e-01	-9.83606048403907e-03	-1.60750208027838e-03
8.44007959754715e-01	-1.47574614284636e-02	-2.16670582381662e-03	8.70800584839585e-01	-2.14875771379929e-02	-3.07191937563989e-03
8.98801190966387e-01	-3.11891062169087e-02	-4.67602514352095e-03	9.28666081729704e-01	-4.61950088198835e-02	-7.92106120999092e-03
9.61567250990260e-01	-7.23711938259638e-02	-1.54109778799949e-02	1.00000000000000e+00	0.00000000000000e+00	0.00000000000000e+00
31	4.64158883361278e+01	7.78071428571429e-01
0.00000000000000e+00	2.05101256476055e-02	-7.98032336564169e-05	4.65241537822073e-02	1.98633961753245e-02	-8.53289960573989e-05
9.12361558621707e-02	1.92256090365777e-02	-9.14420748070466e-05	1.34261479343638e-01	1.85939066071610e-02	-9.82201432542240e-05
1.75716133795445e-01	1.79653241054896e-02	-1.05763022651750e-04	2.15707744789287e-01	1.73367232523767e-02	-1.14189928475561e-04
2.54336525189694e-01	1.67047259873025e-02	-1.23644168196435e-04	2.91696157259250e-01	1.60656352504887e-02	-1.34299220361234e-04
3.27874603029110e-01	1.54153383993476e-02	-1.46366678986265e-04	3.62954859292717e-01	1.47491873170187e-02	-1.60106745455968e-04
3.97015673179095e-01	1.40618471202292e-02	-1.75842248421265e-04	4.30132234627752e-01	1.33471022493366e-02	-1.93977610260632e-04
4.62376863374959e-01	1.25976041639115e-02	-2.15024859006041e-04	4.93819710537670e-01	1.18045380910072e-02	-2.39639848115702e-04
5.24529498982756e-01	1.09571759568090e-02	-2.68673499984162e-04	5.54574333099028e-01	1.00422668830153e-02	-3.03245683834774e-04
5.84022618484180e-01	9.04319156514721e-03	-3.44853846775406e-04	6.12944147289726e-01	7.93876666068472e-03	-3.95536416666564e-04
6.41411428670688e-01	6.70151869058633e-03	-4.58124953123917e-04	6.69501381376177e-01	5.29513328450770e-03	-5.36644626291327e-04
6.97297566628580e-01	3.67058527732822e-03	-6.36971604648373e-04	7.24893241873970e-01	1.76008892556734e-03	-7.67954328417142e-04
7.52395694056023e-01	-5.32692390845746e-04	-9.43413383245106e-04	7.79932634278369e-01	-3.34914024439492e-03	-1.18590366673099e-03
8.07662053280559e-01	-6.90482399238246e-03	-1.53426050331040e-03	8.35788192410202e-01	-1.15440034814128e-02	-2.05998831571064e-03
8.64589037093087e-01	-1.78488384486328e-02	-2.90662833952826e-03	8.94467378447045e-01	-2.68774480835586e-02	-4.39778633406140e-03
9.26055618367462e-01	-4.07381322475744e-02	-7.39383628994439e-03	9.60463190646201e-01	-6.46680947911077e-02	-1.42993942509930e-02
1.00000000000000e+00	0.00000000000000e+00	0.00000000000000e+00
28	4.64158883361278e+01	8.48714285714286e-01
0.00000000000000e+00	2.27185467370610e-02	-9.60443548427836e-05	5.19467416921457e-02	2.19322580290102e-02	-1.03396842529024e-04
1.01663924495728e-01	2.11581500866100e-02	-1.11612946828155e-04	1.49321035556897e-01	2.03920113342073e-02	-1.20825537398117e-04
1.95073556028242e-01	1.96294430910522e-02	-1.31202168897060e-04	2.39064713832351e-01	1.88657473436029e-02	-1.42947048470177e-04
2.81427046061788e-01	1.80958029231972e-02	-1.56311085069305e-04	3.22283808435666e-01	1.73139137550269e-02	-1.71605303744604e-04
3.61750265900679e-01	1.65136184487102e-02	-1.89218971798022e-04	3.99934896628658e-01	1.56874463016532e-02	-2.09644434594702e-04
4.36940541579945e-01	1.48265984768357e-02	-2.33511645496121e-04	4.72865533778154e-01	1.39205236088689e-02	-2.61636974405732e-04
5.07804846067147e-01	1.29563423782140e-02	-2.95093450938033e-04	5.41851304427056e-01	1.19180524681102e-02	-3.35313912756208e-04
5.75096927665202e-01	1.07854080305563e-02	-3.84245912134151e-04	6.07634476455828e-01	9.53230614552281e-03	-4.44590310407778e-04
6.39559330456492e-01	8.12440786969892e-03	-5.20179501037887e-04	6.70971870801477e-01	6.51553685415562e-03	-6.16596973789685e-04
7.01980643671773e-01	4.64206158100189e-03	-7.42231548103378e-04	7.32706751546290e-01	2.41382556895453e-03	-9.10152993348623e-04
7.63290228068686e-01	-3.01094042151839e-04	-1.14163022140867e-03	7.93899741039453e-01	-3.70323745020529e-03	-1.47316650652840e-03
8.24748158002773e-01	-8.11181262471661e-03	-1.97172549453262e-03	8.56119101143554e-01	-1.40645905868211e-02	-2.77117288030593e-03
8.88415821505939e-01	-2.25346428961779e-02	-4.17190188875183e-03	9.22260499656836e-01	-3.54499735247117e-02	-6.96883115437208e-03
9.58725736743543e-01	-5.75420088728310e-02	-1.34057597574926e-02	1.00000000000000e+00	0.00000000000000e+00	0.00000000000000e+00
26	4.64158883361278e+01	9.19357142857143e-01
0.00000000000000e+00	2.44549571328287e-02	-1.08841588881692e-04	5.63817860501030e-02	2.35525984768263e-02	-1.17769624993880e-04
1.10169015994769e-01	2.26656247561550e-02	-1.27823003285954e-04	1.61572287200876e-01	2.17885157941022e-02	-1.39191782097647e-04
2.10783610408835e-01	2.09154837993910e-02	-1.52115460000157e-04	2.57978889681997e-01	2.00403079905731e-02	-1.66890496761996e-04
3.03320116788837e-01	1.91561434829441e-02	-1.83887365800439e-04	3.46957340434138e-01	1.82552825780562e-02	-2.03573870683371e-04
3.89030465247571e-01	1.73288485802385e-02	-2.26547492534257e-04	4.29670932893031e-01	1.63663936399929e-02	-2.53581006314452e-04
4.69003338527936e-01	1.53553587720452e-02	-2.85687966342874e-04	5.07147040891785e-01	1.42803331905776e-02	-3.24218586465808e-04
5.44217835027871e-01	1.31220164137344e-02	-3.71003298454076e-04	5.80329775706558e-01	1.18557309012171e-02	-4.28573097318141e-04
6.15597271736805e-01	1.04492386863615e-02	-5.00507475080569e-04	6.50137624964933e-01	8.85945016416345e-03	-5.92001894392347e-04
6.84074278416967e-01	7.02731284231417e-03	-7.10828590806623e-04	7.17541195489062e-01	4.86959891643801e-03	-8.69036151142755e-04
7.50689075931535e-01	2.26517938809612e-03	-1.08611625553157e-03	7.83694650865220e-01	-9.69005881936491e-04	-1.39528592095672e-03
8.16775374129467e-01	-5.12240966907096e-03	-1.85695407279751e-03	8.50214143017905e-01	-1.06788340547562e-02	-2.59056979407735e-03
8.84404145167528e-01	-1.85052225372765e-02	-3.86036744400697e-03	9.19938437390290e-01	-3.02985290300483e-02	-6.35188884832782e-03
9.57814130206106e-01	-5.01613663082423e-02	-1.19321664857408e-02	1.00000000000000e+00	0.00000000000000e+00	0.00000000000000e+00
24	4.64158883361278e+01	9.90000000000000e-01
0.00000000000000e+00	2.64880137324019e-02	-1.24662957842858e-04	6.15477336563305e-02	2.54403484752226e-02	-1.35687162539089e-04
1.20041843332673e-01	2.44124548232239e-02	-1.48213255057872e-04	1.75748374551119e-01	2.33969278006656e-02	-1.62520178504044e-04
2.28908173906164e-01	2.23859687660732e-02	-1.78961789410570e-04	2.79740492553350e-01	2.13711297300390e-02	-1.97984232798598e-04
3.28446148445307e-01	2.03430062296273e-02	-2.20156395565718e-04	3.75210348556288e-01	1.92908447914379e-02	-2.46212755813602e-04
4.20205263102042e-01	1.82020258711264e-02	-2.77114747931462e-04	4.63592440612634e-01	1.70613641108706e-02	-3.14140388043560e-04
5.05525156677395e-01	1.58501371087074e-02	-3.59018070702044e-04	5.46150802368447e-01	1.45447034555433e-02	-4.14131287377550e-04
5.85613444881399e-01	1.31144854498706e-02	-4.82840716895971e-04	6.24056740459791e-01	1.15189430023910e-02	-5.70007448172261e-04
6.61627462454171e-01	9.70289556829562e-03	-6.82874744113660e-04	6.98480052724327e-01	7.58904100024282e-03	-8.32619557786352e-04
7.34782867038817e-01	5.06551541895051e-03	-1.03722529299599e-03	7.70727279374167e-01	1.96424036323140e-03	-1.32713866900569e-03
8.06541793506396e-01	-1.97886900646294e-03	-1.75728632971484e-03	8.42515408255432e-01	-7.20198317958121e-03	-2.43517390854819e-03
8.79039370221540e-01	-1.44832971895156e-02	-3.59543208811841e-03	9.16689213525458e-01	-2.53291950324716e-02	-5.83540679586481e-03
9.56407927912727e-01	-4.33246168460190e-02	-1.07332039894550e-02	1.00000000000000e+00	0.00000000000000e+00	0.00000000000000e+00
