114	6.21800108732092e+00	1.00000000000000e-03
0.00000000000000e+00	-3.17116518397931e-03	6.91121880991297e-05	8.61956162035258e-03	-2.97290212680867e-03	6.66919167580104e-05
1.72905469150228e-02	-2.78111776599610e-03	6.41112806628596e-05	2.60099159769335e-02	-2.59602692011074e-03	6.16233811928657e-05
3.47746931132660e-02	-2.41745528881443e-03	5.92282357154694e-05	4.35819682396794e-02	-2.24522056122956e-03	5.69251601827414e-05
5.24288988407913e-02	-2.07913490526013e-03	5.47129226121656e-05	6.13127114652524e-02	-1.91900709156922e-03	5.25898398212599e-05
7.02307028050756e-02	-1.76464433430235e-03	5.05538479185219e-05	7.91802404063640e-02	-1.61585386747354e-03	4.86025720760619e-05
8.81587630555994e-02	-1.47244432143268e-03	4.67333920158852e-05	9.71637808824924e-02	-1.33422685918594e-03	4.49434967522144e-05
1.06192875217148e-01	-1.20101615378387e-03	4.32299393708924e-05	1.15243698236093e-01	-1.07263115779910e-03	4.15896704041296e-05
1.24313972428503e-01	-9.48895754182333e-04	4.00195834524553e-05	1.33401489911020e-01	-8.29639263255744e-04	3.85165473471005e-05
1.42504111616555e-01	-7.14696822125993e-04	3.70774273878993e-05	1.51619766379827e-01	-6.03909673212888e-04	3.56991085245228e-05
1.60746449939828e-01	-4.97125363930540e-04	3.43785158675169e-05	1.69882223877085e-01	-3.94197872785607e-04	3.31126270268767e-05
1.79025214501392e-01	-2.94987675492075e-04	3.18984872809125e-05	1.88173611703829e-01	-1.99361754213201e-04	3.07332182577502e-05
1.97325667785032e-01	-1.07193562417951e-04	2.96140196224259e-05	2.06479696270110e-01	-1.83629526390172e-05	2.85381723571509e-05
2.15634070719249e-01	6.72439075998232e-05	2.75030469770732e-05	2.24787223541751e-01	1.49734657163059e-04	2.65061006257117e-05
2.33937644820136e-01	2.29210866308671e-04	2.55448809793890e-05	2.43083881149989e-01	3.05768182108701e-04	2.46170224237341e-05
2.52224534500377e-01	3.79496477460939e-04	2.37202439435924e-05	2.61358261098906e-01	4.50480005379505e-04	2.28523434862016e-05
2.70483770344913e-01	5.18797545729144e-04	2.20111993965988e-05	2.79599823753723e-01	5.84522560100109e-04	2.11947604428220e-05
2.88705233934428e-01	6.47723330058692e-04	2.04010471082094e-05	2.97798863603348e-01	7.08463100271062e-04	1.96281430612233e-05
3.06879624634916e-01	7.66800203432005e-04	1.88741925060132e-05	3.15946477151585e-01	8.22788183234446e-04	1.81373922131245e-05
3.24998428654112e-01	8.76475904617480e-04	1.74159858322698e-05	3.34034533193457e-01	9.27907645193238e-04	1.67082611451930e-05
3.43053890585441e-01	9.77123183094730e-04	1.60125399387701e-05	3.52055645669232e-01	1.02415786515819e-03	1.53271743617012e-05
3.61038987610763e-01	1.06904265921859e-03	1.46505388263218e-05	3.70003149252156e-01	1.11180419684331e-03	1.39810244771388e-05
3.78947406508320e-01	1.15246478695119e-03	1.33170331533261e-05	3.87871077811953e-01	1.19104242672652e-03	1.26569679201882e-05
3.96773523608314e-01	1.22755078386438e-03	1.19992266407465e-05	4.05654145901277e-01	1.26199915991143e-03	1.13421959899718e-05
4.14512387852333e-01	1.29439243534590e-03	1.06842399822948e-05	4.23347733434463e-01	1.32473099432362e-03	1.00236916869001e-05
4.32159707143009e-01	1.35301061766313e-03	9.35884568020739e-06	4.40947873765962e-01	1.37922235156718e-03	8.68794809671947e-06
4.49711838216436e-01	1.40335234817490e-03	8.00919163546077e-06	4.58451245430405e-01	1.42538168944484e-03	7.32069308673200e-06
4.67165780333149e-01	1.44528617538353e-03	6.62047736987859e-06	4.75855167878402e-01	1.46303603534748e-03	5.90648625553580e-06
4.84519173164766e-01	1.47859564259700e-03	5.17655592890964e-06	4.93157601634290e-01	1.49192322742864e-03	4.42836664005242e-06
5.01770299358800e-01	1.50297039969960e-03	3.65948463643129e-06	5.10357153420804e-01	1.51168177011696e-03	2.86730131870971e-06
5.18918092395770e-01	1.51799446899514e-03	2.04899815958726e-06	5.27453086944073e-01	1.52183746934753e-03	1.20159444105816e-06
5.35962150522247e-01	1.52313112211400e-03	3.21802613001410e-07	5.44445340223157e-01	1.52178621180066e-03	-5.93860750797148e-07
5.52902757758043e-01	1.51770336860291e-03	-1.54926405859790e-06	5.61334550592609e-01	1.51077190763171e-03	-2.54855052839176e-06
5.69740913253661e-01	1.50086896120860e-03	-3.59630755686347e-06	5.78122088822465e-01	1.48785818913266e-03	-4.69755630572166e-06
5.86478370635326e-01	1.47158838109451e-03	-5.85778715778140e-06	5.94810104213768e-01	1.45189206427432e-03	-7.08312666142241e-06
6.03117689449512e-01	1.42858358621067e-03	-8.38031394945205e-06	6.11401583074646e-01	1.40145715496209e-03	-9.75682053194760e-06
6.19662301450327e-01	1.37028462084388e-03	-1.12210087750420e-05	6.27900423712987e-01	1.33481278330971e-03	-1.27822107767184e-05
6.36116595323575e-01	1.29476034020271e-03	-1.44508542017086e-05	6.44311532072004e-01	1.24981446141770e-03	-1.62386637778678e-05
6.52486024597352e-01	1.19962678773589e-03	-1.81588729386561e-05	6.60640943494702e-01	1.14380874937670e-03	-2.02264392292761e-05
6.68777245091614e-01	1.08192616129954e-03	-2.24583280528101e-05	6.76895977991379e-01	1.01349292013464e-03	-2.48738467329979e-05
6.84998290497710e-01	9.37963627688942e-04	-2.74950471517155e-05	6.93085439056442e-01	8.54724925341888e-04	-3.03472066360833e-05
7.01158797875413e-01	7.63085281324294e-04	-3.34594156252699e-05	7.09219869914797e-01	6.62262880144926e-04	-3.68652813014236e-05
7.17270299478521e-01	5.51371222631492e-04	-4.06037897273670e-05	7.25311886684666e-01	4.29401913800476e-04	-4.47203660860485e-05
7.33346604151477e-01	2.95203984127079e-04	-4.92681816925966e-05	7.41376616309112e-01	1.47458921610166e-04	-5.43097812455429e-05
7.49404301839652e-01	-1.53496574745171e-05	-5.99191156640533e-05	7.57432279865127e-01	-1.94973058225356e-04	-6.61841058882118e-05
7.65463440652874e-01	-3.93443066726840e-04	-7.32098955051885e-05	7.73500981800121e-01	-6.13128351827585e-04	-8.11230118979989e-05
7.81548451109675e-01	-8.56804794995836e-04	-9.00767408582581e-05	7.89609797695958e-01	-1.12774387913117e-03	-1.00258122388786e-04
7.97689433293740e-01	-1.42982469673603e-03	-1.11897158389551e-04	8.05792306320684e-01	-1.76767716541326e-03	-1.25279058199146e-04
8.13923992027124e-01	-2.14686690895871e-03	-1.40760725386491e-04	8.22090803136800e-01	-2.57413667498285e-03	-1.58793068751217e-04
8.30299926866611e-01	-3.05772486341882e-03	-1.79951829308633e-04	8.38559596299461e-01	-3.60779050032012e-03	-2.04981132154280e-04
8.46879307062903e-01	-4.23698851719179e-03	-2.34855561679348e-04	8.55270094596369e-01	-4.96126425733712e-03	-2.70867424689625e-04
8.63744893710918e-01	-5.80095535511493e-03	-3.14760920811397e-04	8.72319011804348e-01	-6.78236766974438e-03	-3.68928351130782e-04
8.81010762117079e-01	-7.94005269522779e-03	-4.36719225513915e-04	8.89842327151889e-01	-9.32019752226165e-03	-5.22922627994138e-04
8.98840961273901e-01	-1.09857674164202e-02	-6.34565414120658e-04	9.08040707025719e-01	-1.30245635703828e-02	-7.82256323047514e-04
9.17484914701754e-01	-1.55622550918165e-02	-9.82554098296839e-04	9.27230065267861e-01	-1.87842323739676e-02	-1.26238724029371e-03
9.37351802756972e-01	-2.29740257651971e-02	-1.66785244379009e-03	9.47954917263975e-01	-2.85844421041308e-02	-2.28412418216406e-03
9.59190882905034e-01	-3.63778496202142e-02	-3.29314023350680e-03	9.71291249423841e-01	-4.76970454660887e-02	-5.26720821444715e-03
9.84639979388833e-01	-6.13673891751386e-02	-1.61391562313691e-02	1.00000000000000e+00	0.00000000000000e+00	0.00000000000000e+00
62	6.21800108732092e+00	7.16428571428571e-02
0.00000000000000e+00	-5.75454912092277e-03	2.30957822768829e-04	1.61010486621192e-02	-5.09104934400206e-03	2.14844860429553e-04
3.23671042043553e-02	-4.46953615956458e-03	1.99674195818789e-04	4.87794315884954e-02	-3.88814766303236e-03	1.85566556321071e-04
6.53200898106823e-02	-3.34469478607113e-03	1.72489989434310e-04	8.19719611079602e-02	-2.83694007746027e-03	1.60397478007890e-04
9.87187657648275e-02	-2.36266037745070e-03	1.49231974429065e-04	1.15545064705724e-01	-1.91969316301777e-03	1.38930299243945e-04
1.32436252682153e-01	-1.50596964023808e-03	1.29426260406573e-04	1.49378544433715e-01	-1.11953694095079e-03	1.20652966383528e-04
1.66358955793259e-01	-7.58571798425312e-04	1.12544500174283e-04	1.83365281338111e-01	-4.21387707125076e-04	1.05037072692604e-04
2.00386069867273e-01	-1.06437250269154e-04	9.80697603766290e-05	2.17410598710643e-01	1.87689021811210e-04	9.15849193602325e-05
2.34428847648889e-01	4.62266051965976e-04	8.55283531751017e-05	2.51431473037775e-01	7.18439199618337e-04	7.98492966683773e-05
2.68409782583356e-01	9.57229948892580e-04	7.45002650152093e-05	2.85355711099637e-01	1.17954188146585e-03	6.94368060264461e-05
3.02261797492692e-01	1.38616652180823e-03	6.46171829534747e-05	3.19121163150610e-01	1.57778875780612e-03	6.00020078713737e-05
3.35927491872795e-01	1.75499160772163e-03	5.55538413821166e-05	3.52675011441944e-01	1.91826016171392e-03	5.12367641315459e-05
3.69358476924598e-01	2.06798457204305e-03	4.70159119250191e-05	3.85973155779491e-01	2.20446193532531e-03	4.28569940643664e-05
4.02514814855749e-01	2.32789693319346e-03	3.87257973768484e-05	4.18979709374014e-01	2.43840121874650e-03	3.45875884494307e-05
4.35364574001637e-01	2.53599116853176e-03	3.04065529680431e-05	4.51666616160930e-01	2.62058408836507e-03	2.61450728380463e-05
4.67883511742772e-01	2.69199240427409e-03	2.17629744736492e-05	4.84013403443440e-01	2.74991566857652e-03	1.72166339077462e-05
5.00054901997126e-01	2.79392997128536e-03	1.24579186298046e-05	5.16007090645600e-01	2.82347424259322e-03	7.43292982163801e-06
5.31869533272374e-01	2.83783280738648e-03	2.08047954253221e-06	5.47642286736143e-01	2.83611336216461e-03	-3.66978411059371e-06
5.63325918073666e-01	2.81721929757639e-03	-9.89972368969916e-06	5.78921527414193e-01	2.77981489271029e-03	-1.67056527637932e-05
5.94430777668268e-01	2.72228145374553e-03	-2.42020504690466e-05	6.09855932339096e-01	2.64266207594543e-03	-3.25264587255347e-05
6.25199903176164e-01	2.53859124061662e-03	-4.18456889654806e-05	6.40466309884532e-01	2.40720504624670e-03	-5.23641406282582e-05
6.55659554757390e-01	2.24502551121519e-03	-6.43348404376631e-05	6.70784915986554e-01	2.04781016231870e-03	-7.80743032535725e-05
6.85848664616870e-01	1.81035466386881e-03	-9.39829021098237e-05	7.00858211788389e-01	1.52623080980252e-03	-1.12573125595317e-04
7.15822295270494e-01	1.18743436542479e-03	-1.34509404164707e-04	7.30751217664023e-01	7.83905176833688e-04	-1.60665224931300e-04
7.45657153549631e-01	3.02863133365028e-04	-1.92206609771928e-04	7.60554550126533e-01	-2.72126456125621e-04	-2.30716716050683e-04
7.75460656886997e-01	-9.62493568265499e-04	-2.78386226470140e-04	7.90396236930085e-01	-1.79662807725456e-03	-3.38312040047306e-04
8.05386539683091e-01	-2.81282855749287e-03	-4.14980075319260e-04	8.20462659385868e-01	-4.06385057277348e-03	-5.15072728897836e-04
8.35663479438853e-01	-5.62414391244381e-03	-6.48873527480998e-04	8.51038536600923e-01	-7.60178975334502e-03	-8.32825234644563e-04
8.66652386864612e-01	-1.01590345392419e-02	-1.09444545209691e-03	8.82591539360268e-01	-1.35493884705414e-02	-1.48241101625657e-03
8.98976035856061e-01	-1.81887197428743e-02	-2.08894400007975e-03	9.15980040188963e-01	-2.48014852108079e-02	-3.10474670344152e-03
9.33871521913475e-01	-3.47481988351680e-02	-4.97338536538861e-03	9.53097448001440e-01	-5.08250152557176e-02	-8.93714490653830e-03
9.74497111101619e-01	-7.92636593226453e-02	-2.03188073801501e-02	1.00000000000000e+00	0.00000000000000e+00	0.00000000000000e+00
51	6.21800108732092e+00	1.42285714285714e-01
0.00000000000000e+00	-6.83136364421710e-03	3.35382441214671e-04	1.98117660509815e-02	-5.86572594355694e-03	3.06986288030053e-04
3.98578132345087e-02	-4.97451618780576e-03	2.80811943544346e-04	6.01047589670068e-02	-4.15327702354995e-03	2.56905316301181e-04
8.05210229928124e-02	-3.39716608056051e-03	2.35153567593405e-04	1.01076879851649e-01	-2.70133410329620e-03	2.15408723469479e-04
1.21744469733304e-01	-2.06108280848716e-03	1.97503452472048e-04	1.42497778104600e-01	-1.47196973379848e-03	1.81262575564167e-04
1.63312593450576e-01	-9.29872373775065e-04	1.66511196218133e-04	1.84166450550261e-01	-4.31021992620240e-04	1.53080051255361e-04
2.05038565018711e-01	2.79841236687783e-05	1.40808731572850e-04	2.25909763434206e-01	4.50184979388535e-04	1.29547330864010e-04
2.46762412229806e-01	8.38267369472012e-04	1.19156958196420e-04	2.67580347637821e-01	1.19458252783333e-03	1.09509456799217e-04
2.88348808300543e-01	1.52116496488963e-03	1.00486582014669e-04	3.09054371664571e-01	1.81975136474288e-03	9.19788191950932e-05
3.29684894925393e-01	2.09179800660586e-03	8.38839765650023e-05	3.50229461054122e-01	2.33849569935884e-03	7.61055794056276e-05
3.70678330294566e-01	2.56078131574855e-03	6.85511793924176e-05	3.91022897449205e-01	2.75934541697220e-03	6.11304993604067e-05
4.11255655260559e-01	2.93463527273252e-03	5.37534717958144e-05	4.31370164234248e-01	3.08685278973964e-03	4.63280457394522e-05
4.51361029333860e-01	3.21594653194290e-03	3.87577542960704e-05	4.71223884108277e-01	3.32159697515577e-03	3.09388966185375e-05
4.90955382990751e-01	3.40319375409392e-03	2.27572033346668e-05	5.10553202746149e-01	3.45980323261785e-03	1.40837997315568e-05
5.30016054352543e-01	3.49012423930783e-03	4.77013702926410e-06	5.49343707007056e-01	3.49242869882449e-03	-5.35835817938590e-06
5.68537026478782e-01	3.46448318370252e-03	-1.65106126719383e-05	5.87598030736116e-01	3.40344526905012e-03	-2.89408031692862e-05
6.06529966726907e-01	3.30572661344419e-03	-4.29629941067766e-05	6.25337413483066e-01	3.16681110348749e-03	-5.89710789384856e-05
6.44026418510655e-01	2.98101141556950e-03	-7.74664016702786e-05	6.62604676938658e-01	2.74113967623446e-03	-9.90966019058792e-05
6.81081766486657e-01	2.43805680962716e-03	-1.24711538201927e-04	6.99469456521751e-01	2.06004606695087e-03	-1.55444810984395e-04
7.17782117204830e-01	1.59192893006965e-03	-1.92836075015856e-04	7.36037266422270e-01	1.01379242202260e-03	-2.39018040133043e-04
7.54256310359228e-01	2.99118718804836e-04	-2.97010962912791e-04	7.72465562503891e-01	-5.88031191271710e-04	-3.71200571396724e-04
7.90697673423985e-01	-1.69737705594708e-03	-4.68141114564391e-04	8.08993684568579e-01	-3.09938447739622e-03	-5.97960728794922e-04
8.27406062663631e-01	-4.89680950688554e-03	-7.76939575056534e-04	8.46003337321958e-01	-7.24466858233686e-03	-1.03251552811701e-03
8.64877486553588e-01	-1.03865874585460e-02	-1.41367976810391e-03	8.84156310261974e-01	-1.47250887867363e-02	-2.01445799601396e-03
9.04025527015297e-01	-2.09678670464434e-02	-3.03285524916963e-03	9.24771636574812e-01	-3.04605642921691e-02	-4.94088938181592e-03
9.46874865750775e-01	-4.60258751632593e-02	-9.08251913065894e-03	9.71245545912652e-01	-7.49922355640416e-02	-1.98855681142913e-02
1.00000000000000e+00	0.00000000000000e+00	0.00000000000000e+00
45	6.21800108732092e+00	2.12928571428571e-01
0.00000000000000e+00	-7.51727243308176e-03	4.22156558236075e-04	2.27186795526884e-02	-6.29898728444700e-03	3.81831002078226e-04
4.57261822304074e-02	-5.18708134397183e-03	3.45188039539757e-04	6.89743621853406e-02	-4.17401372442272e-03	3.12172288513213e-04
9.24181270915211e-02	-3.25183709463250e-03	2.82544046151689e-04	1.16015499740371e-01	-2.41273564155231e-03	2.56008375590588e-04
1.39727601958500e-01	-1.64929345579745e-03	2.32246234283529e-04	1.63518584576943e-01	-9.54655476933519e-04	2.10935683910729e-04
1.87355522777637e-01	-3.22610605336004e-04	1.91765455229587e-04	2.11208291391532e-01	2.52378929042729e-04	1.74442707916889e-04
2.35049430783185e-01	7.75182980481959e-04	1.58696646216705e-04	2.58854010851237e-01	1.25002952362752e-03	1.44279283986970e-04
2.82599498323574e-01	1.68054110863325e-03	1.30964311757853e-04	3.06265630813852e-01	2.06977457792301e-03	1.18544743794802e-04
3.29834299909794e-01	2.42025910786259e-03	1.06829815256893e-04	3.53289444771661e-01	2.73402927259558e-03	9.56413784133359e-05
3.76616957237931e-01	3.01265079215973e-03	8.48099462165131e-05	3.99804599193375e-01	3.25723721767412e-03	7.41704155523548e-05
4.22841932900075e-01	3.46845603543511e-03	6.35574082424872e-05	4.45720265091149e-01	3.64652261600551e-03	5.28000676550677e-05
4.68432605863611e-01	3.79118003418921e-03	4.17160824712770e-05	4.90973643781290e-01	3.90166216028798e-03	3.01045724943050e-05
5.13339739127300e-01	3.97663632706635e-03	1.77373685701365e-05	5.35528937965424e-01	4.01412053931727e-03	4.34789926073709e-06
5.57541010640555e-01	4.01136777689626e-03	-1.03832586921815e-05	5.79377519668838e-01	3.96470699860862e-03	-2.68477276861301e-05
6.01041923781718e-01	3.86932568580889e-03	-4.55358002826589e-05	6.22539727420961e-01	3.71897170447855e-03	-6.70733721579442e-05
6.43878688580163e-01	3.50554190975871e-03	-9.22747475893271e-05	6.65069103093518e-01	3.21850771327048e-03	-1.22219455007011e-04
6.86124191164508e-01	2.84410200042862e-03	-1.58366909834395e-04	7.07060623532698e-01	2.36414784359007e-03	-2.02731583130333e-04
7.27899242630266e-01	1.75433677814052e-03	-2.58158080348680e-04	7.48666062600958e-01	9.81637941736668e-04	-3.28766595893315e-04
7.69393678762624e-01	2.92536602275462e-07	-4.20700010062003e-04	7.90123296274636e-01	-1.25457558463693e-03	-5.43428424332637e-04
8.10907727446879e-01	-2.87752885652204e-03	-7.12137399087043e-04	8.31815965214041e-01	-5.01105746427744e-03	-9.52353473315126e-04
8.52940444092224e-01	-7.87868976227069e-03	-1.30953257677424e-03	8.74409150570765e-01	-1.18488290452476e-02	-1.87067567627053e-03
8.96407121517008e-01	-1.75671469798596e-02	-2.81853468746984e-03	9.19217827168982e-01	-2.62566478359386e-02	-4.58791900272670e-03
9.43312027314728e-01	-4.04727940579587e-02	-8.41232024576644e-03	9.69570777478474e-01	-6.69710595611900e-02	-1.80979056139254e-02
1.00000000000000e+00	0.00000000000000e+00	0.00000000000000e+00
40	6.21800108732092e+00	2.83571428571429e-01
0.00000000000000e+00	-8.17512447124868e-03	5.22340932488929e-04	2.58805564741081e-02	-6.66398327022388e-03	4.66546469125584e-04
5.21096289238869e-02	-5.30108424810372e-03	4.16583294082784e-04	7.86194419010580e-02	-4.07421683038633e-03	3.72213896952189e-04
1.05347226253788e-01	-2.97082005471905e-03	3.32967354040536e-04	1.32235265872408e-01	-1.97879250959532e-03	2.98295265386495e-04
1.59230809185943e-01	-1.08691411868578e-03	2.67628399375774e-04	1.86285894448295e-01	-2.85066376076504e-04	2.40412152210157e-04
2.13357125929281e-01	4.35683670598097e-04	2.16126365553349e-04	2.40405427411057e-01	1.08308510267152e-03	1.94294237617187e-04
2.67395791046536e-01	1.66375352353887e-03	1.74484009030085e-04	2.94297033477547e-01	2.18324439757633e-03	1.56306081224966e-04
3.21081566778924e-01	2.64613202884900e-03	1.39407365358779e-04	3.47725188902848e-01	3.05608284552983e-03	1.23463997129147e-04
3.74206896498160e-01	3.41591566952659e-03	1.08173005310519e-04	4.00508721992356e-01	3.72764390508551e-03	9.32432103033509e-05
4.26615596445377e-01	3.99249584541150e-03	7.83852297331356e-05	4.52515239775418e-01	4.21090927712553e-03	6.33002960420681e-05
4.78198080446200e-01	4.38249592736872e-03	4.76672298682645e-05	5.03657207573734e-01	4.50596951365900e-03	3.11266531590748e-05
5.28888359702934e-01	4.57902853515313e-03	1.32609748718648e-05	5.53889956327941e-01	4.59818054903827e-03	-6.43189897830965e-06
5.78663180784601e-01	4.55848844458773e-03	-2.85743642096659e-05	6.03212126750998e-01	4.45320934627036e-03	-5.39593120945092e-05
6.27544025776749e-01	4.27328154304751e-03	-8.36224146989473e-05	6.51669580867122e-01	4.00659090635491e-03	-1.18949134878532e-04
6.75603442559882e-01	3.63690862069066e-03	-1.61837275710841e-04	6.99364881493621e-01	3.14232647886481e-03	-2.14951184346113e-04
7.22978739229846e-01	2.49290193864482e-03	-2.82131800118490e-04	7.46476784345994e-01	1.64702138419592e-03	-3.69081601927723e-04
7.69899677154310e-01	5.45612208852297e-04	-4.84556320777596e-04	7.93299880324878e-01	-8.97403207975267e-04	-6.42536945914651e-04
8.16746098659657e-01	-2.81152125931072e-03	-8.66417199073544e-04	8.40330308021208e-01	-5.39931698886142e-03	-1.19763785441918e-03
8.64179419568243e-01	-8.99331988938501e-03	-1.71504033053882e-03	8.88475834467639e-01	-1.41732243074824e-02	-2.58309231830234e-03
9.13496616855280e-01	-2.20295137608496e-02	-4.19005318843646e-03	9.39696481844293e-01	-3.48208051342223e-02	-7.62801932824697e-03
9.67912253443449e-01	-5.84470403805927e-02	-1.62350796276267e-02	1.00000000000000e+00	0.00000000000000e+00	0.00000000000000e+00
36	6.21800108732092e+00	3.54214285714286e-01
0.00000000000000e+00	-8.74104878140403e-03	6.29082886579480e-04	2.91293955329953e-02	-6.91641325966097e-03	5.54950207247162e-04
5.86664444109879e-02	-5.29022344436758e-03	4.89512698191863e-04	8.85194140368717e-02	-3.84386623899802e-03	4.32233417807626e-04
1.18604345307947e-01	-2.55860545607400e-03	3.82274071734301e-04	1.48845032209943e-01	-1.41677609339963e-03	3.38703618621872e-04
1.79172786485698e-01	-4.02382881965813e-04	3.00591064347433e-04	2.09526078075300e-01	4.98642242333092e-04	2.67057655948144e-04
2.39850115726558e-01	1.29839539621113e-03	2.37301082674835e-04	2.70096410831331e-01	2.00707554454393e-03	2.10601608486516e-04
3.00222351945231e-01	2.63311535443911e-03	1.86317159880711e-04	3.30190806713752e-01	3.18332678314315e-03	1.63872059975256e-04
3.59969760981729e-01	3.66303554570879e-03	1.42742198361301e-04	3.89532000718077e-01	4.07618841455737e-03	1.22438068179131e-04
4.18854840263731e-01	4.42542287606640e-03	1.02486073769170e-04	4.47919899750299e-01	4.71209085675006e-03	8.24077941613544e-05
4.76712934992903e-01	4.93622807574945e-03	6.16960754098450e-05	5.05223724568092e-01	5.09645781399526e-03	3.97861008730738e-05
5.33446021160493e-01	5.18981266399099e-03	1.60185120156031e-05	5.61377577795969e-01	5.21144926169503e-03	-1.04099968250004e-05
5.89020264702207e-01	5.15421722760956e-03	-4.05157016929447e-05	6.16380300013577e-01	5.00802183054616e-03	-7.56279330673681e-05
6.43468628658320e-01	4.75888471063413e-03	-1.17539236047071e-04	6.70301500730109e-01	4.38754799213892e-03	-1.68737946943276e-04
6.96901327267261e-01	3.86736636060014e-03	-2.32780744226613e-04	7.23297934448503e-01	3.16105178532511e-03	-3.14911153757258e-04
7.49530409399712e-01	2.21550361029710e-03	-4.23128823431762e-04	7.75649856547099e-01	9.53314645182779e-04	-5.70126002156224e-04
8.01723612567432e-01	-7.41759652112539e-04	-7.76992839280011e-04	8.27841908106272e-01	-3.05088922036290e-03	-1.08079304259689e-03
8.54128865158708e-01	-6.26980539242505e-03	-1.55137340563294e-03	8.80761711047560e-01	-1.09101207537071e-02	-2.33274943250361e-03
9.08006947499012e-01	-1.79246006469653e-02	-3.75996957091096e-03	9.36295669349225e-01	-2.92611024466510e-02	-6.75824692980842e-03
9.66404644790604e-01	-4.99093982558777e-02	-1.40954066633074e-02	1.00000000000000e+00	0.00000000000000e+00	0.00000000000000e+00
31	6.21800108732092e+00	4.24857142857143e-01
0.00000000000000e+00	-9.73649152327283e-03	8.25574403983231e-04	3.43504463743643e-02	-7.33510421267491e-03	7.13722374497405e-04
6.92119563756866e-02	-5.23592659400185e-03	6.17255401458405e-04	1.04443512040412e-01	-3.40508082863267e-03	5.34767918037193e-04
1.39918522331903e-01	-1.80953013172036e-03	4.64399895571455e-04	1.75524519309154e-01	-4.19212987257556e-04	4.04212448990693e-04
2.11162452395563e-01	7.92049248266924e-04	3.52366370414803e-04	2.46745792435764e-01	1.84634126973005e-03	3.07201523544354e-04
2.82199581603799e-01	2.76181424630539e-03	2.67255330265725e-04	3.17459510760120e-01	3.55300567236916e-03	2.31246833919396e-04
3.52471070152418e-01	4.23118964453861e-03	1.98042593812398e-04	3.87188797790730e-01	4.80468260862699e-03	1.66613274339422e-04
4.21575638215132e-01	5.27906123616584e-03	1.35984539891498e-04	4.55602419564832e-01	5.65726417170287e-03	1.05182126671655e-04
4.89247456804504e-01	5.93955224070974e-03	7.31679272094610e-05	5.22496292606330e-01	6.12329457116945e-03	3.87606319885991e-05
5.55341594544788e-01	6.20253034969520e-03	5.30034704238069e-07	5.87783238662770e-01	6.16722411470993e-03	-4.33530247185843e-05
6.19828626979797e-01	6.00207848892342e-03	-9.53417063243034e-05	6.51493313753310e-01	5.68467529701389e-03	-1.58867028976939e-04
6.82802058950513e-01	5.18255151639457e-03	-2.38919359936585e-04	7.13790499909873e-01	4.44851324849238e-03	-3.43047447211919e-04
7.44507757698208e-01	3.41290745271849e-03	-4.83160467176447e-04	7.75020522165869e-01	1.97038875784039e-03	-6.78965126278852e-04
8.05419594507864e-01	-4.38205936204028e-05	-9.64972185184099e-04	8.35830751247700e-01	-2.89901235095291e-03	-1.40599886746462e-03
8.66433739283438e-01	-7.06075947192508e-03	-2.13522879982730e-03	8.97497922816980e-01	-1.33941891711366e-02	-3.46144733710840e-03
9.29456042796260e-01	-2.36611282105093e-02	-6.23531738195449e-03	9.63079821993901e-01	-4.22893347645815e-02	-1.30753028546928e-02
1.00000000000000e+00	0.00000000000000e+00	0.00000000000000e+00
28	6.21800108732092e+00	4.95500000000000e-01
0.00000000000000e+00	-1.02791245246514e-02	9.83079247885099e-04	3.85707975561541e-02	-7.41182546334984e-03	8.37068753135384e-04
7.77226554134898e-02	-4.94235843627222e-03	7.13357173614426e-04	1.17267877945963e-01	-2.82052066575700e-03	6.09411349479339e-04
1.57040659816846e-01	-9.98601084704398e-04	5.22138559362784e-04	1.96896276547993e-01	5.65599596691113e-04	4.48456809350795e-04
2.36709698908854e-01	1.90773225961294e-03	3.85548703555227e-04	2.76373991233171e-01	3.05691514469331e-03	3.30945444564357e-04
3.15798707345023e-01	4.03622953388294e-03	2.82516173485625e-04	3.54908400790921e-01	4.86335251225267e-03	2.38409324614497e-04
3.93641308060379e-01	5.55113556823184e-03	1.96971180119521e-04	4.31948232578026e-01	6.10802557155699e-03	1.56652157754178e-04
4.69791644244664e-01	6.53826654960254e-03	1.15901407108154e-04	5.07145008194026e-01	6.84183030717134e-03	7.30423561001725e-05
5.43992364119434e-01	7.01400753842329e-03	2.61135861787665e-05	5.80328193470113e-01	7.04454804528609e-03	-2.73526378826716e-05
6.16157638075160e-01	6.91615800240286e-03	-9.06625868490885e-05	6.51497175798826e-01	6.60201765627577e-03	-1.68491657559500e-04
6.86375927781129e-01	6.06171863279426e-03	-2.67779994738149e-04	7.20837889538169e-01	5.23451544201858e-03	-3.99327409461359e-04
7.54945588941952e-01	4.02777396303589e-03	-5.80801634025185e-04	7.88786072165024e-01	2.29634833891823e-03	-8.42800388312526e-04
8.22480918893712e-01	-1.96270973528812e-04	-1.24208611956234e-03	8.56203721878984e-01	-3.85619897288647e-03	-1.89355139680214e-03
8.90212589625867e-01	-9.43014962198341e-03	-3.05840223171727e-03	9.24916299728360e-01	-1.84170485486880e-02	-5.43690197153457e-03
9.61027771323180e-01	-3.45016544924326e-02	-1.10993697894208e-02	1.00000000000000e+00	0.00000000000000e+00	0.00000000000000e+00
24	6.21800108732092e+00	5.66142857142857e-01
0.00000000000000e+00	-1.13964854322967e-02	1.29658926949916e-03	4.57826583142251e-02	-7.60376595671242e-03	1.07507559831832e-03
9.22760082882471e-02	-4.42098094604282e-03	8.93112442318933e-04	1.39190088058878e-01	-1.75649320164484e-03	7.44742242042018e-04
1.86275851665699e-01	4.73081728429636e-04	6.23353630124002e-04	2.33322616578249e-01	2.33792085700379e-03	5.22788349977876e-04
2.80154586949706e-01	3.89419603382013e-03	4.37719525575808e-04	3.26627237867309e-01	5.18510976045017e-03	3.63660970370439e-04
3.72623961982494e-01	6.24246141285278e-03	2.96805084750607e-04	4.18053160646148e-01	7.08807256934751e-03	2.33788576166405e-04
4.62845853799083e-01	7.73474334858693e-03	1.71421436106489e-04	5.06953843997282e-01	8.18655579201255e-03	1.06373094264423e-04
5.50348474279384e-01	8.43834994140613e-03	3.47755780455428e-05	5.93020056073247e-01	8.47409753023953e-03	-4.83395426307265e-05
6.34978114112333e-01	8.26366293934400e-03	-1.49929320113706e-04	6.76252717713233e-01	7.75697652721297e-03	-2.80468030962044e-04
7.16897383799477e-01	6.87371469574960e-03	-4.56783536272543e-04	7.56994439682909e-01	5.48461391722666e-03	-7.07725997511011e-04
7.96664535361547e-01	3.37609680806672e-03	-1.08648117083443e-03	8.36083719655226e-01	1.79007963752253e-04	-1.70018543532802e-03
8.75515568550424e-01	-4.78680419471522e-03	-2.79127170460791e-03	9.15376705986807e-01	-1.28851196671557e-02	-5.00623372759335e-03
9.56388082640296e-01	-2.74073796210849e-02	-1.02972681751756e-02	1.00000000000000e+00	0.00000000000000e+00	0.00000000000000e+00
22	6.21800108732092e+00	6.36785714285714e-01
0.00000000000000e+00	-1.17249249433625e-02	1.49321101634892e-03	5.06684879444253e-02	-7.34559195456685e-03	1.21831955572527e-03
1.02099451234071e-01	-3.72973889674222e-03	9.96820564314382e-04	1.53926081147075e-01	-7.51203306292858e-04	8.19422965581351e-04
2.05839392219389e-01	1.70150549889392e-03	6.76363107294464e-04	2.57583585075631e-01	3.71931695467331e-03	5.58904621664635e-04
3.08950355654786e-01	5.37262397630578e-03	4.59718553164623e-04	3.59773300331423e-01	6.71353238653127e-03	3.72741689245615e-04
4.09922944073476e-01	7.77842672524243e-03	2.92821177109048e-04	4.59302597497588e-01	8.58995881403490e-03	2.15275491002198e-04
5.07845114706218e-01	9.15804143195642e-03	1.35392999110029e-04	5.55510599571907e-01	9.47955831552239e-03	4.78140287033524e-05
6.02285154491389e-01	9.53638578728055e-03	-5.43383997981817e-05	6.48180875728690e-01	9.29095179307771e-03	-1.80850709370350e-04
6.93237499330681e-01	8.67777731962960e-03	-3.46897576850580e-04	7.37526467099193e-01	7.58780712608531e-03	-5.77868564006767e-04
7.81158893391252e-01	5.83869294071593e-03	-9.19630490497036e-04	8.24300410667730e-01	3.11543775713630e-03	-1.46265383609223e-03
8.67199328328024e-01	-1.15714053550864e-03	-2.40641945254016e-03	9.10243493536797e-01	-8.11450750250098e-03	-4.26395941728330e-03
9.54088281800915e-01	-2.04291658992671e-02	-8.49810484778168e-03	1.00000000000000e+00	0.00000000000000e+00	0.00000000000000e+00
19	6.21800108732092e+00	7.07428571428571e-01
0.00000000000000e+00	-1.27509440344130e-02	1.93213852398078e-03	5.97579583548336e-02	-7.06918040644422e-03	1.52771729582157e-03
1.20388757274894e-01	-2.52309221920155e-03	1.21372166090494e-03	1.81344081984213e-01	1.10673037780651e-03	9.70493779241188e-04
2.42178877141085e-01	4.00385721067709e-03	7.79053173616484e-04	3.02539947744379e-01	6.30912877088541e-03	6.23514085746901e-04
3.62153610145996e-01	8.12436895239910e-03	4.91142937857347e-04	4.20814529817682e-01	9.51855494603160e-03	3.71515704803538e-04
4.78376515767790e-01	1.05328964717127e-02	2.55378360740965e-04	5.34745485124556e-01	1.11833923273348e-02	1.33327743042200e-04
5.89874697498788e-01	1.14600221396015e-02	-5.87884043734554e-06	6.43762502654149e-01	1.13213290665166e-02	-1.77914839853965e-04
6.96453217789591e-01	1.06817152165639e-02	-4.07567551431898e-04	7.48042484661135e-01	9.38543625447008e-03	-7.38381596929294e-04
7.98689966808162e-01	7.15332300419136e-03	-1.25500269785217e-03	8.48645673739219e-01	3.46757707024969e-03	-2.14226297557008e-03
8.98304966449099e-01	-2.69891507422515e-03	-3.87097374389200e-03	9.48333456182228e-01	-1.37242681056438e-02	-7.80337826423572e-03
1.00000000000000e+00	0.00000000000000e+00	0.00000000000000e+00
17	6.21800108732092e+00	7.78071428571429e-01
0.00000000000000e+00	-1.32747636375301e-02	2.32565899704285e-03	6.79220302755769e-02	-6.41952849988892e-03	1.79130049087062e-03
1.36754840553841e-01	-1.07994281059454e-03	1.38925332169904e-03	2.05762487708610e-01	3.07199454774287e-03	1.08597335177540e-03
2.74367698947940e-01	6.29788164193945e-03	8.51179093021459e-04	3.42130199938398e-01	8.78824569790559e-03	6.60781547462852e-04
4.08725175047061e-01	1.06727425674541e-02	4.95971840258735e-04	4.73924991685749e-01	1.20314388027896e-02	3.41112028390267e-04
5.37585036164958e-01	1.29020352137480e-02	1.81235416416459e-04	5.99633818658902e-01	1.32809921901493e-02	-1.03497054904089e-06
6.60067625410366e-01	1.31164434765096e-02	-2.30167411930937e-04	7.18950670603908e-01	1.22881778082771e-02	-5.46517415326075e-04
7.76423144377367e-01	1.05631681206728e-02	-1.02584151946661e-03	8.32722725156402e-01	7.49767970327153e-03	-1.82950402841309e-03
8.88232997960159e-01	2.20810443459973e-03	-3.35794886350804e-03	9.43595043793354e-01	-7.31312613863511e-03	-6.74702888419332e-03
1.00000000000000e+00	0.00000000000000e+00	0.00000000000000e+00
15	6.21800108732092e+00	8.48714285714286e-01
0.00000000000000e+00	-1.39081759980505e-02	2.87224660168806e-03	7.84096344662324e-02	-5.42414729893193e-03	2.14039241654640e-03
1.57726982098118e-01	9.61733010205412e-04	1.61105022210473e-03	2.36931540827407e-01	5.76281476500629e-03	1.22392833014751e-03
3.15258322153230e-01	9.36438865000633e-03	9.28635632929220e-04	3.92154951250155e-01	1.20288775054546e-02	6.87186665698891e-04
4.67242644047244e-01	1.39201230910199e-02	4.70243659221992e-04	5.40285442009883e-01	1.51230743592049e-02	2.51850461967629e-04
6.11168358481257e-01	1.56514897775294e-02	3.17376735681218e-06	6.79884645678253e-01	1.54394572715635e-02	-3.16813497773349e-04
7.46533659135292e-01	1.43077860172598e-02	-7.79692253324749e-04	8.11333954757508e-01	1.18810194207977e-02	-1.53261414896577e-03
8.74663813543285e-01	7.38818336937563e-03	-2.93231889901935e-03	9.37162601760033e-01	-9.08030110887248e-04	-5.98925372366033e-03
1.00000000000000e+00	0.00000000000000e+00	0.00000000000000e+00
14	6.21800108732092e+00	9.19357142857143e-01
0.00000000000000e+00	-1.36153963786576e-02	3.16691966981320e-03	8.52162761988269e-02	-4.24371475849350e-03	2.31771141690251e-03
1.71225264984478e-01	2.67201471383471e-03	1.71728125156101e-03	2.56824776749973e-01	7.77230793460315e-03	1.28556573690186e-03
3.41140134970052e-01	1.15214065247962e-02	9.58635015876119e-04	4.23562575469213e-01	1.42244598246354e-02	6.89714801925922e-04
5.03695898189223e-01	1.60634297070686e-02	4.42783209382847e-04	5.81315990153951e-01	1.71223964366045e-02	1.84680797319148e-04
6.56343357706144e-01	1.73940739708649e-02	-1.24520452933208e-04	7.28828898488934e-01	1.67611327832233e-02	-5.47415785774996e-04
7.98955752989012e-01	1.49351086126148e-02	-1.20465608979670e-03	8.67066318818910e-01	1.13034504628498e-02	-2.37387727269955e-03
9.33739933965794e-01	4.50920640596997e-03	-4.80613236226479e-03	1.00000000000000e+00	0.00000000000000e+00	0.00000000000000e+00
13	6.21800108732092e+00	9.90000000000000e-01
0.00000000000000e+00	-1.32488577162193e-02	3.52081953046812e-03	9.31255956923783e-02	-2.81390712419693e-03	2.52433471949487e-03
1.86862064356909e-01	4.71303628282493e-03	1.83780901095010e-03	2.79780300626148e-01	1.01427116125580e-02	1.35328432657078e-03
3.70876904626466e-01	1.40401421034211e-02	9.88715397353124e-04	4.59484613622453e-01	1.67621148680515e-02	6.85876054780099e-04
5.45198521043526e-01	1.85098603622399e-02	3.99724057750572e-04	6.27822375880409e-01	1.93610938912872e-02	8.63616906656706e-05
7.07334128581228e-01	1.92724225179737e-02	-3.12565741410031e-04	7.83871210089050e-01	1.80408864159451e-02	-8.99184712187084e-04
8.57741378158433e-01	1.51893516428370e-02	-1.89449462075042e-03	9.29478198635970e-01	9.66206526824065e-03	-3.87770391692088e-03
1.00000000000000e+00	0.00000000000000e+00	0.00000000000000e+00
