119	9.29509789880649e+03	1.00000000000000e-03
0.00000000000000e+00	7.14302610722273e-03	-6.60412988939818e-06	1.17604512991494e-02	7.07277395188921e-03	-6.66613564193064e-06
2.33557134978821e-02	7.00324343576075e-03	-6.78485058380751e-06	3.47896965757637e-02	6.93432637827107e-03	-6.90675523062900e-06
4.60661980555345e-02	6.86599535220433e-03	-7.03196461349087e-06	5.71889069991302e-02	6.79822320497414e-03	-7.16059874994457e-06
6.81614081362229e-02	6.73098302332997e-03	-7.29278372357811e-06	7.89871858174188e-02	6.66424809696342e-03	-7.42865136116322e-06
8.96696278013177e-02	6.59799187965637e-03	-7.56833822812553e-06	1.00212028884128e-01	6.53218796101362e-03	-7.71199042470805e-06
1.10617594380017e-01	6.46681001949223e-03	-7.85975714556741e-06	1.20889443459998e-01	6.40183179614628e-03	-8.01179825393739e-06
1.31030612356663e-01	6.33722704972639e-03	-8.16827903715733e-06	1.41044057441748e-01	6.27296952388723e-03	-8.32937390948807e-06
1.50932658183106e-01	6.20903290672792e-03	-8.49526564650205e-06	1.60699219987354e-01	6.14539079102294e-03	-8.66614543526545e-06
1.70346476934142e-01	6.08201663762853e-03	-8.84221556862741e-06	1.79877094407671e-01	6.01888373315429e-03	-9.02368890853822e-06
1.89293671630854e-01	5.95596514079766e-03	-9.21078597460046e-06	1.98598744107258e-01	5.89323366784167e-03	-9.40374196534144e-06
2.07794785975655e-01	5.83066181512804e-03	-9.60280453132789e-06	2.16884212281893e-01	5.76822172730163e-03	-9.80823268825759e-06
2.25869381172548e-01	5.70588514713211e-03	-1.00202999466781e-05	2.34752596014608e-01	5.64362336470547e-03	-1.02392947978203e-05
2.43536107445299e-01	5.58140716061128e-03	-1.04655200314774e-05	2.52222115356006e-01	5.51920676024320e-03	-1.06993004069800e-05
2.60812770814045e-01	5.45699175958259e-03	-1.09409729625032e-05	2.69310177926025e-01	5.39473107155986e-03	-1.11908948907669e-05
2.77716395646270e-01	5.33239286487253e-03	-1.14494461662673e-05	2.86033439533773e-01	5.26994449377205e-03	-1.17170310947046e-05
2.94263283461000e-01	5.20735240749937e-03	-1.19940680909369e-05	3.02407861277896e-01	5.14458210016522e-03	-1.22810091078840e-05
3.10469068434123e-01	5.08159801254937e-03	-1.25783314637307e-05	3.18448763562800e-01	5.01836344564022e-03	-1.28865401347600e-05
3.26348770028787e-01	4.95484046862704e-03	-1.32061712443399e-05	3.34170877444542e-01	4.89098982327141e-03	-1.35377969436856e-05
3.41916843156610e-01	4.82677080981331e-03	-1.38820234873993e-05	3.49588393705763e-01	4.76214115990037e-03	-1.42394856899042e-05
3.57187226263873e-01	4.69705696815081e-03	-1.46108850431759e-05	3.64715010050367e-01	4.63147247672380e-03	-1.49969393654636e-05
3.72173387731710e-01	4.56534001730957e-03	-1.53984405937280e-05	3.79563976806650e-01	4.49860977277505e-03	-1.58162036407727e-05
3.86888370980827e-01	4.43122971641241e-03	-1.62511383487995e-05	3.94148141533598e-01	4.36314532164284e-03	-1.67041822476399e-05
4.01344838680996e-01	4.29429943676096e-03	-1.71763493506116e-05	4.08479992937933e-01	4.22463207172630e-03	-1.76687340300852e-05
4.15555116483492e-01	4.15408015024887e-03	-1.81825036325023e-05	4.22571704533231e-01	4.08257726804906e-03	-1.87189095073315e-05
4.29531236722501e-01	4.01005342659388e-03	-1.92792959778920e-05	4.36435178505120e-01	3.93643473892058e-03	-1.98651085641099e-05
4.43284982571994e-01	3.86164311372883e-03	-2.04779058043947e-05	4.50082090294604e-01	3.78559591388705e-03	-2.11193754109384e-05
4.56827933198611e-01	3.70820552481121e-03	-2.17913140001524e-05	4.63523934473431e-01	3.62937896518289e-03	-2.24956596002190e-05
4.70171510523751e-01	3.54901752366144e-03	-2.32345698663039e-05	4.76772072569556e-01	3.46701603891542e-03	-2.40102991539981e-05
4.83327028302666e-01	3.38326250713594e-03	-2.48253237837837e-05	4.89837783607001e-01	3.29763747920508e-03	-2.56823712776466e-05
4.96305744351689e-01	3.21001319528569e-03	-2.65843211513239e-05	5.02732318267204e-01	3.12025306279562e-03	-2.75343811442230e-05
5.09118916914398e-01	3.02821072024839e-03	-2.85360493872400e-05	5.15466957759063e-01	2.93372893555177e-03	-2.95930318199300e-05
5.21777866365522e-01	2.83663898785402e-03	-3.07095491487441e-05	5.28053078722850e-01	2.73675914265348e-03	-3.18901321074705e-05
5.34294043722006e-01	2.63389340715725e-03	-3.31396940473905e-05	5.40502225801759e-01	2.52783030863268e-03	-3.44637254554581e-05
5.46679107784083e-01	2.41834113274297e-03	-3.58682563832424e-05	5.52826193923596e-01	2.30517810037600e-03	-3.73599182201811e-05
5.58945013197736e-01	2.18807233917451e-03	-3.89460315588508e-05	5.65037122868331e-01	2.06673157838355e-03	-4.06346969916704e-05
5.71104112349528e-01	1.94083755239549e-03	-4.24349078673725e-05	5.77147607422074e-01	1.81004303290866e-03	-4.43566673118401e-05
5.83169274839838e-01	1.67396844808487e-03	-4.64111192042260e-05	5.89170827381385e-01	1.53219803412608e-03	-4.86107074275655e-05
5.95154029407516e-01	1.38427543775888e-03	-5.09693644370479e-05	6.01120702995347e-01	1.22969866602829e-03	-5.35027282684286e-05
6.07072734730977e-01	1.06791427730979e-03	-5.62284005631852e-05	6.13012083256443e-01	8.98310672249991e-04	-5.91662480187161e-05
6.18940787683001e-01	7.20210309167024e-04	-6.23387511820006e-05	6.24860977002490e-01	5.32860677350255e-04	-6.57714349581173e-05
6.30774880652153e-01	3.35423760870368e-04	-6.94933785212459e-05	6.36684840417161e-01	1.26963691893023e-04	-7.35378238654327e-05
6.42593323890168e-01	-9.35677699187565e-05	-7.79429079098559e-05	6.48502939750206e-01	-3.27348387841653e-04	-8.27525495188386e-05
6.54416455176211e-01	-5.75705797974502e-04	-8.80175269197814e-05	6.60336815776063e-01	-8.40141767799563e-04	-9.37967968779319e-05
6.66267168493855e-01	-1.12236126058407e-03	-1.00159118278320e-04	6.72210888060659e-01	-1.42430743782040e-03	-1.07185065797433e-04
6.78171607683663e-01	-1.74820405692233e-03	-1.14969541793020e-04	6.84153254833358e-01	-2.09660712863902e-03	-1.23624932911737e-04
6.90160093199716e-01	-2.47246827236536e-03	-1.33285100091030e-04	6.96196772161337e-01	-2.87921294761118e-03	-1.44110460636782e-04
7.02268385467418e-01	-3.32083776553116e-03	-1.56294511323152e-04	7.08380541300613e-01	-3.80203246078492e-03	-1.70072290650580e-04
7.14539446511038e-01	-4.32833393806220e-03	-1.85731538644651e-04	7.20752008647062e-01	-4.90632226260035e-03	-2.03627772280779e-04
7.27025960543131e-01	-5.54387371916909e-03	-2.24203986020299e-04	7.33370013788879e-01	-6.25049397544708e-03	-2.48014740910740e-04
7.39794049589032e-01	-7.03774185452821e-03	-2.75769186776964e-04	7.46309358568576e-01	-7.91981808870790e-03	-3.08374448260818e-04
7.52928945582016e-01	-8.91433224819138e-03	-3.47016270599632e-04	7.59667921973190e-01	-1.00433836546202e-02	-3.93254454569947e-04
7.66544017511665e-01	-1.13350349592466e-02	-4.49184706763583e-04	7.73578258857119e-01	-1.28254272793362e-02	-5.17662777046457e-04
7.80795884507044e-01	-1.45618215357004e-02	-6.02659546401707e-04	7.88227602953793e-01	-1.66071084108612e-02	-7.09808288274383e-04
7.95911361648397e-01	-1.90466172277245e-02	-8.47303190003590e-04	8.03894898072940e-01	-2.19987442410886e-02	-1.02737333108238e-03
8.12239528314190e-01	-2.56320008578801e-02	-1.26882296611686e-03	8.21025969215271e-01	-3.01933522256641e-02	-1.60152812020464e-03
8.30363653933328e-01	-3.60572623871336e-02	-2.07456075565293e-03	8.40406371598103e-01	-4.38141628529661e-02	-2.77106698945473e-03
8.51380091180974e-01	-5.44379798782850e-02	-3.83347937561962e-03	8.63636071210982e-01	-6.96189328121770e-02	-5.48849346441993e-03
8.77761209083629e-01	-9.24535905810396e-02	-7.91620319170550e-03	8.94830460656246e-01	-1.28801730186587e-01	-9.73359616453950e-03
9.17029664763911e-01	-1.85007446006832e-01	-2.09422822061511e-03	9.49038547007865e-01	-2.25416608961565e-01	-2.98047684632818e-04
1.00000000000000e+00	0.00000000000000e+00	0.00000000000000e+00
80	9.29509789880649e+03	7.16428571428571e-02
0.00000000000000e+00	1.06270456766686e-02	-1.46435201953121e-05	1.76712653926439e-02	1.04718835911364e-02	-1.49967125029349e-05
3.49762651312232e-02	1.03188371445981e-02	-1.54001177969931e-05	5.19277790797451e-02	1.01677192713161e-02	-1.58199697102290e-05
6.85380480208028e-02	1.00183968123708e-02	-1.62571721522564e-05	8.48188035944265e-02	9.87073820908346e-03	-1.67126932941741e-05
1.00781296663716e-01	9.72461310655826e-03	-1.71875681573841e-05	1.16436323943009e-01	9.57989196201381e-03	-1.76829060776207e-05
1.31794253021630e-01	9.43644564741986e-03	-1.81998979824627e-05	1.46865045905775e-01	9.29414504039783e-03	-1.87398214797074e-05
1.61658281191563e-01	9.15286060864995e-03	-1.93040490645835e-05	1.76183174973676e-01	9.01246198543393e-03	-1.98940597957442e-05
1.90448600586272e-01	8.87281751509295e-03	-2.05114433500242e-05	2.04463107265970e-01	8.73379379623773e-03	-2.11579163398312e-05
2.18234937820306e-01	8.59525518788673e-03	-2.18353313843345e-05	2.31772045379620e-01	8.45706328985751e-03	-2.25456890143860e-05
2.45082109305228e-01	8.31907639875906e-03	-2.32911563302629e-05	2.58172550322280e-01	8.18114891138255e-03	-2.40740780665938e-05
2.71050544941899e-01	8.04313070386509e-03	-2.48970018938977e-05	2.83723039233585e-01	7.90486643496147e-03	-2.57626896498220e-05
2.96196762006159e-01	7.76619482573349e-03	-2.66741525574155e-05	3.08478237452731e-01	7.62694783185713e-03	-2.76346629515256e-05
3.20573797313468e-01	7.48694978541908e-03	-2.86477976354504e-05	3.32489592607977e-01	7.34601641035892e-03	-2.97174593706373e-05
3.44231604988290e-01	7.20395377296734e-03	-3.08479238722015e-05	3.55805657762475e-01	7.06055708996600e-03	-3.20438727237082e-05
3.67217426638890e-01	6.91560943513769e-03	-3.33104494774084e-05	3.78472450241195e-01	6.76888027426159e-03	-3.46533070443300e-05
3.89576140445235e-01	6.62012386135036e-03	-3.60786825233106e-05	4.00533792590152e-01	6.46907739780889e-03	-3.75934542478085e-05
4.11350595618415e-01	6.31545900406261e-03	-3.92052331845694e-05	4.22031642202043e-01	6.15896543410632e-03	-4.09224683741716e-05
4.32581938916050e-01	5.99926939512851e-03	-4.27545067269719e-05	4.43006416525205e-01	5.83601674860201e-03	-4.47118176372108e-05
4.53309940454829e-01	5.66882296022508e-03	-4.68060170055740e-05	4.63497321525472e-01	5.49726943204121e-03	-4.90501444141422e-05
4.73573327037703e-01	5.32089903407518e-03	-5.14588120306136e-05	4.83542692305825e-01	5.13921107221038e-03	-5.40484455846535e-05
4.93410132751152e-01	4.95165548786547e-03	-5.68375682674649e-05	5.03180356681432e-01	4.75762616541697e-03	-5.98471474191342e-05
5.12858078901922e-01	4.55645307234698e-03	-6.31009477738420e-05	5.22448035327090e-01	4.34739314408294e-03	-6.66259827821758e-05
5.31954998789742e-01	4.12961988237237e-03	-7.04532266617708e-05	5.41383796278091e-01	3.90221039500460e-03	-7.46179874500097e-05
5.50739327876665e-01	3.66413115778896e-03	-7.91610522477004e-05	5.60026587733948e-01	3.41422022527116e-03	-8.41294775866253e-05
5.69250687449796e-01	3.15116635589474e-03	-8.95777656206853e-05	5.78416882353035e-01	2.87348431395507e-03	-9.55695022637482e-05
5.87530601240435e-01	2.57948472547853e-03	-1.02179105857969e-04	5.96597480277508e-01	2.26723776145987e-03	-1.09494118195164e-04
6.05623401921636e-01	1.93452893274659e-03	-1.17618088416593e-04	6.14614539934934e-01	1.57880490618467e-03	-1.26674208106303e-04
6.23577411820594e-01	1.19710665257555e-03	-1.36809941071014e-04	6.32518940362385e-01	7.85986369351122e-04	-1.48202974275868e-04
6.41446526400729e-01	3.41403435492937e-04	-1.61068937927888e-04	6.50368135579664e-01	-1.41406987347659e-04	-1.75671518087617e-04
6.59292402603045e-01	-6.68101397177656e-04	-1.92335844065639e-04	6.68228757626649e-01	-1.24544339747557e-03	-2.11466419851369e-04
6.77187580903812e-01	-1.88158383140125e-03	-2.33571444984815e-04	6.86180393872392e-01	-2.58642919573826e-03	-2.59296258945607e-04
6.95220097786911e-01	-3.37213224009703e-03	-2.89470002637460e-04	7.04321275173029e-01	-4.25375426014296e-03	-3.25171766680787e-04
7.13500575458447e-01	-5.25017254275051e-03	-3.67826133630178e-04	7.22777215153633e-01	-6.38534349118336e-03	-4.19344550271372e-04
7.32173636626311e-01	-7.69009732512682e-03	-4.82336411569140e-04	7.41716390746905e-01	-9.20473396578281e-03	-5.60436906152040e-04
7.51437342491478e-01	-1.09828698932849e-02	-6.58826757920172e-04	7.61375354130228e-01	-1.30972869239494e-02	-7.85083580262080e-04
7.71578694946926e-01	-1.56490931835320e-02	-9.50625465094612e-04	7.82108592983716e-01	-1.87825526878249e-02	-1.17327012065016e-03
7.93044651873564e-01	-2.27100722809104e-02	-1.48197321258348e-03	8.04493454794655e-01	-2.77562367642159e-02	-1.92611992369796e-03
8.16602919161579e-01	-3.44397077402703e-02	-2.59492610637557e-03	8.29587742232898e-01	-4.36356976735947e-02	-3.66086986508352e-03
8.43778093341716e-01	-5.69244435784786e-02	-5.48388367065944e-03	8.59722511009720e-01	-7.74181663120826e-02	-8.86480915400711e-03
8.78436153049107e-01	-1.12072189567697e-01	-1.53976511948646e-02	9.02117103388787e-01	-1.80999823308715e-01	-2.17197630124382e-02
9.36682674662249e-01	-3.09232327044113e-01	8.81956237798998e-03	1.00000000000000e+00	0.00000000000000e+00	0.00000000000000e+00
95	9.29509789880649e+03	1.42285714285714e-01
0.00000000000000e+00	8.89171419943979e-03	-1.02701496922375e-05	1.50258780294887e-02	8.78286949182816e-03	-1.04573068702152e-05
2.97901143647413e-02	8.67530414927620e-03	-1.06916676922975e-05	4.43003862068511e-02	8.56889211018341e-03	-1.09339718816770e-05
5.85640977348242e-02	8.46356757693312e-03	-1.11845816739287e-05	7.25883927304451e-02	8.35926547785482e-03	-1.14438803493488e-05
8.63801668219192e-02	8.25592133111397e-03	-1.17122731746466e-05	9.99460790904009e-02	8.15347111134779e-03	-1.19901903143926e-05
1.13292563080630e-01	8.05185110900086e-03	-1.22780856699478e-05	1.26425837254147e-01	7.95099779808139e-03	-1.25764421756713e-05
1.39351914920924e-01	7.85084769323485e-03	-1.28857716827913e-05	1.52076613682964e-01	7.75133720974885e-03	-1.32066186742108e-05
1.64605564421223e-01	7.65240251130939e-03	-1.35395585416642e-05	1.76944219855281e-01	7.55397937222346e-03	-1.38852080397989e-05
1.89097862703248e-01	7.45600300816873e-03	-1.42442190398384e-05	2.01071613467960e-01	7.35840792570208e-03	-1.46172883455087e-05
2.12870437873743e-01	7.26112774973564e-03	-1.50051580614097e-05	2.24499153976852e-01	7.16409504530979e-03	-1.54086176635815e-05
2.35962438971332e-01	7.06724114590584e-03	-1.58285162819016e-05	2.47264835710869e-01	6.97049593637589e-03	-1.62657529019228e-05
2.58410758966366e-01	6.87378766759306e-03	-1.67212945503259e-05	2.69404501437755e-01	6.77704272696777e-03	-1.71961749968474e-05
2.80250239538009e-01	6.68018540712567e-03	-1.76915020604351e-05	2.90952038966430e-01	6.58313765825680e-03	-1.82084654452019e-05
3.01513860087713e-01	6.48581880439791e-03	-1.87483338351946e-05	3.11939563132790e-01	6.38814529301279e-03	-1.93124869349859e-05
3.22232913236783e-01	6.29003033347031e-03	-1.99023919160712e-05	3.32397585329491e-01	6.19138359978533e-03	-2.05196381437567e-05
3.42437168893025e-01	6.09211085044792e-03	-2.11659380870977e-05	3.52355172601444e-01	5.99211353022677e-03	-2.18431382843498e-05
3.62155028857010e-01	5.89128834616237e-03	-2.25532379343196e-05	3.71840098237689e-01	5.78952678131817e-03	-2.32983947467957e-05
3.81413673870766e-01	5.68671457876002e-03	-2.40809421812038e-05	3.90878985747610e-01	5.58273121114983e-03	-2.49034316626151e-05
4.00239204994890e-01	5.47744918651638e-03	-2.57686082749675e-05	4.09497448118549e-01	5.37073341599958e-03	-2.66794697465489e-05
4.18656781236783e-01	5.26244044472035e-03	-2.76392866114250e-05	4.27720224319685e-01	5.15241758969265e-03	-2.86516181648988e-05
4.36690755454091e-01	5.04050201776329e-03	-2.97203528742962e-05	4.45571315153285e-01	4.92651970592162e-03	-3.08497446013245e-05
4.54364810732852e-01	4.81028428917041e-03	-3.20444578032486e-05	4.63074120775652e-01	4.69159579004974e-03	-3.33096293028134e-05
4.71702099711008e-01	4.57023907500531e-03	-3.46508598259021e-05	4.80251582536018e-01	4.44598238551985e-03	-3.60743756537829e-05
4.88725389708803e-01	4.31857537413571e-03	-3.75870096116504e-05	4.97126332248412e-01	4.18774716321901e-03	-3.91963578612042e-05
5.05457217078671e-01	4.05320385884744e-03	-4.09107691519139e-05	5.13720852659411e-01	3.91462613963767e-03	-4.27395980149292e-05
5.21920054952343e-01	3.77166609111934e-03	-4.46932177449177e-05	5.30057653777500e-01	3.62394382897491e-03	-4.67831869763735e-05
5.38136499622415e-01	3.47104364554718e-03	-4.90224460347743e-05	5.46159470975922e-01	3.31250953703210e-03	-5.14255083969850e-05
5.54129482269633e-01	3.14784006432212e-03	-5.40086863944911e-05	5.62049492523130e-01	2.97648244930926e-03	-5.67903712938023e-05
5.69922514804533e-01	2.79782572088494e-03	-5.97913483195711e-05	5.77751626637074e-01	2.61119275580279e-03	-6.30351691131015e-05
5.85539981504981e-01	2.41583106472887e-03	-6.65486349582523e-05	5.93290821639340e-01	2.21090202260332e-03	-7.03623793540942e-05
6.01007492298206e-01	1.99546814298657e-03	-7.45115161902010e-05	6.08693457796380e-01	1.76847774625921e-03	-7.90362099349906e-05
6.16352319591300e-01	1.52874780588141e-03	-8.39830373344785e-05	6.23987836790364e-01	1.27494268250827e-03	-8.94060799701002e-05
6.31603949526540e-01	1.00554801774733e-03	-9.53678259629775e-05	6.39204805745752e-01	7.18841898536882e-04	-1.01941985263476e-04
6.46794792063291e-01	4.12856715244159e-04	-1.09214795791290e-04	6.54378569514143e-01	8.53349821237082e-05	-1.17288148150596e-04
6.61961115206881e-01	-2.66324434912035e-04	-1.26283714933395e-04	6.69547771147816e-01	-6.45135954113418e-04	-1.36345938899218e-04
6.77144301840155e-01	-1.05460762613652e-03	-1.47649939435501e-04	6.84756962671862e-01	-1.49884876697304e-03	-1.60406908891630e-04
6.92392581705516e-01	-1.98269988086786e-03	-1.74875080162007e-04	7.00058658216596e-01	-2.51189959190867e-03	-1.91373038795684e-04
7.07763482370866e-01	-3.09330232769867e-03	-2.10295260794080e-04	7.15516281844452e-01	-3.73515486235065e-03	-2.32137106531694e-04
7.23327403119958e-01	-4.44746290042919e-03	-2.57526451640677e-04	7.31208537955187e-01	-5.24247776452669e-03	-2.87267750247455e-04
7.39173009430217e-01	-6.13535013161293e-03	-3.22405091670808e-04	7.47236137664472e-01	-7.14502300586006e-03	-3.64312593027050e-04
7.55415713718079e-01	-8.29547133299768e-03	-4.14826452316053e-04	7.63732622915353e-01	-9.61745016862237e-03	-4.76444426982026e-04
7.72211678493275e-01	-1.11510190878269e-02	-5.52627455319810e-04	7.80882757714830e-01	-1.29492528883807e-02	-6.48279460572887e-04
7.89782383545243e-01	-1.50838528224815e-02	-7.70519475593812e-04	7.98955981093263e-01	-1.76538489210085e-02	-9.29984795421390e-04
8.08461188811411e-01	-2.07995813791315e-02	-1.14308295506715e-03	8.18372880608469e-01	-2.47259316267051e-02	-1.43610957126761e-03
8.28791086281474e-01	-2.97427051021153e-02	-1.85307320690087e-03	8.39854083448242e-01	-3.63383214133211e-02	-2.47143192317467e-03
8.51761315203106e-01	-4.53224306504711e-02	-3.43537334446364e-03	8.64816479734030e-01	-5.81218462908667e-02	-5.02827777214487e-03
8.79516253330213e-01	-7.74507919581042e-02	-7.81470616905855e-03	8.96755721485709e-01	-1.09044031592720e-01	-1.26148965163897e-02
9.18380232894035e-01	-1.67207276310989e-01	-1.57937616106647e-02	9.48894709110796e-01	-2.64798432802897e-01	7.17472045285306e-03
1.00000000000000e+00	0.00000000000000e+00	0.00000000000000e+00
107	9.29509789880649e+03	2.12928571428571e-01
0.00000000000000e+00	7.84828561279549e-03	-8.01310514830789e-06	1.34717988020248e-02	7.76338230903173e-03	-8.12603869082551e-06
2.67360362484684e-02	7.67938656282507e-03	-8.28651120121648e-06	3.97981042847698e-02	7.59619334362616e-03	-8.45177066999270e-06
5.26632248908468e-02	7.51376249578550e-03	-8.62200876627917e-06	6.53364569300981e-02	7.43205427443461e-03	-8.79742727044608e-06
7.78227029551436e-02	7.35102928057096e-03	-8.97823828882593e-06	9.01267156981547e-02	7.27064839625524e-03	-9.16466455480602e-06
1.02253104263908e-01	7.19087272024632e-03	-9.35694019865707e-06	1.14206340042591e-01	7.11166350446057e-03	-9.55531235002915e-06
1.25990762358377e-01	7.03298208765690e-03	-9.76004143704579e-06	1.37610583868842e-01	6.95478982543962e-03	-9.97139975611461e-06
1.49069895729440e-01	6.87704803216227e-03	-1.01896785229538e-05	1.60372672536373e-01	6.79971789832901e-03	-1.04151801250119e-05
1.71522777060588e-01	6.72276043264697e-03	-1.06482274406794e-05	1.82523964784732e-01	6.64613638134792e-03	-1.08891598809002e-05
1.93379888254471e-01	6.56980615545000e-03	-1.11383361465212e-05	2.04094101254823e-01	6.49372975593465e-03	-1.13961374259564e-05
2.14670062821674e-01	6.41786668285871e-03	-1.16629623549969e-05	2.25111141098188e-01	6.34217586895414e-03	-1.19392399615670e-05
2.35420617045206e-01	6.26661556959962e-03	-1.22254172079117e-05	2.45601688014530e-01	6.19114329143922e-03	-1.25219742022065e-05
2.55657471193356e-01	6.11571568189451e-03	-1.28294175005816e-05	2.65591006927966e-01	6.04028843049198e-03	-1.31482845584507e-05
2.75405261934370e-01	5.96481616187750e-03	-1.34791467807371e-05	2.85103132403293e-01	5.88925232649107e-03	-1.38226153905130e-05
2.94687447006699e-01	5.81354905902298e-03	-1.41793314847316e-05	3.04160969812841e-01	5.73765708165586e-03	-1.45499901116342e-05
3.13526403116453e-01	5.66152552669275e-03	-1.49353184824008e-05	3.22786390190875e-01	5.58510182905980e-03	-1.53361055466039e-05
3.31943517968329e-01	5.50833153548758e-03	-1.57531851865400e-05	3.41000319654926e-01	5.43115814787121e-03	-1.61874493154190e-05
3.49959277286534e-01	5.35352294176539e-03	-1.66398537304602e-05	3.58822824231805e-01	5.27536476342694e-03	-1.71114198375122e-05
3.67593347648601e-01	5.19661981497421e-03	-1.76032394567649e-05	3.76273190900098e-01	5.11722143961801e-03	-1.81164914938581e-05
3.84864655936833e-01	5.03709985372591e-03	-1.86524375367370e-05	3.93370005651246e-01	4.95618186128155e-03	-1.92124207092359e-05
4.01791466211300e-01	4.87439061166195e-03	-1.97979086051792e-05	4.10131229379767e-01	4.79164522275455e-03	-2.04104673944272e-05
4.18391454826527e-01	4.70786043732563e-03	-2.10517774381636e-05	4.26574272441035e-01	4.62294627820659e-03	-2.17236704895818e-05
4.34681784652569e-01	4.53680758722808e-03	-2.24281167273688e-05	4.42716068766603e-01	4.44934357352755e-03	-2.31672457422505e-05
4.50679179325804e-01	4.36044730870555e-03	-2.39433643864917e-05	4.58573150504907e-01	4.27000516607579e-03	-2.47589734443387e-05
4.66399998549391e-01	4.17789620735332e-03	-2.56167896157677e-05	4.74161724268671e-01	4.08399151875494e-03	-2.65197789979243e-05
4.81860315595398e-01	3.98815341138348e-03	-2.74711524224092e-05	4.89497750223764e-01	3.89023458293702e-03	-2.84743921037389e-05
4.97075998340638e-01	3.79007734640968e-03	-2.95333856630275e-05	5.04597025464495e-01	3.68751227397790e-03	-3.06522522519614e-05
5.12062795410370e-01	3.58235747009528e-03	-3.18356604107617e-05	5.19475273397892e-01	3.47441680606630e-03	-3.30885633461619e-05
5.26836429325721e-01	3.36347896997635e-03	-3.44165724983636e-05	5.34148241233704e-01	3.24931545080820e-03	-3.58257586159372e-05
5.41412698981475e-01	3.13167887617394e-03	-3.73228237458001e-05	5.48631808172246e-01	3.01030104518540e-03	-3.89152358681866e-05
5.55807594355961e-01	2.88489048844176e-03	-4.06112406901027e-05	5.62942107551011e-01	2.75512986175208e-03	-4.24199799549108e-05
5.70037427128344e-01	2.62067297842528e-03	-4.43516229651220e-05	5.77095667108540e-01	2.48114142761913e-03	-4.64175175571846e-05
5.84118981929987e-01	2.33612069100486e-03	-4.86303512716724e-05	5.91109572755215e-01	2.18515569589206e-03	-5.10043398032067e-05
5.98069694393015e-01	2.02774571808551e-03	-5.35554548950490e-05	6.05001662926480e-01	1.86333850759546e-03	-5.63016915386960e-05
6.11907864152164e-01	1.69132348161716e-03	-5.92633726659297e-05	6.18790762953561e-01	1.51102384960611e-03	-6.24635243788862e-05
6.25652913753708e-01	1.32168744914041e-03	-6.59283247863574e-05	6.32496972217926e-01	1.12247603629845e-03	-6.96876398407209e-05
6.39325708409525e-01	9.12452724984858e-04	-7.37756691111535e-05	6.46142021640185e-01	6.90567186829583e-04	-7.82317230507701e-05
6.52948957304332e-01	4.55638023362015e-04	-8.31010890125494e-05	6.59749726045990e-01	2.06331868601417e-04	-8.84361269206657e-05
6.66547725679213e-01	-5.88612132752520e-05	-9.42978528388760e-05	6.73346566373684e-01	-3.41657701729448e-04	-1.00757600413059e-04
6.80150099733311e-01	-6.44016728307606e-04	-1.07899138095391e-04	6.86962452539730e-01	-9.68184023482643e-04	-1.15821250886938e-04
6.93788066117987e-01	-1.31674545867866e-03	-1.24641096949984e-04	7.00631742518772e-01	-1.69269248261217e-03	-1.34498743657563e-04
7.07498699018909e-01	-2.09950383465618e-03	-1.45562519251685e-04	7.14394632846609e-01	-2.54124730111183e-03	-1.58036067716916e-04
7.21325798567770e-01	-3.02270764689716e-03	-1.72167593191830e-04	7.28299101278429e-01	-3.54954892518344e-03	-1.88262044865661e-04
7.35322209703932e-01	-4.12852236158667e-03	-2.06697333836381e-04	7.42403694608961e-01	-4.76773533217989e-03	-2.27946156584613e-04
7.49553199724259e-01	-5.47700307627030e-03	-2.52605836679409e-04	7.56781654920658e-01	-6.26831340780287e-03	-2.81440153137469e-04
7.64101544952634e-01	-7.15645164222711e-03	-3.15436855530926e-04	7.71527252299126e-01	-8.15985168754141e-03	-3.55889074173055e-04
7.79075500292930e-01	-9.30175929269406e-03	-4.04522239386917e-04	7.86765934222365e-01	-1.06118915482498e-02	-4.63665605491936e-04
7.94621895896253e-01	-1.21287860670219e-02	-5.36532340427165e-04	8.02671475006959e-01	-1.39032559104373e-02	-6.27643758003948e-04
8.10948966051971e-01	-1.60035581244868e-02	-7.43515708539588e-04	8.19496935423285e-01	-1.85233666378123e-02	-8.93783141806104e-04
8.28369235074329e-01	-2.15943895871020e-02	-1.09315332957771e-03	8.37635537388352e-01	-2.54071512826235e-02	-1.36485426559596e-03
8.47388418473886e-01	-3.02465062468336e-02	-1.74707251277417e-03	8.57754925410431e-01	-3.65552619688989e-02	-2.30546096344075e-03
8.68916512731636e-01	-4.50543980372704e-02	-3.15838667105495e-03	8.81145763928950e-01	-5.69848004735068e-02	-4.52801198555908e-03
8.94879894100304e-01	-7.46309731810737e-02	-6.82590853635090e-03	9.10884143682644e-01	-1.02577574099782e-01	-1.05624968780411e-02
9.30664545872012e-01	-1.51133803343838e-01	-1.32452042088069e-02	9.57637835791600e-01	-2.32070795583182e-01	4.14847292177944e-03
1.00000000000000e+00	0.00000000000000e+00	0.00000000000000e+00
113	9.29509789880649e+03	2.83571428571429e-01
0.00000000000000e+00	7.39175524843083e-03	-7.10927227642877e-06	1.28807358014150e-02	7.31641250388870e-03	-7.19590904596501e-06
2.55743596602301e-02	7.24184078386969e-03	-7.32980223649982e-06	3.80854553248586e-02	7.16794260609599e-03	-7.46745778257285e-06
5.04184702333460e-02	7.09468628443988e-03	-7.60901660745716e-06	6.25777206370906e-02	7.02204044489818e-03	-7.75462808633165e-06
7.45673967681627e-02	6.94997397664987e-03	-7.90444791709533e-06	8.63915677802419e-02	6.87845598825687e-03	-8.05863935049445e-06
9.80541864754439e-02	6.80745576420017e-03	-8.21737472045392e-06	1.09559093828624e-01	6.73694271378555e-03	-8.38083221155195e-06
1.20910023320122e-01	6.66688633493351e-03	-8.54920255699554e-06	1.32110605087203e-01	6.59725615785089e-03	-8.72268308138580e-06
1.43164369904037e-01	6.52802170437217e-03	-8.90148238963384e-06	1.54074752999362e-01	6.45915243892836e-03	-9.08582022396409e-06
1.64845097720603e-01	6.39061771781790e-03	-9.27592693522605e-06	1.75478659052729e-01	6.32238673910490e-03	-9.47204421297698e-06
1.85978606999666e-01	6.25442849839719e-03	-9.67443051269612e-06	1.96348029835732e-01	6.18671172045060e-03	-9.88335204343826e-06
2.06589937234224e-01	6.11920482083783e-03	-1.00990943245893e-05	2.16707263279817e-01	6.05187583959443e-03	-1.03219570701807e-05
2.26702869371295e-01	5.98469238328581e-03	-1.05522560578386e-05	2.36579547020711e-01	5.91762156373776e-03	-1.07903245436525e-05
2.46340020554869e-01	5.85062993524832e-03	-1.10365156211767e-05	2.55986949724738e-01	5.78368342871016e-03	-1.12912046523750e-05
2.65522932228225e-01	5.71674726437843e-03	-1.15547803494209e-05	2.74950506151542e-01	5.64978591045628e-03	-1.18276678113816e-05
2.84272152334049e-01	5.58276296297056e-03	-1.21103037860060e-05	2.93490296661639e-01	5.51564109407576e-03	-1.24031590404972e-05
3.02607312293161e-01	5.44838195078667e-03	-1.27067322157615e-05	3.11625521824569e-01	5.38094605896822e-03	-1.30215508074016e-05
3.20547199395253e-01	5.31329272581704e-03	-1.33481752879749e-05	3.29374572740888e-01	5.24537993323393e-03	-1.36872018459133e-05
3.38109825197118e-01	5.17716422949954e-03	-1.40392689775837e-05	3.46755097658289e-01	5.10860058492391e-03	-1.44050463246614e-05
3.55312490495524e-01	5.03964228809139e-03	-1.47852556324768e-05	3.63784065438172e-01	4.97024079287023e-03	-1.51806665165122e-05
3.72171847422939e-01	4.90034556372998e-03	-1.55920983915259e-05	3.80477826414882e-01	4.82990390435956e-03	-1.60204195800429e-05
3.88703959204535e-01	4.75886081359955e-03	-1.64665728048519e-05	3.96852171185383e-01	4.68715876010473e-03	-1.69315578837370e-05
4.04924358116290e-01	4.61473748826147e-03	-1.74164453083936e-05	4.12922387873290e-01	4.54153379777678e-03	-1.79223845908627e-05
4.20848102195469e-01	4.46748129792063e-03	-1.84506092968384e-05	4.28703318429829e-01	4.39251013956099e-03	-1.90024421617974e-05
4.36489831280244e-01	4.31654673066495e-03	-1.95793055628446e-05	4.44209414565845e-01	4.23951344077755e-03	-2.01827426531409e-05
4.51863822994467e-01	4.16132822055681e-03	-2.08144032647350e-05	4.59454793957316e-01	4.08190421723176e-03	-2.14760492496247e-05
4.66984049351226e-01	4.00114948627550e-03	-2.21696468070132e-05	4.74453297435066e-01	3.91896630342337e-03	-2.28972268796479e-05
4.81864234728630e-01	3.83525096023996e-03	-2.36610903425749e-05	4.89218547960777e-01	3.74989295376116e-03	-2.44636538644372e-05
4.96517916076945e-01	3.66277452730435e-03	-2.53075627083543e-05	5.03764012314644e-01	3.57377001693182e-03	-2.61957206342256e-05
5.10958506357749e-01	3.48274503492085e-03	-2.71312625528264e-05	5.18103066581400e-01	3.38955567513222e-03	-2.81175966985181e-05
5.25199362400068e-01	3.29404763891650e-03	-2.91584574727555e-05	5.32249066732974e-01	3.19605520826616e-03	-3.02579294477745e-05
5.39253858602779e-01	3.09540011351528e-03	-3.14204829061637e-05	5.46215425885200e-01	2.99189027847491e-03	-3.26510207790953e-05
5.53135468229310e-01	2.88531841760253e-03	-3.39549332419864e-05	5.60015700170801e-01	2.77546045794419e-03	-3.53381569808686e-05
5.66857854463309e-01	2.66207373387894e-03	-3.68072224969929e-05	5.73663685656303e-01	2.54489500437138e-03	-3.83693422603137e-05
5.80434973951667e-01	2.42363822804514e-03	-4.00325212197572e-05	5.87173529375685e-01	2.29799204206338e-03	-4.18056823106028e-05
5.93881196308362e-01	2.16761670162202e-03	-4.36986802319073e-05	6.00559858418615e-01	2.03214076349267e-03	-4.57224286065649e-05
6.07211444060327e-01	1.89115774761461e-03	-4.78893413429216e-05	6.13837932192049e-01	1.74422126034113e-03	-5.02131465891509e-05
6.20441358896413e-01	1.59084015357713e-03	-5.27091743063313e-05	6.27023824583620e-01	1.43047353008896e-03	-5.53950739972109e-05
6.33587501977733e-01	1.26252272105187e-03	-5.82901649153200e-05	6.40134645007617e-01	1.08632549274135e-03	-6.14169998114367e-05
6.46667598733071e-01	9.01145322229846e-04	-6.48005642180927e-05	6.53188810476554e-01	7.06162698975499e-04	-6.84698732817957e-05
6.59700842345447e-01	5.00461595454027e-04	-7.24576553208234e-05	6.66206385380574e-01	2.83016371198208e-04	-7.68018620014299e-05
6.72708275599503e-01	5.26738568801255e-05	-8.15458628322663e-05	6.79209512268829e-01	-1.91865681875791e-04	-8.67401802582268e-05
6.85713278799060e-01	-4.52073429973110e-04	-9.24431533502190e-05	6.92222966749882e-01	-7.29619679918581e-04	-9.87232209903599e-05
6.98742203532354e-01	-1.02640924634623e-03	-1.05660355846471e-04	7.05274884538435e-01	-1.34462278402347e-03	-1.13348946957803e-04
7.11825210593664e-01	-1.68676763676379e-03	-1.21901112100753e-04	7.18397731853797e-01	-2.05574206046166e-03	-1.31449692630126e-04
7.24997399555416e-01	-2.45490927546288e-03	-1.42155667609778e-04	7.31629627388843e-01	-2.88819918098160e-03	-1.54211292486162e-04
7.38300364782841e-01	-3.36022405249348e-03	-1.67852297904947e-04	7.45016185001482e-01	-3.87643454762343e-03	-1.83367390979239e-04
7.51784391872957e-01	-4.44331669348952e-03	-2.01112488946498e-04	7.58613150143730e-01	-5.06864183588840e-03	-2.21532674560265e-04
7.65511646091445e-01	-5.76179718609682e-03	-2.45188887554315e-04	7.72490287345024e-01	-6.53422065527465e-03	-2.72795596574671e-04
7.79560954107119e-01	-7.39998123368235e-03	-3.05273925212290e-04	7.86737318667348e-01	-8.37656466007841e-03	-3.43827600823632e-04
7.94035256976862e-01	-9.48595416453801e-03	-3.90052863079582e-04	8.01473386351352e-01	-1.07561495411886e-02	-4.46095827000725e-04
8.09073779129071e-01	-1.22233072556703e-02	-5.14906903015255e-04	8.16862926697525e-01	-1.39348927451367e-02	-6.00607421316068e-04
8.24873068132776e-01	-1.59543327742874e-02	-7.09101095639042e-04	8.33144063426090e-01	-1.83681501263266e-02	-8.49058092320165e-04
8.41726104659728e-01	-2.12971814008586e-02	-1.03359110093049e-03	8.50683761034475e-01	-2.49148282576699e-02	-1.28320959241290e-03
8.60102233195012e-01	-2.94779202174804e-02	-1.63124024775541e-03	8.70097442591143e-01	-3.53812686496802e-02	-2.13419837093665e-03
8.80833161929247e-01	-4.32590788855841e-02	-2.89243126601724e-03	8.92551981740308e-01	-5.41849826737250e-02	-4.09150164258998e-03
9.05635827585477e-01	-7.00947964546788e-02	-6.07464956420789e-03	9.20736384794988e-01	-9.47638980736529e-02	-9.33120424670530e-03
9.39092000077083e-01	-1.36372906674635e-01	-1.27120797114033e-02	9.63394701397829e-01	-2.09611430579026e-01	-2.37013870869829e-04
1.00000000000000e+00	0.00000000000000e+00	0.00000000000000e+00
109	9.29509789880649e+03	3.54214285714286e-01
0.00000000000000e+00	7.62704567148687e-03	-7.55471675106811e-06	1.34816871545882e-02	7.54688261927727e-03	-7.65753343201503e-06
2.67614097609895e-02	7.46755361537610e-03	-7.80497200802976e-06	3.98442688086849e-02	7.38896161067437e-03	-7.95669938757904e-06
5.27352089215734e-02	7.31107070277659e-03	-8.11288310509362e-06	6.54390244737896e-02	7.23384534338711e-03	-8.27369890177287e-06
7.79603656891028e-02	7.15725028552372e-03	-8.43933236494010e-06	9.03037444652272e-02	7.08125052430608e-03	-8.60997641427552e-06
1.02473539938461e-01	7.00581124762789e-03	-8.78583535612876e-06	1.14474003803101e-01	6.93089777796208e-03	-8.96712343911865e-06
1.26309265399310e-01	6.85647551757751e-03	-9.15406602430835e-06	1.37983336582283e-01	6.78250989340112e-03	-9.34690104159586e-06
1.49500116384836e-01	6.70896629447082e-03	-9.54587634449666e-06	1.60863395484918e-01	6.63581002377645e-03	-9.75125713220670e-06
1.72076860488799e-01	6.56300622747663e-03	-9.96331974056908e-06	1.83144098040282e-01	6.49051983942428e-03	-1.01823564280235e-05
1.94068598765581e-01	6.41831551805327e-03	-1.04086765042588e-05	2.04853761063104e-01	6.34635757810798e-03	-1.06426055985764e-05
2.15502894746900e-01	6.27460992229234e-03	-1.08844865396307e-05	2.26019224552100e-01	6.20303598045835e-03	-1.11346868949536e-05
2.36405893510239e-01	6.13159861569224e-03	-1.13935873413684e-05	2.46665966202140e-01	6.06026007027038e-03	-1.16615979333101e-05
2.56802431895455e-01	5.98898186997054e-03	-1.19391501660626e-05	2.66818207573940e-01	5.91772474245866e-03	-1.22267009248223e-05
2.76716140865039e-01	5.84644852855987e-03	-1.25247349940238e-05	2.86499012872245e-01	5.77511208635495e-03	-1.28337664091482e-05
2.96169540918394e-01	5.70367319784548e-03	-1.31543452572824e-05	3.05730381205897e-01	5.63208844420782e-03	-1.34870485264393e-05
3.15184131399795e-01	5.56031311613747e-03	-1.38324981306948e-05	3.24533333139189e-01	5.48830106668485e-03	-1.41913470605992e-05
3.33780474482749e-01	5.41600461060376e-03	-1.45643010820429e-05	3.42927992293597e-01	5.34337436022869e-03	-1.49521057886126e-05
3.51978274569092e-01	5.27035908797524e-03	-1.53555576380970e-05	3.60933662720760e-01	5.19690556748209e-03	-1.57755087619726e-05
3.69796453809687e-01	5.12295839678845e-03	-1.62128685206042e-05	3.78568902742730e-01	5.04845981171265e-03	-1.66686079272615e-05
3.87253224434864e-01	4.97334949976636e-03	-1.71437745486447e-05	3.95851595943052e-01	4.89756436259392e-03	-1.76394854269901e-05
4.04366158577230e-01	4.82103827563929e-03	-1.81569306680895e-05	4.12799019994038e-01	4.74370187407591e-03	-1.86974076781254e-05
4.21152256278946e-01	4.66548222542307e-03	-1.92622975252466e-05	4.29427914023081e-01	4.58630253720926e-03	-1.98530809012443e-05
4.37628012400864e-01	4.50608185998513e-03	-2.04713699039072e-05	4.45754545254991e-01	4.42473468685733e-03	-2.11188938954443e-05
4.53809483195901e-01	4.34217056891062e-03	-2.17975190524022e-05	4.61794775722986e-01	4.25829368403274e-03	-2.25092638772573e-05
4.69712353375454e-01	4.17300235712292e-03	-2.32563124555885e-05	4.77564129921289e-01	4.08618853383325e-03	-2.40410303420369e-05
4.85352004593445e-01	3.99773720985519e-03	-2.48659883632651e-05	4.93077864383126e-01	3.90752580790399e-03	-2.57339937923540e-05
5.00743586400888e-01	3.81542338578322e-03	-2.66480583113182e-05	5.08351040317621e-01	3.72128996469079e-03	-2.76114966473173e-05
5.15902090897842e-01	3.62497565153586e-03	-2.86279505727904e-05	5.23398600639899e-01	3.52631950538473e-03	-2.97013135717172e-05
5.30842432539298e-01	3.42514875753830e-03	-3.08359621248311e-05	5.38235452991639e-01	3.32127730584442e-03	-3.20366008401685e-05
5.45579534856267e-01	3.21450453849992e-03	-3.33084212762458e-05	5.52876560701558e-01	3.10461388522065e-03	-3.46571961549191e-05
5.60128426256851e-01	2.99137091518986e-03	-3.60892069808383e-05	5.67337044099642e-01	2.87452157038071e-03	-3.76114088767032e-05
5.74504347608888e-01	2.75379003988796e-03	-3.92315321340320e-05	5.81632295220645e-01	2.62887625663177e-03	-4.09581344293919e-05
5.88722875027276e-01	2.49945314712385e-03	-4.28007203736591e-05	5.95778109766975e-01	2.36516349795224e-03	-4.47698759706849e-05
6.02800062257463e-01	2.22561637715768e-03	-4.68774211652701e-05	6.09790841335888e-01	2.08038303867619e-03	-4.91365854566883e-05
6.16752608376655e-01	1.92899222473475e-03	-5.15622130425886e-05	6.23687584470351e-01	1.77092476083174e-03	-5.41710030856901e-05
6.30598058360621e-01	1.60560732209403e-03	-5.69817957460916e-05	6.37486395252213e-01	1.43240521547638e-03	-6.00159109249709e-05
6.44355046623027e-01	1.25061399619142e-03	-6.32975532168789e-05	6.51206561196704e-01	1.05944969136207e-03	-6.68542960662322e-05
6.58043597261018e-01	8.58037340333961e-04	-7.07176532772635e-05	6.64868936552284e-01	6.45397416808802e-04	-7.49236974275647e-05
6.71685499969039e-01	4.20430036482067e-04	-7.95139678231305e-05	6.78496365430099e-01	1.81896157325667e-04	-8.45365268584697e-05
6.85304788257839e-01	-7.16049312099454e-05	-9.00471797355973e-05	6.92114224548718e-01	-3.41662533701603e-04	-9.61109992401177e-05
6.98928358094302e-01	-6.30087109831035e-04	-1.02804120545530e-04	7.05751131544516e-01	-9.38949441762871e-04	-1.10216154471710e-04
7.12586782666602e-01	-1.27062818647938e-03	-1.18453322100809e-04	7.19439886761534e-01	-1.62786863501829e-03	-1.27642107992099e-04
7.26315406569444e-01	-2.01385506581675e-03	-1.37934040055132e-04	7.33218751343882e-01	-2.43230067094624e-03	-1.49511862727048e-04
7.40155847233885e-01	-2.88756022117354e-03	-1.62597566734979e-04	7.47133221721680e-01	-3.38477242236301e-03	-1.77462926918226e-04
7.54158105680031e-01	-3.93004145888742e-03	-1.94443452629089e-04	7.61238557720270e-01	-4.53067081580705e-03	-2.13957047096480e-04
7.68383617022069e-01	-5.19546757063793e-03	-2.36529323794477e-04	7.75603492951339e-01	-5.93514250389282e-03	-2.62828732196185e-04
7.82909802759028e-01	-6.76284228196233e-03	-2.93716343505945e-04	7.90315872938757e-01	-7.69487570870064e-03	-3.30311669791028e-04
7.97837126102070e-01	-8.75169366996487e-03	-3.74098881107621e-04	8.05491584502054e-01	-9.95927839249522e-03	-4.27067749666277e-04
8.13300535602469e-01	-1.13510915482320e-02	-4.91943468831746e-04	8.21289427087441e-01	-1.29709210200305e-02	-5.72525791328715e-04
8.29489094164839e-01	-1.48770901329361e-02	-6.74236753182011e-04	8.37937480257612e-01	-1.71488588803677e-02	-8.05020705150650e-04
8.46682111685040e-01	-1.98964862082192e-02	-9.76848591710100e-04	8.55783763601177e-01	-2.32774855836252e-02	-1.20840398056399e-03
8.65322082127980e-01	-2.75240555083368e-02	-1.52998765207735e-03	8.75404569678271e-01	-3.29913288608096e-02	-1.99302612363139e-03
8.86181677799735e-01	-4.02468586049504e-02	-2.68937945088998e-03	8.97873756016913e-01	-5.02469827137998e-02	-3.79224793396804e-03
9.10822991498576e-01	-6.47107027914384e-02	-5.64188900604745e-03	9.25603745101430e-01	-8.69918290516727e-02	-8.86796223299835e-03
9.43287964165091e-01	-1.24478049622844e-01	-1.36836250634289e-02	9.66183912181182e-01	-1.96551590267349e-01	-7.08390278553073e-03
1.00000000000000e+00	0.00000000000000e+00	0.00000000000000e+00
80	9.29509789880649e+03	4.24857142857143e-01
0.00000000000000e+00	1.03730187590556e-02	-1.39355712929223e-05	1.85494430060400e-02	1.02251903340673e-02	-1.42708809638403e-05
3.67233841297479e-02	1.00793160496497e-02	-1.46491592676323e-05	5.45346208908241e-02	9.93522968700877e-03	-1.50426451404062e-05
7.19954236336594e-02	9.79280953628003e-03	-1.54521641180239e-05	8.91175641778807e-02	9.65193524932118e-03	-1.58785972601549e-05
1.05912342978984e-01	9.51248749682931e-03	-1.63228879097588e-05	1.22390614663932e-01	9.37434761726075e-03	-1.67860450592805e-05
1.38562812063596e-01	9.23739726708073e-03	-1.72691509618961e-05	1.54438968854460e-01	9.10151805833759e-03	-1.77733655621903e-05
1.70028740913487e-01	8.96659119337806e-03	-1.82999356737046e-05	1.85341426482325e-01	8.83249707813016e-03	-1.88501988269696e-05
2.00385985230139e-01	8.69911493400144e-03	-1.94255964007795e-05	2.15171056297947e-01	8.56632238105459e-03	-2.00276806898714e-05
2.29704975401841e-01	8.43399500057451e-03	-2.06581233270775e-05	2.43995791067329e-01	8.30200588450936e-03	-2.13187322075648e-05
2.58051280062451e-01	8.17022513803822e-03	-2.20114582050179e-05	2.71878962093414e-01	8.03851936621025e-03	-2.27384143332010e-05
2.85486113822780e-01	7.90675110778172e-03	-2.35018872964954e-05	2.98879782267231e-01	7.77477824496353e-03	-2.43043633691986e-05
3.12066797629098e-01	7.64245333318558e-03	-2.51485374493932e-05	3.25053785613761e-01	7.50962290496626e-03	-2.60373443858875e-05
3.37847179282859e-01	7.37612668914900e-03	-2.69739807192693e-05	3.50453230491994e-01	7.24179675807934e-03	-2.79619311052137e-05
3.62878020960394e-01	7.10645661084741e-03	-2.90050116285023e-05	3.75127473019274e-01	6.96992011464270e-03	-3.01073887329917e-05
3.87207360085614e-01	6.83199038387028e-03	-3.12736338119457e-05	3.99123316907928e-01	6.69245851091804e-03	-3.25087695374204e-05
4.10880849631509e-01	6.55110214502130e-03	-3.38183183459240e-05	4.22485345731826e-01	6.40768390536128e-03	-3.52083589738594e-05
4.33942083866483e-01	6.26194965683768e-03	-3.66856263029902e-05	4.45256243698396e-01	6.11362644159996e-03	-3.82575425579290e-05
4.56432915746704e-01	5.96242030324445e-03	-3.99323549287178e-05	4.67477111324972e-01	5.80801371682327e-03	-4.17192239343667e-05
4.78393772632151e-01	5.65006270421020e-03	-4.36283464664289e-05	4.89187783067512e-01	5.48819357176100e-03	-4.56711123133502e-05
4.99863977848316e-01	5.32199914281617e-03	-4.78602589801813e-05	5.10427155018391e-01	5.15103445204135e-03	-5.02100595503041e-05
5.20882086946699e-01	4.97481191360816e-03	-5.27366185567590e-05	5.31233532428048e-01	4.79279547770783e-03	-5.54580439815489e-05
5.41486249515635e-01	4.60439416882608e-03	-5.83948474681684e-05	5.51645009233020e-01	4.40895442643940e-03	-6.15703183708405e-05
5.61714610338424e-01	4.20575115261301e-03	-6.50109559512391e-05	5.71699895343046e-01	3.99397730381379e-03	-6.87470344025165e-05
5.81605768020433e-01	3.77273162726066e-03	-7.28132639848944e-05	5.91437212687945e-01	3.54100418775349e-03	-7.72495948087037e-05
6.01199315595144e-01	3.29765923860448e-03	-8.21022186980880e-05	6.10897288820591e-01	3.04141469556241e-03	-8.74247212401258e-05
6.20536497162136e-01	2.77081753525299e-03	-9.32794917158919e-05	6.30122488609728e-01	2.48421471231297e-03	-9.97398284818818e-05
6.39661029119339e-01	2.17971670289607e-03	-1.06891749405147e-04	6.49158142578643e-01	1.85515474988374e-03	-1.14837376442134e-04
6.58620157060084e-01	1.50802660598637e-03	-1.23698006305295e-04	6.68053758741776e-01	1.13543154149043e-03	-1.33619370681126e-04
6.77466055223487e-01	7.33987001557912e-04	-1.44776743640884e-04	6.86864650446747e-01	2.99727267516925e-04	-1.57383696815394e-04
6.96257734033957e-01	-1.72028212797160e-04	-1.71701223221632e-04	7.05654188712289e-01	-6.86839866549938e-04	-1.88051863753591e-04
7.15063720598414e-01	-1.25136187355690e-03	-2.06837868458987e-04	7.24497018677161e-01	-1.87362245328226e-03	-2.28564779781726e-04
7.33965951959750e-01	-2.56338835333147e-03	-2.53877267872848e-04	7.43483815820742e-01	-3.33265901520019e-03	-2.83604117211844e-04
7.53065643394808e-01	-4.19632566975980e-03	-3.18828948038252e-04	7.62728604209009e-01	-5.17308784208814e-03	-3.60985546927095e-04
7.72492521715169e-01	-6.28672503739147e-03	-4.12005662228543e-04	7.82380555674730e-01	-7.56791387709665e-03	-4.74539192615309e-04
7.92420117715632e-01	-9.05687102262043e-03	-5.52297463838336e-04	8.02644124089125e-01	-1.08072893856956e-02	-6.50604392291587e-04
8.13092748575800e-01	-1.28923632454643e-02	-7.77309561589723e-04	8.23815939141617e-01	-1.54143043705900e-02	-9.44356908229027e-04
8.34877140929867e-01	-1.85198969165873e-02	-1.17061646713879e-03	8.46359001614527e-01	-2.24270316680754e-02	-1.48724551507229e-03
8.58372491917922e-01	-2.74721879385904e-02	-1.94852176246152e-03	8.71072255730878e-01	-3.42005303466070e-02	-2.65538476093430e-03
8.84684156389009e-01	-4.35493156795489e-02	-3.81135653090192e-03	8.99558941250789e-01	-5.72550579152150e-02	-5.86985221974490e-03
9.16288812529966e-01	-7.88659580570159e-02	-9.96139969728915e-03	9.36001781018958e-01	-1.16799228986386e-01	-1.89768440009677e-02
9.61284853255638e-01	-2.03095906029367e-01	-2.69107614555322e-02	1.00000000000000e+00	0.00000000000000e+00	0.00000000000000e+00
68	9.29509789880649e+03	4.95500000000000e-01
0.00000000000000e+00	1.21661408419551e-02	-1.91148926924622e-05	2.20257075018370e-02	1.19632867828641e-02	-1.96809128283348e-05
4.35306484855953e-02	1.17635162763359e-02	-2.02979321344277e-05	6.45355277551715e-02	1.15665619381324e-02	-2.09443721914671e-05
8.50600581875723e-02	1.13721948966530e-02	-2.16221312621112e-05	1.05123023775616e-01	1.11801888909571e-02	-2.23332624476047e-05
1.24742338479590e-01	1.09903193676213e-02	-2.30799899838541e-05	1.43935101017175e-01	1.08023625652005e-02	-2.38647269841241e-05
1.62717645945757e-01	1.06160945747684e-02	-2.46900929132821e-05	1.81105591359905e-01	1.04312903791546e-02	-2.55589383371113e-05
1.99113883498877e-01	1.02477228444942e-02	-2.64743666293921e-05	2.16756838534403e-01	1.00651616691594e-02	-2.74397628279299e-05
2.34048181787034e-01	9.88337227234370e-03	-2.84588260861529e-05	2.51001084600121e-01	9.70211460368731e-03	-2.95356025596938e-05
2.67628199083487e-01	9.52114186942432e-03	-3.06745255258534e-05	2.83941690924082e-01	9.34019916295159e-03	-3.18804658989702e-05
2.99953270447999e-01	9.15902195333040e-03	-3.31587763762187e-05	3.15674222107486e-01	8.97733444915594e-03	-3.45153544427657e-05
3.31115432557233e-01	8.79484779715800e-03	-3.59567149872397e-05	3.46287417476864e-01	8.61125805974527e-03	-3.74900566384451e-05
3.61200347290983e-01	8.42624400377900e-03	-3.91233643737277e-05	3.75864071933836e-01	8.23946458931668e-03	-4.08655043926398e-05
3.90288144803704e-01	8.05055616327666e-03	-4.27263452529303e-05	4.04481846051569e-01	7.85912929359833e-03	-4.47169009423209e-05
4.18454205350211e-01	7.66476516678205e-03	-4.68494905623285e-05	4.32214024293736e-01	7.46701149344964e-03	-4.91379312970164e-05
4.45769898583691e-01	7.26537780468939e-03	-5.15977525421540e-05	4.59130240167035e-01	7.05933008907911e-03	-5.42464742041560e-05
4.72303299503247e-01	6.84828454559860e-03	-5.71038970107463e-05	4.85297188154328e-01	6.63160041840993e-03	-6.01924934324760e-05
4.98119901911579e-01	6.40857160817521e-03	-6.35378395310582e-05	5.10779344699637e-01	6.17841686213372e-03	-6.71691271565411e-05
5.23283353531049e-01	5.94026833122996e-03	-7.11198260108237e-05	5.35639724825514e-01	5.69315799467573e-03	-7.54284301320851e-05
5.47856242460115e-01	5.43600166053193e-03	-8.01394200460326e-05	5.59940707980849e-01	5.16757980893501e-03	-8.53043695114852e-05
5.71900973487560e-01	4.88651478099400e-03	-9.09833835223139e-05	5.83744977805770e-01	4.59124324636040e-03	-9.72468256470460e-05
5.95480786688878e-01	4.27998290945331e-03	-1.04177492139756e-04	6.07116637958402e-01	3.95069206836562e-03	-1.11873409745167e-04
6.18660992700423e-01	3.60101963608317e-03	-1.20451107822328e-04	6.30122593910172e-01	3.22824422985635e-03	-1.30050303399853e-04
6.41510534326055e-01	2.82919738310983e-03	-1.40839232427803e-04	6.52834335664325e-01	2.40016855269154e-03	-1.53022397821889e-04
6.64104042071785e-01	1.93678382527018e-03	-1.66849912861311e-04	6.75330331443156e-01	1.43385200872759e-03	-1.82630431872610e-04
6.86524649354218e-01	8.85166306736629e-04	-2.00748453142108e-04	6.97699371885272e-01	2.83245799743925e-04	-2.21687636229539e-04
7.08868005721051e-01	-3.81004865743662e-04	-2.46063091203785e-04	7.20045436883115e-01	-1.11874950977886e-03	-2.74666551045133e-04
7.31248243701936e-01	-1.94383465988479e-03	-3.08530656731199e-04	7.42495095823043e-01	-2.87363298051690e-03	-3.49022437350133e-04
7.53807270221686e-01	-3.93022149379896e-03	-3.97981901508748e-04	7.65209329120504e-01	-5.14206066908829e-03	-4.57931139955958e-04
7.76730026325599e-01	-6.54643380856301e-03	-5.32401488661183e-04	7.88403542961068e-01	-8.19308215913839e-03	-6.26456749726279e-04
8.00271210287321e-01	-1.01497657256224e-02	-7.47562488356834e-04	8.12383973791826e-01	-1.25110443094422e-02	-9.07083581913826e-04
8.24806023781408e-01	-1.54126383614207e-02	-1.12299366755297e-03	8.37620335212887e-01	-1.90559407033170e-02	-1.42503544331607e-03
8.50937482598231e-01	-2.37519460738332e-02	-1.86523636098235e-03	8.64910402151543e-01	-3.00048434530782e-02	-2.54107670453907e-03
8.79760745286274e-01	-3.86829116367596e-02	-3.65191472856363e-03	8.95829958376591e-01	-5.14004115565982e-02	-5.65480079894254e-03
9.13689806810347e-01	-7.14719593500985e-02	-9.76864637700925e-03	9.34421684748246e-01	-1.06712179493162e-01	-1.98849220590398e-02
9.60509884025605e-01	-1.86086850808104e-01	-4.24907651501736e-02	1.00000000000000e+00	0.00000000000000e+00	0.00000000000000e+00
76	9.29509789880649e+03	5.66142857142857e-01
0.00000000000000e+00	1.08095158303876e-02	-1.49845006114369e-05	1.98689807187727e-02	1.06494861317419e-02	-1.53686596635616e-05
3.93192338208034e-02	1.04916510002828e-02	-1.57950466261880e-05	5.83655958577246e-02	1.03358276905097e-02	-1.62393999367794e-05
7.70222680387857e-02	1.01818733300705e-02	-1.67027425923560e-05	9.53028521942926e-02	1.00296466525691e-02	-1.71861703466281e-05
1.13220384707723e-01	9.87900755769755e-03	-1.76908602582682e-05	1.30787368341990e-01	9.72981666159933e-03	-1.82180760008865e-05
1.48015802123987e-01	9.58193484526615e-03	-1.87691770601184e-05	1.64917209438374e-01	9.43522278920494e-03	-1.93456264987457e-05
1.81502664469719e-01	9.28954049573560e-03	-1.99490005268199e-05	1.97782817121507e-01	9.14474679768595e-03	-2.05810015698749e-05
2.13767916530872e-01	9.00069883634513e-03	-2.12434666941874e-05	2.29467833289461e-01	8.85725152187344e-03	-2.19383827606556e-05
2.44892080473009e-01	8.71425696303008e-03	-2.26679031631871e-05	2.60049833575428e-01	8.57156385076374e-03	-2.34343600582498e-05
2.74949949437143e-01	8.42901681310759e-03	-2.42402871242220e-05	2.89600984251949e-01	8.28645570790765e-03	-2.50884361827630e-05
3.04011210732077e-01	8.14371487836296e-03	-2.59818085608376e-05	3.18188634506947e-01	8.00062231212495e-03	-2.69236695089603e-05
3.32141009827891e-01	7.85699876303392e-03	-2.79175896076289e-05	3.45875854647975e-01	7.71265675867583e-03	-2.89674720010957e-05
3.59400465144090e-01	7.56739951811536e-03	-3.00775895452077e-05	3.72721929746702e-01	7.42101977098719e-03	-3.12526361272436e-05
3.85847142741562e-01	7.27329842143298e-03	-3.24977678098914e-05	3.98782817507480e-01	7.12400307921168e-03	-3.38186612787172e-05
4.11535499454360e-01	6.97288641541105e-03	-3.52215780023979e-05	4.24111578726787e-01	6.81968434004809e-03	-3.67134504470901e-05
4.36517302740159e-01	6.66411388394317e-03	-3.83019367844462e-05	4.48758788619410e-01	6.50587092725607e-03	-3.99955596714907e-05
4.60842035613357e-01	6.34462750624976e-03	-4.18037874774235e-05	4.72772937563401e-01	6.18002883390600e-03	-4.37371794397290e-05
4.84557295510816e-01	6.01168987645084e-03	-4.58075354519139e-05	4.96200830534908e-01	5.83919147567524e-03	-4.80280936727695e-05
5.07709196923667e-01	5.66207580699385e-03	-5.04137009780248e-05	5.19087995790782e-01	5.47984131141988e-03	-5.29811167773175e-05
5.30342789266323e-01	5.29193663772265e-03	-5.57492391015657e-05	5.41479115407258e-01	5.09775384310163e-03	-5.87395183373474e-05
5.52502503993930e-01	4.89662029620863e-03	-6.19763294098519e-05	5.63418493406176e-01	4.68778930771596e-03	-6.54874767416214e-05
5.74232648804016e-01	4.47042913849072e-03	-6.93048013298281e-05	5.84950581877446e-01	4.24361002456020e-03	-7.34648986850939e-05
5.95577972478590e-01	4.00628871969921e-03	-7.80099261850076e-05	6.06120592509821e-01	3.75729051246143e-03	-8.29888512376975e-05
6.16584332514530e-01	3.49528697696955e-03	-8.84584884135453e-05	6.26975231514493e-01	3.21877025889949e-03	-9.44854552344943e-05
6.37299510749707e-01	2.92602083250837e-03	-1.01147831646831e-04	6.47563612132338e-01	2.61506941999134e-03	-1.08537978784629e-04
6.57774242409227e-01	2.28364969695494e-03	-1.16765623347836e-04	6.67938424276692e-01	1.92914020901580e-03	-1.25961893684190e-04
6.78063556004824e-01	1.54849240143240e-03	-1.36284554325128e-04	6.88157481541423e-01	1.13814065322160e-03	-1.47924787902376e-04
6.98228573610448e-01	6.93888827349110e-04	-1.61116033553954e-04	7.08285833045762e-01	2.10765984058003e-04	-1.76145670202077e-04
7.18339008578887e-01	-3.17158867044309e-04	-1.93370662054493e-04	7.28398742633297e-01	-8.97017131509026e-04	-2.13238751475497e-04
7.38476750520908e-01	-1.53745606553446e-03	-2.36317563216293e-04	7.48586043019587e-01	-2.24905787670571e-03	-2.63335181533542e-04
7.58741205987211e-01	-3.04490411190805e-03	-2.95237694261985e-04	7.68958755991029e-01	-3.94134709658323e-03	-3.33272309550603e-04
7.79257598784206e-01	-4.95908318237237e-03	-3.79109011362511e-04	7.89659629294832e-01	-6.12466939118250e-03	-4.35025550040713e-04
8.00190530017563e-01	-7.47271691742146e-03	-5.04191689943756e-04	8.10880853563567e-01	-9.04913412799979e-03	-5.91121302654152e-04
8.21767522129134e-01	-1.09160479331614e-02	-7.02415538871959e-04	8.32895955840785e-01	-1.31594969319416e-02	-8.48032560296419e-04
8.44323180583279e-01	-1.59018911703258e-02	-1.04354572959808e-03	8.56122519799747e-01	-1.93229898889723e-02	-1.31439466331251e-03
8.68390964542895e-01	-2.36969794696754e-02	-1.70436352927417e-03	8.81261322922980e-01	-2.94617459487356e-02	-2.29387213571153e-03
8.94923484317329e-01	-3.73575331622205e-02	-3.24324560695355e-03	9.09664592698428e-01	-4.87287259750281e-02	-4.90800155684701e-03
9.25953019661174e-01	-6.62532331031250e-02	-8.19590630144318e-03	9.44640350862130e-01	-9.59712487696843e-02	-1.58791030380514e-02
9.67559884444860e-01	-1.57107480785620e-01	-3.47661806394255e-02	1.00000000000000e+00	0.00000000000000e+00	0.00000000000000e+00
77	9.29509789880649e+03	6.36785714285714e-01
0.00000000000000e+00	1.06082439456170e-02	-1.43238417447122e-05	1.97693498803152e-02	1.04544081992017e-02	-1.46832815934861e-05
3.91296245878096e-02	1.03026516473177e-02	-1.50830902669874e-05	5.80950448613014e-02	1.01528031709777e-02	-1.54994360603844e-05
7.66792334026282e-02	1.00047305722391e-02	-1.59332426981074e-05	9.48952480917344e-02	9.85830314031322e-03	-1.63855001136248e-05
1.12755613374610e-01	9.71339125418735e-03	-1.68572683039159e-05	1.30272349736698e-01	9.56986598758824e-03	-1.73496852522437e-05
1.47457001408216e-01	9.42759870354770e-03	-1.78639725127994e-05	1.64320662436372e-01	9.28646064383409e-03	-1.84014437512037e-05
1.80874001248968e-01	9.14632250453074e-03	-1.89635126577326e-05	1.97127283824564e-01	9.00705399658319e-03	-1.95517016552404e-05
2.13090395575873e-01	8.86852339104927e-03	-2.01676535165340e-05	2.28772862045482e-01	8.73059703772561e-03	-2.08131412342549e-05
2.44183868506165e-01	8.59313886334689e-03	-2.14900828232611e-05	2.59332278551925e-01	8.45600983130335e-03	-2.22005526664404e-05
2.74226651760524e-01	8.31906737555776e-03	-2.29468008192679e-05	2.88875260503352e-01	8.18216478388822e-03	-2.37312683006863e-05
3.03286105974326e-01	8.04515053669386e-03	-2.45566065877334e-05	3.17466933505816e-01	7.90786759577711e-03	-2.54257025649185e-05
3.31425247236384e-01	7.77015262329872e-03	-2.63417018178114e-05	3.45168324192579e-01	7.63183513506482e-03	-2.73080391250957e-05
3.58703227844845e-01	7.49273655805194e-03	-2.83284641788839e-05	3.72036821196059e-01	7.35266922279876e-03	-2.94070900515031e-05
3.85175779459954e-01	7.21143520491885e-03	-3.05484194138561e-05	3.98126602386427e-01	7.06882508832463e-03	-3.17574054156111e-05
4.10895626290350e-01	6.92461655207688e-03	-3.30394974601411e-05	4.23489035841457e-01	6.77857279877014e-03	-3.44006979366984e-05
4.35912875673983e-01	6.63044083580533e-03	-3.58476541371111e-05	4.48173061876538e-01	6.47994945467034e-03	-3.73877068082784e-05
4.60275393426038e-01	6.32680704832134e-03	-3.90290081468958e-05	4.72225563632503e-01	6.17069908701784e-03	-4.07806223943208e-05
4.84029171666873e-01	6.01128526924311e-03	-4.26526525367787e-05	4.95691734249703e-01	5.84819624599375e-03	-4.46563672196199e-05
5.07218697586256e-01	5.68102997502629e-03	-4.68044108012933e-05	5.18615449642132e-01	5.50934739021747e-03	-4.91109506162157e-05
5.29887332865626e-01	5.33266760152284e-03	-5.15919671899567e-05	5.41039657475478e-01	5.15046216850190e-03	-5.42654749633442e-05
5.52077715450447e-01	4.96214862149102e-03	-5.71518843319740e-05	5.63006795376185e-01	4.76708286034744e-03	-6.02743871112033e-05
5.73832198330136e-01	4.56455026534974e-03	-6.36594061915741e-05	5.84559255015053e-01	4.35375530611348e-03	-6.73371529753553e-05
5.95193344388343e-01	4.13380940183750e-03	-7.13423583744710e-05	6.05739914079387e-01	3.90371629657471e-03	-7.57149807568691e-05
6.16204502944084e-01	3.66235507116275e-03	-8.05013213662775e-05	6.26592766172997e-01	3.40845946175716e-03	-8.57551266255641e-05
6.36910503458492e-01	3.14059352858265e-03	-9.15392684615046e-05	6.47163690831953e-01	2.85712165808349e-03	-9.79274083963144e-05
6.57358516922847e-01	2.55617277394582e-03	-1.05006490173754e-04	6.67501424562023e-01	2.23559633214254e-03	-1.12879681344991e-04
6.77599158877826e-01	1.89290819737287e-03	-1.21670093901960e-04	6.87658823321778e-01	1.52522371785491e-03	-1.31525608265903e-04
6.97687945436679e-01	1.12917421826153e-03	-1.42625098954685e-04	7.07694554675452e-01	7.00801962015385e-04	-1.55186556391795e-04
7.17687275237060e-01	2.35426877273737e-04	-1.69477800596729e-04	7.27675437769710e-01	-2.72524151799791e-04	-1.85830775585760e-04
7.37669214992924e-01	-8.29738194801033e-04	-2.04660858985850e-04	7.47679787943905e-01	-1.44430535029283e-03	-2.26493299807951e-04
7.57719551862196e-01	-2.12610164045568e-03	-2.51999954015369e-04	7.67802373998390e-01	-2.88730294566353e-03	-2.82051173494891e-04
7.77943920347235e-01	-3.74308493417974e-03	-3.17790453644662e-04	7.88162075224779e-01	-4.71259241080435e-03	-3.60743574560063e-04
7.98477487974814e-01	-5.82030507855280e-03	-4.12982476198032e-04	8.08914296964851e-01	-7.09799901404762e-03	-4.77378651432714e-04
8.19501105971526e-01	-8.58763884215352e-03	-5.57998496918621e-04	8.30272328418830e-01	-1.03457284311125e-02	-6.60757388965649e-04
8.41270082232904e-01	-1.24500818009302e-02	-7.94518205358807e-04	8.52546934916207e-01	-1.50106905305983e-02	-9.73039924187624e-04
8.64170009753534e-01	-1.81878741234753e-02	-1.21860323088741e-03	8.76227366625814e-01	-2.22240328519339e-02	-1.56917101199539e-03
8.88838385590707e-01	-2.75022922301367e-02	-2.09364760109665e-03	9.02171656251986e-01	-3.46622883981283e-02	-2.92750672226538e-03
9.16478116089538e-01	-4.48480806535182e-02	-4.36646816586062e-03	9.32158582470328e-01	-6.02950380939242e-02	-7.15435488036564e-03
9.49920761531058e-01	-8.59033715709544e-02	-1.35710666586648e-02	9.71222930478197e-01	-1.36001695039116e-01	-3.08248620847813e-02
1.00000000000000e+00	0.00000000000000e+00	0.00000000000000e+00
74	9.29509789880649e+03	7.07428571428571e-01
0.00000000000000e+00	1.09818494660630e-02	-1.52190711855127e-05	2.07316574008106e-02	1.08174330808641e-02	-1.56192844511516e-05
4.10195902850680e-02	1.06553137216510e-02	-1.60603652330504e-05	6.08797349645346e-02	1.04953037116835e-02	-1.65203867215080e-05
8.03273353238759e-02	1.03372520073124e-02	-1.70004485142705e-05	9.93769825881659e-02	1.01810092889048e-02	-1.75017312646908e-05
1.18042652771912e-01	1.00264274774271e-02	-1.80255042072641e-05	1.36337741771998e-01	9.87335924387156e-03	-1.85731316799664e-05
1.54275098290677e-01	9.72165751668586e-03	-1.91460843155244e-05	1.71867054759599e-01	9.57117497139226e-03	-1.97459473119110e-05
1.89125456422358e-01	9.42176350709967e-03	-2.03744314923870e-05	2.06061688720782e-01	9.27327370429487e-03	-2.10333864376633e-05
2.22686703119287e-01	9.12555425350581e-03	-2.17248122165170e-05	2.39011041491834e-01	8.97845136249575e-03	-2.24508779789190e-05
2.55044859187224e-01	8.83180811593753e-03	-2.32139346947324e-05	2.70797946880764e-01	8.68546380446356e-03	-2.40165369351786e-05
2.86279751313352e-01	8.53925320040028e-03	-2.48614640039335e-05	3.01499395013005e-01	8.39300577564339e-03	-2.57517428408072e-05
3.16465695088605e-01	8.24654485794873e-03	-2.66906763175534e-05	3.31187181181022e-01	8.09968671102945e-03	-2.76818744500140e-05
3.45672112653048e-01	7.95223951927948e-03	-2.87292842100495e-05	3.59928495096440e-01	7.80400229516132e-03	-2.98372381846157e-05
3.73964096231891e-01	7.65476364101003e-03	-3.10104891723118e-05	3.87786461276220e-01	7.50430040381844e-03	-3.22542670274650e-05
4.01402927849934e-01	7.35237616551165e-03	-3.35743350463602e-05	4.14820640498213e-01	7.19873956757211e-03	-3.49770612380063e-05
4.28046564898917e-01	7.04312241218985e-03	-3.64694865824244e-05	4.41087501832857e-01	6.88523754942882e-03	-3.80594183531091e-05
4.53950100993851e-01	6.72477648949643e-03	-3.97555357267709e-05	4.66640874719786e-01	6.56140667122007e-03	-4.15674946008249e-05
4.79166211730822e-01	6.39476842490372e-03	-4.35060924419695e-05	4.91532390966812e-01	6.22447139644500e-03	-4.55833879429157e-05
5.03745595624619e-01	6.05009060001493e-03	-4.78129344987366e-05	5.15811927505063e-01	5.87116174834690e-03	-5.02099656263244e-05
5.27737421792526e-01	5.68717595674917e-03	-5.27916694921249e-05	5.39528062404663e-01	5.49757358527136e-03	-5.55774931738640e-05
5.51189798068698e-01	5.30173712932291e-03	-5.85895307720907e-05	5.62728559303312e-01	5.09898281430488e-03	-6.18529105926857e-05
5.74150276513759e-01	4.88855095339691e-03	-6.53963877865760e-05	5.85460899441113e-01	4.66959436544112e-03	-6.92528972838780e-05
5.96666418250474e-01	4.44116498241742e-03	-7.34604096097602e-05	6.07772886593506e-01	4.20219769353758e-03	-7.80627976710857e-05
6.18786447047601e-01	3.95149124317640e-03	-8.31110040744321e-05	6.29713359413652e-01	3.68768529823194e-03	-8.86644532116510e-05
6.40560032456804e-01	3.40923280451233e-03	-9.47927969674467e-05	6.51333059802842e-01	3.11436651581376e-03	-1.01578117831957e-04
6.62039260865812e-01	2.80105818460230e-03	-1.09117706950324e-04	6.72685727891195e-01	2.46696817768433e-03	-1.17527397949235e-04
6.83279880469104e-01	2.10938387629289e-03	-1.26946284735974e-04	6.93829529218705e-01	1.72514221865527e-03	-1.37542318044970e-04
7.04342950808694e-01	1.31053265899062e-03	-1.49519742416615e-04	7.14828977084740e-01	8.61174855250280e-04	-1.63129276391061e-04
7.25297101888600e-01	3.71861086534642e-04	-1.78680846847579e-04	7.35757610264359e-01	-1.63645777756516e-04	-1.96561736228729e-04
7.46221736255202e-01	-7.52877293383136e-04	-2.17260525079421e-04	7.56701857611059e-01	-1.40500899179941e-03	-2.41400696716187e-04
7.67211738699898e-01	-2.13132811640782e-03	-2.69788101432633e-04	7.77766837189298e-01	-2.94586973707911e-03	-3.03478401335155e-04
7.88384696311991e-01	-3.86629391468396e-03	-3.43876078443772e-04	7.99085453830669e-01	-4.91511671506428e-03	-3.92882972815034e-04
8.09892512995129e-01	-6.12147675070585e-03	-4.53123512438980e-04	8.20833442946513e-01	-7.52371847123301e-03	-5.28301922714691e-04
8.31941211576490e-01	-9.17327344092311e-03	-6.23781195130624e-04	8.43255912841339e-01	-1.11406601924807e-02	-7.47557216832950e-04
8.54827251931916e-01	-1.35250603929127e-02	-9.11975559740430e-04	8.66718233506650e-01	-1.64702195118666e-02	-1.13689831968466e-03
8.79010840851816e-01	-2.01920385519397e-02	-1.45592993554233e-03	8.91815178542944e-01	-2.50291372825610e-02	-1.92956072667405e-03
9.05285021607748e-01	-3.15416871823022e-02	-2.67563760897849e-03	9.19646165730636e-01	-4.07206457428976e-02	-3.94890759335809e-03
9.35253059486834e-01	-5.44761175332896e-02	-6.38493853239996e-03	9.52717095418693e-01	-7.69156574077258e-02	-1.19406579329757e-02
9.73256697485735e-01	-1.19528017907556e-01	-2.74795767132947e-02	1.00000000000000e+00	0.00000000000000e+00	0.00000000000000e+00
68	9.29509789880649e+03	7.78071428571429e-01
0.00000000000000e+00	1.18964804883563e-02	-1.76879533035912e-05	2.27314794811269e-02	1.17042106907046e-02	-1.82016832164233e-05
4.49370096483697e-02	1.15148358638839e-02	-1.87604150068132e-05	6.66369782448188e-02	1.13281158154481e-02	-1.93452742820455e-05
8.78508176642888e-02	1.11438441520786e-02	-1.99579161643815e-05	1.08597064217488e-01	1.09618168920069e-02	-2.06001278275636e-05
1.28893413538886e-01	1.07818316898884e-02	-2.12738437097570e-05	1.48756772249290e-01	1.06036870452342e-02	-2.19811578152651e-05
1.68203306192834e-01	1.04271815010444e-02	-2.27243419734791e-05	1.87248485539381e-01	1.02521128133755e-02	-2.35058626578688e-05
2.05907127018731e-01	1.00782770935803e-02	-2.43284027361401e-05	2.24193433531062e-01	9.90546790581970e-03	-2.51948828542403e-05
2.42121031358612e-01	9.73347532107227e-03	-2.61084895063490e-05	2.59703005186288e-01	9.56208490373833e-03	-2.70727017017691e-05
2.76951931123741e-01	9.39107663689143e-03	-2.80913278400963e-05	2.93879907907996e-01	9.22022375028519e-03	-2.91685390247931e-05
3.10498586454193e-01	9.04929145892686e-03	-3.03089138073975e-05	3.26819197911892e-01	8.87803558696998e-03	-3.15174898484205e-05
3.42852580375938e-01	8.70620104213948e-03	-3.27998139058039e-05	3.58609204393996e-01	8.53352014421760e-03	-3.41620076416138e-05
3.74099197407188e-01	8.35971077552577e-03	-3.56108467629568e-05	3.89332367256234e-01	8.18447428688951e-03	-3.71538324435150e-05
4.04318224883061e-01	8.00749319509242e-03	-3.87993020791733e-05	4.19066006356482e-01	7.82842855905663e-03	-4.05565369339111e-05
4.33584694351437e-01	7.64691700664333e-03	-4.24358830557470e-05	4.47883039213623e-01	7.46256741451745e-03	-4.44489274897819e-05
4.61969579745371e-01	7.27495704128134e-03	-4.66086516563990e-05	4.75852663855857e-01	7.08362717101885e-03	-4.89296563366270e-05
4.89540469227272e-01	6.88807806347325e-03	-5.14283988697350e-05	5.03041024161216e-01	6.68776318323538e-03	-5.41235099089654e-05
5.16362228784927e-01	6.48208239466985e-03	-5.70360935543412e-05	5.29511876817693e-01	6.27037421188170e-03	-6.01901941545968e-05
5.42497678121841e-01	6.05190659388111e-03	-6.36132595299710e-05	5.55327282295446e-01	5.82586621895076e-03	-6.73367503607469e-05
5.68008303602396e-01	5.59134583846577e-03	-7.13968784176178e-05	5.80548347584833e-01	5.34732917734360e-03	-7.58354301049202e-05
5.92955039764820e-01	5.09267324237994e-03	-8.07009618877252e-05	6.05236056917367e-01	4.82608670974516e-03	-8.60499880281917e-05
6.17399161496405e-01	4.54610434431757e-03	-9.19487365877991e-05	6.29452239914339e-01	4.25105576388485e-03	-9.84751645733972e-05
6.41403345533638e-01	3.93902746175678e-03	-1.05721538759651e-04	6.53260747426614e-01	3.60781626941509e-03	-1.13797723021225e-04
6.65032986215873e-01	3.25487189422269e-03	-1.22835375190311e-04	6.76728938640877e-01	2.87722527639311e-03	-1.32993248439961e-04
6.88357892932977e-01	2.47139910681882e-03	-1.44464322207494e-04	6.99929637656578e-01	2.03329444385725e-03	-1.57485032140858e-04
7.11454567447639e-01	1.55804550950767e-03	-1.72347229740355e-04	7.22943810125220e-01	1.03983390733031e-03	-1.89415229412182e-04
7.34409381073021e-01	4.71644188156928e-04	-2.09147521593067e-04	7.45864372781410e-01	-1.55055730087228e-04	-2.32128703327339e-04
7.57323190211893e-01	-8.50744640096823e-04	-2.59112276242757e-04	7.68801846653540e-01	-1.62842792124041e-03	-2.91083900455735e-04
7.80318340527952e-01	-2.50443877677420e-03	-3.29351670889544e-04	7.91893142238492e-01	-3.49955789361678e-03	-3.75682606766459e-04
8.03549833220520e-01	-4.64061664972670e-03	-4.32508505050277e-04	8.15315959703613e-01	-5.96283347624804e-03	-5.03252153774669e-04
8.27224196158007e-01	-7.51331557634516e-03	-5.92852287038648e-04	8.39313966975616e-01	-9.35644815929959e-03	-7.08646541183189e-04
8.51633766386951e-01	-1.15824664132077e-02	-8.61917556249647e-04	8.64244579455750e-01	-1.43216166094452e-02	-1.07073767286936e-03
8.77225111272616e-01	-1.77686150264165e-02	-1.36552600039441e-03	8.90680133841296e-01	-2.22271926798593e-02	-1.80073171061634e-03
9.04754539239777e-01	-2.81965946784237e-02	-2.48176704570180e-03	9.19658651096267e-01	-3.65532689799897e-02	-3.63498980606325e-03
9.35718025301769e-01	-4.89708662585686e-02	-5.82185377028543e-03	9.53484092295429e-01	-6.90030342467053e-02	-1.07712258821067e-02
9.74028372420148e-01	-1.06365813089616e-01	-2.47732850382965e-02	1.00000000000000e+00	0.00000000000000e+00	0.00000000000000e+00
61	9.29509789880649e+03	8.48714285714286e-01
0.00000000000000e+00	1.32066425721882e-02	-2.15645103627260e-05	2.55242930955206e-02	1.29706799109635e-02	-2.22718702143077e-05
5.03949340020914e-02	1.27386390356934e-02	-2.30342050353549e-05	7.46399134992114e-02	1.25101778413403e-02	-2.38363857509860e-05
9.82857754316289e-02	1.22849859450604e-02	-2.46812392943330e-05	1.21357715850953e-01	1.20627566589764e-02	-2.55718476200872e-05
1.43879674870518e-01	1.18431855410002e-02	-2.65115765556434e-05	1.65874421711692e-01	1.16259689178464e-02	-2.75041067645532e-05
1.87363633580311e-01	1.14108023685244e-02	-2.85534702351153e-05	2.08367968951467e-01	1.11973791491364e-02	-2.96640918264757e-05
2.28907135787706e-01	1.09853885383966e-02	-3.08408356581857e-05	2.48999955169114e-01	1.07745140838558e-02	-3.20890579539324e-05
2.68664420772939e-01	1.05644317262918e-02	-3.34146680458502e-05	2.87917754604860e-01	1.03548077794524e-02	-3.48242012282451e-05
3.06776459353247e-01	1.01452967179445e-02	-3.63248945818295e-05	3.25256367711506e-01	9.93553876561748e-03	-3.79247848005804e-05
3.43372688991243e-01	9.72515721561740e-03	-3.96328126879286e-05	3.61140053330805e-01	9.51375545904209e-03	-4.14589524366793e-05
3.78572553789112e-01	9.30091363639796e-03	-4.34143503957873e-05	3.95683786604033e-01	9.08618489073421e-03	-4.55115056705591e-05
4.12486889887338e-01	8.86909108369704e-03	-4.77644599850002e-05	4.28994581025453e-01	8.64911794758694e-03	-5.01890453501463e-05
4.45219193056059e-01	8.42570948021448e-03	-5.28031470747869e-05	4.61172710296668e-01	8.19826154157344e-03	-5.56270521931967e-05
4.76866803511739e-01	7.96611438710726e-03	-5.86838331961825e-05	4.92312864922203e-01	7.72854399600553e-03	-6.19998214281825e-05
5.07522043384801e-01	7.48475193432840e-03	-6.56051829170945e-05	5.22505280100816e-01	7.23385341281646e-03	-6.95346015691101e-05
5.37273345256269e-01	6.97486318525375e-03	-7.38281200938218e-05	5.51836876050279e-01	6.70667877983577e-03	-7.85321621208368e-05
5.66206416638873e-01	6.42806046419908e-03	-8.37007916967281e-05	5.80392460611643e-01	6.13760717066292e-03	-8.93972748419181e-05
5.94405496734026e-01	5.83372740249000e-03	-9.56960340503521e-05	6.08256058835836e-01	5.51460380879498e-03	-1.02685082807419e-04
6.21954780917124e-01	5.17814984074239e-03	-1.10469132096114e-04	6.35512458788276e-01	4.82195617333203e-03	-1.19173473920098e-04
6.48940119882242e-01	4.44322447819423e-03	-1.28949205528306e-04	6.62249103294961e-01	4.03868389064987e-03	-1.39979634106835e-04
6.75451152669688e-01	3.60448610049047e-03	-1.52489091866048e-04	6.88558525278879e-01	3.13607121669168e-03	-1.66754383750245e-04
7.01584121663744e-01	2.62799512048684e-03	-1.83120223024691e-04	7.14541641560320e-01	2.07370477513003e-03	-2.02020272040970e-04
7.27445773738017e-01	1.46524226283073e-03	-2.24006179607716e-04	7.40312430040879e-01	7.92849931829043e-04	-2.49788313721799e-04
7.53159037722225e-01	4.44361092271084e-05	-2.80293891083527e-04	7.66004909680263e-01	-7.95159238214493e-04	-3.16751526915793e-04
7.78871720366122e-01	-1.74519135440954e-03	-3.60816912453155e-04	7.91784127477608e-01	-2.83047436098638e-03	-4.14764297904657e-04
8.04770598661932e-01	-4.08351365881054e-03	-4.81786004607132e-04	8.17864532852634e-01	-5.54768925589022e-03	-5.66476013603934e-04
8.31105815729843e-01	-7.28214299552643e-03	-6.75638984363403e-04	8.44543033505469e-01	-9.36952718139461e-03	-8.19701307721576e-04
8.58236719111179e-01	-1.19287538000550e-02	-1.01529967805480e-03	8.72264282944097e-01	-1.51369262337173e-02	-1.29031144690606e-03
8.86727826449343e-01	-1.92690795133615e-02	-1.69438166625802e-03	9.01767185443003e-01	-2.47749129556269e-02	-2.32305082700246e-03
9.17583181616860e-01	-3.24388624927198e-02	-3.38006687418480e-03	9.34482786705810e-01	-4.37470619955593e-02	-5.36684040764124e-03
9.52977811865431e-01	-6.18226314891058e-02	-9.81518445667517e-03	9.74041457704087e-01	-9.50935642434170e-02	-2.22784405612428e-02
1.00000000000000e+00	0.00000000000000e+00	0.00000000000000e+00
54	9.29509789880649e+03	9.19357142857143e-01
0.00000000000000e+00	1.48619276812312e-02	-2.69837465614042e-05	2.90342563539783e-02	1.45645472937770e-02	-2.79928214970138e-05
5.72349189991447e-02	1.42726992463977e-02	-2.90766591719560e-05	8.46419180678207e-02	1.39858600567848e-02	-3.02247662018473e-05
1.11292879072309e-01	1.37035377914634e-02	-3.14423299658806e-05	1.37223299330464e-01	1.34252463619253e-02	-3.27350722084674e-05
1.62466709763354e-01	1.31505025921481e-02	-3.41093161317918e-05	1.87054823399697e-01	1.28788232151256e-02	-3.55720651914471e-05
2.11017671978474e-01	1.26097217487573e-02	-3.71310910407541e-05	2.34383731896343e-01	1.23427052121885e-02	-3.87950378122337e-05
2.57180040621360e-01	1.20772706281291e-02	-4.05735438961941e-05	2.79432304586668e-01	1.18129012426809e-02	-4.24773787348620e-05
3.01164999485602e-01	1.15490624146128e-02	-4.45186109205853e-05	3.22401463810977e-01	1.12851970672088e-02	-4.67107951322987e-05
3.43163986415708e-01	1.10207206425883e-02	-4.90692041987817e-05	3.63473888817625e-01	1.07550154092011e-02	-5.16110893742372e-05
3.83351602928682e-01	1.04874240329109e-02	-5.43560041657010e-05	4.02816744856445e-01	1.02172422121607e-02	-5.73261779011069e-05
4.21888185404831e-01	9.94371020971596e-03	-6.05469693197858e-05	4.40584117891070e-01	9.66600302749088e-03	-6.40474074447006e-05
4.58922123898151e-01	9.38321896161631e-03	-6.78608601518693e-05	4.76919237597419e-01	9.09436611134229e-03	-7.20258187028033e-05
4.94592009307284e-01	8.79834646323263e-03	-7.65868808711989e-05	5.11956569002423e-01	8.49393695887746e-03	-8.15959652156195e-05
5.29028690558582e-01	8.17976675443721e-03	-8.71137731077720e-05	5.45823857615879e-01	7.85428988003267e-03	-9.32116590772747e-05
5.62357332073934e-01	7.51575200586396e-03	-9.99739460521010e-05	5.78644226407042e-01	7.16214984759311e-03	-1.07500869155119e-04
5.94699581217583e-01	6.79118116295774e-03	-1.15912312836253e-04	6.10538449750361e-01	6.40018271408516e-03	-1.25352616517693e-04
6.26175991493300e-01	5.98605274224528e-03	-1.35996857951293e-04	6.41627577525661e-01	5.54515297733094e-03	-1.48058975296683e-04
6.56908910995030e-01	5.07318415331759e-03	-1.61802729035765e-04	6.72036167074403e-01	4.56502553787130e-03	-1.77556170833260e-04
6.87026158082987e-01	4.01452662140911e-03	-1.95731520759468e-04	7.01896531290876e-01	3.41423292005216e-03	-2.16852452457506e-04
7.16666009509883e-01	2.75502064542832e-03	-2.41592302725913e-04	7.31354688246619e-01	2.02560323162482e-03	-2.70828609550744e-04
7.45984408515266e-01	1.21185410353619e-03	-3.05722257713859e-04	7.60579232263198e-01	2.95860763757427e-04	-3.47834532740565e-04
7.75166059204518e-01	-7.45419695575067e-04	-3.99305928712623e-04	7.89775442118444e-01	-1.94211718203663e-03	-4.63133853195963e-04
8.04442686637190e-01	-3.33436119846708e-03	-5.43620793984401e-04	8.19209368822093e-01	-4.97674090446598e-03	-6.47121593997158e-04
8.34125483778117e-01	-6.94535598115553e-03	-7.83341816895211e-04	8.49252579227094e-01	-9.34938015190567e-03	-9.67708631635977e-04
8.64668487321479e-01	-1.23508689560464e-02	-1.22596058876057e-03	8.80474773596970e-01	-1.62004925018998e-02	-1.60369430735807e-03
8.96809076379548e-01	-2.13061437374462e-02	-2.18810582668572e-03	9.13866900640631e-01	-2.83751119958973e-02	-3.16368396877542e-03
9.31943463135680e-01	-3.87373467647167e-02	-4.97981163875849e-03	9.51523750324495e-01	-5.51612157708941e-02	-8.99012033592417e-03
9.73511683427666e-01	-8.50425655668906e-02	-1.99815402173049e-02	1.00000000000000e+00	0.00000000000000e+00	0.00000000000000e+00
47	9.29509789880649e+03	9.90000000000000e-01
0.00000000000000e+00	1.70199801291673e-02	-3.49305171847281e-05	3.35833410019867e-02	1.66321381007721e-02	-3.64418140090805e-05
6.60678445381179e-02	1.62525090005166e-02	-3.80681541676253e-05	9.75133392099432e-02	1.58802232692024e-02	-3.98060648103549e-05
1.27975738983470e-01	1.55144465031929e-02	-4.16660020552406e-05	1.57507383068337e-01	1.51543537351195e-02	-4.36596761230756e-05
1.86157343785625e-01	1.47991228422664e-02	-4.58002387009326e-05	2.13971706035560e-01	1.44479277064316e-02	-4.81024992891044e-05
2.40993821736170e-01	1.40999310038910e-02	-5.05831837991355e-05	2.67264542214703e-01	1.37542764700560e-02	-5.32612394770204e-05
2.92822431205177e-01	1.34100804736716e-02	-5.61582001552541e-05	3.17703960829797e-01	1.30664226916357e-02	-5.92986196845668e-05
3.41943692713284e-01	1.27223356598667e-02	-6.27105986761300e-05	3.65574446192594e-01	1.23767928911198e-02	-6.64264126037928e-05
3.88627455437241e-01	1.20286952370350e-02	-7.04832859830251e-05	4.11132517185004e-01	1.16768550287429e-02	-7.49243278947986e-05
4.33118130724523e-01	1.13199774731652e-02	-7.97996853372229e-05	4.54611631720411e-01	1.09566386186712e-02	-8.51679700284436e-05
4.75639321481355e-01	1.05852590278330e-02	-9.10980377923920e-05	4.96226593322033e-01	1.02040720298691e-02	-9.76712115627887e-05
5.16398057773428e-01	9.81108512722750e-03	-1.04984090214089e-04	5.36177668564553e-01	9.40403271127943e-03	-1.13152144615380e-04
5.55588851548042e-01	8.98031753194806e-03	-1.22314297643422e-04	5.74654639097135e-01	8.53693776900033e-03	-1.32638917848427e-04
5.93397812993477e-01	8.07039513348329e-03	-1.44331615568927e-04	6.11841059505224e-01	7.57657813336277e-03	-1.57645620040503e-04
6.30007141288822e-01	7.05061208692492e-03	-1.72895638344439e-04	6.47919092040610e-01	6.48666444971169e-03	-1.90476713279430e-04
6.65600441622853e-01	5.87768898070995e-03	-2.10890144884068e-04	6.83075481922031e-01	5.21508545737848e-03	-2.34779856513878e-04
7.00369587307822e-01	4.48824003936510e-03	-2.62983875346512e-04	7.17509608796112e-01	3.68389583626483e-03	-2.96609327001596e-04
7.34524368729756e-01	2.78527489527880e-03	-3.37143171924126e-04	7.51445294404522e-01	1.77083084980034e-03	-3.86620285820038e-04
7.68307246939494e-01	6.12438313507324e-04	-4.47885233877399e-04	7.85149629940619e-01	-7.27299318877050e-04	-5.25012654739809e-04
8.02017908492491e-01	-2.29916417728415e-03	-6.24006551816825e-04	8.18965746467059e-01	-4.17381261777205e-03	-7.54012357616629e-04
8.36058105830223e-01	-6.45238993770103e-03	-9.29521976068104e-04	8.53375900574942e-01	-9.28465833500469e-03	-1.17462453628869e-03
8.71023280385645e-01	-1.29015759742414e-02	-1.53180810809261e-03	8.89139618314200e-01	-1.76775815415814e-02	-2.08188027274847e-03
9.07920523350650e-01	-2.42589502271675e-02	-2.99462393306782e-03	9.27657808852949e-01	-3.38536864255893e-02	-4.67970356978142e-03
9.48824461268076e-01	-4.89572268773165e-02	-8.35402508612648e-03	9.72287122875921e-01	-7.61590233262057e-02	-1.82327194311174e-02
1.00000000000000e+00	0.00000000000000e+00	0.00000000000000e+00
