116	4.15956216307185e+02	1.00000000000000e-03
0.00000000000000e+00	6.77662968218296e-03	-7.07384582621096e-06	1.18228074227271e-02	6.71000701854219e-03	-7.15529749517607e-06
2.34880107917037e-02	6.64396044120652e-03	-7.28646136027855e-06	3.49992313338893e-02	6.57839482385669e-03	-7.42124955843693e-06
4.63599914011864e-02	6.51328450606181e-03	-7.55979421129815e-06	5.75737178866269e-02	6.44860394547808e-03	-7.70223707657891e-06
6.86437457656930e-02	6.38432767617769e-03	-7.84872532322289e-06	7.95733214954934e-02	6.32043027404983e-03	-7.99941246221181e-06
9.03656062790969e-02	6.25688632490151e-03	-8.15446041602108e-06	1.01023679201948e-01	6.19367038694252e-03	-8.31403927903374e-06
1.11550540246956e-01	6.13075694946286e-03	-8.47832448491737e-06	1.21949113194526e-01	6.06812040815563e-03	-8.64750547080462e-06
1.32222248413400e-01	6.00573501056600e-03	-8.82177555938668e-06	1.42372725548059e-01	5.94357482885233e-03	-9.00134066794678e-06
1.52403256107968e-01	5.88161371633333e-03	-9.18641728353542e-06	1.62316485963844e-01	5.81982526328684e-03	-9.37723244431865e-06
1.72114997755832e-01	5.75818275801288e-03	-9.57402586321265e-06	1.81801313218254e-01	5.69665913390804e-03	-9.77704723781336e-06
1.91377895425436e-01	5.63522693199392e-03	-9.98656132167319e-06	2.00847150962864e-01	5.57385825104628e-03	-1.02028493216277e-05
2.10211432027816e-01	5.51252468858432e-03	-1.04262035762748e-05	2.19473038463446e-01	5.45119729324761e-03	-1.06569331588258e-05
2.28634219730113e-01	5.38984651300178e-03	-1.08953670361345e-05	2.37697176817638e-01	5.32844212830885e-03	-1.11418506847372e-05
2.46664064102113e-01	5.26695319285930e-03	-1.13967485018129e-05	2.55536991150674e-01	5.20534796767547e-03	-1.16604458206826e-05
2.64318024477635e-01	5.14359385399454e-03	-1.19333514307929e-05	2.73009189255274e-01	5.08165732258981e-03	-1.22159010451650e-05
2.81612470982472e-01	5.01950381159921e-03	-1.25085439113271e-05	2.90129817114470e-01	4.95709769205011e-03	-1.28117757491886e-05
2.98563138656640e-01	4.89440211492531e-03	-1.31260998246230e-05	3.06914311725691e-01	4.83137898714392e-03	-1.34520738135357e-05
3.15185179080992e-01	4.76798880249540e-03	-1.37902696473180e-05	3.23377551629462e-01	4.70419057950511e-03	-1.41413047827221e-05
3.31493209906780e-01	4.63994173227200e-03	-1.45058368385964e-05	3.39533905538174e-01	4.57519793929717e-03	-1.48845631451344e-05
3.47501362681875e-01	4.50991301563097e-03	-1.52782268398877e-05	3.55397279458412e-01	4.44403876638466e-03	-1.56876201660161e-05
3.63223329368981e-01	4.37752483534459e-03	-1.61135903173903e-05	3.70981162706232e-01	4.31031853710095e-03	-1.65570444736751e-05
3.78672407960914e-01	4.24236464582006e-03	-1.70189347348249e-05	3.86298673228027e-01	4.17360526104638e-03	-1.75003039026844e-05
3.93861547615970e-01	4.10397955143527e-03	-1.80022629696630e-05	4.01362602662844e-01	4.03342349373403e-03	-1.85259783405112e-05
4.08803393763989e-01	3.96186971776569e-03	-1.90727408799773e-05	4.16185461614805e-01	3.88924713432348e-03	-1.96439089539258e-05
4.23510333673920e-01	3.81548066558257e-03	-2.02409361256262e-05	4.30779525651364e-01	3.74049098423179e-03	-2.08654214783888e-05
4.37994543026932e-01	3.66419406960938e-03	-2.15190621748462e-05	4.45156882604809e-01	3.58650084392598e-03	-2.22036818806615e-05
4.52268034110346e-01	3.50731677914862e-03	-2.29212636360110e-05	4.59329481835663e-01	3.42654140566778e-03	-2.36739493639782e-05
4.66342706341477e-01	3.34406779679752e-03	-2.44640543829444e-05	4.73309186223101e-01	3.25978200687027e-03	-2.52940869351903e-05
4.80230399949309e-01	3.17356244959455e-03	-2.61667698631118e-05	4.87107827783712e-01	3.08527921329915e-03	-2.70850645076592e-05
4.93942953799248e-01	2.99479328635810e-03	-2.80521879854057e-05	5.00737267997588e-01	2.90195569256824e-03	-2.90716271857949e-05
5.07492268546553e-01	2.80660660276788e-03	-3.01472018038318e-05	5.14209464149933e-01	2.70857432611793e-03	-3.12831221505050e-05
5.20890376566005e-01	2.60767403678352e-03	-3.24839549252776e-05	5.27536543293297e-01	2.50370643078490e-03	-3.37546382167542e-05
5.34149520443961e-01	2.39645665613142e-03	-3.51007812582349e-05	5.40730885826852e-01	2.28569211123375e-03	-3.65283445471487e-05
5.47282242268505e-01	2.17116110264315e-03	-3.80440232399248e-05	5.53805221199245e-01	2.05259060051799e-03	-3.96551974815029e-05
5.60301486539469e-01	1.92968380990743e-03	-4.13699466366158e-05	5.66772738924181e-01	1.80211784284556e-03	-4.31973412988729e-05
5.73220720308683e-01	1.66954047778956e-03	-4.51473805058722e-05	5.79647219006747e-01	1.53156681118749e-03	-4.72311426387151e-05
5.86054075218332e-01	1.38777586265859e-03	-4.94612363561853e-05	5.92443187112463e-01	1.23770515657795e-03	-5.18513054257319e-05
5.98816517545426e-01	1.08084710523970e-03	-5.44171720924247e-05	6.05176101498578e-01	9.16641985712952e-04	-5.71762660723785e-05
6.11524054345581e-01	7.44471701534799e-04	-6.01481955664340e-05	6.17862581067544e-01	5.63652734450359e-04	-6.33555275153519e-05
6.24193986558712e-01	3.73425982273634e-04	-6.68233868199586e-05	6.30520687195454e-01	1.72947068571627e-04	-7.05804190381798e-05
6.36845223864273e-01	-3.87253100204710e-05	-7.46597118197467e-05	6.43170276686741e-01	-2.62644918334165e-04	-7.90986593233178e-05
6.49498681728736e-01	-4.99994185650054e-04	-8.39402100869524e-05	6.55833450030430e-01	-7.52103180498009e-04	-8.92345027547758e-05
6.62177789366736e-01	-1.02047500949465e-03	-9.50389500622428e-05	6.68535129241470e-01	-1.30681329096549e-03	-1.01420276172659e-04
6.74909149716545e-01	-1.61305458281236e-03	-1.08457377632654e-04	6.81303814818511e-01	-1.94141264629799e-03	-1.16241427220443e-04
6.87723411450645e-01	-2.29442460218388e-03	-1.24881106122077e-04	6.94172594936302e-01	-2.67501338403309e-03	-1.34505038651422e-04
7.00656442631157e-01	-3.08656285188003e-03	-1.45265993096499e-04	7.07180517399640e-01	-3.53300728968764e-03	-1.57348534188140e-04
7.13750943232461e-01	-4.01894944356251e-03	-1.70974440987459e-04	7.20374495944767e-01	-4.54980284711604e-03	-1.86413739874602e-04
7.27058712729070e-01	-5.13197279069877e-03	-2.03998570081243e-04	7.33812025506935e-01	-5.77309370729084e-03	-2.24137281713777e-04
7.40643924618045e-01	-6.48232562650108e-03	-2.47339816052961e-04	7.47565161541272e-01	-7.27074660852878e-03	-2.74247643834213e-04
7.54588002439111e-01	-8.15186860284367e-03	-3.05675324748789e-04	7.61726548667315e-01	-9.14232324506481e-03	-3.42669107830762e-04
7.68997146696394e-01	-1.02627869397648e-02	-3.86589434292706e-04	7.76418919170721e-01	-1.15392553666915e-02	-4.39222479583501e-04
7.84014462764279e-01	-1.30047892264856e-02	-5.02957938482540e-04	7.91810779717840e-01	-1.47020172776230e-02	-5.81023129845537e-04
7.99840543452881e-01	-1.66866903302018e-02	-6.77859799829150e-04	8.08143852130209e-01	-1.90329123122891e-02	-7.99672016570829e-04
8.16770712832211e-01	-2.18409369891523e-02	-9.55269026961414e-04	8.25784650167893e-01	-2.52490500565976e-02	-1.15734904404574e-03
8.35268099962483e-01	-2.94520668095356e-02	-1.42440307196390e-03	8.45330737745646e-01	-3.47306459642450e-02	-1.78332379040924e-03
8.56122825046893e-01	-4.14983202095039e-02	-2.27196875579150e-03	8.67857514261879e-01	-5.03765208142410e-02	-2.93708114183566e-03
8.80849896994507e-01	-6.23073479266271e-02	-3.80733786402687e-03	8.95588720252896e-01	-7.86812344543157e-02	-4.76643564416079e-03
9.12873440917213e-01	-1.01228054168886e-01	-5.16245341115207e-03	9.34077667930325e-01	-1.30312738687616e-01	-3.87057712539396e-03
9.61625344730284e-01	-1.57217579617410e-01	-1.04587090288664e-02	1.00000000000000e+00	0.00000000000000e+00	0.00000000000000e+00
49	4.15956216307185e+02	7.16428571428571e-02
0.00000000000000e+00	1.61857813728343e-02	-4.06368958492109e-05	2.83003506474534e-02	1.58080452379288e-02	-4.24271357377659e-05
5.57198934910108e-02	1.54367526203283e-02	-4.43590765479840e-05	8.23057845499131e-02	1.50710433668140e-02	-4.64253974312712e-05
1.08102238097329e-01	1.47100892580863e-02	-4.86388140081839e-05	1.33150778802355e-01	1.43530593424777e-02	-5.10135776630172e-05
1.57490471482648e-01	1.39991130011006e-02	-5.35657035725112e-05	1.81158130894681e-01	1.36473925747858e-02	-5.63132405251299e-05
2.04188513957390e-01	1.32970153918535e-02	-5.92765843399068e-05	2.26614496552690e-01	1.29470650405237e-02	-6.24788559207001e-05
2.48467236835720e-01	1.25965816692808e-02	-6.59463487451273e-05	2.69776326814795e-01	1.22445510772213e-02	-6.97090648580367e-05
2.90569933822349e-01	1.18898922940087e-02	-7.38013548085004e-05	3.10874933391797e-01	1.15314433217335e-02	-7.82627046953532e-05
3.30717034979830e-01	1.11679445434765e-02	-8.31386681106050e-05	3.50120901930330e-01	1.07980193353843e-02	-8.84820347639703e-05
3.69110267064849e-01	1.04201511133493e-02	-9.43542356497407e-05	3.87708045310526e-01	1.00326560233424e-02	-1.00827097728295e-04
4.05936444842481e-01	9.63365017201800e-03	-1.07985034430325e-04	4.23817078333031e-01	9.22100992871444e-03	-1.15927753098877e-04
4.41371076075430e-01	8.79232360208282e-03	-1.24773716284388e-04	4.58619202999098e-01	8.34483203572800e-03	-1.34664522057903e-04
4.75581981940485e-01	7.87535501908376e-03	-1.45770512248511e-04	4.92279826007733e-01	7.38019942979551e-03	-1.58298061029294e-04
5.08733183521581e-01	6.85504344694565e-03	-1.72499061886322e-04	5.24962699892591e-01	6.29478941553763e-03	-1.88683517733823e-04
5.40989401992862e-01	5.69337477666498e-03	-2.07236275348244e-04	5.56834912232498e-01	5.04352683803133e-03	-2.28639746911785e-04
5.72521701846674e-01	4.33644074959050e-03	-2.53504965822771e-04	5.88073396134469e-01	3.56135186555040e-03	-2.82614980695595e-04
6.03515149007143e-01	2.70495901015244e-03	-3.16985694727379e-04	6.18874110910873e-01	1.75063740455239e-03	-3.57954230986168e-04
6.34180024083132e-01	6.77343693965549e-04	-4.07307540704727e-04	6.49465994045416e-01	-5.41931720449584e-04	-4.67475976118070e-04
6.64769509253570e-01	-1.94239825156350e-03	-5.41830481471717e-04	6.80133817266089e-01	-3.57076211783913e-03	-6.35151247152299e-04
6.95609825120365e-01	-5.49021635570868e-03	-7.54391027612433e-04	7.11258791418523e-01	-7.78821324466961e-03	-9.09963278108439e-04
7.27156251976670e-01	-1.05889796087211e-02	-1.11800368170867e-03	7.43397938977672e-01	-1.40744479998098e-02	-1.40453526485085e-03
7.60109064072755e-01	-1.85208529856782e-02	-1.81357586967601e-03	7.77459580545181e-01	-2.43661800155097e-02	-2.42396668859857e-03
7.95690768841356e-01	-3.23425009338018e-02	-3.38708556182943e-03	8.15165034009804e-01	-4.37562305506808e-02	-5.01895268552088e-03
8.36468367813526e-01	-6.11413612900843e-02	-8.04451530534855e-03	8.60649447471535e-01	-9.00062401061361e-02	-1.42302061726971e-02
8.89884174714589e-01	-1.45098984036754e-01	-2.61650257171167e-02	9.29825824472277e-01	-2.70538280646939e-01	-2.46880192361703e-02
1.00000000000000e+00	0.00000000000000e+00	0.00000000000000e+00
60	4.15956216307185e+02	1.42285714285714e-01
0.00000000000000e+00	1.31207662174164e-02	-2.65946938957651e-05	2.33074980379549e-02	1.28721284986251e-02	-2.75244934295760e-05
4.60225937241631e-02	1.26270238706336e-02	-2.85283401753045e-05	6.81712012586320e-02	1.23850586983927e-02	-2.95878657428084e-05
8.97779044057151e-02	1.21458748305998e-02	-3.07072519871721e-05	1.10866049813048e-01	1.19091144621981e-02	-3.18910800776173e-05
1.31457833606527e-01	1.16744182249255e-02	-3.31443758303518e-05	1.51574381679246e-01	1.14414232046667e-02	-3.44726647067972e-05
1.71235824290109e-01	1.12097608499173e-02	-3.58820309522834e-05	1.90461365531937e-01	1.09790547490387e-02	-3.73791856038697e-05
2.09269348180196e-01	1.07489182518421e-02	-3.89715490629605e-05	2.27677314391296e-01	1.05189518812416e-02	-4.06673382973288e-05
2.45702062683453e-01	1.02887405175123e-02	-4.24756752541722e-05	2.63359701602340e-01	1.00578502875379e-02	-4.44067061247111e-05
2.80665700448445e-01	9.82582512024011e-03	-4.64717444570439e-05	2.97634937422424e-01	9.59218289052766e-03	-4.86834333801589e-05
3.14281745529089e-01	9.35641108978280e-03	-5.10559400421773e-05	3.30619956569606e-01	9.11796191495662e-03	-5.36051765143153e-05
3.46662943545510e-01	8.87624669409948e-03	-5.63490696796620e-05	3.62423661797022e-01	8.63062948420490e-03	-5.93078663930768e-05
3.77914689202974e-01	8.38041973560300e-03	-6.25045155335791e-05	3.93148265780148e-01	8.12486375498622e-03	-6.59650901413400e-05
4.08136333038021e-01	7.86313484359447e-03	-6.97193331040680e-05	4.22890573470421e-01	7.59432172485419e-03	-7.38012816952072e-05
4.37422450601773e-01	7.31741495120275e-03	-7.82500209890458e-05	4.51743250053002e-01	7.03129092240351e-03	-8.31106401322224e-05
4.65864122153822e-01	6.73469281708261e-03	-8.84353331072063e-05	4.79796126708933e-01	6.42620791201121e-03	-9.42847955345272e-05
4.93550280627750e-01	6.10424034395063e-03	-1.00729932503318e-04	5.07137609259462e-01	5.76697831136608e-03	-1.07854027338039e-04
5.20569202444019e-01	5.41235401401208e-03	-1.15755300250431e-04	5.33856276508865e-01	5.03799511290426e-03	-1.24550400915080e-04
5.47010243720495e-01	4.64116454737917e-03	-1.34378536934321e-04	5.60042791070385e-01	4.21868631184075e-03	-1.45406989331631e-04
5.72965970752977e-01	3.76685264901511e-03	-1.57838148040712e-04	5.85792305331469e-01	3.28130718347763e-03	-1.71918659225945e-04
5.98534911436116e-01	2.75689659119793e-03	-1.87951524275976e-04	6.11207646984673e-01	2.18748059204765e-03	-2.06312300520928e-04
6.23825288476445e-01	1.56568549801306e-03	-2.27470669893037e-04	6.36403747071358e-01	8.82581888447032e-04	-2.52020123615138e-04
6.48960335184320e-01	1.27258008552733e-04	-2.80719389648576e-04	6.61514099619130e-01	-7.13754593842153e-04	-3.14549566646116e-04
6.74086243481483e-01	-1.65726012719369e-03	-3.54797929617012e-04	6.86700668227288e-01	-2.72447994570035e-03	-4.03177572197322e-04
6.99384680941722e-01	-3.94257089225614e-03	-4.62008062572350e-04	7.12169932977486e-01	-5.34680607437288e-03	-5.34489276606598e-04
7.25093689250233e-01	-6.98377208769985e-03	-6.25129803221824e-04	7.38200581153094e-01	-8.91617089424401e-03	-7.40437400124083e-04
7.51545085741307e-01	-1.12302343275975e-02	-8.90067639563785e-04	7.65195129257666e-01	-1.40475332556238e-02	-1.08880996002103e-03
7.79237493813479e-01	-1.75444810953026e-02	-1.36016629990032e-03	7.93786238431638e-01	-2.19858973771204e-02	-1.74313275703986e-03
8.08996414381729e-01	-2.77856537628665e-02	-2.30576967353269e-03	8.25087651580581e-01	-3.56226985208993e-02	-3.17405122079961e-03
8.42387553333768e-01	-4.66787228132539e-02	-4.59683721394355e-03	8.61418684715533e-01	-6.31677895025975e-02	-7.09485846882152e-03
8.83093532009334e-01	-8.96623618342102e-02	-1.17219830703137e-02	9.09220689663059e-01	-1.37162352762577e-01	-1.90335891039339e-02
9.44081522828105e-01	-2.31702116971722e-01	-1.54117186332470e-02	1.00000000000000e+00	0.00000000000000e+00	0.00000000000000e+00
65	4.15956216307185e+02	2.12928571428571e-01
0.00000000000000e+00	1.20488846617086e-02	-2.23655852971127e-05	2.17121228917132e-02	1.18391776702291e-02	-2.30756791854692e-05
4.29161583718301e-02	1.16322383360741e-02	-2.38455483703159e-05	6.36325700850972e-02	1.14277754067262e-02	-2.46544250670500e-05
8.38808518736965e-02	1.12255340951868e-02	-2.55049823683073e-05	1.03679590411614e-01	1.10252601280403e-02	-2.64001239949074e-05
1.23046523745289e-01	1.08266986174093e-02	-2.73430122554874e-05	1.41998595875365e-01	1.06295928839544e-02	-2.83370928679805e-05
1.60552007735416e-01	1.04336832342284e-02	-2.93861269795581e-05	1.78722264893120e-01	1.02387056756388e-02	-3.04942287789878e-05
1.96524222272736e-01	1.00443905408976e-02	-3.16659010810572e-05	2.13972126174339e-01	9.85046103175824e-03	-3.29060861532504e-05
2.31079653844738e-01	9.65663162933650e-03	-3.42202113818857e-05	2.47859950837434e-01	9.46260638553231e-03	-3.56142532211834e-05
2.64325666383668e-01	9.26807704062371e-03	-3.70948014469796e-05	2.80488986983971e-01	9.07272096018930e-03	-3.86691384268723e-05
2.96361668419139e-01	8.87619884505497e-03	-4.03453264468112e-05	3.11955066371366e-01	8.67815218914414e-03	-4.21323130477269e-05
3.27280165840306e-01	8.47820041524083e-03	-4.40400406809260e-05	3.42347609535259e-01	8.27593768753854e-03	-4.60795955965487e-05
3.57167725423175e-01	8.07092928090491e-03	-4.82633625948914e-05	3.71750553613640e-01	7.86270745615703e-03	-5.06052040305516e-05
3.86105872765997e-01	7.65076679423737e-03	-5.31206934715200e-05	4.00243226210597e-01	7.43455879368660e-03	-5.58273526225506e-05
4.14171947987278e-01	7.21348572358393e-03	-5.87449738633783e-05	4.27901189018303e-01	6.98689346653825e-03	-6.18959659133278e-05
4.41439943652998e-01	6.75406322440764e-03	-6.53057707638016e-05	4.54797076846353e-01	6.51420192557817e-03	-6.90034074017909e-05
4.67981352265722e-01	6.26643087275913e-03	-7.30220430773532e-05	4.81001461661278e-01	6.00977249851797e-03	-7.73997482508282e-05
4.93866055886236e-01	5.74313469043308e-03	-8.21803911066343e-05	5.06583778017676e-01	5.46529215086866e-03	-8.74147045180074e-05
5.19163299109803e-01	5.17486429058733e-03	-9.31616778043765e-05	5.31613357212759e-01	4.87028843238035e-03	-9.94900866888582e-05
5.43942800420703e-01	4.54978794192584e-03	-1.06480682889432e-04	5.56160634873950e-01	4.21133303779864e-03	-1.14228579738862e-04
5.68276078852889e-01	3.85259342755173e-03	-1.22846563198609e-04	5.80298624367057e-01	3.47087985156591e-03	-1.32469113548028e-04
5.92238107994048e-01	3.06307181690624e-03	-1.43257583506751e-04	6.04104793177331e-01	2.62552755366263e-03	-1.55406896773291e-04
6.15909466792301e-01	2.15397081277424e-03	-1.69154221289824e-04	6.27663553588685e-01	1.64334739991556e-03	-1.84790364353038e-04
6.39379253190857e-01	1.08764190134547e-03	-2.02675057994650e-04	6.51069705796851e-01	4.79640766529954e-04	-2.23257392351073e-04
6.62749194728804e-01	-1.89377505201205e-04	-2.47103332629894e-04	6.74433396795693e-01	-9.30050609723176e-04	-2.74934415569472e-04
6.86139695400435e-01	-1.75547925292674e-03	-3.07681598297638e-04	6.97887577054377e-01	-2.68196972018897e-03	-3.46561578778992e-04
7.09699140356723e-01	-3.73005590138598e-03	-3.93188315454873e-04	7.21599759038931e-01	-4.92593171432876e-03	-4.49738023464485e-04
7.33618959851696e-01	-6.30349702898758e-03	-5.19198687719546e-04	7.45791606092697e-01	-7.90733999127757e-03	-6.05758156984493e-04
7.58159525866890e-01	-9.79718981612510e-03	-7.15423404919591e-04	7.70773804316596e-01	-1.20547412863685e-02	-8.57042105297579e-04
7.83698096769376e-01	-1.47944358937433e-02	-1.04404774493982e-03	7.97013566130369e-01	-1.81810877953594e-02	-1.29756586572127e-03
8.10826509635935e-01	-2.24598756592426e-02	-1.65219624732327e-03	8.25280654311136e-01	-2.80097652887410e-02	-2.16735471932683e-03
8.40578031437860e-01	-3.54439692518221e-02	-2.95074784147364e-03	8.57016749945291e-01	-4.58112858979409e-02	-4.20941825649224e-03
8.75065061715477e-01	-6.10320825178411e-02	-6.36128866495622e-03	8.95522358060102e-01	-8.49438334385760e-02	-1.02184097500877e-02
9.19919162587443e-01	-1.26255831246363e-01	-1.63285721651378e-02	9.51686888833234e-01	-2.06217262351296e-01	-1.43764906385679e-02
1.00000000000000e+00	0.00000000000000e+00	0.00000000000000e+00
58	4.15956216307185e+02	2.83571428571429e-01
0.00000000000000e+00	1.34732190785138e-02	-2.79323796947839e-05	2.45726688538632e-02	1.32114568335608e-02	-2.89412055105576e-05
4.85045294791566e-02	1.29535047464664e-02	-3.00276969613655e-05	7.18243234975149e-02	1.26989330305081e-02	-3.11762765632384e-05
9.45592801903078e-02	1.24473442212432e-02	-3.23917519942096e-05	1.16735225289749e-01	1.21983410642226e-02	-3.36794056283729e-05
1.38376681686762e-01	1.19515242680268e-02	-3.50450493757926e-05	1.59506962638573e-01	1.17064901647423e-02	-3.64950912112860e-05
1.80148258227353e-01	1.14628282389750e-02	-3.80366101058183e-05	2.00321715751666e-01	1.12201184871104e-02	-3.96774391342447e-05
2.20047514672254e-01	1.09779285840874e-02	-4.14262691952327e-05	2.39344936681674e-01	1.07358107816360e-02	-4.32927566000885e-05
2.58232431423365e-01	1.04932985267785e-02	-4.52876628505017e-05	2.76727678348264e-01	1.02499026946252e-02	-4.74230018558952e-05
2.94847645166920e-01	1.00051074065453e-02	-4.97122250919801e-05	3.12608643330611e-01	9.75836530959762e-03	-5.21704247984367e-05
3.30026380957274e-01	9.50909226681595e-03	-5.48145922774079e-05	3.47116013606098e-01	9.25666126759594e-03	-5.76638944633778e-05
3.63892193299832e-01	9.00039550026022e-03	-6.07400319259099e-05	3.80369116195087e-01	8.73956032944889e-03	-6.40676378085292e-05
3.96560569310635e-01	8.47335403898786e-03	-6.76747778001197e-05	4.12479976741171e-01	8.20089701304516e-03	-7.15935268400525e-05
4.28140445812016e-01	7.92121910582910e-03	-7.58606893971336e-05	4.43554813669354e-01	7.63324470536286e-03	-8.05186302057503e-05
4.58735694854567e-01	7.33577516356609e-03	-8.56163571150148e-05	4.73695530481294e-01	7.02746774804419e-03	-9.12107604549295e-05
4.88446639727450e-01	6.70681054436040e-03	-9.73682034648427e-05	5.03001274473214e-01	6.37209224361501e-03	-1.04166497868707e-04
5.17371678071124e-01	6.02136538382059e-03	-1.11697266954369e-04	5.31570149435207e-01	5.65240181646010e-03	-1.20069098365150e-04
5.45609113893266e-01	5.26263777796254e-03	-1.29411360348497e-04	5.59501202586170e-01	4.84910613051093e-03	-1.39879164810175e-04
5.73259342638278e-01	4.40835199201040e-03	-1.51659771491008e-04	5.86896860906823e-01	3.93632674717259e-03	-1.64980870199338e-04
6.00427604894811e-01	3.42825375453204e-03	-1.80121405071176e-04	6.13866085455911e-01	2.87845717454815e-03	-1.97426245464705e-04
6.27227647335901e-01	2.28014023231848e-03	-2.17325368427890e-04	6.40528675551202e-01	1.62509667442756e-03	-2.40360472374412e-04
6.53786848318339e-01	9.03329627135907e-04	-2.67221529585138e-04	6.67021451096969e-01	1.02541755674812e-04	-2.98797821486341e-04
6.80253771835159e-01	-7.92555754496993e-04	-3.36250782282166e-04	6.93507605585213e-01	-1.80119425830216e-03	-3.81119882301162e-04
7.06809908709131e-01	-2.94787948467234e-03	-4.35479348287471e-04	7.20191661258892e-01	-4.26429253182725e-03	-5.02175128574978e-04
7.33689024788885e-01	-5.79205868810839e-03	-5.85193958903663e-04	7.47344928836309e-01	-7.58687886011078e-03	-6.90253212794589e-04
7.61211295364879e-01	-9.72485995484473e-03	-8.25775529504913e-04	7.75352240714922e-01	-1.23125157936833e-02	-1.00455899796947e-03
7.89848826805848e-01	-1.55031230096545e-02	-1.24676798821044e-03	8.04806366999878e-01	-1.95245872678209e-02	-1.58555054699283e-03
8.20366147699957e-01	-2.47292087148911e-02	-2.07821986951973e-03	8.36725228831950e-01	-3.16876886904270e-02	-2.83001103636682e-03
8.54172094910250e-01	-4.13790397665283e-02	-4.04835078668131e-03	8.73156258375154e-01	-5.56071512565964e-02	-6.17545008416376e-03
8.94439297379078e-01	-7.80195932364581e-02	-1.02091867620835e-02	9.19472591130197e-01	-1.17115868695962e-01	-1.79784800514700e-02
9.51540799351215e-01	-1.99237098627279e-01	-2.18869204814798e-02	1.00000000000000e+00	0.00000000000000e+00	0.00000000000000e+00
49	4.15956216307185e+02	3.54214285714286e-01
0.00000000000000e+00	1.59308776246436e-02	-3.90076793865823e-05	2.93778083895528e-02	1.55659115650666e-02	-4.07024095152586e-05
5.78550644919368e-02	1.52071046601876e-02	-4.25280496556546e-05	8.54791973298472e-02	1.48536542917566e-02	-4.44788275877350e-05
1.12294721016607e-01	1.45047859120329e-02	-4.65664144715383e-05	1.38343480676992e-01	1.41597226959027e-02	-4.88038707329164e-05
1.63664876825731e-01	1.38176792594773e-02	-5.12058501827006e-05	1.88296070512705e-01	1.34778549858177e-02	-5.37888381884066e-05
2.12272171505812e-01	1.31394268286682e-02	-5.65714328584210e-05	2.35626411545964e-01	1.28015414413505e-02	-5.95746777092288e-05
2.58390304510719e-01	1.24633064544353e-02	-6.28224578698156e-05	2.80593795159651e-01	1.21237806867616e-02	-6.63419711974811e-05
3.02265398002699e-01	1.17819630424727e-02	-7.01642957630089e-05	3.23432327730478e-01	1.14367797740473e-02	-7.43250684629437e-05
3.44120622571966e-01	1.10870697580534e-02	-7.88653178358523e-05	3.64355261899815e-01	1.07315672683699e-02	-8.38324572214333e-05
3.84160279388855e-01	1.03688817411498e-02	-8.92815317869999e-05	4.03558873050164e-01	9.99747369597981e-03	-9.52767150357303e-05
4.22573513517904e-01	9.61562600083754e-03	-1.01893204425663e-04	4.41226052062556e-01	9.22140919714831e-03	-1.09219557118623e-04
4.59537829954257e-01	8.81263939927734e-03	-1.17360627184038e-04	4.77529791014402e-01	8.38682682587044e-03	-1.26441311363967e-04
4.95222599491616e-01	7.94111229238714e-03	-1.36611303976242e-04	5.12636765805629e-01	7.47218825039342e-03	-1.48051211398936e-04
5.29792783254494e-01	6.97619989377363e-03	-1.60980562273094e-04	5.46711279527568e-01	6.44861992301138e-03	-1.75668231729764e-04
5.63413187884374e-01	5.88408875694513e-03	-1.92446365831378e-04	5.79919944249078e-01	5.27620840735255e-03	-2.11729083700041e-04
5.96253718391923e-01	4.61727346848106e-03	-2.34037798173770e-04	6.12437690053221e-01	3.89791645755055e-03	-2.60036377577100e-04
6.28496384660471e-01	3.10663349103346e-03	-2.90580249929784e-04	6.44456088747877e-01	2.22914135016916e-03	-3.26786427247150e-04
6.60345373159791e-01	1.24749240246702e-03	-3.70135214155631e-04	6.76195763995802e-01	1.38835117182601e-04	-4.22620957376774e-04
6.92042619325913e-01	-1.12635496844427e-03	-4.86980701968953e-04	7.07926297865207e-01	-2.58685412824533e-03	-5.67050162164406e-04
7.23893750882229e-01	-4.29454050708455e-03	-6.68334517321512e-04	7.40000743033176e-01	-6.32029975265458e-03	-7.98954648850270e-04
7.56315035014081e-01	-8.76336873961481e-03	-9.71276838772406e-04	7.72921087261865e-01	-1.17666515793996e-02	-1.20485046542274e-03
7.89927265966987e-01	-1.55428962897013e-02	-1.53198313484482e-03	8.07477364411392e-01	-2.04216641966285e-02	-2.00900777815649e-03
8.25770004025515e-01	-2.69386642621141e-02	-2.74081425877548e-03	8.45093478635685e-01	-3.60180655529563e-02	-3.93927388712267e-03
8.65893709958058e-01	-4.93782583147906e-02	-6.07794856865929e-03	8.88922068286865e-01	-7.05422061147472e-02	-1.03481154648557e-02
9.15609401053553e-01	-1.07860415809510e-01	-1.99418811297485e-02	9.49244594415374e-01	-1.91011624682051e-01	-3.40411764772233e-02
1.00000000000000e+00	0.00000000000000e+00	0.00000000000000e+00
49	4.15956216307185e+02	4.24857142857143e-01
0.00000000000000e+00	1.58596090965053e-02	-3.84417567460549e-05	2.96432800380799e-02	1.54985179028735e-02	-4.01041560054161e-05
5.83817439337448e-02	1.51435158487443e-02	-4.18941924831273e-05	8.62628053829049e-02	1.47938173563078e-02	-4.38063559173862e-05
1.13330976379020e-01	1.44486641391428e-02	-4.58519844717120e-05	1.39628110817004e-01	1.41072958740491e-02	-4.80437607683903e-05
1.65193626838653e-01	1.37689441145286e-02	-5.03959075142113e-05	1.90064710188090e-01	1.34328258290553e-02	-5.29244166669329e-05
2.14276500807540e-01	1.30981364382632e-02	-5.56473194297524e-05	2.37862264672031e-01	1.27640422096447e-02	-5.85850081269434e-05
2.60853552667479e-01	1.24296718274346e-02	-6.17606132309323e-05	2.83280348156156e-01	1.20941069500011e-02	-6.52004576056076e-05
3.05171204743559e-01	1.17563715065507e-02	-6.89346009243863e-05	3.26553375659692e-01	1.14154194272620e-02	-7.29974879791762e-05
3.47452936094508e-01	1.10701204747357e-02	-7.74287446290156e-05	3.67894899781514e-01	1.07192437024650e-02	-8.22741369754798e-05
3.87903331107066e-01	1.03614379959511e-02	-8.75867433256516e-05	4.07501454037396e-01	9.99520901094031e-03	-9.34284013982545e-05
4.26711759205238e-01	9.61889163422258e-03	-9.98715076743206e-05	4.45556110588928e-01	9.23061678727310e-03	-1.07001229923576e-04
4.64055853358266e-01	8.82827124336405e-03	-1.14918332383418e-04	4.82231924663809e-01	8.40944842468017e-03	-1.23742683866501e-04
5.00104969429583e-01	7.97138793960550e-03	-1.33617812159370e-04	5.17695463593404e-01	7.51090038029734e-03	-1.44716666232059e-04
5.35023847762703e-01	7.02427335393718e-03	-1.57249204393084e-04	5.52110674958787e-01	6.50715261407053e-03	-1.71472215256596e-04
5.68976777083554e-01	5.95439073573734e-03	-1.87702468430029e-04	5.85643456050899e-01	5.35985204426415e-03	-2.06334204193137e-04
6.02132707332850e-01	4.71615901209077e-03	-2.27863081919688e-04	6.18467486183866e-01	4.01435782799053e-03	-2.52918847803985e-04
6.34672030361696e-01	3.24347296411354e-03	-2.82311394076640e-04	6.50772258245321e-01	2.38990427698527e-03	-3.17095865170813e-04
6.66796268665178e-01	1.43659951091690e-03	-3.58667122837053e-04	6.82774979753538e-01	3.61898774123293e-04	-4.08899272992924e-04
6.98742960788366e-01	-8.62109350982188e-04	-4.70356567799701e-04	7.14739536856703e-01	-2.27197573041227e-03	-5.46620467335446e-04
7.30810287346549e-01	-3.91644169573158e-03	-6.42811730576343e-04	7.47009126873315e-01	-5.86186179330050e-03	-7.66451808825064e-04
7.63401272053823e-01	-8.20074100640455e-03	-9.28938258093481e-04	7.80067600353637e-01	-1.10656491301138e-02	-1.14818864533794e-03
7.97111282244223e-01	-1.46528498689584e-02	-1.45362305191021e-03	8.14668299841140e-01	-1.92643824244249e-02	-1.89615874569093e-03
8.32924988730201e-01	-2.53874105976859e-02	-2.56979302951055e-03	8.52149170845223e-01	-3.38545165734470e-02	-3.66259587229667e-03
8.72749970781627e-01	-4.61960809406092e-02	-5.59109147228254e-03	8.95405435804736e-01	-6.55029763047628e-02	-9.40082958711108e-03
9.21377213547321e-01	-9.89098026904582e-02	-1.80338328436511e-02	9.53468713450992e-01	-1.70223405806609e-01	-3.46821082129551e-02
1.00000000000000e+00	0.00000000000000e+00	0.00000000000000e+00
52	4.15956216307185e+02	4.95500000000000e-01
0.00000000000000e+00	1.48573463283457e-02	-3.34582301524389e-05	2.81692421970065e-02	1.45409640230760e-02	-3.48059122750044e-05
5.55310208420054e-02	1.42296428840549e-02	-3.62545713867846e-05	8.21250400659282e-02	1.39227738195273e-02	-3.77952904064838e-05
1.07988716566701e-01	1.36197752232972e-02	-3.94360196303012e-05	1.33157359937740e-01	1.33200649449878e-02	-4.11855851629728e-05
1.57664338189980e-01	1.30230562461149e-02	-4.30538068365571e-05	1.81541229881461e-01	1.27281535404093e-02	-4.50516354348895e-05
2.04817964327317e-01	1.24347478469222e-02	-4.71913129869161e-05	2.27522951216495e-01	1.21422118690615e-02	-4.94865571818437e-05
2.49683200837041e-01	1.18498946195222e-02	-5.19527837834488e-05	2.71324436006724e-01	1.15571154612761e-02	-5.46073610097064e-05
2.92471196718887e-01	1.12631574531923e-02	-5.74699150235336e-05	3.13146938442851e-01	1.09672598410522e-02	-6.05626932321801e-05
3.33374124963602e-01	1.06686094926214e-02	-6.39109879374544e-05	3.53174316606404e-01	1.03663310931632e-02	-6.75436611534685e-05
3.72568254668151e-01	1.00594757646060e-02	-7.14937513874858e-05	3.91575942870423e-01	9.74700784381488e-03	-7.57992323900947e-05
4.10216726659235e-01	9.42778933973432e-03	-8.05039165621135e-05	4.28509371207152e-01	9.10056157208072e-03	-8.56585585378156e-05
4.46472139026730e-01	8.76392336455289e-03	-9.13222285663373e-05	4.64122868184954e-01	8.41630491819045e-03	-9.75639950264728e-05
4.81479052223250e-01	8.05593630125667e-03	-1.04465000533516e-04	4.98557923044481e-01	7.68080931060644e-03	-1.12121119959951e-04
5.15376538238349e-01	7.28863077018982e-03	-1.20646245533873e-04	5.31951874597987e-01	6.87676516037916e-03	-1.30176530134918e-04
5.48300929951782e-01	6.44216336124526e-03	-1.40875754520486e-04	5.64440835930355e-01	5.98127375446200e-03	-1.52942386201227e-04
5.80388984947825e-01	5.48993000239761e-03	-1.66618708654198e-04	5.96163175565819e-01	4.96320839631559e-03	-1.82202955935962e-04
6.11781781610947e-01	4.39524450204276e-03	-2.00065463956678e-04	6.27263952065554e-01	3.77899530627412e-03	-2.20670641492005e-04
6.42629851034020e-01	3.10592674136045e-03	-2.44606999296293e-04	6.57900950295541e-01	2.36559853892371e-03	-2.72629126540025e-04
6.73100391523791e-01	1.54510448008094e-03	-3.05716863202576e-04	6.88253441881536e-01	6.28307287921182e-04	-3.45160848620019e-04
7.03388076474537e-01	-4.05225201075110e-04	-3.92688167151212e-04	7.18535735887230e-01	-1.58172613230267e-03	-4.50651197614338e-04
7.33732329741038e-01	-2.93540542558124e-03	-5.22318721399184e-04	7.49019593155800e-01	-4.51166566913885e-03	-6.12337352707826e-04
7.64446961528059e-01	-6.37198041590847e-03	-7.27486096001151e-04	7.80074227580913e-01	-8.60151085210736e-03	-8.77959314093957e-04
7.95975416926791e-01	-1.13214156759271e-02	-1.07963658136812e-03	8.12244633289071e-01	-1.47095314705069e-02	-1.35831230864980e-03
8.29005230506235e-01	-1.90367598754427e-02	-1.75805240084514e-03	8.46424909069587e-01	-2.47346990408439e-02	-2.35891745611649e-03
8.64742072505135e-01	-3.25298910517405e-02	-3.31796039181631e-03	8.84315408558652e-01	-4.37327169861115e-02	-4.97456325267853e-03
9.05726740906421e-01	-6.09253409565226e-02	-8.15661937220580e-03	9.30024887215571e-01	-8.98507260436000e-02	-1.51618911751541e-02
9.59426610753529e-01	-1.47980143814075e-01	-3.00613475744262e-02	1.00000000000000e+00	0.00000000000000e+00	0.00000000000000e+00
54	4.15956216307185e+02	5.66142857142857e-01
0.00000000000000e+00	1.42279880457759e-02	-3.03987061405220e-05	2.73494288339810e-02	1.39385062698019e-02	-3.15660332221857e-05
5.39469273283308e-02	1.36535063427274e-02	-3.28198713102079e-05	7.98279206459240e-02	1.33724743465498e-02	-3.41497127676060e-05
1.05025873589190e-01	1.30949236952804e-02	-3.55618147491743e-05	1.29572438737146e-01	1.28203678941581e-02	-3.70630899004798e-05
1.53497592912386e-01	1.25483174687040e-02	-3.86611922638114e-05	1.76829762999692e-01	1.22782767409635e-02	-4.03646136863944e-05
1.99595942236944e-01	1.20097404067316e-02	-4.21827949739217e-05	2.21821797990783e-01	1.17421898661298e-02	-4.41262592700831e-05
2.43531771936618e-01	1.14750892257478e-02	-4.62067595092819e-05	2.64749173483654e-01	1.12078809254834e-02	-4.84374601885662e-05
2.85496267218970e-01	1.09399808745025e-02	-5.08331395960848e-05	3.05794355089936e-01	1.06707730292377e-02	-5.34104392886370e-05
3.25663854000136e-01	1.03996032569447e-02	-5.61881452916246e-05	3.45124369460776e-01	1.01257723842951e-02	-5.91875367388361e-05
3.64194765916473e-01	9.84852821016369e-03	-6.24327834821692e-05	3.82893234352489e-01	9.56705632427401e-03	-6.59514390890514e-05
4.01237357789561e-01	9.28046942439686e-03	-6.97750156242183e-05	4.19244175284547e-01	8.98779486417878e-03	-7.39396929050340e-05
4.36930245080826e-01	8.68796000652328e-03	-7.84871699748280e-05	4.54311707594883e-01	8.37977489394515e-03	-8.34656953114798e-05
4.71404348987444e-01	8.06191167585402e-03	-8.89313562673077e-05	4.88223666152972e-01	7.73287994995009e-03	-9.49496460589394e-05
5.04784934077152e-01	7.39099706635993e-03	-1.01597410294030e-04	5.21103276664812e-01	7.03435217404969e-03	-1.08965306647724e-04
5.37193742341676e-01	6.66076228862233e-03	-1.17160863317034e-04	5.53071385997823e-01	6.26771839548068e-03	-1.26312417019658e-04
5.68751359186700e-01	5.85231861814961e-03	-1.36574078871465e-04	5.84249010951700e-01	5.41118499479665e-03	-1.48132246960975e-04
5.99580002257514e-01	4.94035862732423e-03	-1.61213993345344e-04	6.14760437815473e-01	4.43516679981903e-03	-1.76098239245359e-04
6.29807020184033e-01	3.89005253226227e-03	-1.93130523231666e-04	6.44737232517897e-01	3.29835409794121e-03	-2.12743030554297e-04
6.59569558394375e-01	2.65201635690859e-03	-2.35481935605408e-04	6.74323750021496e-01	1.94120836901979e-03	-2.62045376500541e-04
6.89021160210825e-01	1.15381003714288e-03	-2.93336985269566e-04	7.03685159380057e-01	2.74712541140976e-04	-3.30542478070184e-04
7.18341667488359e-01	-7.15149138691973e-04	-3.75242220737482e-04	7.33019843739828e-01	-1.84015986357988e-03	-4.29579076977271e-04
7.47752996713334e-01	-3.13198412287030e-03	-4.96515316445567e-04	7.62579808702758e-01	-4.63244411772945e-03	-5.80237876698364e-04
7.77546018332050e-01	-6.39785659150360e-03	-6.86815740268631e-04	7.92706789407354e-01	-8.50575459057312e-03	-8.25306686173199e-04
8.08130139140159e-01	-1.10656532280797e-02	-1.00969862863631e-03	8.23902061027782e-01	-1.42369598919614e-02	-1.26248344439128e-03
8.40134475221552e-01	-1.82601240301495e-02	-1.62162539363808e-03	8.56978141080532e-01	-2.35137483138942e-02	-2.15511779504585e-03
8.74644833725579e-01	-3.06261534364023e-02	-2.99405650288298e-03	8.93448207668132e-01	-4.07108143828517e-02	-4.41600950807741e-03
9.13886311915371e-01	-5.59133594060210e-02	-7.08356240879415e-03	9.36830226925716e-01	-8.08550570421658e-02	-1.28254748399683e-02
9.64039109491136e-01	-1.28690110466316e-01	-2.57710221712941e-02	1.00000000000000e+00	0.00000000000000e+00	0.00000000000000e+00
52	4.15956216307185e+02	6.36785714285714e-01
0.00000000000000e+00	1.47126471063332e-02	-3.21965838467886e-05	2.86355986594657e-02	1.44041644462578e-02	-3.34778710879835e-05
5.64579778977826e-02	1.41006317524845e-02	-3.48539954431182e-05	8.35066524211323e-02	1.38014703776017e-02	-3.63165471086724e-05
1.09818881345285e-01	1.35061278384225e-02	-3.78729060259708e-05	1.35429843942547e-01	1.32140515945065e-02	-3.95312552454730e-05
1.60372801076457e-01	1.29246853113953e-02	-4.13006895756407e-05	1.84679243674463e-01	1.26374649272760e-02	-4.31913388614369e-05
2.08379029645575e-01	1.23518144644290e-02	-4.52145128113646e-05	2.31500510510654e-01	1.20671415098039e-02	-4.73828696656575e-05
2.54070648894280e-01	1.17828322827840e-02	-4.97106147301363e-05	2.76115127926680e-01	1.14982461845843e-02	-5.22137298077929e-05
2.97658453520533e-01	1.12127097270924e-02	-5.49102486697706e-05	3.18724050419119e-01	1.09255096958014e-02	-5.78205820422895e-05
3.39334352858720e-01	1.06358853772246e-02	-6.09678996834617e-05	3.59510890648893e-01	1.03430196672569e-02	-6.43785924119289e-05
3.79274371449148e-01	1.00460288087831e-02	-6.80828249166598e-05	3.98644760010491e-01	9.74395045514798e-03	-7.21151966853739e-05
4.17641355156283e-01	9.43572971641538e-03	-7.65155529371953e-05	4.36282865300425e-01	9.12020270687464e-03	-8.13299643047660e-05
4.54587483345331e-01	8.79607703367680e-03	-8.66119270139798e-05	4.72572961870665e-01	8.46190852077289e-03	-9.24238506661013e-05
4.90256689621865e-01	8.11607323241637e-03	-9.88388965956766e-05	5.07655770442500e-01	7.75673362430651e-03	-1.05943266494268e-04
5.24787105975983e-01	7.38179736871825e-03	-1.13839110805980e-04	5.41667483703306e-01	6.98886678237476e-03	-1.22648168834116e-04
5.58313672204074e-01	6.57517642649941e-03	-1.32516477844069e-04	5.74742525951472e-01	6.13751532742635e-03	-1.43620398295186e-04
5.90971102516777e-01	5.67212937477346e-03	-1.56174498956885e-04	6.07016795813275e-01	5.17459761654426e-03	-1.70441887457073e-04
6.22897490028267e-01	4.63967415628685e-03	-1.86748013490501e-04	6.38631740277518e-01	4.06108378721193e-03	-2.05499180069291e-04
6.54238987926762e-01	3.43125525142796e-03	-2.27207931778217e-04	6.69739821186068e-01	2.74096832105597e-03	-2.52527989309304e-04
6.85156295352030e-01	1.97888153033277e-03	-2.82303633071690e-04	7.00512332483274e-01	1.13089007608980e-03	-3.17640042151623e-04
7.15834228217454e-01	1.79240334058473e-04	-3.60006391688650e-04	7.31151305245189e-01	-8.98714824270508e-04	-4.11388828420289e-04
7.46496770974455e-01	-2.13229796697689e-03	-4.74524448389246e-04	7.61908865054454e-01	-3.56011507072418e-03	-5.53268566124032e-04
7.77432427632082e-01	-5.23397063085118e-03	-6.53187295008406e-04	7.93121094151580e-01	-7.22490559535505e-03	-7.82552965491679e-04
8.09040451212635e-01	-9.63282394813225e-03	-9.54079004033881e-04	8.25272718584185e-01	-1.26024160359028e-02	-1.18809948735232e-03
8.41923955940904e-01	-1.63506803761909e-02	-1.51873584579798e-03	8.59135656434148e-01	-2.12170341181221e-02	-2.00670879327269e-03
8.77104433835175e-01	-2.77604196831575e-02	-2.76833035553148e-03	8.96117805120661e-01	-3.69623867921071e-02	-4.04850566186732e-03
9.16625230017193e-01	-5.06936753404985e-02	-6.43159673997729e-03	9.39397071609881e-01	-7.29210455576365e-02	-1.15665054127720e-02
9.65947049724454e-01	-1.14548949470421e-01	-2.39821382184220e-02	1.00000000000000e+00	0.00000000000000e+00	0.00000000000000e+00
50	4.15956216307185e+02	7.07428571428571e-01
0.00000000000000e+00	1.52349528219660e-02	-3.41420555163285e-05	3.00162874606480e-02	1.49054724521001e-02	-3.55511314678036e-05
5.91509147266768e-02	1.45814851365151e-02	-3.70650028491681e-05	8.74481143114994e-02	1.42623356643565e-02	-3.86774987821692e-05
1.14949511049794e-01	1.39473940616768e-02	-4.03973652089995e-05	1.41694331802076e-01	1.36360301209193e-02	-4.22343373573941e-05
1.67719597496402e-01	1.33276088261178e-02	-4.41992791559986e-05	1.93060299285273e-01	1.30214855231021e-02	-4.63043427183507e-05
2.17749560597847e-01	1.27170007534745e-02	-4.85631551609966e-05	2.41818786686705e-01	1.24134746591122e-02	-5.09910408508230e-05
2.65297803115190e-01	1.21102008324632e-02	-5.36052785675700e-05	2.88214984502827e-01	1.18064394946482e-02	-5.64254108892381e-05
3.10597374740155e-01	1.15014098279862e-02	-5.94736062244916e-05	3.32470799799115e-01	1.11942812904642e-02	-6.27750963533291e-05
3.53859974199648e-01	1.08841636712509e-02	-6.63586978830732e-05	3.74788602147321e-01	1.05700956063837e-02	-7.02574367286157e-05
3.95279474330750e-01	1.02510312301316e-02	-7.45093129133068e-05	4.15354561362245e-01	9.92582451006885e-03	-7.91582220909248e-05
4.35035104862959e-01	9.59321076236974e-03	-8.42550934290198e-05	4.54341707237281e-01	9.25178463185716e-03	-8.98592693800992e-05
4.73294421255602e-01	8.89997377229368e-03	-9.60402507381719e-05	4.91912840675034e-01	8.53600704584667e-03	-1.02879839363634e-04
5.10216193284908e-01	8.15787590315020e-03	-1.10474838460384e-04	5.28223437978221e-01	7.76328715536523e-03	-1.18940491335540e-04
5.45953367739641e-01	7.34960471202339e-03	-1.28414850602887e-04	5.63424720829087e-01	6.91377714395869e-03	-1.39064384085730e-04
5.80656302959598e-01	6.45224702944369e-03	-1.51091338312703e-04	5.97667123964984e-01	5.96083619285803e-03	-1.64743307214277e-04
6.14476553396428e-01	5.43459934879342e-03	-1.80326002463094e-04	6.31104500768945e-01	4.86763547471458e-03	-1.98220441859354e-04
6.47571627943356e-01	4.25284172113560e-03	-2.18906179681566e-04	6.63899603587100e-01	3.58158936404740e-03	-2.42993706277561e-04
6.80111413118589e-01	2.84329028657693e-03	-2.71269472105207e-04	6.96231742509067e-01	2.02481012073474e-03	-3.04760471585785e-04
7.12287461544787e-01	1.10966040539995e-03	-3.44827990860885e-04	7.28308242900639e-01	7.68675613923575e-05	-3.93306838124330e-04
7.44327369680814e-01	-1.10064123970433e-03	-4.52717105061229e-04	7.60382809424188e-01	-2.45839181483121e-03	-5.26594908886180e-04
7.76518673038793e-01	-4.04387950564511e-03	-6.20024921896833e-04	7.92787243757599e-01	-5.92196968545988e-03	-7.40528452523925e-04
8.09251874825591e-01	-8.18345980643431e-03	-8.99604670454801e-04	8.25991256403372e-01	-1.09591579644722e-02	-1.11553784574947e-03
8.43105927867522e-01	-1.44440548180818e-02	-1.41880410339179e-03	8.60728651766486e-01	-1.89409903469278e-02	-1.86322912981951e-03
8.79041825836657e-01	-2.49445290480373e-02	-2.55105166599212e-03	8.98308685930843e-01	-3.33145698506009e-02	-3.69563401054229e-03
9.18934171034149e-01	-4.56702343542499e-02	-5.80227247393927e-03	9.41598068564510e-01	-6.53895614374027e-02	-1.03002354659374e-02
9.67598439261917e-01	-1.01526177366339e-01	-2.13794654107828e-02	1.00000000000000e+00	0.00000000000000e+00	0.00000000000000e+00
46	4.15956216307185e+02	7.78071428571429e-01
0.00000000000000e+00	1.65020562672562e-02	-3.95866574167680e-05	3.28802237778349e-02	1.61173576152764e-02	-4.13636812701679e-05
6.47173909464001e-02	1.57395997045040e-02	-4.32772701517425e-05	9.55678983060089e-02	1.53678995458559e-02	-4.53266324569324e-05
1.25484563680260e-01	1.50013985281396e-02	-4.75249117790622e-05	1.54516935774637e-01	1.46392365832759e-02	-4.98868802836228e-05
1.82711575931104e-01	1.42805448007277e-02	-5.24291870818150e-05	2.10112314966646e-01	1.39244375698699e-02	-5.51706515889983e-05
2.36760488107974e-01	1.35700040829652e-02	-5.81326113122671e-05	2.62695150711202e-01	1.32162990081495e-02	-6.13393379877980e-05
2.87953277185829e-01	1.28623321010024e-02	-6.48185353551156e-05	3.12569945321123e-01	1.25070564762604e-02	-6.86019347762024e-05
3.36578508035823e-01	1.21493552253034e-02	-7.27260235584559e-05	3.60010754435986e-01	1.17880259501861e-02	-7.72329231906177e-05
3.82897061970040e-01	1.14217627199396e-02	-8.21714634593462e-05	4.05266541414527e-01	1.10491348274169e-02	-8.75985092836373e-05
4.27147176410889e-01	1.06685615413142e-02	-9.35806014763507e-05	4.48565959307481e-01	1.02782818260718e-02	-1.00195990892615e-04
4.69549025148453e-01	9.87631777472764e-03	-1.07537211487596e-04	4.90121785802395e-01	9.46043002170582e-03	-1.15714319295579e-04
5.10309066454558e-01	9.02806293921876e-03	-1.24859013603817e-04	5.30135247017932e-01	8.57627678640416e-03	-1.35129978296122e-04
5.49624411480631e-01	8.10166278604307e-03	-1.46719750767854e-04	5.68800508845724e-01	7.60023611833360e-03	-1.59863813413041e-04
5.87687530193489e-01	7.06729948086182e-03	-1.74852556618088e-04	6.06309707600666e-01	6.49726764844960e-03	-1.92047419434571e-04
6.24691742313690e-01	5.88343911204170e-03	-2.11902759076787e-04	6.42859071895996e-01	5.21769551339557e-03	-2.34996053832814e-04
6.60838189346578e-01	4.49010071574540e-03	-2.62070126892944e-04	6.78657031880796e-01	3.68835862344996e-03	-2.94093328981671e-04
6.96345463891139e-01	2.79706845002803e-03	-3.32346874579281e-04	7.13935888723141e-01	1.79668412803546e-03	-3.78554281192711e-04
7.31464039207759e-01	6.62032031509607e-04	-4.35077543594620e-04	7.48970020598717e-01	-6.39844460224026e-04	-5.05223483318273e-04
7.66499717255017e-01	-2.15289881313163e-03	-5.93734557747805e-04	7.84106736209015e-01	-3.93700113837669e-03	-7.07606595770738e-04
8.01855165561880e-01	-6.07571602746193e-03	-8.57502551188105e-04	8.19823610736442e-01	-8.68904753585031e-03	-1.06032021689506e-03
8.38111313937932e-01	-1.19552378700573e-02	-1.34412307011211e-03	8.56847831486860e-01	-1.61499831671175e-02	-1.75828434545089e-03
8.76209142569216e-01	-2.17214056383062e-02	-2.39621838811654e-03	8.96446237811632e-01	-2.94444099725322e-02	-3.45220782212885e-03
9.17940236506884e-01	-4.07686863977244e-02	-5.38578019442681e-03	9.41321229865019e-01	-5.86930563841825e-02	-9.50547519847289e-03
9.67769316332719e-01	-9.11263125070203e-02	-1.98567676320534e-02	1.00000000000000e+00	0.00000000000000e+00	0.00000000000000e+00
42	4.15956216307185e+02	8.48714285714286e-01
0.00000000000000e+00	1.80143319292234e-02	-4.65554591155826e-05	3.62814358977511e-02	1.75583963570096e-02	-4.88447869575470e-05
7.13107924165624e-02	1.71114326029984e-02	-5.13199668865649e-05	1.05161539262050e-01	1.66722108739445e-02	-5.39880736887266e-05
1.37902093717658e-01	1.62395255823042e-02	-5.68696820317793e-05	1.69596294704846e-01	1.58121668731825e-02	-5.99881829703719e-05
2.00303830338032e-01	1.53889081274827e-02	-6.33702601708919e-05	2.30080624846599e-01	1.49684925184081e-02	-6.70464611935984e-05
2.58979190205147e-01	1.45496182755518e-02	-7.10518885116418e-05	2.87048947205936e-01	1.41309222443076e-02	-7.54270400760149e-05
3.14336520212676e-01	1.37109612366475e-02	-8.02188340816024e-05	3.40886009440579e-01	1.32881905711002e-02	-8.54818730409157e-05
3.66739244305512e-01	1.28609390193877e-02	-9.12799986629853e-05	3.91936021171667e-01	1.24273792294607e-02	-9.76882401004797e-05
4.16514328701267e-01	1.19854923582488e-02	-1.04795241388178e-04	4.40510563977056e-01	1.15330253830719e-02	-1.12706346057534e-04
4.63959742637109e-01	1.10674389918759e-02	-1.21547513011411e-04	4.86895706450086e-01	1.05858433610315e-02	-1.31470346796503e-04
5.09351332092453e-01	1.00849182408895e-02	-1.42658632420023e-04	5.31358745406829e-01	9.56081248892171e-03	-1.55336890695024e-04
5.52949546180368e-01	9.00901647284202e-03	-1.69781706867322e-04	5.74155049568010e-01	8.42419825499996e-03	-1.86336895221295e-04
5.95006551822711e-01	7.79999099837347e-03	-2.05434129517457e-04	6.15535630168572e-01	7.12871350444022e-03	-2.27621258782174e-04
6.35774489747285e-01	6.40099839760455e-03	-2.53602002190378e-04	6.55756375011300e-01	5.60528994241349e-03	-2.84292231965022e-04
6.75516069413432e-01	4.72715569845583e-03	-3.20901606085888e-04	6.95090516828288e-01	3.74832660976199e-03	-3.65054330146775e-04
7.14519612620343e-01	2.64533238278930e-03	-4.18971734921669e-04	7.33847234639980e-01	1.38752130667963e-03	-4.85756564572393e-04
7.53122619866722e-01	-6.58844308545348e-05	-5.69847778550292e-04	7.72402250282108e-01	-1.77028618931974e-03	-6.77775013529613e-04
7.91752509238123e-01	-3.80279549306706e-03	-8.19460703379793e-04	8.11253541136081e-01	-6.27381098725865e-03	-1.01057498988277e-03
8.31005062622459e-01	-9.34674335359220e-03	-1.27704301671661e-03	8.51135485740729e-01	-1.32733517652756e-02	-1.66428007219510e-03
8.71816982632684e-01	-1.84609708670708e-02	-2.25780205537385e-03	8.93291974031048e-01	-2.56101413392195e-02	-3.23454688850888e-03
9.15923629613198e-01	-3.60228017507315e-02	-5.01090598022036e-03	9.40303240641792e-01	-5.23693002397199e-02	-8.76928087147100e-03
9.67517261426094e-01	-8.16002955997672e-02	-1.82174835175102e-02	1.00000000000000e+00	0.00000000000000e+00	0.00000000000000e+00
38	4.15956216307185e+02	9.19357142857143e-01
0.00000000000000e+00	1.98513990250928e-02	-5.57177313496027e-05	4.03904226422830e-02	1.93011307465540e-02	-5.87464030237239e-05
7.92512418253097e-02	1.87627784470377e-02	-6.20403851552265e-05	1.16680685127888e-01	1.82345619914845e-02	-6.56194421759793e-05
1.52769601713144e-01	1.77147260155146e-02	-6.95174451472713e-05	1.87602218670183e-01	1.72015042843154e-02	-7.37734486655484e-05
2.21256816633264e-01	1.66930972664721e-02	-7.84326736069652e-05	2.53806335993201e-01	1.61876476620810e-02	-8.35477125000761e-05
2.85318923720076e-01	1.56832130950906e-02	-8.91800200568671e-05	3.15858429610372e-01	1.51777350046325e-02	-9.54017687293529e-05
3.45484859818297e-01	1.46690025246092e-02	-1.02298169165405e-04	3.74254794804625e-01	1.41546098471779e-02	-1.09970406920956e-04
4.02221778321843e-01	1.36319050880453e-02	-1.18539370936421e-04	4.29436683749095e-01	1.30979281176227e-02	-1.28150444470565e-04
4.55948064003064e-01	1.25493339809362e-02	-1.38979716229670e-04	4.81802491406881e-01	1.19822973519763e-02	-1.51242091323889e-04
5.07044894343573e-01	1.13923919526495e-02	-1.65202046394919e-04	5.31718898325299e-01	1.07744364303390e-02	-1.81187991975529e-04
5.55867180389633e-01	1.01222950585926e-02	-1.99611778511688e-04	5.79531847660044e-01	9.42861655771310e-03	-2.20995456331696e-04
6.02754853747786e-01	8.68448740048722e-03	-2.46008690464317e-04	6.25578470832638e-01	7.87896464745996e-03	-2.75521774464105e-04
6.48045841389009e-01	6.99843689977242e-03	-3.10682393336315e-04	6.70201642644746e-01	6.02573459986933e-03	-3.53028796163057e-04
6.92092910664776e-01	4.93886831122170e-03	-4.04660957544767e-04	7.13770092259120e-01	3.70920064157865e-03	-4.68505851938694e-04
7.35288426628494e-01	2.29873471661413e-03	-5.48741494465599e-04	7.56709813519851e-01	6.55982035889791e-04	-6.51497973536808e-04
7.78105416946971e-01	-1.29053120179057e-03	-7.86063741048615e-04	7.99559414828576e-01	-3.64284037659701e-03	-9.67060079027471e-04
8.21174599835183e-01	-6.55150100726387e-03	-1.21858725156976e-03	8.43081105642544e-01	-1.02476344878755e-02	-1.58268346266022e-03
8.65450703368874e-01	-1.51036155318089e-02	-2.13811174410838e-03	8.88521720837399e-01	-2.17566365075952e-02	-3.04688918870433e-03
9.12646063915813e-01	-3.13835804484092e-02	-4.68769500693567e-03	9.38387909851022e-01	-4.63792702628429e-02	-8.12766285778843e-03
9.66764976432021e-01	-7.29024525872670e-02	-1.67050052515221e-02	1.00000000000000e+00	0.00000000000000e+00	0.00000000000000e+00
35	4.15956216307185e+02	9.90000000000000e-01
0.00000000000000e+00	2.14804929704746e-02	-6.41596421784296e-05	4.41497118800714e-02	2.08403985383221e-02	-6.79372896954522e-05
8.64968430075185e-02	2.02153320071903e-02	-7.20693478717394e-05	1.27165832990569e-01	1.96028947476594e-02	-7.65905374799924e-05
1.66271084555873e-01	1.90007142631370e-02	-8.15513243588306e-05	2.03918067758786e-01	1.84063977609181e-02	-8.70106321479991e-05
2.40204298162591e-01	1.78174962630471e-02	-9.30376012817646e-05	2.75220208088006e-01	1.72314649375458e-02	-9.97137925937697e-05
3.09049927580688e-01	1.66456181027284e-02	-1.07135964548588e-04	3.41771989654223e-01	1.60570769811570e-02	-1.15419602660705e-04
3.73459972762485e-01	1.54627077495342e-02	-1.24703445856467e-04	4.04183092291903e-01	1.48590466805625e-02	-1.35155342161131e-04
4.34006752121278e-01	1.42422081302029e-02	-1.46979897026167e-04	4.62993066982195e-01	1.36077696698649e-02	-1.60428578702909e-04
4.91201366508113e-01	1.29506265493917e-02	-1.75813217511589e-04	5.18688692569995e-01	1.22648046703064e-02	-1.93524272840140e-04
5.45510302906348e-01	1.15432168134755e-02	-2.14055889211417e-04	5.71720196401615e-01	1.07773403089733e-02	-2.38040797409855e-04
5.97371679022666e-01	9.95678434062808e-03	-2.66299720667718e-04	6.22517994983133e-01	9.06869979512948e-03	-2.99912652131917e-04
6.47213056122629e-01	8.09696028013418e-03	-3.40323778952767e-04	6.71512315325273e-01	7.02100381718962e-03	-3.89499487943645e-04
6.95473849675450e-01	5.81416009269642e-03	-4.50172674208771e-04	7.19159750465106e-01	4.44117709941083e-03	-5.26231581394088e-04
7.42637968156671e-01	2.85446548374901e-03	-6.23359944249113e-04	7.65984845798877e-01	9.88220403882023e-04	-7.50133301635092e-04
7.89288722808832e-01	-1.25110884726720e-03	-9.19983929378754e-04	8.12655260561434e-01	-4.00091621456222e-03	-1.15492280878815e-03
8.36215656839486e-01	-7.47098514473776e-03	-1.49307433497015e-03	8.60139966667355e-01	-1.19971513142531e-02	-2.00525131500973e-03
8.84660059325080e-01	-1.81495951098687e-02	-2.83551786962644e-03	9.10112354554090e-01	-2.69711413606208e-02	-4.31569669936072e-03
9.37025977449440e-01	-4.05578425397133e-02	-7.36167252591291e-03	9.66333124904757e-01	-6.42352311636968e-02	-1.47162651282275e-02
1.00000000000000e+00	0.00000000000000e+00	0.00000000000000e+00
