116	2.68269579527973e+01	1.00000000000000e-03
0.00000000000000e+00	4.54739557518025e-03	-4.39762396164944e-06	1.08375120801411e-02	4.51371527827837e-03	-4.49680421943377e-06
2.15776299330562e-02	4.48000360182177e-03	-4.62249454247221e-06	3.22219463539988e-02	4.44621733344097e-03	-4.74997597454951e-06
4.27720287851845e-02	4.41234948616631e-03	-4.87961969408701e-06	5.32294198221413e-02	4.37839202359780e-03	-5.01170026878661e-06
6.35956378650486e-02	4.34433614846097e-03	-5.14644989002555e-06	7.38721777696856e-02	4.31017243191012e-03	-5.28407856847934e-06
8.40605114947870e-02	4.27589087647440e-03	-5.42478439036209e-06	9.41620887442907e-02	4.24148095704080e-03	-5.56876077073554e-06
1.04178337603719e-01	4.20693163309305e-03	-5.71619900147091e-06	1.14110665170396e-01	4.17223135801259e-03	-5.86729181462076e-06
1.23960458177447e-01	4.13736807628728e-03	-6.02223510437483e-06	1.33729083611730e-01	4.10232921369569e-03	-6.18122738238469e-06
1.43417889325942e-01	4.06710166823965e-03	-6.34447296676832e-06	1.53028204645221e-01	4.03167179678410e-03	-6.51218557079503e-06
1.62561340968690e-01	3.99602538473554e-03	-6.68458047403675e-06	1.72018592366432e-01	3.96014764419306e-03	-6.86188951237732e-06
1.81401236172332e-01	3.92402316152696e-03	-7.04434438669743e-06	1.90710533573493e-01	3.88763589654850e-03	-7.23219483456106e-06
1.99947730196685e-01	3.85096913670524e-03	-7.42570002709719e-06	2.09114056692597e-01	3.81400546359778e-03	-7.62512871843590e-06
2.18210729318525e-01	3.77672671927765e-03	-7.83076388999326e-06	2.27238950520219e-01	3.73911396945736e-03	-8.04290426303922e-06
2.36199909513685e-01	3.70114745738892e-03	-8.26186327884670e-06	2.45094782867728e-01	3.66280655713647e-03	-8.48797052355188e-06
2.53924735088097e-01	3.62406972314555e-03	-8.72157318543287e-06	2.62690919204149e-01	3.58491443820674e-03	-8.96303665576248e-06
2.71394477358971e-01	3.54531715520512e-03	-9.21274754484003e-06	2.80036541403948e-01	3.50525324362305e-03	-9.47112004934247e-06
2.88618233498860e-01	3.46469689227757e-03	-9.73857826358504e-06	2.97140666718714e-01	3.42362108525651e-03	-1.00155891353815e-05
3.05604945668318e-01	3.38199746951884e-03	-1.03026289959285e-05	3.14012167106151e-01	3.33979632971082e-03	-1.06002239217418e-05
3.22363420578585e-01	3.29698643231224e-03	-1.09089091357983e-05	3.30659789066261e-01	3.25353498872571e-03	-1.12292712919349e-05
3.38902349643835e-01	3.20940751913978e-03	-1.15619309122295e-05	3.47092174155020e-01	3.16456773382812e-03	-1.19075419657833e-05
3.55230329904651e-01	3.11897742391110e-03	-1.22668042110696e-05	3.63317880369668e-01	3.07259632700352e-03	-1.26404657976309e-05
3.71355885931138e-01	3.02538197883684e-03	-1.30293244033908e-05	3.79345404629599e-01	2.97728955786747e-03	-1.34342316397973e-05
3.87287492946136e-01	2.92827171575238e-03	-1.38560979032754e-05	3.95183206611869e-01	2.87827839472721e-03	-1.42958984588049e-05
4.03033601448710e-01	2.82725662854388e-03	-1.47546788515918e-05	4.10839734244541e-01	2.77515031305953e-03	-1.52335550709370e-05
4.18602663666254e-01	2.72189998006600e-03	-1.57337256203594e-05	4.26323451214353e-01	2.66744254674012e-03	-1.62564855461511e-05
4.34003162223175e-01	2.61171103354796e-03	-1.68032352625413e-05	4.41642866911270e-01	2.55463418893154e-03	-1.73754445240704e-05
4.49243641487006e-01	2.49613627394862e-03	-1.79747454496226e-05	4.56806569314330e-01	2.43613658680086e-03	-1.86028735080779e-05
4.64332742145244e-01	2.37454908149370e-03	-1.92616970742243e-05	4.71823261425229e-01	2.31128197535768e-03	-1.99532676290470e-05
4.79279239678834e-01	2.24623715658323e-03	-2.06797695747607e-05	4.86701801983872e-01	2.17930972756886e-03	-2.14435940979474e-05
4.94092087542732e-01	2.11038740128000e-03	-2.22473548545654e-05	5.01451251360973e-01	2.03934971304509e-03	-2.30938282128612e-05
5.08780466044575e-01	1.96606750717709e-03	-2.39861214814674e-05	5.16080923727422e-01	1.89040193698475e-03	-2.49275785315639e-05
5.23353838143806e-01	1.81220358156708e-03	-2.59218242881776e-05	5.30600446861030e-01	1.73131155224793e-03	-2.69728735531327e-05
5.37822013689272e-01	1.64755228647029e-03	-2.80851166909457e-05	5.45019831288846e-01	1.56073828014835e-03	-2.92633538470088e-05
5.52195223996810e-01	1.47066668512430e-03	-3.05128483715222e-05	5.59349550897936e-01	1.37711778593852e-03	-3.18394178606685e-05
5.66484209168295e-01	1.27985319611001e-03	-3.32494787624871e-05	5.73600637723878e-01	1.17861385957507e-03	-3.47501191575450e-05
5.80700321210907e-01	1.07311779739305e-03	-3.63491852031217e-05	5.87784794379758e-01	9.63057562274994e-04	-3.80553829442132e-05
5.94855646890468e-01	8.48097345469423e-04	-3.98783925021906e-05	6.01914528604970e-01	7.27869685606120e-04	-4.18290005024247e-05
6.08963155429501e-01	6.01971720923355e-04	-4.39192568615354e-05	6.16003315780482e-01	4.69960897957478e-04	-4.61626529399961e-05
6.23036877758810e-01	3.31350049977086e-04	-4.85743317375498e-05	6.30065797131255e-01	1.85601743704078e-04	-5.11713369155675e-05
6.37092126234126e-01	3.21217471008772e-05	-5.39729012993817e-05	6.44118023933978e-01	-1.29748523482465e-04	-5.70007926554705e-05
6.51145766803703e-01	-3.00740783942932e-04	-6.02797193196558e-05	6.58177761700818e-01	-4.81670109674703e-04	-6.38378175632504e-05
6.65216559969140e-01	-6.73446905327668e-04	-6.77072333357120e-05	6.72264873526994e-01	-8.77090963561034e-04	-7.19248207066148e-05
6.79325593156333e-01	-1.09374804773665e-03	-7.65329855345609e-05	6.86401809370215e-01	-1.32470953377073e-03	-8.15807093272891e-05
6.93496836314003e-01	-1.57143578004393e-03	-8.71248007210390e-05	7.00614239252628e-01	-1.83558406550421e-03	-9.32314333303985e-05
7.07757866317546e-01	-2.11904215169556e-03	-9.99780515271720e-05	7.14931885339904e-01	-2.42396881173490e-03	-1.07455749007279e-04
7.22140826790212e-01	-2.75284339175808e-03	-1.15772028550953e-04	7.29389634093432e-01	-3.10852597527023e-03	-1.25054557076343e-04
7.36683722905775e-01	-3.49433098784635e-03	-1.35456191937777e-04	7.44029051353612e-01	-3.91411922261009e-03	-1.47160807859814e-04
7.51432203780371e-01	-4.37241408008116e-03	-1.60389838019137e-04	7.58900491267034e-01	-4.87454147821675e-03	-1.75414950068342e-04
7.66442073132471e-01	-5.42681776655918e-03	-1.92567469184057e-04	7.74066104952348e-01	-6.03677689920479e-03	-2.12259720262731e-04
7.81782920351558e-01	-6.71347718007487e-03	-2.35004301418540e-04	7.89604256330304e-01	-7.46788976826107e-03	-2.61447866960474e-04
7.97543535260585e-01	-8.31341682624120e-03	-2.92412991846014e-04	8.05616221607870e-01	-9.26658108381284e-03	-3.28956832498672e-04
8.13840278474214e-01	-1.03479544982823e-02	-3.72454612018291e-04	8.22236759432639e-01	-1.15834331742604e-02	-4.24714810784099e-04
8.30830586689807e-01	-1.30059982832058e-02	-4.88150159270839e-04	8.39651590370273e-01	-1.46582077475284e-02	-5.66019141539087e-04
8.48735920974512e-01	-1.65957528596641e-02	-6.62789268458530e-04	8.58128006683051e-01	-1.88926503295159e-02	-7.84668604760341e-04
8.67883325543023e-01	-2.16489367364157e-02	-9.40398144147814e-04	8.78072429388699e-01	-2.50022797470277e-02	-1.14241485440991e-03
8.88786948854692e-01	-2.91457980753689e-02	-1.40848185309550e-03	9.00148840082307e-01	-3.43557360994968e-02	-1.76373714802280e-03
9.12325135851483e-01	-4.10346479504369e-02	-2.24250537054949e-03	9.25552434035826e-01	-4.97777166125474e-02	-2.88845414116690e-03
9.40179417486607e-01	-6.14679731499965e-02	-3.76197880164164e-03	9.56744727465007e-01	-7.73636344657758e-02	-5.14752659085937e-03
9.76132357784483e-01	-9.51412565304074e-02	-1.49525496134022e-02	1.00000000000000e+00	0.00000000000000e+00	0.00000000000000e+00
61	2.68269579527973e+01	7.16428571428571e-02
0.00000000000000e+00	8.72359984148674e-03	-1.62692170926348e-05	2.08282025291172e-02	8.59979313590054e-03	-1.71310935659363e-05
4.13012353374172e-02	8.47551669718372e-03	-1.80315467031011e-05	6.14301579540020e-02	8.35065167242477e-03	-1.89655080218287e-05
8.12256979195025e-02	8.22507706304720e-03	-1.99385193193624e-05	1.00698267648982e-01	8.09865700827794e-03	-2.09555515313653e-05
1.19857981202293e-01	7.97124249483638e-03	-2.20214924371298e-05	1.38714670741806e-01	7.84267163569208e-03	-2.31413579621087e-05
1.57277902671343e-01	7.71276931372000e-03	-2.43204252527995e-05	1.75556993479825e-01	7.58134642016128e-03	-2.55643293292085e-05
1.93561025328884e-01	7.44819879623337e-03	-2.68791528312828e-05	2.11298861433866e-01	7.31310590075362e-03	-2.82715113102405e-05
2.28779161295618e-01	7.17582921431070e-03	-2.97486429805538e-05	2.46010395847537e-01	7.03611036891205e-03	-3.13185075271338e-05
2.63000862589350e-01	6.89366897261001e-03	-3.29898931963335e-05	2.79758700786697e-01	6.74820010155841e-03	-3.47725401579346e-05
2.96291906823957e-01	6.59937141364342e-03	-3.66772832856022e-05	3.12608349807517e-01	6.44681981617801e-03	-3.87162112265305e-05
3.28715787528155e-01	6.29014763802460e-03	-4.09028589800631e-05	3.44621882904703e-01	6.12891819592476e-03	-4.32524230316034e-05
3.60334221047449e-01	5.96265068429580e-03	-4.57820259489594e-05	3.75860327099075e-01	5.79081423641581e-03	-4.85110210295403e-05
3.91207685034515e-01	5.61282100835769e-03	-5.14613488780125e-05	4.06383757629498e-01	5.42801812670635e-03	-5.46579753382126e-05
4.21396007841942e-01	5.23567824526983e-03	-5.81294085120199e-05	4.36251921892577e-01	5.03498843528782e-03	-6.19083172439527e-05
4.50959034382722e-01	4.82503708145399e-03	-6.60322879320052e-05	4.65524955850529e-01	4.60479829450899e-03	-7.05447136135628e-05
4.79957403245773e-01	4.37311347348723e-03	-7.54959673441302e-05	4.94264233900005e-01	4.12866900450837e-03	-8.09446964367133e-05
5.08453483692551e-01	3.86996966331954e-03	-8.69595825687686e-05	5.22533410264388e-01	3.59530626948024e-03	-9.36214283673298e-05
5.36512542328114e-01	3.30271635699231e-03	-1.01025803139532e-04	5.50399736369653e-01	2.98993601106590e-03	-1.09286391835273e-04
5.64204242356540e-01	2.65434048192992e-03	-1.18539259783557e-04	5.77935780481328e-01	2.29287040577630e-03	-1.28948307648535e-04
5.91604631509779e-01	1.90193942768890e-03	-1.40712301864632e-04	6.05221744017873e-01	1.47731792916606e-03	-1.54074247124436e-04
6.18798862752900e-01	1.01398460234514e-03	-1.69333473481137e-04	6.32348683641528e-01	5.05936081544700e-04	-1.86862008039190e-04
6.45885042718053e-01	-5.40600658077706e-05	-2.07126771375687e-04	6.59423148670515e-01	-6.74790183678664e-04	-2.30719552658298e-04
6.72979872103669e-01	-1.36702478814488e-03	-2.58399513128005e-04	6.86574109447488e-01	-2.14409949349847e-03	-2.91151964552983e-04
7.00227246454660e-01	-3.02270607150468e-03	-3.30274267502872e-04	7.13963756540537e-01	-4.02399184489721e-03	-3.77500201351744e-04
7.27811984771862e-01	-5.17511086570910e-03	-4.35186471777538e-04	7.41805192214073e-01	-6.51145664087549e-03	-5.06598077132381e-04
7.55982973092089e-01	-8.07994715808114e-03	-5.96355752857436e-04	7.70393218500680e-01	-9.94397735264196e-03	-7.11158055020311e-04
7.85094903122141e-01	-1.21910887023372e-02	-8.60988176288213e-04	8.00162149957513e-01	-1.49452333602605e-02	-1.06119805306637e-03
8.15690351787872e-01	-1.83870825824629e-02	-1.33626784787078e-03	8.31805743924504e-01	-2.27890718682389e-02	-1.72689462230236e-03
8.48681063302324e-01	-2.85788087008431e-02	-2.30402880243119e-03	8.66562601913905e-01	-3.64602814770812e-02	-3.19803963430876e-03
8.85820207974943e-01	-4.76609830012515e-02	-4.66123965769705e-03	9.07047886346089e-01	-6.44752774895275e-02	-7.19655823301735e-03
9.31289410543199e-01	-9.15485061583200e-02	-1.17581401125626e-02	9.60620532689818e-01	-1.37663529902319e-01	-2.19257224050746e-02
1.00000000000000e+00	0.00000000000000e+00	0.00000000000000e+00
50	2.68269579527973e+01	1.42285714285714e-01
0.00000000000000e+00	1.06926388806423e-02	-2.44699081972666e-05	2.56612891324639e-02	1.05069052489313e-02	-2.60513772321058e-05
5.07889707181666e-02	1.03203277858592e-02	-2.77069539194041e-05	7.54033259441802e-02	1.01326488147409e-02	-2.94441036818860e-05
9.95238959601403e-02	9.94357833722992e-03	-3.12765516523594e-05	1.23169528850055e-01	9.75279014650776e-03	-3.32174438670840e-05
1.46358425685904e-01	9.55992359020752e-03	-3.52803448315786e-05	1.69108185438654e-01	9.36458238751459e-03	-3.74797565934060e-05
1.91435848844345e-01	9.16633187239557e-03	-3.98314940268651e-05	2.13357941400318e-01	8.96469509185471e-03	-4.23530358484303e-05
2.34890515712700e-01	8.75914783261811e-03	-4.50638782518720e-05	2.56049193452546e-01	8.54911255875712e-03	-4.79859263053939e-05
2.76849207212121e-01	8.33395114744673e-03	-5.11439429280447e-05	2.97305442589645e-01	8.11295624027730e-03	-5.45660711710472e-05
3.17432480873411e-01	7.88534097580640e-03	-5.82844550143236e-05	3.37244642747417e-01	7.65022679256755e-03	-6.23359844875715e-05
3.56756033503574e-01	7.40662889724675e-03	-6.67631911464017e-05	3.75980590323796e-01	7.15343892275722e-03	-7.16153511626239e-05
3.94932132292954e-01	6.88940410228023e-03	-7.69498240880129e-05	4.13624413927135e-01	6.61310218185895e-03	-8.28337155109882e-05
4.32071183157439e-01	6.32291105062532e-03	-8.93459619732972e-05	4.50286244907949e-01	6.01697165997894e-03	-9.65798954621899e-05
4.68283531661477e-01	5.69314266642795e-03	-1.04646550372678e-04	4.86077182733626e-01	5.34894438067801e-03	-1.13678826581864e-04
5.03681634402737e-01	4.98148908759122e-03	-1.23836830016266e-04	5.21111723601193e-01	4.58739388638918e-03	-1.35314870048697e-04
5.38382808610656e-01	4.16267042429319e-03	-1.48350489983518e-04	5.55510911190394e-01	3.70258463488993e-03	-1.63236563006652e-04
5.72512885894834e-01	3.20147613017463e-03	-1.80337353718585e-04	5.89406624153120e-01	2.65252356052526e-03	-2.00110341498361e-04
6.06211303191750e-01	2.04743620151526e-03	-2.23136181015215e-04	6.22947693401287e-01	1.37604355236065e-03	-2.50160423676427e-04
6.39638542760347e-01	6.25741838894411e-04	-2.82152545269421e-04	6.56309064189002e-01	-2.19263150941340e-04	-3.20391196302783e-04
6.72987562410875e-01	-1.17900946362681e-03	-3.66589262500439e-04	6.89706253032871e-01	-2.27927067791556e-03	-4.23081624911781e-04
7.06502351397521e-01	-3.55371025978046e-03	-4.93114418976592e-04	7.23419548031324e-01	-5.04706486869133e-03	-5.81301918812560e-04
7.40510051400439e-01	-6.81996722148015e-03	-6.94371545689076e-04	7.57837486046453e-01	-8.95646512688120e-03	-8.42422149421873e-04
7.75481121479565e-01	-1.15761369150835e-02	-1.04113455770549e-03	7.93542248398755e-01	-1.48543604906944e-02	-1.31584264873541e-03
8.12154172394591e-01	-1.90577550804272e-02	-1.70943995233697e-03	8.31498624425029e-01	-2.46094418992573e-02	-2.29872505842699e-03
8.51834291193094e-01	-3.22168282828450e-02	-3.23069958952549e-03	8.73550094958913e-01	-4.31411185902491e-02	-4.80963692754988e-03
8.97274288085603e-01	-5.98207051948193e-02	-7.71981448367343e-03	9.24126858301495e-01	-8.75025223952338e-02	-1.35719964378007e-02
9.56409718017952e-01	-1.39530965239350e-01	-2.54175888627075e-02	1.00000000000000e+00	0.00000000000000e+00	0.00000000000000e+00
47	2.68269579527973e+01	2.12928571428571e-01
0.00000000000000e+00	1.14012177217886e-02	-2.77019006538204e-05	2.75512694287831e-02	1.11905499612746e-02	-2.95870311737279e-05
5.44927694820763e-02	1.09789433903280e-02	-3.15654851610336e-05	8.08491504907929e-02	1.07660654256625e-02	-3.36503292612811e-05
1.06644103513875e-01	1.05515376808212e-02	-3.58595291223285e-05	1.31900425467921e-01	1.03349347667032e-02	-3.82106623080247e-05
1.56640082667688e-01	1.01157854908427e-02	-4.07221540323910e-05	1.80884272606191e-01	9.89357039589445e-03	-4.34139654401644e-05
2.04653484176954e-01	9.66771721105064e-03	-4.63081285897449e-05	2.27967556643794e-01	9.43759467298966e-03	-4.94292720012446e-05
2.50845737728177e-01	9.20250473871653e-03	-5.28051722561429e-05	2.73306741238945e-01	8.96167310480056e-03	-5.64673893477252e-05
2.95368804724339e-01	8.71423777522939e-03	-6.04520044498180e-05	3.17049747689320e-01	8.45923535156512e-03	-6.48005040451149e-05
3.38367030996880e-01	8.19558457056746e-03	-6.95608386405144e-05	3.59337818166127e-01	7.92206654399075e-03	-7.47887348551135e-05
3.79979039397833e-01	7.63730089223769e-03	-8.05492944122577e-05	4.00307459308401e-01	7.33971681830492e-03	-8.69189783980762e-05
4.20339749544662e-01	7.02751790058698e-03	-9.39881120383124e-05	4.40092567697579e-01	6.69863891560318e-03	-1.01864024061538e-04
4.59582644251224e-01	6.35069256650289e-03	-1.10675029203033e-04	4.78826879716836e-01	5.98090339622126e-03	-1.20575588516525e-04
4.97842454643257e-01	5.58602497138705e-03	-1.31752918121064e-04	5.16646955912632e-01	5.16223547538308e-03	-1.44435682994049e-04
5.35258523685375e-01	4.70500481575464e-03	-1.58905481856708e-04	5.53696024647766e-01	4.20892379149729e-03	-1.75512146902479e-04
5.71979258973822e-01	3.66748244138826e-03	-1.94694524359607e-04	5.90129210839151e-01	3.07277890593327e-03	-2.17008859570544e-04
6.08168355723787e-01	2.41513273586791e-03	-2.43168404265859e-04	6.26121042567973e-01	1.68256405924794e-03	-2.74099325423105e-04
6.44013975823177e-01	8.60081977176241e-04	-3.11021171417014e-04	6.61876832706824e-01	-7.13035262750461e-05	-3.55564901522776e-04
6.79743066386994e-01	-1.13597818773248e-03	-4.09949840190382e-04	6.97650969503014e-01	-2.36573710820676e-03	-4.77255418484201e-04
7.15645109727590e-01	-3.80275336719516e-03	-5.61849959886507e-04	7.33778309522307e-01	-5.50406553428984e-03	-6.70088504266531e-04
7.52114443403352e-01	-7.54855744846683e-03	-8.11488931671267e-04	7.70732501714136e-01	-1.00481743717350e-02	-1.00079593170221e-03
7.89732688265524e-01	-1.31666378531092e-02	-1.26177742292066e-03	8.09245925614806e-01	-1.71520771337180e-02	-1.63459956675971e-03
8.29449367109187e-01	-2.23969475611308e-02	-2.19111052661103e-03	8.50593173208339e-01	-2.95550635307227e-02	-3.06901760845246e-03
8.73050102580038e-01	-3.97879376670823e-02	-4.55532815134463e-03	8.97416088716185e-01	-5.53338333954891e-02	-7.30954587897714e-03
9.24740516665975e-01	-8.09981527967762e-02	-1.29857051528188e-02	9.57150084619361e-01	-1.29731506178240e-01	-2.46184915035872e-02
1.00000000000000e+00	0.00000000000000e+00	0.00000000000000e+00
45	2.68269579527973e+01	2.83571428571429e-01
0.00000000000000e+00	1.19305422115967e-02	-3.01293833806504e-05	2.90434389996845e-02	1.17005847901237e-02	-3.22453864491923e-05
5.74151281116048e-02	1.14696647575707e-02	-3.44710501094525e-05	8.51434110007028e-02	1.12373847162457e-02	-3.68238415064948e-05
1.12255475153462e-01	1.10032910694524e-02	-3.93252498593899e-05	1.38777434046089e-01	1.07668744375091e-02	-4.19966172722219e-05
1.64734406986305e-01	1.05275701340044e-02	-4.48605669656210e-05	1.90150596535739e-01	1.02847544020510e-02	-4.79418357051120e-05
2.15049363834612e-01	1.00377381290124e-02	-5.12679618915879e-05	2.39453302273797e-01	9.78575846151086e-03	-5.48699729183699e-05
2.63384310041040e-01	9.52796832290903e-03	-5.87831449219145e-05	2.86863662140403e-01	9.26342360279531e-03	-6.30478758332220e-05
3.09912082561308e-01	8.99106765641600e-03	-6.77107255990794e-05	3.32549817364506e-01	8.70971258633313e-03	-7.28256738793398e-05
3.54796709564829e-01	8.41801662455888e-03	-7.84556681090454e-05	3.76672276832775e-01	8.11445667100053e-03	-8.46745199432064e-05
3.98195793219146e-01	7.79729487639558e-03	-9.15692977614402e-05	4.19386376340788e-01	7.46453766666000e-03	-9.92433111528523e-05
4.40263081769466e-01	7.11388528560231e-03	-1.07819928068631e-04	4.60845006760869e-01	6.74266914548127e-03	-1.17447438003238e-04
4.81151405980150e-01	6.34777353501970e-03	-1.28305353310321e-04	5.01201822566253e-01	5.92553695689579e-03	-1.40612630334047e-04
5.21016238792528e-01	5.47162673648893e-03	-1.54638523840678e-04	5.40615251813789e-01	4.98087807232617e-03	-1.70717023349143e-04
5.60020281669030e-01	4.44708558046347e-03	-1.89266450322689e-04	5.79253821021395e-01	3.86272986559510e-03	-2.10816112995005e-04
5.98339739351132e-01	3.21861512897170e-03	-2.36043489941995e-04	6.17303658895995e-01	2.50338196501732e-03	-2.65826546854697e-04
6.36173426236963e-01	1.70284320123626e-03	-3.01318881059665e-04	6.54979713109217e-01	7.99063871779415e-04	-3.44059654359574e-04
6.73756794509181e-01	-2.30935894016016e-04	-3.96137887469727e-04	6.92543574338564e-01	-1.41704560878109e-03	-4.60444085065292e-04
7.11384963596149e-01	-2.79880499920593e-03	-5.41065912142757e-04	7.30333772207646e-01	-4.42953259769296e-03	-6.43929771594998e-04
7.49453368937024e-01	-6.38272264547557e-03	-7.77878046777092e-04	7.68821524959644e-01	-8.76228045100891e-03	-9.56552216214268e-04
7.88536146696088e-01	-1.17195218861242e-02	-1.20184081235930e-03	8.08724151652905e-01	-1.54826551893164e-02	-1.55055197192522e-03
8.29555838710434e-01	-2.04106031495535e-02	-2.06819062497821e-03	8.51269461213047e-01	-2.70974475298010e-02	-2.87971855728864e-03
8.74216223373028e-01	-3.65906996189552e-02	-4.24492158120127e-03	8.98950275041378e-01	-5.08912605762321e-02	-6.76382374407036e-03
9.26431239756378e-01	-7.42464833700606e-02	-1.19906872234601e-02	9.58561644530274e-01	-1.18138113096456e-01	-2.31317323462772e-02
1.00000000000000e+00	0.00000000000000e+00	0.00000000000000e+00
43	2.68269579527973e+01	3.54214285714286e-01
0.00000000000000e+00	1.25091945907119e-02	-3.28347460472056e-05	3.06805789178022e-02	1.22573871079361e-02	-3.52182317686633e-05
6.06181852634462e-02	1.20046088386991e-02	-3.77316105488745e-05	8.98455881283871e-02	1.17503818849425e-02	-4.03976072997914e-05
1.18394152812229e-01	1.14941597153122e-02	-4.32421462546184e-05	1.46293945348317e-01	1.12353290549398e-02	-4.62913680299160e-05
1.73573833651914e-01	1.09732092641528e-02	-4.95732990140052e-05	2.00261585325820e-01	1.07070467546884e-02	-5.31188823038597e-05
2.26383962623299e-01	1.04360062828821e-02	-5.69628718720683e-05	2.51966815218358e-01	1.01591595222519e-02	-6.11447638778628e-05
2.77035171537993e-01	9.87547079153295e-03	-6.57098406409151e-05	3.01613329509636e-01	9.58377958081003e-03	-7.07104059554098e-05
3.25724947687277e-01	9.28277928167232e-03	-7.62072787112711e-05	3.49393137854634e-01	8.97099129200618e-03	-8.22716173349836e-05
3.72640560374703e-01	8.64673344516564e-03	-8.89871976585965e-05	3.95489523775091e-01	8.30808131324634e-03	-9.64532599614376e-05
4.17962090345065e-01	7.95282055585655e-03	-1.04788127415656e-04	4.40080189894428e-01	7.57838780931097e-03	-1.14133810398487e-04
4.61865744317318e-01	7.18179691478205e-03	-1.24661972336515e-04	4.83340806255914e-01	6.75954604063222e-03	-1.36581679836212e-04
5.04527716030224e-01	6.30749982473433e-03	-1.50149625655960e-04	5.25449282172277e-01	5.82073836624364e-03	-1.65683723136079e-04
5.46128992498608e-01	5.29336186500484e-03	-1.83581451866699e-04	5.66591264849988e-01	4.71823497963353e-03	-2.04344853398819e-04
5.86861749688797e-01	4.08664859079066e-03	-2.28615264847187e-04	6.06967701071067e-01	3.38786600085883e-03	-2.57222047201466e-04
6.26938438731056e-01	2.60850583501648e-03	-2.91252459673874e-04	6.46805933106882e-01	1.73168927812917e-03	-3.32153545366642e-04
6.66605558694834e-01	7.35841161076722e-04	-3.81883979684750e-04	6.86377081778661e-01	-4.07028504019302e-04	-4.43145804912781e-04
7.06165980836035e-01	-1.73384168450019e-03	-5.19747559351247e-04	7.26025249686613e-01	-3.29423044865296e-03	-6.17190772115528e-04
7.46017919129921e-01	-5.15636686554510e-03	-7.43650617999858e-04	7.66220679783863e-01	-7.41624924576179e-03	-9.11681984243184e-04
7.86729251451692e-01	-1.02130454941666e-02	-1.14132893819296e-03	8.07666636622867e-01	-1.37555532182987e-02	-1.46611011356179e-03
8.29196372267902e-01	-1.83701924101594e-02	-1.94531896377881e-03	8.51544967833664e-01	-2.45934702470589e-02	-2.69137707276634e-03
8.75042504923061e-01	-3.33636323868506e-02	-3.93682579880950e-03	9.00202652117741e-01	-4.64553955838383e-02	-6.21870483812970e-03
9.27899438825422e-01	-6.75876372236585e-02	-1.09554036896626e-02	9.59825644533020e-01	-1.06674594957265e-01	-2.14481799395299e-02
1.00000000000000e+00	0.00000000000000e+00	0.00000000000000e+00
41	2.68269579527973e+01	4.24857142857143e-01
0.00000000000000e+00	1.31442272545597e-02	-3.58629691066259e-05	3.24806984810289e-02	1.28675337736364e-02	-3.85586378861547e-05
6.41361794582419e-02	1.25898831952520e-02	-4.14093968166274e-05	9.50045511847567e-02	1.23106969397564e-02	-4.44443646865356e-05
1.25122204045257e-01	1.20293126931432e-02	-4.76951177290630e-05	1.54523944715221e-01	1.17449875404780e-02	-5.11939870502243e-05
1.83243125433322e-01	1.14568957146579e-02	-5.49760451094006e-05	2.11311768627257e-01	1.11641204311856e-02	-5.90804047868598e-05
2.38760687661307e-01	1.08656417918924e-02	-6.35514130098436e-05	2.65619604658934e-01	1.05603210589684e-02	-6.84399266888125e-05
2.91917266491090e-01	1.02468810388507e-02	-7.38047935444630e-05	3.17681560158466e-01	9.92388192567062e-03	-7.97146211686250e-05
3.42939628958416e-01	9.58969170212920e-03	-8.62499637879210e-05	3.67717991031869e-01	9.24244976645094e-03	-9.35060286186840e-05
3.92042662151948e-01	8.88002213315775e-03	-1.01596110753555e-04	4.15939284964978e-01	8.49994587410241e-03	-1.10655947862526e-04
4.39433267357018e-01	8.09935982296750e-03	-1.20849338318019e-04	4.62549933232942e-01	7.67491747487470e-03	-1.32375448189670e-04
4.85314689817065e-01	7.22267656656861e-03	-1.45478397379106e-04	5.07753216692728e-01	6.73795786593345e-03	-1.60460008511221e-04
5.29891683305939e-01	6.21516277367973e-03	-1.77696953691298e-04	5.51757003731833e-01	5.64753515048855e-03	-1.97664100029638e-04
5.73377140389363e-01	5.02684672118292e-03	-2.20966794711286e-04	5.94781472462204e-01	4.34297611473378e-03	-2.48386164315217e-04
6.16001250620327e-01	3.58333761846241e-03	-2.80943769963349e-04	6.37070168143354e-01	2.73209395262963e-03	-3.19995669974649e-04
6.58025091184075e-01	1.76905269497563e-03	-3.67372168077029e-04	6.78907010088031e-01	6.68089357190427e-04	-4.25590264433895e-04
6.99762303490589e-01	-6.05154338145342e-04	-4.98185341618829e-04	7.20644454493313e-01	-2.09671184600635e-03	-5.90244660238159e-04
7.41616436527005e-01	-3.86957946252353e-03	-7.09295181521075e-04	7.62754119937750e-01	-6.01209823105353e-03	-8.66840477206532e-04
7.84151286988172e-01	-8.65172869796282e-03	-1.08114627983125e-03	8.05927282811318e-01	-1.19786606225686e-02	-1.38257112889106e-03
8.28239193813082e-01	-1.62883408288794e-02	-1.82445323988900e-03	8.51302258641972e-01	-2.20627626846991e-02	-2.50718096224345e-03
8.75426347145375e-01	-3.01374378624459e-02	-3.63690249221316e-03	9.01086763868081e-01	-4.20760618108854e-02	-5.68749102932342e-03
9.29077670107897e-01	-6.11101959463034e-02	-9.92028765170905e-03	9.60900129758431e-01	-9.56955517505997e-02	-1.95065918168185e-02
1.00000000000000e+00	0.00000000000000e+00	0.00000000000000e+00
39	2.68269579527973e+01	4.95500000000000e-01
0.00000000000000e+00	1.38442310112625e-02	-3.92709908596522e-05	3.44663333535752e-02	1.35390132993056e-02	-4.23339944159995e-05
6.80119204627026e-02	1.32328828646573e-02	-4.55836975681301e-05	1.00681362344295e-01	1.29251341292951e-02	-4.90571377573801e-05
1.32517139839050e-01	1.26149591457330e-02	-5.27931897889022e-05	1.63559787500759e-01	1.23014516147257e-02	-5.68322831793200e-05
1.93848060410032e-01	1.19836022044302e-02	-6.12188063040531e-05	2.23419094481116e-01	1.16602867058579e-02	-6.60027889409776e-05
2.52308561437978e-01	1.13302491039635e-02	-7.12415264347843e-05	2.80550819867772e-01	1.09920797163259e-02	-7.70013755864163e-05
3.08179063944820e-01	1.06441878587411e-02	-8.33598877167940e-05	3.35225471616772e-01	1.02847679766769e-02	-9.04084128994231e-05
3.61721354290456e-01	9.91175775504227e-03	-9.82553598007918e-05	3.87697310374986e-01	9.52278612899460e-03	-1.07030320687818e-04
4.13183385465279e-01	9.11510843361829e-03	-1.16889363283468e-04	4.38209242518687e-01	8.68552494797048e-03	-1.28021885892338e-04
4.62804346144288e-01	8.23027779498386e-03	-1.40659608792504e-04	4.86998166162200e-01	7.74491927595911e-03	-1.55088489739663e-04
5.10820407005863e-01	7.22414209048461e-03	-1.71664704776475e-04	5.34301271488172e-01	6.66155811923930e-03	-1.90836384118098e-04
5.57471770161982e-01	6.04940678876864e-03	-2.13173558566204e-04	5.80364091324089e-01	5.37816576224137e-03	-2.39410083358482e-04
6.03012052170198e-01	4.63602399814111e-03	-2.70503323841265e-04	6.25451659541353e-01	3.80815745190266e-03	-3.07720646922194e-04
6.47721820446716e-01	2.87571691662469e-03	-3.52767601238257e-04	6.69865260294045e-01	1.81438626939801e-03	-4.07981931726642e-04
6.91929734217237e-01	5.92285779177582e-04	-4.76635338075626e-04	7.13969660487197e-01	-8.33150216445588e-04	-5.63416625850133e-04
7.36048376320106e-01	-2.51994924938193e-03	-6.75231792994113e-04	7.58241337118100e-01	-4.54913355227826e-03	-8.22581423618463e-04
7.80640792659962e-01	-7.03702911412341e-03	-1.02204217634894e-03	8.03362865215864e-01	-1.01562278266784e-02	-1.30098366879405e-03
8.26558715688651e-01	-1.41730687165762e-02	-1.70713208445372e-03	8.50433062685243e-01	-1.95186765114129e-02	-2.32955357669140e-03
8.75276864335850e-01	-2.69334469287206e-02	-3.34946848985296e-03	9.01529765085458e-01	-3.77874701072215e-02	-5.17986719060293e-03
9.29912726995989e-01	-5.48713372921023e-02	-8.91762567679999e-03	9.61754773993905e-01	-8.53549191621420e-02	-1.74111277493110e-02
1.00000000000000e+00	0.00000000000000e+00	0.00000000000000e+00
36	2.68269579527973e+01	5.66142857142857e-01
0.00000000000000e+00	1.50375000277201e-02	-4.56828786512542e-05	3.76976454890188e-02	1.46797450265896e-02	-4.94976133471603e-05
7.43046100942772e-02	1.43210667089582e-02	-5.35679337048123e-05	1.09877971218089e-01	1.39604884512501e-02	-5.79485255365331e-05
1.44471864759993e-01	1.35968889734357e-02	-6.26952833608918e-05	1.78137746574582e-01	1.32290068389418e-02	-6.78677705612252e-05
2.10924641823383e-01	1.28554293729539e-02	-7.35326767404842e-05	2.42879383670365e-01	1.24745712659549e-02	-7.97665240750423e-05
2.74046843569535e-01	1.20846450082703e-02	-8.66584765135681e-05	3.04470155751821e-01	1.16836228018320e-02	-9.43136140054701e-05
3.34190938845534e-01	1.12691884965301e-02	-1.02856961923692e-04	3.63249517954877e-01	1.08386771713016e-02	-1.12438570964324e-04
3.91685151036236e-01	1.03889990410022e-02	-1.23240060805330e-04	4.19536264112174e-01	9.91654304200340e-03	-1.35483148733240e-04
4.46840700825170e-01	9.41705375457857e-03	-1.49440926967115e-04	4.73635993160172e-01	8.88547281836316e-03	-1.65452941449207e-04
4.99959662006979e-01	8.31573257335783e-03	-1.83945672217023e-04	5.25849558808243e-01	7.70048435609638e-03	-2.05460667587420e-04
5.51344263178155e-01	7.03073641289098e-03	-2.30693880938881e-04	5.76483556581814e-01	6.29536460680669e-03	-2.60551530739228e-04
6.01308999727105e-01	5.48044121132452e-03	-2.96230929844432e-04	6.25864652495868e-01	4.56829865739494e-03	-3.39339870783606e-04
6.50197992089346e-01	3.53619905952129e-03	-3.92077018697590e-04	6.74361111044449e-01	2.35440392384678e-03	-4.57511649521347e-04
6.98412317882368e-01	9.83307295447933e-04	-5.40030249971402e-04	7.22418330108870e-01	-6.30936512150626e-04	-6.46073730480312e-04
7.46457362054875e-01	-2.56328641020587e-03	-7.85402316064054e-04	7.70623607421851e-01	-4.92100531203621e-03	-9.73365947478211e-04
7.95033977708736e-01	-7.86263963814693e-03	-1.23520351951090e-03	8.19838655083326e-01	-1.16317999419205e-02	-1.61472528472895e-03
8.45238452665010e-01	-1.66208535146837e-02	-2.19329362940957e-03	8.71515164246492e-01	-2.34997098585478e-02	-3.13566854922898e-03
8.99088903953857e-01	-3.34994679993522e-02	-4.81606832349324e-03	9.28638203288824e-01	-4.91058187866783e-02	-8.23097533553918e-03
9.61390714421280e-01	-7.66184635467825e-02	-1.60702416890088e-02	1.00000000000000e+00	0.00000000000000e+00	0.00000000000000e+00
33	2.68269579527973e+01	6.36785714285714e-01
0.00000000000000e+00	1.64516760669149e-02	-5.38051225660308e-05	4.15183040172699e-02	1.60266483141440e-02	-5.86502554833501e-05
8.17269266463229e-02	1.56007331916743e-02	-6.38559915195902e-05	1.20700384556238e-01	1.51725410193042e-02	-6.95043727998446e-05
1.58509006296858e-01	1.47404722726932e-02	-7.56790268259255e-05	1.95219338273305e-01	1.43027194170595e-02	-8.24714350913247e-05
2.30894529485742e-01	1.38572431452744e-02	-8.99862887782099e-05	2.65594698354148e-01	1.34017326278688e-02	-9.83461955768039e-05
2.99377286061390e-01	1.29335515757545e-02	-1.07696941706870e-04	3.32297401456107e-01	1.24496683558526e-02	-1.18213935429434e-04
3.64408163204907e-01	1.19465664579457e-02	-1.30110437645659e-04	3.95761045737068e-01	1.14201296975096e-02	-1.43648328824630e-04
4.26406236718077e-01	1.08654941264170e-02	-1.59152432319232e-04	4.56393015478169e-01	1.02768553413588e-02	-1.77029880947810e-04
4.85770164224493e-01	9.64721505537813e-03	-1.97796681158824e-04	5.14586427299285e-01	8.96804374890947e-03	-2.22114733311018e-04
5.42891038693553e-01	8.22882556163296e-03	-2.50844326762811e-04	5.70734345236582e-01	7.41643498382971e-03	-2.85119897099007e-04
5.98168563552565e-01	6.51426910964337e-03	-3.26461718306525e-04	6.25248724951836e-01	5.50101694652461e-03	-3.76944223238862e-04
6.52033887172130e-01	4.34887792085870e-03	-4.39456394768944e-04	6.78588730925368e-01	3.02092233370344e-03	-5.18116226898346e-04
7.04985722573236e-01	1.46707694990900e-03	-6.18953014071000e-04	7.31308130508966e-01	-3.82167353166096e-04	-7.51073819671877e-04
7.57654367866957e-01	-2.62596504093648e-03	-9.28750015639412e-04	7.84144470926338e-01	-5.41036550332163e-03	-1.17535255918910e-03
8.10930168178303e-01	-8.95888118811594e-03	-1.53126644295343e-03	8.38211312502451e-01	-1.36298387099982e-02	-2.07111729580034e-03
8.66264351082777e-01	-2.00316803164992e-02	-2.94521146763183e-03	8.95495545046153e-01	-2.92752085324665e-02	-4.49318000737153e-03
9.26550985017619e-01	-4.35847488763540e-02	-7.61706277759600e-03	9.60578449569048e-01	-6.85239221420697e-02	-1.47965007548061e-02
1.00000000000000e+00	0.00000000000000e+00	0.00000000000000e+00
30	2.68269579527973e+01	7.07428571428571e-01
0.00000000000000e+00	1.81550211320873e-02	-6.43515924991789e-05	4.61057598604969e-02	1.76417533815962e-02	-7.06559433536480e-05
9.06131276348666e-02	1.71277160440400e-02	-7.74875276301490e-05	1.33621739931211e-01	1.66108646022760e-02	-8.49733080241499e-05
1.75225083429395e-01	1.60888384018920e-02	-9.32446484023242e-05	2.15511150109122e-01	1.55589522205097e-02	-1.02449457760834e-04
2.54563053965614e-01	1.50181461779073e-02	-1.12761292346830e-04	2.92459616684696e-01	1.44629084826060e-02	-1.24388365315697e-04
3.29275931432590e-01	1.38891710575582e-02	-1.37584361775689e-04	3.65083915090767e-01	1.32921723998818e-02	-1.52662368068768e-04
3.99952860738518e-01	1.26662779287625e-02	-1.70013432885474e-04	4.33950004301185e-01	1.20047432515265e-02	-1.90131858806231e-04
4.67141122395167e-01	1.12993990464796e-02	-2.13650307711255e-04	4.99591182995903e-01	1.05402263100558e-02	-2.41389421183902e-04
5.31365077361658e-01	9.71477547607957e-03	-2.74429304844892e-04	5.62528471813420e-01	8.80735892557127e-03	-3.14214626491838e-04
5.93148833365610e-01	7.79790789263335e-03	-3.62712727481895e-04	6.23296706935413e-01	6.66032080166157e-03	-4.22657550810612e-04
6.53047359282340e-01	5.36002148492676e-03	-4.97937088569600e-04	6.82482965442509e-01	3.85025375933856e-03	-5.94229187689921e-04
7.11695614745042e-01	2.06628904850592e-03	-7.20085721281016e-04	7.40791589215442e-01	-8.39451934401270e-05	-8.88865066349220e-04
7.69897685384431e-01	-2.73564664067494e-03	-1.12236397130383e-03	7.99170957011207e-01	-6.09499865088325e-03	-1.45809261573193e-03
8.28814485416412e-01	-1.04912138683143e-02	-1.96504127250985e-03	8.59104469842925e-01	-1.64806343365399e-02	-2.78143746504922e-03
8.90440379436922e-01	-2.50730949842436e-02	-4.21785665269336e-03	9.23447416638690e-01	-3.82761249324736e-02	-7.09501511342125e-03
9.59216749878180e-01	-6.10468036967953e-02	-1.36908293438907e-02	1.00000000000000e+00	0.00000000000000e+00	0.00000000000000e+00
27	2.68269579527973e+01	7.78071428571429e-01
0.00000000000000e+00	2.02473309554418e-02	-7.84666426654201e-05	5.17180984163225e-02	1.96148904252942e-02	-8.69217395285116e-05
1.01446604845308e-01	1.89819411027257e-02	-9.61820758436094e-05	1.49322678581665e-01	1.83453483082556e-02	-1.06453582290778e-04
1.95474104330582e-01	1.77014757218843e-02	-1.17955582876750e-04	2.40020400970850e-01	1.70461475824506e-02	-1.30943251519744e-04
2.83073857424395e-01	1.63745401919231e-02	-1.45725003352970e-04	3.24740512925468e-01	1.56810215733481e-02	-1.62681862245995e-04
3.65121101868120e-01	1.49589328987871e-02	-1.82292403449580e-04	4.04311986117944e-01	1.42002943266004e-02	-2.05166664642542e-04
4.42406101609140e-01	1.33954072115972e-02	-2.32093660684551e-04	4.79493952127535e-01	1.25323098981884e-02	-2.64109513469890e-04
5.15664692591777e-01	1.15960218494950e-02	-3.02597346255373e-04	5.51007358724515e-01	1.05674749688123e-02	-3.49437209331116e-04
5.85612322779356e-01	9.42197181095716e-03	-4.07236924226506e-04	6.19573091134687e-01	8.12690994131815e-03	-4.79697954671066e-04
6.52988618245537e-01	6.63833493518706e-03	-5.72214560024875e-04	6.85966409500618e-01	4.89556237897237e-03	-6.92892888038088e-04
7.18626855231761e-01	2.81249611193268e-03	-8.54362869476377e-04	7.51109544400636e-01	2.63045009353591e-04	-1.07717356070913e-03
7.83582887684087e-01	-2.94454932696642e-03	-1.39657255135250e-03	8.16259551291567e-01	-7.11550913789727e-03	-1.87714695800145e-03
8.49422746277395e-01	-1.27637531028685e-02	-2.64775090829161e-03	8.83474478128195e-01	-2.08180046103932e-02	-3.99651894886488e-03
9.19033156172004e-01	-3.31143182637474e-02	-6.68115077193354e-03	9.57159647334404e-01	-5.41288959683476e-02	-1.28273994447545e-02
1.00000000000000e+00	0.00000000000000e+00	0.00000000000000e+00
25	2.68269579527973e+01	8.48714285714286e-01
0.00000000000000e+00	2.19269277520373e-02	-8.98630942107737e-05	5.63497898377167e-02	2.11927888435868e-02	-1.00194813439591e-04
1.10361079589175e-01	2.04588198442615e-02	-1.11604344260829e-04	1.62207043117961e-01	1.97207928523859e-02	-1.24378760643529e-04
2.12048087426931e-01	1.89737925410403e-02	-1.38831604285405e-04	2.60033475174835e-01	1.82121367812405e-02	-1.55336436981734e-04
3.06302830627617e-01	1.74291949674170e-02	-1.74354857580550e-04	3.50987560003564e-01	1.66171229900287e-02	-1.96470066381904e-04
3.94212221500539e-01	1.57664974447125e-02	-2.22432122202632e-04	4.36095885295905e-01	1.48658127761703e-02	-2.53221906537870e-04
4.76753531757681e-01	1.39007829594793e-02	-2.90144217434118e-04	5.16297548969758e-01	1.28533562353423e-02	-3.34966808177795e-04
5.54839411353075e-01	1.17002977346952e-02	-3.90133568110906e-04	5.92491654493096e-01	1.04111043352793e-02	-4.59100928718037e-04
6.29370315744116e-01	8.94485794809619e-03	-5.46886279915171e-04	6.65598101264764e-01	7.24533628442181e-03	-6.60995950845233e-04
7.01308697350826e-01	5.23315710026573e-03	-8.13065429895676e-04	7.36652926196439e-01	2.79265342881940e-03	-1.02191191157153e-03
7.71807977998305e-01	-2.51085635283421e-04	-1.31958011847400e-03	8.06992013548938e-01	-4.17464219841723e-03	-1.76427099413101e-03
8.42488711393282e-01	-9.44004684865796e-03	-2.47081123810200e-03	8.78691688991764e-01	-1.68741288513554e-02	-3.69225547104901e-03
9.16192865709601e-01	-2.80915687844204e-02	-6.08083996799857e-03	9.55982583132397e-01	-4.69669858651881e-02	-1.14045621513612e-02
1.00000000000000e+00	0.00000000000000e+00	0.00000000000000e+00
23	2.68269579527973e+01	9.19357142857143e-01
0.00000000000000e+00	2.39062892436588e-02	-1.04082106609393e-04	6.17848167065636e-02	2.30433560666037e-02	-1.16938673867528e-04
1.20786785906355e-01	2.21816697375892e-02	-1.31274951700844e-04	1.77228550689211e-01	2.13153848455225e-02	-1.47504461064152e-04
2.31314958239491e-01	2.04376817276797e-02	-1.66092470807344e-04	2.83235504430685e-01	1.95406078668492e-02	-1.87608309140774e-04
3.33166586858006e-01	1.86147631353748e-02	-2.12773748331285e-04	3.81273623594498e-01	1.76488414245626e-02	-2.42525263585591e-04
4.27713102139655e-01	1.66289856574624e-02	-2.78102181031636e-04	4.72634633280630e-01	1.55378760224609e-02	-3.21176888242736e-04
5.16183102167235e-01	1.43534204494113e-02	-3.74053278252795e-04	5.58501038671462e-01	1.30468335949341e-02	-4.39978437888344e-04
5.99731379077483e-01	1.15797476441468e-02	-5.23648491672413e-04	6.40020875768480e-01	9.89974027000740e-03	-6.32060458289896e-04
6.79524558163779e-01	7.93317975743357e-03	-7.76009759572149e-04	7.18411910933831e-01	5.57332934774823e-03	-9.72859775492330e-04
7.56875928139023e-01	2.65965548477554e-03	-1.25198634764812e-03	7.95147178615628e-01	-1.06015358051914e-03	-1.66631571695386e-03
8.33517093687943e-01	-6.00458251921709e-03	-2.31921115286493e-03	8.72379503030076e-01	-1.29159954924914e-02	-3.43543435263105e-03
9.12311949505044e-01	-2.32282920489971e-02	-5.58358519047930e-03	9.54256159973163e-01	-4.03261659716516e-02	-1.02629248981851e-02
1.00000000000000e+00	0.00000000000000e+00	0.00000000000000e+00
21	2.68269579527973e+01	9.90000000000000e-01
0.00000000000000e+00	2.62749925433903e-02	-1.22253576816167e-04	6.82563442593320e-02	2.52451876162196e-02	-1.38614435875928e-04
1.33151919738617e-01	2.42183341613411e-02	-1.57071575030088e-04	1.94979226211673e-01	2.31861009745544e-02	-1.78245685054756e-04
2.54005263778025e-01	2.21387164723601e-02	-2.02859764791619e-04	3.10475347039755e-01	2.10646532439689e-02	-2.31826171045224e-04
3.64616594145305e-01	1.99500563189503e-02	-2.66337422191620e-04	4.16641201607720e-01	1.87779026197399e-02	-3.07991723051737e-04
4.66749629515664e-01	1.75267847919454e-02	-3.58980594209690e-04	5.15133845456632e-01	1.61691278319815e-02	-4.22381181817588e-04
5.61980818831759e-01	1.46685138280116e-02	-5.02628190716337e-04	6.07476534304163e-01	1.29755548217791e-02	-6.06305038283850e-04
6.51810929686604e-01	1.10213143410689e-02	-7.43528065644261e-04	6.95184410447741e-01	8.70641541589556e-03	-9.30492718481224e-04
7.37817056062475e-01	5.88218481419056e-03	-1.19444727288087e-03	7.79962547689545e-01	2.31623509817647e-03	-1.58415206088836e-03
8.21930775591804e-01	-2.37449760457475e-03	-2.19401829944044e-03	8.64127513629848e-01	-8.86454221507649e-03	-3.22702311788503e-03
9.07130896405091e-01	-1.84448789360211e-02	-5.18855528715090e-03	9.51858151775243e-01	-3.41121916777909e-02	-9.38967740301444e-03
1.00000000000000e+00	0.00000000000000e+00	0.00000000000000e+00
