95	1.00000000000000e+00	1.00000000000000e-03
0.00000000000000e+00	9.31505255687526e-04	-2.15462630848151e-07	1.11962688131277e-02	9.29994061307227e-04	-2.11980385467214e-07
2.23717320215819e-02	9.28494735898067e-04	-2.09949812868260e-07	3.35264617376435e-02	9.27004291010114e-04	-2.08505387400137e-07
4.46605296236417e-02	9.25520950269432e-04	-2.07712815392114e-07	5.57740069289023e-02	9.24042743297271e-04	-2.07643015670556e-07
6.68669645357862e-02	9.22567490926562e-04	-2.08373464705147e-07	7.79394730099544e-02	9.21092786107636e-04	-2.09987029986536e-07
8.89916026552012e-02	9.19615977366561e-04	-2.12574857494374e-07	1.00023423573206e-01	9.18134146297156e-04	-2.16234968819506e-07
1.11035005728625e-01	9.16644086269125e-04	-2.21073191752907e-07	1.22026419019927e-01	9.15142276878944e-04	-2.27204579150708e-07
1.32997733356455e-01	9.13624862762807e-04	-2.34754647943092e-07	1.43949018742204e-01	9.12087617906510e-04	-2.43857640747080e-07
1.54880345366873e-01	9.10525921250738e-04	-2.54660131648876e-07	1.65791783704761e-01	9.08934720485588e-04	-2.67320825919626e-07
1.76683404622163e-01	9.07308497744896e-04	-2.82012333485682e-07	1.87555279493958e-01	9.05641228081677e-04	-2.98920545427350e-07
1.98407480330130e-01	9.03926338252425e-04	-3.18248386088626e-07	2.09240079913052e-01	9.02156661433118e-04	-3.40215470684413e-07
2.20053151946426e-01	9.00324382758555e-04	-3.65059657836397e-07	2.30846771216831e-01	8.98420988742155e-04	-3.93039783608273e-07
2.41621013768955e-01	8.96437204447986e-04	-4.24436915835713e-07	2.52375957095648e-01	8.94362929783510e-04	-4.59556834142560e-07
2.63111680344049e-01	8.92187166366964e-04	-4.98731388631768e-07	2.73828264539167e-01	8.89897938737949e-04	-5.42321184626715e-07
2.84525792826408e-01	8.87482210065738e-04	-5.90718787218947e-07	2.95204350734694e-01	8.84925790620050e-04	-6.44352821987937e-07
3.05864026461949e-01	8.82213229238316e-04	-7.03688395109481e-07	3.16504911184951e-01	8.79327705188615e-04	-7.69233261754820e-07
3.27127099395690e-01	8.76250904525033e-04	-8.41542378449134e-07	3.37730689266606e-01	8.72962880553940e-04	-9.21219862393130e-07
3.48315783047348e-01	8.69441906079960e-04	-1.00892610865877e-06	3.58882487495892e-01	8.65664309134262e-04	-1.10538411801642e-06
3.69430914347237e-01	8.61604287674789e-04	-1.21138335984483e-06	3.79961180823176e-01	8.57233713745575e-04	-1.32779105532776e-06
3.90473410187011e-01	8.52521900651215e-04	-1.45555374952977e-06	4.00967732347566e-01	8.47435370626259e-04	-1.59571600777397e-06
4.11444284517209e-01	8.41937563496264e-04	-1.74941850361598e-06	4.21903211929295e-01	8.35988549363398e-04	-1.91792213222186e-06
4.32344668620837e-01	8.29544675019722e-04	-2.10261016797553e-06	4.42768818287129e-01	8.22558196933665e-04	-2.30501067766120e-06
4.53175835215606e-01	8.14976853583227e-04	-2.52681002899102e-06	4.63565905307275e-01	8.06743391465137e-04	-2.76986949665492e-06
4.73939227194993e-01	7.97795045575311e-04	-3.03625486863801e-06	4.84296013468962e-01	7.88062927512323e-04	-3.32824924731412e-06
4.94636492021340e-01	7.77471373555327e-04	-3.64839296240760e-06	5.04960907523096e-01	7.65937185218224e-04	-3.99951292928691e-06
5.15269523048259e-01	7.53368760977979e-04	-4.38475153541340e-06	5.25562621862634e-01	7.39665150080615e-04	-4.80762245302913e-06
5.35840509396341e-01	7.24714946802374e-04	-5.27205704137224e-06	5.46103515422375e-01	7.08395031850051e-04	-5.78245731253091e-06
5.56351996466592e-01	6.90569147513198e-04	-6.34376619035315e-06	5.66586338478146e-01	6.71086272152177e-04	-6.96155331936232e-06
5.76806959793835e-01	6.49778734192585e-04	-7.64210294668111e-06	5.87014314435054e-01	6.26460048509747e-04	-8.39252297346604e-06
5.97208895782074e-01	6.00922416295946e-04	-9.22087345500699e-06	6.07391240677652e-01	5.72933837161393e-04	-1.01363260214260e-05
6.17561934020578e-01	5.42234737346936e-04	-1.11493454404421e-05	6.27721613920163e-01	5.08534035619679e-04	-1.22719082265021e-05
6.37870977495095e-01	4.71504532861378e-04	-1.35177660227637e-05	6.48010787415091e-01	4.30777489439649e-04	-1.49027646028088e-05
6.58141879301976e-01	3.85936213747939e-04	-1.64452287259031e-05	6.68265170129088e-01	3.36508460735407e-04	-1.81664387914893e-05
6.78381667785082e-01	2.81957357948892e-04	-2.00912077734650e-05	6.88492482001908e-01	2.21670531637574e-04	-2.22485967493746e-05
6.98598836888339e-01	1.54947005570172e-04	-2.46728027415433e-05	7.08702085362506e-01	8.09813251037017e-05	-2.74042692878229e-05
7.18803725842306e-01	-1.15578979342779e-06	-3.04910869457498e-05	7.28905421635313e-01	-9.25411823866629e-05	-3.39907682451734e-05
7.39009023575453e-01	-1.94428574683991e-04	-3.79725198533798e-05	7.49116596589521e-01	-3.08285038927214e-04	-4.25201733178504e-05
7.59230451052758e-01	-4.35836713666427e-04	-4.77360110513469e-05	7.69353180023337e-01	-5.79126611649938e-04	-5.37457965459343e-05
7.79487703750739e-01	-7.40588366915818e-04	-6.07054710264343e-05	7.89637323260862e-01	-9.23141241316094e-04	-6.88101762826854e-05
7.99805785372509e-01	-1.13031383205464e-03	-7.83065709122344e-05	8.09997362256116e-01	-1.36640704544577e-03	-8.95098749451595e-05
8.20216949696420e-01	-1.63671165546642e-03	-1.02827768581726e-04	8.30470189703939e-01	-1.94780238023007e-03	-1.18794803090072e-04
8.40763625246932e-01	-2.30794202890861e-03	-1.38122621282433e-04	8.51104897987936e-01	-2.72764710117890e-03	-1.61774575873519e-04
8.61503004557242e-01	-3.22049419563686e-03	-1.91079925896842e-04	8.71968633998273e-01	-3.80429272508309e-03	-2.27915410195179e-04
8.82514620163245e-01	-4.50284352689556e-03	-2.74996915888615e-04	8.93156560916362e-01	-5.34863535416619e-03	-3.36380036828565e-04
9.03913686235691e-01	-6.38714629853643e-03	-4.18343097979834e-04	9.14810110299012e-01	-7.68396506419478e-03	-5.31057466286455e-04
9.25876699945326e-01	-9.33718405968187e-03	-6.91984091738096e-04	9.37153982343627e-01	-1.15003064862632e-02	-9.33516933226519e-04
9.48696917891339e-01	-1.44278662704692e-02	-1.32287123290120e-03	9.60583313964873e-01	-1.85745258626526e-02	-2.02700896985064e-03
9.72930267574817e-01	-2.48114133859622e-02	-3.63497262509815e-03	9.85932354151099e-01	-3.20477092407164e-02	-1.31781637156079e-02
1.00000000000000e+00	0.00000000000000e+00	0.00000000000000e+00
38	1.00000000000000e+00	7.16428571428571e-02
0.00000000000000e+00	2.53409914610625e-03	-1.42666872093855e-06	2.86938686436591e-02	2.52343025335700e-03	-1.41916589746494e-06
5.72432875878800e-02	2.51283833148297e-03	-1.44111043409723e-06	8.56495866278496e-02	2.50223559180474e-03	-1.50004059662479e-06
1.13914083681798e-01	2.49151156766581e-03	-1.60565548457114e-06	1.42038091178868e-01	2.48052739615878e-03	-1.76978019639229e-06
1.70022923896897e-01	2.46910960578028e-03	-2.00684149387342e-06	1.97869908549774e-01	2.45704251256962e-03	-2.33446044695107e-06
2.25580395497568e-01	2.44405888113453e-03	-2.77419453809102e-06	2.53155773036854e-01	2.42982841162220e-03	-3.35247278981932e-06
2.80597484834442e-01	2.41394348371049e-03	-4.10178069931710e-06	3.07907051201426e-01	2.39590142219770e-03	-5.06217425999544e-06
3.35086095074814e-01	2.37508231172279e-03	-6.28322618378974e-06	3.62136373792711e-01	2.35072108189094e-03	-7.82655200581850e-06
3.89059818032318e-01	2.32187214539059e-03	-9.76911696648486e-06	4.15858579650508e-01	2.28736426924359e-03	-1.22076079429601e-05
4.42535090656308e-01	2.24574250879295e-03	-1.52642779613910e-05	4.69092136198763e-01	2.19519281608793e-03	-1.90948546860970e-05
4.95532945338494e-01	2.13344314535568e-03	-2.38993714982705e-05	5.21861304584151e-01	2.05763230517952e-03	-2.99372367120743e-05
5.48081700861062e-01	1.96413382535265e-03	-3.75484994121766e-05	5.74199502961477e-01	1.84831617964565e-03	-4.71844139453559e-05
6.00221193947774e-01	1.70421131736731e-03	-5.94521997034914e-05	6.26154671990689e-01	1.52404858044064e-03	-7.51820037112605e-05
6.52009644614937e-01	1.29758675031999e-03	-9.55294997759815e-05	6.77798152783264e-01	1.01113610309267e-03	-1.22137366697750e-04
7.03535279239116e-01	6.46091650329250e-04	-1.57397339398901e-04	7.29240124605641e-01	1.76672020076429e-04	-2.04890676284375e-04
7.54937183330865e-01	-4.33677718964631e-04	-2.70159364051281e-04	7.80658335950368e-01	-1.23822108449678e-03	-3.62123150931204e-04
8.06445827389573e-01	-2.31714932392013e-03	-4.95838543756566e-04	8.32356894575953e-01	-3.79609119086055e-03	-6.98266041231133e-04
8.58471306333604e-01	-5.88174141710140e-03	-1.02145794922159e-03	8.84904405543853e-01	-8.93568426820990e-03	-1.57648748358419e-03
9.11831496297195e-01	-1.36414189397047e-02	-2.63630706601181e-03	9.39538565755578e-01	-2.14167629035442e-02	-5.03713085259339e-03
9.68545711118314e-01	-3.57288062440010e-02	-1.22410422162389e-02	1.00000000000000e+00	0.00000000000000e+00	0.00000000000000e+00
26	1.00000000000000e+00	1.42285714285714e-01
0.00000000000000e+00	4.13274662679775e-03	-2.91669561769403e-06	4.30475917967303e-02	4.10705040119086e-03	-2.98019621736145e-06
8.57430354807641e-02	4.08138474699271e-03	-3.20302935619132e-06	1.28091392687865e-01	4.05527602015754e-03	-3.64621992998693e-06
1.70097688191101e-01	4.02807264444327e-03	-4.39115349393226e-06	2.11766965163649e-01	3.99888652501668e-03	-5.54598203561518e-06
2.53104358115912e-01	3.96651536809700e-03	-7.25493246300779e-06	2.94115189140741e-01	3.92933794608585e-03	-9.71128863413995e-06
3.34805095062357e-01	3.88517159310497e-03	-1.31757483374795e-05	3.75180195827795e-01	3.83107622645706e-03	-1.80027903275981e-05
4.15247318393405e-01	3.76308145089466e-03	-2.46792269755769e-05	4.55014296044813e-01	3.67580101823561e-03	-3.38817243630274e-05
4.94490371520063e-01	3.56187892906878e-03	-4.65646098819494e-05	5.33686745099110e-01	3.41117807405067e-03	-6.40974669030570e-05
5.72617328743502e-01	3.20956474346912e-03	-8.84872572162188e-05	6.11299799308285e-01	2.93703979804505e-03	-1.22749405807587e-04
6.49757096776480e-01	2.56477736765803e-03	-1.71552812555209e-04	6.88019604567099e-01	2.05026476303072e-03	-2.42394319526218e-04
7.26128412791817e-01	1.32899092217986e-03	-3.47858612341101e-04	7.64140375482465e-01	2.99523752526509e-04	-5.10267562837230e-04
8.02136297196914e-01	-1.20488424089826e-03	-7.72073588034772e-04	8.40234939587044e-01	-3.47423768510091e-03	-1.22170343902162e-03
8.78618772024868e-01	-7.05039486436909e-03	-2.06767277680275e-03	9.17586124977466e-01	-1.30407345255125e-02	-3.89925394322166e-03
9.57672429098001e-01	-2.41625004386906e-02	-8.71213810647586e-03	1.00000000000000e+00	0.00000000000000e+00	0.00000000000000e+00
18	1.00000000000000e+00	2.12928571428571e-01
0.00000000000000e+00	6.78910369336516e-03	-4.44629548335129e-06	6.42843188055639e-02	6.73019698724286e-03	-4.73459822059041e-06
1.27709152268163e-01	6.67128970082809e-03	-5.80828649443532e-06	1.90293418080114e-01	6.61006951841681e-03	-8.10638163351030e-06
2.52055899231199e-01	6.54296277821098e-03	-1.22835270452981e-05	3.13015689625360e-01	6.46451743988163e-03	-1.93227673819241e-05
3.73192844696794e-01	6.36646305469357e-03	-3.07178460881019e-05	4.32609337653866e-01	6.23624939784051e-03	-4.87761789373931e-05
4.91290478579260e-01	6.05471896636156e-03	-7.71411257873833e-05	5.49267049473886e-01	5.79228774923890e-03	-1.21732575128819e-04
6.06578577799090e-01	5.40244487027008e-03	-1.92532462277573e-04	6.63278486198153e-01	4.81018381594644e-03	-3.07197869951814e-04
7.19442478406343e-01	3.89026154343308e-03	-4.98971693105643e-04	7.75182843054551e-01	2.42354101394793e-03	-8.35817094949620e-04
8.30674428408653e-01	2.00304592767875e-06	-1.47316938816089e-03	8.86206051658078e-01	-4.19804352725772e-03	-2.82835637606405e-03
9.42295526627104e-01	-1.21110530075765e-02	-6.22962189464538e-03	1.00000000000000e+00	0.00000000000000e+00	0.00000000000000e+00
13	1.00000000000000e+00	2.83571428571429e-01
0.00000000000000e+00	1.07918835363807e-02	-1.36636280267943e-06	9.24814594305308e-02	1.06730203066285e-02	-1.49865219967182e-06
1.83009700167592e-01	1.05566276189311e-02	-4.52021694896665e-06	2.71646892511983e-01	1.04342980477981e-02	-1.27746579983157e-05
3.58454273434412e-01	1.02910255142208e-02	-3.02832828200650e-05	4.43494838137942e-01	1.01005170340593e-02	-6.40811780332484e-05
5.26837769075565e-01	9.81680748868885e-03	-1.26866564664097e-04	6.08565892704223e-01	9.35860574260627e-03	-2.42639991925975e-04
6.88788637125106e-01	8.57838954614709e-03	-4.59855482524141e-04	7.67665604169624e-01	7.19686813267328e-03	-8.85980902097572e-04
8.45452438791611e-01	4.65131424032483e-03	-1.79430656632906e-03	9.22599523715254e-01	-3.22269501283778e-04	-4.00770503282066e-03
1.00000000000000e+00	0.00000000000000e+00	0.00000000000000e+00
11	1.00000000000000e+00	3.54214285714286e-01
0.00000000000000e+00	1.44748310383579e-02	1.39458027662576e-05	1.12711017883454e-01	1.43100218808833e-02	1.69504263966003e-05
2.22241523958321e-01	1.41592988645133e-02	1.62931709236647e-05	3.28713816271289e-01	1.40118357752719e-02	8.19737149493349e-06
4.32244680413868e-01	1.38463223452885e-02	-1.42263428903888e-05	5.32950300457170e-01	1.36224229232693e-02	-6.38134082375785e-05
6.30954567056242e-01	1.32645930087751e-02	-1.65422848802832e-04	7.26403673993695e-01	1.26297685165360e-02	-3.70246084858916e-04
8.19492997676984e-01	1.14381907151218e-02	-7.93940148954952e-04	9.10520046034042e-01	9.11957562373344e-03	-1.74481435155416e-03
1.00000000000000e+00	0.00000000000000e+00	0.00000000000000e+00
11	1.00000000000000e+00	4.24857142857143e-01
0.00000000000000e+00	1.59821590223700e-02	3.10825020158889e-05	1.14489786914844e-01	1.58226228642654e-02	3.75685877119780e-05
2.25412360634357e-01	1.56874232967482e-02	4.31286580960810e-05	3.32908078450617e-01	1.55731903100134e-02	4.63436053874666e-05
4.37106915569957e-01	1.54725897934239e-02	4.47612823043508e-05	5.38130867023609e-01	1.53714729919363e-02	3.41517498239075e-05
6.36097458619449e-01	1.52439949910825e-02	7.12856983464683e-06	7.31125137795938e-01	1.50439951416046e-02	-4.95540143743423e-05
8.23341903099479e-01	1.46891080165565e-02	-1.60707480367561e-04	9.12899726915487e-01	1.40588151323091e-02	-4.05149972199093e-04
1.00000000000000e+00	0.00000000000000e+00	0.00000000000000e+00
11	1.00000000000000e+00	4.95500000000000e-01
0.00000000000000e+00	1.72750860558849e-02	4.42582434591055e-05	1.15864886191561e-01	1.71121535978608e-02	5.21557297973319e-05
2.27830380584319e-01	1.69780469237441e-02	6.04559805817972e-05	3.36056738297822e-01	1.68729905548219e-02	6.88263747457007e-05
4.40690848532658e-01	1.67962606248774e-02	7.66974765727957e-05	5.41867566976681e-01	1.67455245706577e-02	8.31331479719255e-05
6.39711252482567e-01	1.67158261084627e-02	8.66241901479325e-05	7.34337656310439e-01	1.66980094833726e-02	8.47519366511396e-05
8.25856379988267e-01	1.66762322809911e-02	7.36184450366162e-05	9.14374229422078e-01	1.66625999611909e-02	8.01352138068978e-06
1.00000000000000e+00	0.00000000000000e+00	0.00000000000000e+00
11	1.00000000000000e+00	5.66142857142857e-01
0.00000000000000e+00	1.80948636593995e-02	4.85503005845933e-05	1.16617687999402e-01	1.79162145435732e-02	5.54125460296984e-05
2.29129653519750e-01	1.77640810541839e-02	6.28722719213659e-05	3.37713450664553e-01	1.76392559047660e-02	7.09055893644006e-05
4.42532365834058e-01	1.75424578670262e-02	7.94521341729304e-05	5.43736512138311e-01	1.74742245767244e-02	8.84004403548522e-05
6.41463880203510e-01	1.74347650671215e-02	9.75675084436967e-05	7.35841374823576e-01	1.74237571796619e-02	1.06670972573553e-04
8.26985870428961e-01	1.74400703970166e-02	1.15290794461487e-04	9.15005323329231e-01	1.75228850176204e-02	8.11463907303134e-05
1.00000000000000e+00	0.00000000000000e+00	0.00000000000000e+00
11	1.00000000000000e+00	6.36785714285714e-01
0.00000000000000e+00	1.81471632169328e-02	4.22916964057940e-05	1.16547706149028e-01	1.79482734681120e-02	4.66657480682198e-05
2.28985197949430e-01	1.77692858713668e-02	5.13744857192355e-05	3.37496256632349e-01	1.76104269370843e-02	5.64277418106940e-05
4.42251265131368e-01	1.74719638722068e-02	6.18307278380525e-05	5.43408236383032e-01	1.73541881619840e-02	6.75831306032881e-05
6.41113755241663e-01	1.72573963209869e-02	7.36775149644542e-05	7.35503846670494e-01	1.71818664881974e-02	8.00974521336650e-05
8.26704781841100e-01	1.71278301685548e-02	8.68153517860071e-05	9.14833832870137e-01	1.71357563047742e-02	5.33064317850274e-05
1.00000000000000e+00	0.00000000000000e+00	0.00000000000000e+00
11	1.00000000000000e+00	7.07428571428571e-01
0.00000000000000e+00	1.71541795538288e-02	2.86360992871604e-05	1.15498572721846e-01	1.69493230618702e-02	3.06037404411708e-05
2.27147045119148e-01	1.67570988363299e-02	3.26758748976363e-05	3.35115265512250e-01	1.65773244229651e-02	3.48553321781742e-05
4.39562097848720e-01	1.64098448254283e-02	3.71440563883274e-05	5.40636246807962e-01	1.62545284657571e-02	3.95434000881600e-05
6.38477010871844e-01	1.61112636226208e-02	4.20540113530432e-05	7.33214971136599e-01	1.59799547121136e-02	4.46757114074270e-05
8.24972622786568e-01	1.58605183746632e-02	4.74073641092421e-05	9.13864955383415e-01	1.57893662166128e-02	1.36118731491885e-05
1.00000000000000e+00	0.00000000000000e+00	0.00000000000000e+00
11	1.00000000000000e+00	7.78071428571429e-01
0.00000000000000e+00	1.49202924938949e-02	1.40307253551075e-05	1.13379136255406e-01	1.47424232805545e-02	1.45909031731284e-05
2.23463857970307e-01	1.45713779708828e-02	1.51678654681797e-05	3.30386467922147e-01	1.44069518338394e-02	1.57620687051274e-05
4.34271959694216e-01	1.42489534735925e-02	1.63736210853083e-05	5.35238508197804e-01	1.40972033838380e-02	1.70025887118452e-05
6.33397921414332e-01	1.39515330256391e-02	1.76489912989686e-05	7.28856056911360e-01	1.38117839567616e-02	1.83127978495845e-05
8.21713206335922e-01	1.36778070069581e-02	1.89939219461532e-05	9.12064450762427e-01	1.35800501646228e-02	-1.10176743908230e-05
1.00000000000000e+00	0.00000000000000e+00	0.00000000000000e+00
11	1.00000000000000e+00	8.48714285714286e-01
0.00000000000000e+00	1.13857150090594e-02	4.16807201475411e-06	1.10174119191371e-01	1.12699039068556e-02	4.24565747514372e-06
2.17892611477645e-01	1.11569039448057e-02	4.32409664130606e-06	3.23234016760679e-01	1.10466303405113e-02	4.40358223519066e-06
4.26273516953967e-01	1.09390022709955e-02	4.48411289022399e-06	5.27083113100861e-01	1.08339423864445e-02	4.56568645623712e-06
6.25731791417046e-01	1.07313766261165e-02	4.64829990753923e-06	7.22285679048363e-01	1.06312340451803e-02	4.73194937511412e-06
8.16808190280277e-01	1.05334466522725e-02	4.81663005225119e-06	9.09360163875659e-01	1.04607515973609e-02	-1.79873671308783e-05
1.00000000000000e+00	0.00000000000000e+00	0.00000000000000e+00
11	1.00000000000000e+00	9.19357142857143e-01
0.00000000000000e+00	6.63984415645613e-03	4.33711721203878e-07	1.05940751916862e-01	6.59734010932367e-03	4.36073363974110e-07
2.10492811532353e-01	6.55540014207734e-03	4.38369829547369e-07	3.13683037694867e-01	6.51401330463208e-03	4.40674497226290e-07
4.15537599729636e-01	6.47316903556527e-03	4.42987344140278e-07	5.16081999417210e-01	6.43285704311680e-03	4.45308336316508e-07
6.15341092140235e-01	6.39306729654032e-03	4.47637495182285e-07	7.13339107231449e-01	6.35379001811476e-03	4.49974765892591e-07
8.10099667557859e-01	6.31501567500614e-03	4.52320128352390e-07	9.05645808374367e-01	6.28989786946810e-03	-1.27564462895080e-05
1.00000000000000e+00	0.00000000000000e+00	0.00000000000000e+00
11	1.00000000000000e+00	9.90000000000000e-01
0.00000000000000e+00	8.75468655529454e-04	1.18961729356215e-10	1.00787233721946e-01	8.74703239348684e-04	1.20467302799909e-10
2.01398303695343e-01	8.73939163293258e-04	1.20478071963248e-10	3.01833671313303e-01	8.73176421615440e-04	1.20487175792050e-10
4.02093796359161e-01	8.72415010818361e-04	1.20497389843877e-10	5.02179137013409e-01	8.71654927423693e-04	1.20508270029518e-10
6.02090149860676e-01	8.70896167963098e-04	1.20520482482789e-10	7.01827289896671e-01	8.70138728991221e-04	1.20527698932449e-10
8.01391010535087e-01	8.69382607044056e-04	1.20542464898676e-10	9.00781763614473e-01	8.70360739783971e-04	-1.73882194065555e-06
1.00000000000000e+00	0.00000000000000e+00	0.00000000000000e+00
