107	1.11588399250775e+04	1.00000000000000e-03
0.00000000000000e+00	7.97264324574742e-03	-8.16472604725504e-06	1.30907647990993e-02	7.88535542015123e-03	-8.27613487142109e-06
2.59766948525078e-02	7.79902928472764e-03	-8.44066258753884e-06	3.86631852994498e-02	7.71354952224401e-03	-8.61012980557518e-06
5.11554585965743e-02	7.62887389878109e-03	-8.78473687060399e-06	6.34585715520747e-02	7.54496063829535e-03	-8.96469242506193e-06
7.55774223288700e-02	7.46176835817991e-03	-9.15021701097807e-06	8.75167571181554e-02	7.37925599817291e-03	-9.34154233189766e-06
9.92811765025397e-02	7.29738275263747e-03	-9.53891240040861e-06	1.10875141526757e-01	7.21610800015515e-03	-9.74258409591755e-06
1.22302979492875e-01	7.13539123314222e-03	-9.95282728033509e-06	1.33568889495901e-01	7.05519198968019e-03	-1.01699273873379e-05
1.44676947714736e-01	6.97546978004016e-03	-1.03941856934853e-05	1.55631112472584e-01	6.89618401153136e-03	-1.06259188497049e-05
1.66435229080113e-01	6.81729391620012e-03	-1.08654621360227e-05	1.77093034473907e-01	6.73875847563488e-03	-1.11131715010426e-05
1.87608161662066e-01	6.66053632912633e-03	-1.13694176953061e-05	1.97984143988235e-01	6.58258571392212e-03	-1.16346014382707e-05
2.08224419224603e-01	6.50486435287867e-03	-1.19091383050662e-05	2.18332333504118e-01	6.42732938653801e-03	-1.21934737131735e-05
2.28311145101405e-01	6.34993727023359e-03	-1.24880784015957e-05	2.38164028071616e-01	6.27264367952796e-03	-1.27934523839190e-05
2.47894075755942e-01	6.19540340571789e-03	-1.31101258113997e-05	2.57504304162156e-01	6.11817024200589e-03	-1.34386575127987e-05
2.66997655228226e-01	6.04089689504450e-03	-1.37796541910262e-05	2.76376999976640e-01	5.96353481774092e-03	-1.41337433392508e-05
2.85645141567083e-01	5.88603412833311e-03	-1.45016073966886e-05	2.94804818254426e-01	5.80834344604719e-03	-1.48839688343116e-05
3.03858706259223e-01	5.73040974844297e-03	-1.52815963907482e-05	3.12809422557476e-01	5.65217821769770e-03	-1.56953107925961e-05
3.21659527596331e-01	5.57359207209762e-03	-1.61259886479748e-05	3.30411527942316e-01	5.49459238653704e-03	-1.65745673197382e-05
3.39067878868589e-01	5.41511791136284e-03	-1.70420586862452e-05	3.47630986887621e-01	5.33510481130950e-03	-1.75295215947280e-05
3.56103212235937e-01	5.25448652982496e-03	-1.80381260910245e-05	3.64486871316995e-01	5.17319343245970e-03	-1.85690890248669e-05
3.72784239109288e-01	5.09115265246685e-03	-1.91237526789845e-05	3.80997551545721e-01	5.00828772086570e-03	-1.97035412261570e-05
3.89129007871558e-01	4.92451827550977e-03	-2.03099853286481e-05	3.97180772987687e-01	4.83975973356277e-03	-2.09447418282327e-05
4.05154979786466e-01	4.75392290347143e-03	-2.16095967322527e-05	4.13053731487793e-01	4.66691357978855e-03	-2.23064806685880e-05
4.20879103983300e-01	4.57863208200537e-03	-2.30374753191764e-05	4.28633148197114e-01	4.48897275752458e-03	-2.38048268712543e-05
4.36317892472079e-01	4.39782348112439e-03	-2.46109903339065e-05	4.43935344990876e-01	4.30506503549410e-03	-2.54586354655473e-05
4.51487496242452e-01	4.21057034296668e-03	-2.63505985167445e-05	4.58976321545108e-01	4.11420400652474e-03	-2.72900823712341e-05
4.66403783637352e-01	4.01582112446119e-03	-2.82804401605663e-05	4.73771835351341e-01	3.91526676947751e-03	-2.93254507450769e-05
4.81082422381563e-01	3.81237474371554e-03	-3.04291936952250e-05	4.88337486166265e-01	3.70696648587665e-03	-3.15961022729905e-05
4.95538966898748e-01	3.59884996515181e-03	-3.28310966735135e-05	5.02688806688003e-01	3.48781818050714e-03	-3.41395636769271e-05
5.09788952891319e-01	3.37364761646497e-03	-3.55274241050640e-05	5.16841361643395e-01	3.25609649964043e-03	-3.70012050154855e-05
5.23848001609847e-01	3.13490283211038e-03	-3.85681202634824e-05	5.30810857996714e-01	3.00978215931780e-03	-4.02361548788033e-05
5.37731936851799e-01	2.88042504447605e-03	-4.20141627888171e-05	5.44613269698670e-01	2.74649420839679e-03	-4.39119839403812e-05
5.51456918549978e-01	2.60762128279723e-03	-4.59405830675053e-05	5.58264981353623e-01	2.46340312239601e-03	-4.81122225486352e-05
5.65039597933391e-01	2.31339756776028e-03	-5.04406503407662e-05	5.71782956495377e-01	2.15711837083643e-03	-5.29411805385571e-05
5.78497300783363e-01	1.99402983412322e-03	-5.56311046073787e-05	5.85184937978480e-01	1.82354049534639e-03	-5.85300910689313e-05
5.91848247455922e-01	1.64499513116989e-03	-6.16602067604610e-05	5.98489690532379e-01	1.45766616305698e-03	-6.50464130300676e-05
6.05111821358714e-01	1.26074431956780e-03	-6.87176098090880e-05	6.11717299140783e-01	1.05332518969603e-03	-7.27062197571904e-05
6.18308901913129e-01	8.34396611589572e-04	-7.70498264750508e-05	6.24889542121431e-01	6.02821752970106e-04	-8.17917981998928e-05
6.31462284332553e-01	3.57318387307126e-04	-8.69816232937914e-05	6.38030365454136e-01	9.64380143304577e-05	-9.26778743592926e-05
6.44597217917473e-01	-1.81465706745709e-04	-9.89474714576666e-05	6.51166496400515e-01	-4.78266851440923e-04	-1.05870228748195e-04
6.57742108767340e-01	-7.96111525711685e-04	-1.13539083952174e-04	6.64328252095960e-01	-1.13746575532081e-03	-1.22064505678532e-04
6.70929454848784e-01	-1.50517634119263e-03	-1.31578619589234e-04	6.77550626526011e-01	-1.90254932724709e-03	-1.42238259788874e-04
6.84197116498917e-01	-2.33343923935792e-03	-1.54234538048081e-04	6.90874784159945e-01	-2.80237088782465e-03	-1.67798539455255e-04
6.97590083178993e-01	-3.31468741874386e-03	-1.83212856258219e-04	7.04350163452930e-01	-3.87673814814993e-03	-2.00827541770199e-04
7.11162995466661e-01	-4.49612525121545e-03	-2.21078275825626e-04	7.18037523341300e-01	-5.18202218652852e-03	-2.44512902296545e-04
7.24983854984551e-01	-5.94559261482863e-03	-2.71828182893508e-04	7.32013500807788e-01	-6.80054926489115e-03	-3.03920864783036e-04
7.39139676853137e-01	-7.76391023471534e-03	-3.41959459868812e-04	7.46377694579029e-01	-8.85703680929095e-03	-3.87487720139745e-04
7.53745469102561e-01	-1.01070746531930e-02	-4.42581140195353e-04	7.61264192234578e-01	-1.15490141202245e-02	-5.10073028672231e-04
7.68959239396987e-01	-1.32286576381752e-02	-5.93915488278141e-04	7.76861415846780e-01	-1.52070395109848e-02	-6.99735555694581e-04
7.85008707835977e-01	-1.75671204162995e-02	-8.35758713140899e-04	7.93448806984118e-01	-2.04242954820804e-02	-1.01433942842588e-03
8.02242858818076e-01	-2.39433306691190e-02	-1.25466562721233e-03	8.11471225476132e-01	-2.83668401816816e-02	-1.58761959553333e-03
8.21242716956071e-01	-3.40650598142255e-02	-2.06501631955458e-03	8.31710127380139e-01	-4.16274081989401e-02	-2.77764078947396e-03
8.43098007275895e-01	-5.20404273213363e-02	-3.89092356829090e-03	8.55756153195736e-01	-6.70570270099571e-02	-5.70754804952101e-03
8.70272690495130e-01	-9.00259407641811e-02	-8.68070959434886e-03	8.87742113538963e-01	-1.27957619926061e-01	-1.22680132169917e-02
9.10481650533683e-01	-1.94007123322013e-01	-5.77179153072827e-03	9.43938315542973e-01	-2.52789194075507e-01	2.86639630497765e-03
1.00000000000000e+00	0.00000000000000e+00	0.00000000000000e+00
81	1.11588399250775e+04	7.16428571428571e-02
0.00000000000000e+00	1.05215660587781e-02	-1.42632510022889e-05	1.74658805571448e-02	1.03697250086281e-02	-1.46008386898711e-05
3.45732476799009e-02	1.02199457371790e-02	-1.49884082385476e-05	5.13344810407691e-02	1.00720461745443e-02	-1.53915683231975e-05
6.77614430348098e-02	9.92589895029528e-03	-1.58111647017289e-05	8.38655071964257e-02	9.78137825420866e-03	-1.62481013739058e-05
9.96575851550642e-02	9.63835946873104e-03	-1.67033443856379e-05	1.15148151954224e-01	9.49671880549596e-03	-1.71779296347374e-05
1.30347269857791e-01	9.35633292834970e-03	-1.76729649914442e-05	1.45264610758051e-01	9.21707858191945e-03	-1.81896405722082e-05
1.59909477290809e-01	9.07883220213224e-03	-1.87292337772149e-05	1.74290822755177e-01	8.94146951659325e-03	-1.92931160565291e-05
1.88417269928389e-01	8.80486513668433e-03	-1.98827644448674e-05	2.02297128859471e-01	8.66889212479105e-03	-2.04997694897013e-05
2.15938413719874e-01	8.53342154465442e-03	-2.11458469219217e-05	2.29348858783845e-01	8.39832197870405e-03	-2.18228454189617e-05
2.42535933606751e-01	8.26345903420589e-03	-2.25327669849396e-05	2.55506857465236e-01	8.12869479495637e-03	-2.32777756705715e-05
2.68268613119592e-01	7.99388724864492e-03	-2.40602171581727e-05	2.80827959955352e-01	7.85888966164117e-03	-2.48826351811893e-05
2.93191446558367e-01	7.72354990712110e-03	-2.57477928768957e-05	3.05365422775222e-01	7.58770973209821e-03	-2.66586948409753e-05
3.17356051308863e-01	7.45120396472387e-03	-2.76186163323811e-05	3.29169318897684e-01	7.31385963831244e-03	-2.86311310879750e-05
3.40811047125205e-01	7.17549502319392e-03	-2.97001393891883e-05	3.52286902906668e-01	7.03591857751640e-03	-3.08299118401134e-05
3.63602408698440e-01	6.89492777027501e-03	-3.20251287517781e-05	3.74762952476324e-01	6.75230778801783e-03	-3.32909336229203e-05
3.85773797529338e-01	6.60783006817955e-03	-3.46329773093235e-05	3.96640092116730e-01	6.46125068856152e-03	-3.60574867348529e-05
4.07366879037496e-01	6.31230855653775e-03	-3.75713397142707e-05	4.17959105164040e-01	6.16072338223139e-03	-3.91821563450190e-05
4.28421630994567e-01	6.00619330267693e-03	-4.08983461901435e-05	4.38759240283029e-01	5.84839240219415e-03	-4.27292965521353e-05
4.48976649809216e-01	5.68696766152943e-03	-4.46854361455529e-05	4.59078519358921e-01	5.52153562054802e-03	-4.67783967055269e-05
4.69069461990235e-01	5.35167857331209e-03	-4.90212039236937e-05	4.78954054671164e-01	5.17694015792469e-03	-5.14284662342934e-05
4.88736849384627e-01	4.99682028548687e-03	-5.40165940006165e-05	4.98422384809693e-01	4.81076936113767e-03	-5.68041014670229e-05
5.08015198703331e-01	4.61818162355354e-03	-5.98119795196528e-05	5.17519841126016e-01	4.41838705488595e-03	-6.30639065481997e-05
5.26940888678825e-01	4.21064274330907e-03	-6.65870173626182e-05	5.36282959944282e-01	3.99412170334590e-03	-7.04121206678288e-05
5.45550732362955e-01	3.76790074972666e-03	-7.45746254657842e-05	5.54748960814097e-01	3.53094559464529e-03	-7.91152693528918e-05
5.63882498224893e-01	3.28209328140128e-03	-8.40810714466400e-05	5.72956318595442e-01	3.02003137015650e-03	-8.95265700617820e-05
5.81975542906644e-01	2.74327297758381e-03	-9.55153165405065e-05	5.90945468478921e-01	2.45012671426204e-03	-1.02121709871117e-04
5.99871602476195e-01	2.13866029465870e-03	-1.09433280532922e-04	6.08759700410131e-01	1.80665623567711e-03	-1.17553561998607e-04
6.17615810704991e-01	1.45155758269477e-03	-1.26605730300877e-04	6.26446326648101e-01	1.07040095902899e-03	-1.36737249660568e-04
6.35258047394903e-01	6.59733362957882e-04	-1.48125843788538e-04	6.44058250148732e-01	2.15507919101521e-04	-1.60987214914421e-04
6.52854776232973e-01	-2.67047991003078e-04	-1.75585019339008e-04	6.61656134573331e-01	-7.93600270439843e-04	-1.92244418300236e-04
6.70471627188178e-01	-1.37092389047422e-03	-2.11370094029162e-04	6.79311502769333e-01	-2.00718375286124e-03	-2.33470507741806e-04
6.88187146494951e-01	-2.71230395916089e-03	-2.59191356350552e-04	6.97111317115772e-01	-3.49845951378058e-03	-2.89362317538400e-04
7.06098446507691e-01	-4.38074006679201e-03	-3.25063408188386e-04	7.15165022929725e-01	-5.37805960003224e-03	-3.67720759854695e-04
7.24330088202301e-01	-6.51442411958825e-03	-4.19247541011636e-04	7.33615892630913e-01	-7.82072960092872e-03	-4.82256884953181e-04
7.43048772625393e-01	-9.33736521647244e-03	-5.60391222909740e-04	7.52660349645224e-01	-1.11180784535377e-02	-6.58840330745925e-04
7.62489204442830e-01	-1.32358392506179e-02	-7.85200384042506e-04	7.72583274506424e-01	-1.57920411631272e-02	-9.50922744098470e-04
7.83003388706884e-01	-1.89313985496000e-02	-1.17388803990193e-03	7.93828659910548e-01	-2.28670665392277e-02	-1.48317509987494e-03
8.05165054225546e-01	-2.79249296559978e-02	-1.92843758715000e-03	8.17159695920083e-01	-3.46260894045232e-02	-2.59949958290551e-03
8.30026244465741e-01	-4.38506813201702e-02	-3.67039078714915e-03	8.44093508246974e-01	-5.71899202544766e-02	-5.50547677261060e-03
8.59908341502206e-01	-7.77836359748698e-02	-8.92018919028770e-03	8.78484532562180e-01	-1.12671384045570e-01	-1.55591945294937e-02
9.02024193972346e-01	-1.82422710724253e-01	-2.20078461950168e-02	9.36492959420498e-01	-3.12897748313163e-01	1.01340483656918e-02
1.00000000000000e+00	0.00000000000000e+00	0.00000000000000e+00
96	1.11588399250775e+04	1.42285714285714e-01
0.00000000000000e+00	8.82080829306697e-03	-1.00448930318020e-05	1.48808570476674e-02	8.71387155421210e-03	-1.02240532020570e-05
2.95046156210640e-02	8.60818934736263e-03	-1.04506535314464e-05	4.38787555217690e-02	8.50363714041924e-03	-1.06848491847611e-05
5.80104925882952e-02	8.40015149201223e-03	-1.09269822861080e-05	7.19067907859588e-02	8.29766967295131e-03	-1.11774150297617e-05
8.55743739497755e-02	8.19612953623694e-03	-1.14365296213226e-05	9.90197369206775e-02	8.09546939375871e-03	-1.17047326675390e-05
1.12249156113948e-01	7.99562788028596e-03	-1.19824518842737e-05	1.25268699556235e-01	7.89654383097171e-03	-1.22701424241090e-05
1.38084236424986e-01	7.79815614727108e-03	-1.25682870228960e-05	1.50701446122030e-01	7.70040365955871e-03	-1.28773957799311e-05
1.63125826910984e-01	7.60322499840105e-03	-1.31980136348631e-05	1.75362704146229e-01	7.50655844333403e-03	-1.35307160531450e-05
1.87417238119634e-01	7.41034178691291e-03	-1.38761176216029e-05	1.99294431549480e-01	7.31451217857759e-03	-1.42348713543239e-05
2.10999136734742e-01	7.21900597159353e-03	-1.46076741809331e-05	2.22536062396495e-01	7.12375854896408e-03	-1.49952638461848e-05
2.33909780227091e-01	7.02870417194768e-03	-1.53984357000869e-05	2.45124731166536e-01	6.93377577481935e-03	-1.58180313756251e-05
2.56185231424752e-01	6.83890478912441e-03	-1.62549533215817e-05	2.67095478267258e-01	6.74402093751958e-03	-1.67101677723824e-05
2.77859555581214e-01	6.64905201304600e-03	-1.71847072436560e-05	2.88481439238005e-01	6.55392364650886e-03	-1.76796753597053e-05
2.98965002267924e-01	6.45855907978010e-03	-1.81962664793645e-05	3.09314019861916e-01	6.36287886028830e-03	-1.87357473977467e-05
3.19532174215194e-01	6.26680059475082e-03	-1.92994907419752e-05	3.29623059226691e-01	6.17023861955102e-03	-1.98889705165239e-05
3.39590185068510e-01	6.07310366652558e-03	-2.05057720386037e-05	3.49436982639094e-01	5.97530250274581e-03	-2.11516045764970e-05
3.59166807913762e-01	5.87673754466600e-03	-2.18283192368052e-05	3.68782946206271e-01	5.77730640124630e-03	-2.25379056257857e-05
3.78288616355268e-01	5.67690142882515e-03	-2.32825232846512e-05	3.87686974849414e-01	5.57540920066635e-03	-2.40645089437663e-05
3.96981119905555e-01	5.47270995879989e-03	-2.48864067651233e-05	4.06174095514519e-01	5.36867694707754e-03	-2.57509610284146e-05
4.15268895469961e-01	5.26317577178492e-03	-2.66611701340569e-05	4.24268467395924e-01	5.15606361902510e-03	-2.76202977489426e-05
4.33175716790143e-01	5.04718841611052e-03	-2.86319036715277e-05	4.41993511100892e-01	4.93638790334017e-03	-2.96998801505577e-05
4.50724683856510e-01	4.82348856148795e-03	-3.08284669339187e-05	4.59372038868393e-01	4.70830450930904e-03	-3.20223286589538e-05
4.67938354529649e-01	4.59063621811229e-03	-3.32866072116911e-05	4.76426388234089e-01	4.47026892244806e-03	-3.46268840925035e-05
4.84838880943073e-01	4.34697124556727e-03	-3.60494037310310e-05	4.93178561929055e-01	4.22049313384143e-03	-3.75609893903395e-05
5.01448153730568e-01	4.09056390666818e-03	-3.91691950936135e-05	5.09650377355161e-01	3.95688997358379e-03	-4.08824280047071e-05
5.17787957772575e-01	3.81915211322026e-03	-4.27100017761362e-05	5.25863629746243e-01	3.67700250578906e-03	-4.46622799761265e-05
5.33880144057129e-01	3.53006133122591e-03	-4.67508284434093e-05	5.41840274182005e-01	3.37791286869327e-03	-4.89885835195381e-05
5.49746823497468e-01	3.22010102260939e-03	-5.13900456502459e-05	5.57602633091935e-01	3.05612418770385e-03	-5.39715113092587e-05
5.65410590280854e-01	2.88542934656122e-03	-5.67513580509438e-05	5.73173637935944e-01	2.70740526532176e-03	-5.97503970143354e-05
5.80894784758026e-01	2.52137443027878e-03	-6.29921830925806e-05	5.88577116646045e-01	2.32658371890837e-03	-6.65034296924993e-05
5.96223809341804e-01	2.12219401122393e-03	-7.03148496732364e-05	6.03838142561966e-01	1.90726693333665e-03	-7.44614654364373e-05
6.11423515873434e-01	1.68074990817368e-03	-7.89834424603786e-05	6.18983466614333e-01	1.44145914685256e-03	-8.39275621851154e-05
6.26521690224255e-01	1.18805694088353e-03	-8.93473833469827e-05	6.34042063431946e-01	9.19028484471784e-04	-9.53060955464213e-05
6.41548670829717e-01	6.32648970929628e-04	-1.01876682000901e-04	6.49045835505450e-01	3.26949565633949e-04	-1.09145974638514e-04
6.56538154531993e-01	-3.30358546185572e-07	-1.17215457895448e-04	6.64030540336891e-01	-3.51794592775456e-04	-1.26207040694659e-04
6.71528269197249e-01	-7.30461317990816e-04	-1.36265067253394e-04	6.79037038465341e-01	-1.13984258164812e-03	-1.47564896795016e-04
6.86563034521614e-01	-1.58405361406166e-03	-1.60317309740421e-04	6.94113014060510e-01	-2.06793983716169e-03	-1.74781577878313e-04
7.01694402026254e-01	-2.59724944621453e-03	-1.91275253002665e-04	7.09315410587756e-01	-3.17884541116742e-03	-2.10193789020208e-04
7.16985184897910e-01	-3.82098588179469e-03	-2.32033406347920e-04	7.24713983355606e-01	-4.53369334961207e-03	-2.57421615043940e-04
7.32513402812624e-01	-5.32923847949107e-03	-2.87164059185718e-04	7.40396663048371e-01	-6.22279752416643e-03	-3.22306415410978e-04
7.48378970528122e-01	-7.23334798202890e-03	-3.64224925239798e-04	7.56477989830394e-01	-8.38491138395681e-03	-4.14759289081523e-04
7.64714463808576e-01	-9.70830816412216e-03	-4.76412315330910e-04	7.73113043157289e-01	-1.12436885186595e-02	-5.52654747849157e-04
7.81703417183039e-01	-1.30442638655035e-02	-6.48403710422851e-04	7.90521888439733e-01	-1.51819349559981e-02	-7.70805202199076e-04
7.99613619750125e-01	-1.77560487786858e-02	-9.30539662364893e-04	8.09035932799080e-01	-2.09074444405014e-02	-1.14410425362954e-03
8.18863313307736e-01	-2.48418640961319e-02	-1.43795627965138e-03	8.29195309376802e-01	-2.98706320343120e-02	-1.85644923422790e-03
8.40169596643439e-01	-3.64850379509635e-02	-2.47781213110354e-03	8.51984872369064e-01	-4.55005610794660e-02	-3.44811777723764e-03
8.64943962212577e-01	-5.83569651784903e-02	-5.05584887293420e-03	8.79542765565226e-01	-7.78006280272502e-02	-7.88091660454016e-03
8.96676883673804e-01	-1.09661519264888e-01	-1.27881318362515e-02	9.18199816452054e-01	-1.68672032254207e-01	-1.60741916984142e-02
9.48668605259457e-01	-2.68358923501944e-01	8.14257084373249e-03	1.00000000000000e+00	0.00000000000000e+00	0.00000000000000e+00
109	1.11588399250775e+04	2.12928571428571e-01
0.00000000000000e+00	7.72261712476530e-03	-7.71264995336196e-06	1.32350166591535e-02	7.64054087582799e-03	-7.81587405951356e-06
2.62693221691251e-02	7.55933618843274e-03	-7.96725859952829e-06	3.91080451851638e-02	7.47889928302192e-03	-8.12307193753803e-06
5.17561552081967e-02	7.39919266877287e-03	-8.28348765868903e-06	6.42184688708503e-02	7.32017924298600e-03	-8.44868897331708e-06
7.64996562124261e-02	7.24182223011471e-03	-8.61886723124705e-06	8.86042466673675e-02	7.16408512700473e-03	-8.79422447774836e-06
1.00536634783395e-01	7.08693164215823e-03	-8.97497222940302e-06	1.12301085684570e-01	7.01032563950399e-03	-9.16133344008863e-06
1.23901740293609e-01	6.93423107935831e-03	-9.35354301745406e-06	1.35342620326959e-01	6.85861195568926e-03	-9.55184649531482e-06
1.46627633075377e-01	6.78343224134914e-03	-9.75650452494925e-06	1.57760575982003e-01	6.70865582250557e-03	-9.96779120110425e-06
1.68745141029294e-01	6.63424643541655e-03	-1.01859949175331e-05	1.79584918945567e-01	6.56016760233857e-03	-1.04114198016259e-05
1.90283403241271e-01	6.48638256704226e-03	-1.06443882361695e-05	2.00843994084658e-01	6.41285422269577e-03	-1.08852399700599e-05
2.11270002025979e-01	6.33954503972034e-03	-1.11343329751712e-05	2.21564651578912e-01	6.26641699450703e-03	-1.13920467637030e-05
2.31731084667478e-01	6.19343149229534e-03	-1.16587841283433e-05	2.41772363946350e-01	6.12054928134254e-03	-1.19349697143001e-05
2.51691476002116e-01	6.04773037073092e-03	-1.22210536224188e-05	2.61491334442690e-01	5.97493394014181e-03	-1.25175128411481e-05
2.71174782881831e-01	5.90211825139342e-03	-1.28248570854250e-05	2.80744597825407e-01	5.82924053279377e-03	-1.31436208719027e-05
2.90203491465908e-01	5.75625689337089e-03	-1.34743787907343e-05	2.99554114391338e-01	5.68312218955502e-03	-1.38177346948876e-05
3.08799058214642e-01	5.60978992919869e-03	-1.41743397688021e-05	3.17940858129437e-01	5.53621212104738e-03	-1.45448809731885e-05
3.26981995397927e-01	5.46233914933647e-03	-1.49300915941453e-05	3.35924899776574e-01	5.38811962804764e-03	-1.53307553087956e-05
3.44771951885123e-01	5.31350023838062e-03	-1.57477066875522e-05	3.53525485524522e-01	5.23842556082532e-03	-1.61818362540700e-05
3.62187789949226e-01	5.16283790998284e-03	-1.66341061300646e-05	3.70761112099342e-01	5.08667710029354e-03	-1.71055309670098e-05
3.79247658798310e-01	5.00988027260241e-03	-1.75972089042631e-05	3.87649598921523e-01	4.93238163362886e-03	-1.81103082905754e-05
3.95969065541789e-01	4.85411224742460e-03	-1.86461012114947e-05	4.04208158057284e-01	4.77499969865569e-03	-1.92059289978452e-05
4.12368944308324e-01	4.69496785881729e-03	-1.97912504844577e-05	4.20453462688875e-01	4.61393653974662e-03	-2.04036356092896e-05
4.28463724259543e-01	4.53182113807715e-03	-2.10447733151042e-05	4.36401714868851e-01	4.44853225489616e-03	-2.17164859168673e-05
4.44269397290013e-01	4.36397527756527e-03	-2.24207440788771e-05	4.52068713380899e-01	4.27804992454783e-03	-2.31596858841776e-05
4.59801586275379e-01	4.19064969858129e-03	-2.39356079354547e-05	4.67469922614997e-01	4.10166135828249e-03	-2.47510036142096e-05
4.75075614830311e-01	4.01096437047399e-03	-2.56086283954016e-05	4.82620543482135e-01	3.91843001450010e-03	-2.65113837352171e-05
4.90106579674666e-01	3.82392093631934e-03	-2.74625433314135e-05	4.97535587551546e-01	3.72728995917204e-03	-2.84655527487132e-05
5.04909426890072e-01	3.62837953297790e-03	-2.95243086985142e-05	5.12229955806784e-01	3.52702033117680e-03	-3.06429560668064e-05
5.19499033592889e-01	3.42303033593416e-03	-3.18260855827202e-05	5.26718523696655e-01	3.31621351057199e-03	-3.30787567019986e-05
5.33890296874134e-01	3.20635828633375e-03	-3.44065067059418e-05	5.41016234531618e-01	3.09323596242450e-03	-3.58154260842181e-05
5.48098232285825e-01	2.97659890020241e-03	-3.73122404735415e-05	5.55138203771474e-01	2.85617846959108e-03	-3.89043927939703e-05
5.62138084729899e-01	2.73168271099711e-03	-4.06001262704958e-05	5.69099837417005e-01	2.60279370424876e-03	-4.24085918606654e-05
5.76025455374218e-01	2.46916458129620e-03	-4.43399730776228e-05	5.82916968612495e-01	2.33041610616591e-03	-4.64056187907680e-05
5.89776449267009e-01	2.18613278163593e-03	-4.86182058931917e-05	5.96606017788901e-01	2.03585841201503e-03	-5.09919433726580e-05
6.03407849751011e-01	1.87909100625872e-03	-5.35428112045100e-05	6.10184183356975e-01	1.71527691631113e-03	-5.62888484434421e-05
6.16937327758015e-01	1.54380391127495e-03	-5.92503943428468e-05	6.23669672299947e-01	1.36399314794389e-03	-6.24503786788022e-05
6.30383696844195e-01	1.17509039901820e-03	-6.59150490751603e-05	6.37081983331308e-01	9.76255191941888e-04	-6.96744308914532e-05
6.43767228789522e-01	7.66547550450358e-04	-7.37625401492359e-05	6.50442260029563e-01	5.44913862760232e-04	-7.82186345540392e-05
6.57110050309973e-01	3.10169540557181e-04	-8.30883091940127e-05	6.63773738319756e-01	6.09768484726159e-05	-8.84237980138813e-05
6.70436649900069e-01	-2.04179002627924e-04	-9.42860741004470e-05	6.77102323008754e-01	-4.87019415657319e-04	-1.00746855302036e-04
6.83774536551897e-01	-7.89510374848423e-04	-1.07889574743947e-04	6.90457343854314e-01	-1.11390493174712e-03	-1.15813034524237e-04
6.97155111712662e-01	-1.46279655390547e-03	-1.24635022202613e-04	7.03872566220626e-01	-1.83918678842099e-03	-1.34495531516121e-04
7.10614846863830e-01	-2.24656632770504e-03	-1.45562747620342e-04	7.17387570772790e-01	-2.68901617788464e-03	-1.58040754942856e-04
7.24196909555335e-01	-3.17133702415218e-03	-1.72178166059522e-04	7.31049681839228e-01	-3.69921222558345e-03	-1.88280288681453e-04
7.37953465599825e-01	-4.27941637278617e-03	-2.06725471342262e-04	7.44916735645789e-01	-4.92008500319974e-03	-2.27987206757874e-04
7.51949033428374e-01	-5.63106778963729e-03	-2.52664033802974e-04	7.59061178853469e-01	-6.42439606867318e-03	-2.81520920610623e-04
7.66265537351475e-01	-7.31491051259803e-03	-3.15546951165313e-04	7.73576360638232e-01	-8.32111248092893e-03	-3.56039421629983e-04
7.81010227224303e-01	-9.46633831973842e-03	-4.04727527643534e-04	7.88586620207951e-01	-1.07804253631242e-02	-4.63945714512359e-04
7.96328697589443e-01	-1.23020683061781e-02	-5.36918389328456e-04	8.04264338104949e-01	-1.40822998017499e-02	-6.28181763225433e-04
8.12427590911274e-01	-1.61896916906050e-02	-7.44272312628302e-04	8.20860733079691e-01	-1.87183563571713e-02	-8.94872612397846e-04
8.29617270353642e-01	-2.18006864133294e-02	-1.09475302745365e-03	8.38766454787027e-01	-2.56282495740324e-02	-1.36727393622094e-03
8.48400344912487e-01	-3.04876185606497e-02	-1.75086231648547e-03	8.58645343317820e-01	-3.68245481191078e-02	-2.31166346176015e-03
8.69682099388109e-01	-4.53654233158123e-02	-3.16909857426828e-03	8.81782210714175e-01	-5.73618022747113e-02	-4.54772322042163e-03
8.95381798671231e-01	-7.51213947208905e-02	-6.86434728544127e-03	9.11245414040405e-01	-1.03286798369654e-01	-1.06338439577818e-02
9.30881326561000e-01	-1.52351397382758e-01	-1.32474153980846e-02	9.57722246321383e-01	-2.33963981255963e-01	4.91374718018356e-03
1.00000000000000e+00	0.00000000000000e+00	0.00000000000000e+00
115	1.11588399250775e+04	2.83571428571429e-01
0.00000000000000e+00	7.28044868041877e-03	-6.85699177283006e-06	1.26669290722235e-02	7.20747165632241e-03	-6.93577397781198e-06
2.51525722886986e-02	7.13523758973222e-03	-7.06248834170253e-06	3.74613021044229e-02	7.06364960870176e-03	-7.19269752536000e-06
4.95973628548460e-02	6.99267801594572e-03	-7.32653152768492e-06	6.15648754764600e-02	6.92229340580330e-03	-7.46412567576016e-06
7.33678422931646e-02	6.85246662465988e-03	-7.60562179613622e-06	8.50101515958444e-02	6.78316873143370e-03	-7.75116938678266e-06
9.64955820262143e-02	6.71437095160488e-03	-7.90092266278464e-06	1.07827806775389e-01	6.64604464473428e-03	-8.05504650513988e-06
1.19010397606970e-01	6.57816125519894e-03	-8.21371173409524e-06	1.30046828714027e-01	6.51069227424328e-03	-8.37709805745490e-06
1.40940480418707e-01	6.44360919776177e-03	-8.54539464523185e-06	1.51694642722839e-01	6.37688348082444e-03	-8.71879910935291e-06
1.62312518717412e-01	6.31048649751431e-03	-8.89752050681203e-06	1.72797227858387e-01	6.24438949316275e-03	-9.08177813485622e-06
1.83151809115967e-01	6.17856353887958e-03	-9.27180262411120e-06	1.93379224004058e-01	6.11297948246503e-03	-9.46783562461029e-06
2.03482359496333e-01	6.04760790413827e-03	-9.67013362762614e-06	2.13464030834999e-01	5.98241906086483e-03	-9.87896562398838e-06
2.23326984238118e-01	5.91738283570975e-03	-1.00946153052117e-05	2.33073899511021e-01	5.85246868559874e-03	-1.03173836936143e-05
2.42707392567137e-01	5.78764557401867e-03	-1.05475837102187e-05	2.52230017863379e-01	5.72288192774706e-03	-1.07855519713151e-05
2.61644270754891e-01	5.65814555589106e-03	-1.10316383066245e-05	2.70952589773967e-01	5.59340360320526e-03	-1.12862194991958e-05
2.80157358837582e-01	5.52862245866126e-03	-1.15496866188725e-05	2.89260909388017e-01	5.46376769960299e-03	-1.18224578740111e-05
2.98265522470734e-01	5.39880400757431e-03	-1.21049760952729e-05	3.07173430753667e-01	5.33369508599191e-03	-1.23977105577211e-05
3.15986820491959e-01	5.26840357429381e-03	-1.27011599913018e-05	3.24707833442042e-01	5.20289094461268e-03	-1.30158481401743e-05
3.33338568728966e-01	5.13711742125511e-03	-1.33423381523112e-05	3.41881084670682e-01	5.07104186767604e-03	-1.36812305628897e-05
3.50337400563100e-01	5.00462165059168e-03	-1.40331515936509e-05	3.58709498429699e-01	4.93781255721015e-03	-1.43987811471735e-05
3.66999324739222e-01	4.87056864382640e-03	-1.47788425592932e-05	3.75208792095354e-01	4.80284207966752e-03	-1.51740959386526e-05
3.83339780902112e-01	4.73458302784580e-03	-1.55853627248348e-05	3.91394141008617e-01	4.66573946490567e-03	-1.60135186011434e-05
3.99373693337233e-01	4.59625700492272e-03	-1.64594981899580e-05	4.07280231498987e-01	4.52607871227428e-03	-1.69243021643783e-05
4.15115523400322e-01	4.45514489963861e-03	-1.74090055364839e-05	4.22881312845379e-01	4.38339289173140e-03	-1.79147556673698e-05
4.30579321138224e-01	4.31075677557446e-03	-1.84427746949822e-05	4.38211248689582e-01	4.23716719572664e-03	-1.89944056063762e-05
4.45778776632702e-01	4.16255097542595e-03	-1.95710616237577e-05	4.53283568453810e-01	4.08683086414841e-03	-2.01742754917245e-05
4.60727271642171e-01	4.00992517904752e-03	-2.08056997830219e-05	4.68111519365696e-01	3.93174744750069e-03	-2.14671301279612e-05
4.75437932178177e-01	3.85220590917523e-03	-2.21604618730886e-05	4.82708119765086e-01	3.77120321072399e-03	-2.28877995540611e-05
4.89923682734532e-01	3.68863579558898e-03	-2.36513989744225e-05	4.97086214461855e-01	3.60439336790774e-03	-2.44536920734895e-05
5.04197302996080e-01	3.51835832359471e-03	-2.52973292178549e-05	5.11258533037547e-01	3.43040507511949e-03	-2.61851959233450e-05
5.18271487997083e-01	3.34039930128704e-03	-2.71204298178951e-05	5.25237752148089e-01	3.24819713106228e-03	-2.81064500451400e-05
5.32158912884084e-01	3.15364423856246e-03	-2.91469914424081e-05	5.39036563095662e-01	3.05657483342903e-03	-3.02461414307675e-05
5.45872303682445e-01	2.95681050578223e-03	-3.14083625885253e-05	5.52667746217524e-01	2.85415897348207e-03	-3.26385431570486e-05
5.59424515783852e-01	2.74841271122073e-03	-3.39420749857489e-05	5.66144254004502e-01	2.63934739923566e-03	-3.53249332027961e-05
5.72828622291641e-01	2.52671995877196e-03	-3.67936223260035e-05	5.79479305342820e-01	2.41026664593824e-03	-3.83553182297103e-05
5.86098014915895e-01	2.28970109059845e-03	-4.00181560518131e-05	5.92686493918483e-01	2.16471103016413e-03	-4.17908712706527e-05
5.99246520855758e-01	2.03495617416172e-03	-4.36834263988217e-05	6.05779914681041e-01	1.90006437061729e-03	-4.57068048147491e-05
6.12288540106810e-01	1.75962797305784e-03	-4.78732655255776e-05	6.18774313437997e-01	1.61319965855600e-03	-5.01966222912209e-05
6.25239209000840e-01	1.46028722786773e-03	-5.26923048544958e-05	6.31685266253275e-01	1.30034797043743e-03	-5.53776657510330e-05
6.38114597675505e-01	1.13278241577541e-03	-5.82725126490047e-05	6.44529397556453e-01	9.56925674391540e-04	-6.13987974396046e-05
6.50931951815656e-01	7.72040257769335e-04	-6.47821717743025e-05	6.57324649016112e-01	5.77303546420715e-04	-6.84510741302269e-05
6.63709992767401e-01	3.71797544678421e-04	-7.24386069961280e-05	6.70090615738083e-01	1.54493727027694e-04	-7.67827174157354e-05
6.76469295555352e-01	-7.57647119554727e-05	-8.15265350806449e-05	6.82848972919211e-01	-3.20280688144603e-04	-8.67209485071463e-05
6.89232772319956e-01	-5.80529820494613e-04	-9.24241891708810e-05	6.95624025849654e-01	-8.58187607269745e-04	-9.87044949065652e-05
7.02026300685818e-01	-1.15516342447219e-03	-1.05642559885544e-04	7.08443430970859e-01	-1.47364564440899e-03	-1.13331989192833e-04
7.14879554988658e-01	-1.81614797593832e-03	-1.21885720830495e-04	7.21339158734327e-01	-2.18557783383388e-03	-1.31436413876473e-04
7.27827127296840e-01	-2.58530887117470e-03	-1.42145057235199e-04	7.34348805800270e-01	-3.01928265657248e-03	-1.54204369571920e-04
7.40910072182269e-01	-3.49212499597484e-03	-1.67850890388621e-04	7.47517424694914e-01	-4.00930627029439e-03	-1.83371991620218e-04
7.54178087933822e-01	-4.57733039195418e-03	-2.01125989450768e-04	7.60900142333712e-01	-5.20399462399956e-03	-2.21558227175400e-04
7.67692683767093e-01	-5.89871825914390e-03	-2.45229962204663e-04	7.74566022121342e-01	-6.67297730808247e-03	-2.72857452511932e-04
7.81531930990354e-01	-7.54088935492803e-03	-3.05363938150505e-04	7.88603965296454e-01	-8.52000314805845e-03	-3.43955599223289e-04
7.95797870500208e-01	-9.63238368033337e-03	-3.90232396140888e-04	8.03132117314274e-01	-1.09061338124289e-02	-4.46349442361216e-04
8.10628611534679e-01	-1.23775619757163e-02	-5.15261665424704e-04	8.18313653178811e-01	-1.40943275630923e-02	-6.01108770764025e-04
8.26219258689553e-01	-1.61201398510669e-02	-7.09817719249273e-04	8.34385025766057e-01	-1.85419350977643e-02	-8.50095668608830e-04
8.42860833430710e-01	-2.14811587287044e-02	-1.03512812663431e-03	8.51710872333807e-01	-2.51121796753310e-02	-1.28554319395335e-03
8.61019879975546e-01	-2.96933900734796e-02	-1.63490351358297e-03	8.70903206341614e-01	-3.56222904378345e-02	-2.14019329855475e-03
8.81523919665085e-01	-4.35380010447189e-02	-2.90275821764752e-03	8.93123765110218e-01	-5.45237718884425e-02	-4.11045423273149e-03
9.06083763427347e-01	-7.05361188481843e-02	-6.11179886527435e-03	9.21055104234727e-01	-9.54007573223690e-02	-9.40490052928400e-03
9.39278205025459e-01	-1.37451854050284e-01	-1.27884006364063e-02	9.63459202043226e-01	-2.11627060556435e-01	3.39592359457797e-04
1.00000000000000e+00	0.00000000000000e+00	0.00000000000000e+00
112	1.11588399250775e+04	3.54214285714286e-01
0.00000000000000e+00	7.43952351787813e-03	-7.14721496275494e-06	1.31310740563689e-02	7.36336531973603e-03	-7.23723559326039e-06
2.60701844459775e-02	7.28798978896927e-03	-7.37270225736886e-06	3.88220595781044e-02	7.21330154867217e-03	-7.51199889581500e-06
5.13912863811850e-02	7.13926822001576e-03	-7.65527078105954e-06	6.37823156686220e-02	7.06585774577762e-03	-7.80267081101904e-06
7.59994675294260e-02	6.99303834197051e-03	-7.95435875722283e-06	8.80469364812926e-02	6.92077845183814e-03	-8.11050205706820e-06
9.99287963990761e-02	6.84904670015829e-03	-8.27127689273510e-06	1.11649005230880e-01	6.77781184413218e-03	-8.43686724660841e-06
1.23211409513300e-01	6.70704273028222e-03	-8.60746814157487e-06	1.34619748696684e-01	6.63670824039908e-03	-8.78328219133806e-06
1.45877659290705e-01	6.56677725010857e-03	-8.96452482779253e-06	1.56988678839932e-01	6.49721857288288e-03	-9.15142073343311e-06
1.67956249738634e-01	6.42800091370166e-03	-9.34420726106389e-06	1.78783722893486e-01	6.35909281529279e-03	-9.54313392087514e-06
1.89474361242472e-01	6.29046260471267e-03	-9.74846308965382e-06	2.00031343137799e-01	6.22207834432986e-03	-9.96047468126982e-06
2.10457765600280e-01	6.15390775996549e-03	-1.01794574147718e-05	2.20756647452329e-01	6.08591820180404e-03	-1.04057226055776e-05
2.30930932336240e-01	6.01807656797959e-03	-1.06395955454808e-05	2.40983491624294e-01	5.95034924575555e-03	-1.08814200161511e-05
2.50917127226831e-01	5.88270204570396e-03	-1.11315602735473e-05	2.60734574304192e-01	5.81510012856179e-03	-1.13904005403231e-05
2.70438503888244e-01	5.74750793318102e-03	-1.16583476270637e-05	2.80031525418920e-01	5.67988910635231e-03	-1.19358374208733e-05
2.89516189201041e-01	5.61220639456361e-03	-1.22233199022492e-05	2.98894988786611e-01	5.54442159826918e-03	-1.25212875550229e-05
3.08170363287315e-01	5.47649543831730e-03	-1.28302508823896e-05	3.17344699622296e-01	5.40838748245354e-03	-1.31507564995470e-05
3.26420334705686e-01	5.34005603641741e-03	-1.34833867486694e-05	3.35399557578570e-01	5.27145802750950e-03	-1.38287592061914e-05
3.44284611489922e-01	5.20254888853522e-03	-1.41875316661544e-05	3.53077695930926e-01	5.13328243351285e-03	-1.45604075285632e-05
3.61780968627113e-01	5.06361070559191e-03	-1.49481296205511e-05	3.70396547492779e-01	4.99348384490994e-03	-1.53514937957233e-05
3.78926512552001e-01	4.92284994330849e-03	-1.57713616764088e-05	3.87372907830703e-01	4.85165481681826e-03	-1.62086288300056e-05
3.95737743224444e-01	4.77984189539526e-03	-1.66642778693937e-05	4.04022996346160e-01	4.70735197566041e-03	-1.71393533632269e-05
4.12230614358845e-01	4.63412299827937e-03	-1.76349640235163e-05	4.20362515797879e-01	4.56008984764589e-03	-1.81523118294447e-05
4.28420592387874e-01	4.48518407371501e-03	-1.86926847121072e-05	4.36406710859362e-01	4.40933361510187e-03	-1.92574654573896e-05
4.44322714770684e-01	4.33246249832364e-03	-1.98481422710728e-05	4.52170426340794e-01	4.25449051147764e-03	-2.04663218015266e-05
4.59951648298995e-01	4.17533283655702e-03	-2.11137365091485e-05	4.67668165758072e-01	4.09489962431375e-03	-2.17922383967117e-05
4.75321748117749e-01	4.01309562804664e-03	-2.25038572940761e-05	4.82914151005610e-01	3.92981968995287e-03	-2.32507928914494e-05
4.90447118263724e-01	3.84496412470070e-03	-2.40353730174281e-05	4.97922383989768e-01	3.75841436475910e-03	-2.48602190384695e-05
5.05341674641312e-01	3.67004802318549e-03	-2.57280740409982e-05	5.12706711214858e-01	3.57973444967619e-03	-2.66419987793309e-05
5.20019211509630e-01	3.48733382633060e-03	-2.76053208658755e-05	5.27280892489550e-01	3.39269621898719e-03	-2.86216145968243e-05
5.34493472757174e-01	3.29566077110721e-03	-2.96948414280074e-05	5.41658675154419e-01	3.19605453479666e-03	-3.08293305322227e-05
5.48778229507859e-01	3.09369125842585e-03	-3.20298182847623e-05	5.55853875537620e-01	2.98837004972463e-03	-3.33015059761355e-05
5.62887365951436e-01	2.87987386597366e-03	-3.46501182408865e-05	5.69880469748193e-01	2.76796781390387e-03	-3.60819673574930e-05
5.76834975758461e-01	2.65239723151733e-03	-3.76040244287612e-05	5.83752696453182e-01	2.53288552406628e-03	-3.92240018673995e-05
5.90635472055949e-01	2.40913171851420e-03	-4.09504503104952e-05	5.97485174999321e-01	2.28080769517880e-03	-4.27928741768557e-05
6.04303714771450e-01	2.14755504879705e-03	-4.47618715886389e-05	6.11093043206184e-01	2.00898150900408e-03	-4.68692966384410e-05
6.17855160277907e-01	1.86465669213698e-03	-4.91283463961434e-05	6.24592120472359e-01	1.71410746142109e-03	-5.15538174110652e-05
6.31306039815194e-01	1.55681269636121e-03	-5.41624763525927e-05	6.37999103653821e-01	1.39219688336412e-03	-5.69732483879370e-05
6.44673575305277e-01	1.21962243443541e-03	-6.00072709129318e-05	6.51331805702298e-01	1.03838209132090e-03	-6.32888416689514e-05
6.57976244189730e-01	8.47688763556453e-04	-6.68456769379322e-05	6.64609450657226e-01	6.46663229074251e-04	-7.07089607898670e-05
6.71234109227366e-01	4.34322182831792e-04	-7.49150759562500e-05	6.77853043754395e-01	2.09560987079582e-04	-7.95055943907386e-05
6.84469235452421e-01	-2.88652678370749e-05	-8.45282936747793e-05	6.91085843027480e-01	-2.82362762458632e-04	-9.00394407989946e-05
6.97706225767418e-01	-5.52528518472650e-04	-9.61036413626992e-05	7.04333970156742e-01	-8.41180710147715e-04	-1.02797214657668e-04
7.10972920691016e-01	-1.15039853661569e-03	-1.10210250986231e-04	7.17627215742841e-01	-1.48257205263069e-03	-1.18448367234958e-04
7.24301329535055e-01	-1.84045805227628e-03	-1.27638431087984e-04	7.31000121529246e-01	-2.22725431195214e-03	-1.37932288840625e-04
7.37728894904710e-01	-2.64669093682368e-03	-1.49512243241556e-04	7.44493466246907e-01	-3.10314128192735e-03	-1.62600555375647e-04
7.51300249161766e-01	-3.60176586322714e-03	-1.77469345056691e-04	7.58156355355961e-01	-4.14869499705095e-03	-1.94454315989745e-04
7.65069717812610e-01	-4.75126333578169e-03	-2.13973590082350e-04	7.72049242199376e-01	-5.41831505833035e-03	-2.36553273576190e-04
7.79104994745007e-01	-6.16060585222311e-03	-2.62862455247204e-04	7.86248437784314e-01	-6.99133912571070e-03	-2.93761800088443e-04
7.93492728425360e-01	-7.92689000484859e-03	-3.30372910256171e-04	8.00853102003191e-01	-8.98779458337973e-03	-3.74181134588092e-04
8.08347371227711e-01	-1.02001435306295e-02	-4.27177543187218e-04	8.15996586050506e-01	-1.15975349474106e-02	-4.92091215492874e-04
8.23825921122196e-01	-1.32239398287299e-02	-5.72724110606604e-04	8.31865892944673e-01	-1.51379178418748e-02	-6.74506767812444e-04
8.40154066582765e-01	-1.74190604817598e-02	-8.05389198870632e-04	8.48737510745417e-01	-2.01780756764278e-02	-9.77360163473717e-04
8.57676435381939e-01	-2.35731332328420e-02	-1.20912152550923e-03	8.67049771745896e-01	-2.78373856593604e-02	-1.53101348252371e-03
8.76964092786915e-01	-3.33274384503672e-02	-1.99451297950737e-03	8.87568601601584e-01	-4.06132008144050e-02	-2.69152932724692e-03
8.99081903104655e-01	-5.06549005314280e-02	-3.79521885058476e-03	9.11843621381610e-01	-6.51783292107579e-02	-5.64488889203285e-03
9.26424090000706e-01	-8.75496006827584e-02	-8.86277675561709e-03	9.43888242326738e-01	-1.25180575050836e-01	-1.36016683181477e-02
9.66529281722721e-01	-1.97381297814544e-01	-6.48562294826860e-03	1.00000000000000e+00	0.00000000000000e+00	0.00000000000000e+00
85	1.11588399250775e+04	4.24857142857143e-01
0.00000000000000e+00	9.77984594621595e-03	-1.23115780916727e-05	1.74707323974680e-02	9.64859640087701e-03	-1.25828489467850e-05
3.46075518703314e-02	9.51900381040960e-03	-1.28957882019609e-05	5.14211979689256e-02	9.39092528491603e-03	-1.32205224869786e-05
6.79219920160406e-02	9.26426490776233e-03	-1.35576515958302e-05	8.41198585099815e-02	9.13892783881076e-03	-1.39078129839376e-05
1.00024345548868e-01	9.01482007625098e-03	-1.42716864868220e-05	1.15644644096392e-01	8.89184821167710e-03	-1.46499955833157e-05
1.30989606171139e-01	8.76991919061854e-03	-1.50435139940619e-05	1.46067762035469e-01	8.64894005884875e-03	-1.54530659022267e-05
1.60887336454547e-01	8.52881771391911e-03	-1.58795332920736e-05	1.75456264091033e-01	8.40945864145803e-03	-1.63238583152925e-05
1.89782204096468e-01	8.29076865156342e-03	-1.67870515943580e-05	2.03872553956213e-01	8.17265259467903e-03	-1.72701945255760e-05
2.17734462641147e-01	8.05501407273734e-03	-1.77744469374019e-05	2.31374843115843e-01	7.93775513480388e-03	-1.83010546108697e-05
2.44800384249965e-01	7.82077595573649e-03	-1.88513572707549e-05	2.58017562176840e-01	7.70397449234461e-03	-1.94267952169369e-05
2.71032651140745e-01	7.58724612219508e-03	-2.00289197540560e-05	2.83851733872185e-01	7.47048325678135e-03	-2.06594041740615e-05
2.96480711528572e-01	7.35357492110089e-03	-2.13200525860380e-05	3.08925313236008e-01	7.23640631861211e-03	-2.20128211632087e-05
3.21191105266342e-01	7.11885832410530e-03	-2.27398182393035e-05	3.33283499882695e-01	7.00080697751604e-03	-2.35033329436529e-05
3.45207763885303e-01	6.88212290443757e-03	-2.43058487747749e-05	3.56969026889093e-01	6.76267069153158e-03	-2.51500642962643e-05
3.68572289363723e-01	6.64230818616462e-03	-2.60389062283206e-05	3.80022430466644e-01	6.52088578484222e-03	-2.69755814035211e-05
3.91324215699445e-01	6.39824554200574e-03	-2.79635665010325e-05	4.02482304418590e-01	6.27422030813851e-03	-2.90066760244567e-05
4.13501257231376e-01	6.14863268185095e-03	-3.01090791787750e-05	4.24385543309542e-01	6.02129388535499e-03	-3.12753451321424e-05
4.35139547653723e-01	5.89200251775779e-03	-3.25104984719715e-05	4.45767578343642e-01	5.76054311577900e-03	-3.38200525327181e-05
4.56273873811156e-01	5.62668461600624e-03	-3.52100958380674e-05	4.66662610175401e-01	5.49017855221101e-03	-3.66873421242531e-05
4.76937908682901e-01	5.35075709847299e-03	-3.82592355343547e-05	4.87103843298796e-01	5.20813075741855e-03	-3.99340057759545e-05
4.97164448500501e-01	5.06198586178863e-03	-4.17208097887034e-05	5.07123727329891e-01	4.91198166033069e-03	-4.36298457808793e-05
5.16985659767286e-01	4.75774701649545e-03	-4.56724976594103e-05	5.26754211498097e-01	4.59887661046920e-03	-4.78614864478644e-05
5.36433343152593e-01	4.43492665210687e-03	-5.02110901994257e-05	5.46027020110206e-01	4.26540997280100e-03	-5.27374151233495e-05
5.55539222973483e-01	4.08979005355659e-03	-5.54585128975660e-05	5.64973958834108e-01	3.90747479022768e-03	-5.83949632431136e-05
5.74335273470097e-01	3.71780832446023e-03	-6.15699576216322e-05	5.83627264641697e-01	3.52006244125347e-03	-6.50100070997972e-05
5.92854096677111e-01	3.31342588334160e-03	-6.87453836862861e-05	6.02020016578586e-01	3.09699195167323e-03	-7.28107594574201e-05
6.11129371920436e-01	2.86974396261175e-03	-7.72460430773503e-05	6.20186630863731e-01	2.63053795590773e-03	-8.20973671893377e-05
6.29196404678333e-01	2.37808203601220e-03	-8.74182616494856e-05	6.38163473244677e-01	2.11091166938115e-03	-9.32711244956419e-05
6.47092814109693e-01	1.82735994241678e-03	-9.97290460948985e-05	6.55989635800187e-01	1.52552153342000e-03	-1.06878076839179e-04
6.64859416260567e-01	1.20320879108582e-03	-1.14820057277809e-04	6.73707947490945e-01	8.57897945780062e-04	-1.23676244856874e-04
6.82541387730864e-01	4.86662683960359e-04	-1.33591929713628e-04	6.91366322884383e-01	8.60915221921887e-05	-1.44742367545803e-04
7.00189839341824e-01	-3.47815777186899e-04	-1.57340480540835e-04	7.09019610962279e-01	-8.19779193328207e-04	-1.71646937422665e-04
7.17864003796301e-01	-1.33540558396006e-03	-1.87983505837819e-04	7.26732203232299e-01	-1.90140369228264e-03	-2.06751193666310e-04
7.35634369763089e-01	-2.52586441799829e-03	-2.28454711077797e-04	7.44581831674763e-01	-3.21863003148648e-03	-2.53736201784482e-04
7.53587325926914e-01	-3.99178668297495e-03	-2.83422521737631e-04	7.62665302745798e-01	-4.86033063266844e-03	-3.18592577682963e-04
7.71832315655008e-01	-5.84308310599813e-03	-3.60675198446625e-04	7.81107527892040e-01	-6.96396919802145e-03	-4.11593494474394e-04
7.90513380179410e-01	-8.25383924280265e-03	-4.73983077322826e-04	8.00076486637570e-01	-9.75311010821289e-03	-5.51535828700933e-04
8.09828860491763e-01	-1.15157112669545e-02	-6.49540307707808e-04	8.19809628795172e-01	-1.36151024686361e-02	-7.75787344950096e-04
8.30067493482875e-01	-1.61537718220027e-02	-9.42119302070665e-04	8.40664370541162e-01	-1.92787521720145e-02	-1.16721151610633e-03
8.51680963701138e-01	-2.32080146445461e-02	-1.48184335310142e-03	8.63225667384292e-01	-2.82776302728107e-02	-1.93948326078086e-03
8.75449534332128e-01	-3.50309980977676e-02	-2.63917578049511e-03	8.88573093780740e-01	-4.43998164627697e-02	-3.77947001215762e-03
9.02938476951177e-01	-5.81040265418472e-02	-5.79846823807051e-03	9.19122231532434e-01	-7.96405617269044e-02	-9.76851043422267e-03
9.38218382828995e-01	-1.17251919183786e-01	-1.82949142530398e-02	9.62714817596208e-01	-2.01620900045944e-01	-2.44543873820020e-02
1.00000000000000e+00	0.00000000000000e+00	0.00000000000000e+00
69	1.11588399250775e+04	4.95500000000000e-01
0.00000000000000e+00	1.20168299308896e-02	-1.85396135312654e-05	2.17240143998941e-02	1.18192196777509e-02	-1.90787985154817e-05
4.29405084181058e-02	1.16245920549218e-02	-1.96677619148655e-05	6.36694073803064e-02	1.14326911004548e-02	-2.02843718954959e-05
8.39296930569586e-02	1.12432998576741e-02	-2.09303845499775e-05	1.03739462873075e-01	1.10562039076527e-02	-2.16076962371581e-05
1.23115985243421e-01	1.08711905406567e-02	-2.23183597096721e-05	1.42075751129277e-01	1.06880479117750e-02	-2.30645979797384e-05
1.60634522142040e-01	1.05065641820543e-02	-2.38488217731980e-05	1.78807375490362e-01	1.03265266374528e-02	-2.46736508728862e-05
1.96608746042128e-01	1.01477207656457e-02	-2.55419323986761e-05	2.14052465750106e-01	9.96992930286766e-03	-2.64567698216034e-05
2.31151800669954e-01	9.79293121293967e-03	-2.74215455979832e-05	2.47919485781739e-01	9.61650061789454e-03	-2.84399571102156e-05
2.64367757810358e-01	9.44040563773574e-03	-2.95160475793921e-05	2.80508386226733e-01	9.26440715360699e-03	-3.06542503532015e-05
2.96352702599644e-01	9.08825745279196e-03	-3.18594311770060e-05	3.11911628457976e-01	8.91169875879783e-03	-3.31369427808426e-05
3.27195701814475e-01	8.73446160413716e-03	-3.44926792825717e-05	3.42215102495116e-01	8.55626305106139e-03	-3.59331500685567e-05
3.56979676412489e-01	8.37680470338320e-03	-3.74655563339932e-05	3.71498958917712e-01	8.19577047648812e-03	-3.90978719186919e-05
3.85782197362826e-01	8.01282414257654e-03	-4.08389651858077e-05	3.99838373004482e-01	7.82760650491121e-03	-4.26987004951140e-05
4.13676222380965e-01	7.63973224682402e-03	-4.46880847038145e-05	4.27304258296806e-01	7.44878634959445e-03	-4.68194350313755e-05
4.40730790554130e-01	7.25431998347315e-03	-4.91065595693563e-05	4.53963946577014e-01	7.05584583650243e-03	-5.15649902377291e-05
4.67011692084646e-01	6.85283270752901e-03	-5.42122329529882e-05	4.79881851982200e-01	6.64469930956768e-03	-5.70680916271993e-05
4.92582131654656e-01	6.43080703733934e-03	-6.01550197822931e-05	5.05120138870234e-01	6.21045164809475e-03	-6.34986025307427e-05
5.17503406525993e-01	5.98285334400872e-03	-6.71280081467884e-05	5.29739416502501e-01	5.74714541282106e-03	-7.10767149325608e-05
5.41835624934006e-01	5.50236055678521e-03	-7.53832110931274e-05	5.53799489254227e-01	5.24741486359059e-03	-8.00919567398584e-05
5.65638497440889e-01	4.98108866075131e-03	-8.52545217777667e-05	5.77360199963748e-01	4.70200363011553e-03	-9.09310061978363e-05
5.88972245042400e-01	4.40859528121917e-03	-9.71918091052792e-05	6.00482417948899e-01	4.09907937455922e-03	-1.04119667120539e-04
6.11898685255072e-01	3.77141168821038e-03	-1.11812646523601e-04	6.23229245130741e-01	3.42323775531250e-03	-1.20387306520975e-04
6.34482585074996e-01	3.05183167755829e-03	-1.29983300130920e-04	6.45667548808225e-01	2.65401963958767e-03	-1.40769024348675e-04
6.56793414517459e-01	2.22608401713686e-03	-1.52948938646258e-04	6.67869987256851e-01	1.76364231983062e-03	-1.66773265913633e-04
6.78907709120778e-01	1.26149273861831e-03	-1.82550835377882e-04	6.89917791911866e-01	7.13415169732334e-04	-2.00666314853937e-04
7.00912378538349e-01	1.11912141512960e-04	-2.21603643864698e-04	7.11904741473567e-01	-5.52132450089560e-04	-2.45978352792831e-04
7.22909529565040e-01	-1.28990862262535e-03	-2.74582828046599e-04	7.33943078707325e-01	-2.11529621860695e-03	-3.08450794078707e-04
7.45023808046322e-01	-3.04571101962903e-03	-3.48950901970735e-04	7.56172732515684e-01	-4.10328717481689e-03	-3.97925326708570e-04
7.67414136355640e-01	-5.31656100175693e-03	-4.57899998004496e-04	7.78776473773672e-01	-6.72291883566523e-03	-5.32412816224959e-04
7.90293597219287e-01	-8.37224720513663e-03	-6.26537671896799e-04	8.02006470207732e-01	-1.03325142091164e-02	-7.47758273187626e-04
8.13965617726854e-01	-1.26985894519471e-02	-9.07471846243846e-04	8.26234737709946e-01	-1.56066752863925e-02	-1.12371103923858e-03
8.38896213582882e-01	-1.92589408200214e-02	-1.42633957272942e-03	8.52059889414471e-01	-2.39677200893939e-02	-1.86763609919183e-03
8.65877773441643e-01	-3.02396544987316e-02	-2.54566804048917e-03	8.80570305578210e-01	-3.89479179176129e-02	-3.66131388663704e-03
8.96477320935099e-01	-5.17175787579928e-02	-5.67621693474152e-03	9.14168482778064e-01	-7.18902247768334e-02	-9.82640588996353e-03
9.34723011431245e-01	-1.07358192268662e-01	-2.00874989175217e-02	9.60628098630885e-01	-1.87610599233098e-01	-4.31816920735495e-02
1.00000000000000e+00	0.00000000000000e+00	0.00000000000000e+00
77	1.11588399250775e+04	5.66142857142857e-01
0.00000000000000e+00	1.06934515589510e-02	-1.45810276968028e-05	1.96270507375622e-02	1.05370709537986e-02	-1.49483711364695e-05
3.88447930455665e-02	1.03828227471556e-02	-1.53574548338309e-05	5.76675692556927e-02	1.02305302229295e-02	-1.57835387624150e-05
7.61091137786182e-02	1.00800570871948e-02	-1.62275775630327e-05	9.41825871245788e-02	9.93126860899429e-03	-1.66905929028793e-05
1.11900608037163e-01	9.78403121091342e-03	-1.71736808443068e-05	1.29275283651732e-01	9.63821205222382e-03	-1.76780169687252e-05
1.46318237830711e-01	9.49367860992512e-03	-1.82048645904764e-05	1.63040637815867e-01	9.35029824951772e-03	-1.87555828010666e-05
1.79453219326828e-01	9.20793777974982e-03	-1.93316328316318e-05	1.95566310225257e-01	9.06646300171454e-03	-1.99345915465887e-05
2.11389852855247e-01	8.92573822771059e-03	-2.05661588816852e-05	2.26933425162609e-01	8.78562578661168e-03	-2.12281725189278e-05
2.42206260688540e-01	8.64598549189011e-03	-2.19226175690590e-05	2.57217267526869e-01	8.50667408970218e-03	-2.26516454917558e-05
2.71975046328304e-01	8.36754466112755e-03	-2.34175893856214e-05	2.86487907430187e-01	8.22844597672767e-03	-2.42229785307746e-05
3.00763887185827e-01	8.08922182153737e-03	-2.50705680568952e-05	3.14810763563560e-01	7.94971023488422e-03	-2.59633536290327e-05
3.28636071082612e-01	7.80974270297774e-03	-2.69046009397922e-05	3.42247115149926e-01	7.66914327762946e-03	-2.78978796131035e-05
3.55650985859983e-01	7.52772758852505e-03	-2.89470884138332e-05	3.68854571318091e-01	7.38530178619201e-03	-3.00565038848788e-05
3.81864570546271e-01	7.24166133911575e-03	-3.12308137584427e-05	3.94687506030594e-01	7.09658972324267e-03	-3.24751709044335e-05
4.07329735968629e-01	6.94985695908512e-03	-3.37952526294760e-05	4.19797466276403e-01	6.80121796605482e-03	-3.51973215295676e-05
4.32096762415712e-01	6.65041072462791e-03	-3.66883000673113e-05	4.44233561104626e-01	6.49715420197339e-03	-3.82758518184811e-05
4.56213681977091e-01	6.34114603463010e-03	-3.99684903356068e-05	4.68042839261335e-01	6.18205987852960e-03	-4.17756879236286e-05
4.79726653552020e-01	6.01954238590330e-03	-4.37079935067253e-05	4.91270663757435e-01	5.85320983208093e-03	-4.57772160218362e-05
5.02680339310555e-01	5.68264415796138e-03	-4.79965731219334e-05	5.13961092743109e-01	5.50738853725630e-03	-5.03809349892137e-05
5.25118292732933e-01	5.32694214824714e-03	-5.29470295509427e-05	5.36157277750124e-01	5.14075427226612e-03	-5.57137748526948e-05
5.47083370444233e-01	4.94821736006523e-03	-5.87026135034918e-05	5.57901892936908e-01	4.74865897761090e-03	-6.19379214326088e-05
5.68618183210263e-01	4.54133237925025e-03	-6.54474869241639e-05	5.79237612813359e-01	4.32540558225036e-03	-6.92631744259042e-05
5.89765606147912e-01	4.09994822766135e-03	-7.34215530757698e-05	6.00207661644067e-01	3.86391630883631e-03	-7.79648454787285e-05
6.10569375195172e-01	3.61613375778669e-03	-8.29419217005523e-05	6.20856466296567e-01	3.35527077000641e-03	-8.84097412141571e-05
6.31074807424547e-01	3.07981728143991e-03	-9.44348211824320e-05	6.41230457311218e-01	2.78805132654192e-03	-1.01095336019430e-04
6.51329698916400e-01	2.47800045515212e-03	-1.08483669484238e-04	6.61379083088034e-01	2.14739443867162e-03	-1.16709575987972e-04
6.71385479145118e-01	1.79360709788612e-03	-1.25904256164322e-04	6.81356133930970e-01	1.41358413068127e-03	-1.36225584282057e-04
6.91298741295366e-01	1.00375288264831e-03	-1.47864879218362e-04	7.01221524505872e-01	5.59908605665349e-04	-1.61055763086670e-04
7.11133334810643e-01	7.70697939240783e-05	-1.76085876759657e-04	7.21043770348099e-01	-4.50707594894628e-04	-1.93312551716174e-04
7.30963320926191e-01	-1.03057122125216e-03	-2.13184041197412e-04	7.40903546028272e-01	-1.67118874101790e-03	-2.36268708354803e-04
7.50877295973495e-01	-2.38316822968088e-03	-2.63295719290735e-04	7.60898989820106e-01	-3.17962450804377e-03	-2.95212721360016e-04
7.70984968900456e-01	-4.07695340453851e-03	-3.33269156368443e-04	7.81153952697686e-01	-5.09590831080586e-03	-3.79138808223267e-04
7.91427635559101e-01	-6.26312438694365e-03	-4.35104493212046e-04	8.01831480911868e-01	-7.61331902142248e-03	-5.04345116244309e-04
8.12395798398273e-01	-9.19255311644229e-03	-5.91387666516896e-04	8.23157236252516e-01	-1.10631714873499e-02	-7.02858057933575e-04
8.34160900198635e-01	-1.33115442948281e-02	-8.48754361868709e-04	8.45463448615236e-01	-1.60605956503966e-02	-1.04472482836093e-03
8.57137767205860e-01	-1.94909230110745e-02	-1.31635258379537e-03	8.69280316081073e-01	-2.38781524308799e-02	-1.70771626416144e-03
8.82023249601540e-01	-2.96627999604050e-02	-2.29989447360657e-03	8.95555647804479e-01	-3.75903127108368e-02	-3.25483891429235e-03
9.10163677157032e-01	-4.90163333871882e-02	-4.93273722420540e-03	9.26314685922130e-01	-6.66461962174381e-02	-8.25751221454807e-03
9.44860042598936e-01	-9.65961599997744e-02	-1.60744770501569e-02	9.67639053567099e-01	-1.58425093240954e-01	-3.55390937831432e-02
1.00000000000000e+00	0.00000000000000e+00	0.00000000000000e+00
79	1.11588399250775e+04	6.36785714285714e-01
0.00000000000000e+00	1.03614340318217e-02	-1.35874538467196e-05	1.92841372127447e-02	1.02148706102083e-02	-1.39168301684922e-05
3.81782898501707e-02	1.00702550311857e-02	-1.42857217479975e-05	5.66957001531829e-02	9.92742755086495e-03	-1.46694622218391e-05
7.48490658097178e-02	9.78626826530671e-03	-1.50688591284975e-05	9.26505694794017e-02	9.64665863728631e-03	-1.54847746998144e-05
1.10111906760115e-01	9.50848115964731e-03	-1.59181325105617e-05	1.27244312484290e-01	9.37161900968975e-03	-1.63699202078149e-05
1.44058585469845e-01	9.23595570697255e-03	-1.68411977661265e-05	1.60565111840901e-01	9.10137475550377e-03	-1.73331005868249e-05
1.76773887024830e-01	8.96775928757365e-03	-1.78468501175200e-05	1.92694536524165e-01	8.83499168403734e-03	-1.83837576046564e-05
2.08336335554910e-01	8.70295319026448e-03	-1.89452351346819e-05	2.23708227636250e-01	8.57152350863855e-03	-1.95328037402298e-05
2.38818842210957e-01	8.44058037306739e-03	-2.01481042818585e-05	2.53676511370527e-01	8.30999909583618e-03	-2.07929073687829e-05
2.68289285754506e-01	8.17965209288274e-03	-2.14691288076274e-05	2.82664949689217e-01	8.04940836738188e-03	-2.21788408214518e-05
2.96811035627551e-01	7.91913296533098e-03	-2.29242910019245e-05	3.10734837948153e-01	7.78868637732644e-03	-2.37079163705189e-05
3.24443426169679e-01	7.65792390039399e-03	-2.45323655252427e-05	3.37943657633311e-01	7.52669494592295e-03	-2.54005247550815e-05
3.51242189704810e-01	7.39484226016529e-03	-2.63155322879349e-05	3.64345491545961e-01	7.26220110706044e-03	-2.72808184282880e-05
3.77259855503835e-01	7.12859834015145e-03	-2.83001320797727e-05	3.89991408165889e-01	6.99385139160946e-03	-2.93775796555984e-05
4.02546121128410e-01	6.85776712984421e-03	-3.05176548907049e-05	4.14929821526193e-01	6.72014065133508e-03	-3.17253120960537e-05
4.27148202371601e-01	6.58075383627499e-03	-3.30059869915189e-05	4.39206832753047e-01	6.43937382745130e-03	-3.43656813777127e-05
4.51111167943964e-01	6.29575127347892e-03	-3.58110273739332e-05	4.62866559476333e-01	6.14961835522210e-03	-3.73493633880617e-05
4.74478265235903e-01	6.00068656031638e-03	-3.89888229874735e-05	4.85951459640306e-01	5.84864422177667e-03	-4.07384747773687e-05
4.97291243966152e-01	5.69315357434030e-03	-4.26083885620709e-05	5.08502656898260e-01	5.53384759289099e-03	-4.46098365232128e-05
5.19590685380614e-01	5.37032623970646e-03	-4.67554367888923e-05	5.30560275859122e-01	5.20215220550657e-03	-4.90593500741543e-05
5.41416346016935e-01	5.02884602265730e-03	-5.15375188132605e-05	5.52163797116909e-01	4.84988043527013e-03	-5.42079562240172e-05
5.62807527082353e-01	4.66467379802560e-03	-5.70910372421629e-05	5.73352444467666e-01	4.47258250180393e-03	-6.02099110378340e-05
5.83803483494343e-01	4.27289212788917e-03	-6.35909905528642e-05	5.94165620357965e-01	4.06480695492428e-03	-6.72644582508930e-05
6.04443891048725e-01	3.84743771511098e-03	-7.12649467926596e-05	6.14643410972123e-01	3.61978719981093e-03	-7.56324170840816e-05
6.24769396711857e-01	3.38073294427321e-03	-8.04130856646434e-05	6.34827190346440e-01	3.12900671771699e-03	-8.56606677779315e-05
6.44822286815618e-01	2.86316988304414e-03	-9.14378912040270e-05	6.54760364940488e-01	2.58158365143490e-03	-9.78183663891130e-05
6.64647322836865e-01	2.28237298320200e-03	-1.04888926408586e-04	6.74489318633832e-01	1.96338251725803e-03	-1.12752585005316e-04
6.84292817630394e-01	1.62212241248372e-03	-1.21532305848993e-04	6.94064647308643e-01	1.25570128397423e-03	-1.31375822395752e-04
7.03812061993961e-01	8.60742319750196e-04	-1.42461721458487e-04	7.13542819442881e-01	4.33278212924382e-04	-1.55007673302565e-04
7.23265272287524e-01	-3.13822132849140e-05	-1.69281237003993e-04	7.32988478140188e-01	-5.38825257776709e-04	-1.85613992399469e-04
7.42722333349911e-01	-1.09575397534023e-03	-2.04420615090406e-04	7.52477737036094e-01	-1.71027709576488e-03	-2.26225724039297e-04
7.62266794301610e-01	-2.39229282963038e-03	-2.51700405873523e-04	7.72103070766517e-01	-3.15400385341846e-03	-2.81713910524672e-04
7.82001915218453e-01	-4.01061843053641e-03	-3.17408162896493e-04	7.91980874011693e-01	-4.98132073672553e-03	-3.60307121176406e-04
8.02060231086207e-01	-6.09063846456903e-03	-4.12480593226405e-04	8.12263723165009e-01	-7.37040976666070e-03	-4.76795587454504e-04
8.22619504336540e-01	-8.86267419138431e-03	-5.57314733431680e-04	8.33161474069707e-01	-1.06240343722859e-02	-6.59946283209312e-04
8.43931149263190e-01	-1.27324329932659e-02	-7.93543470561708e-04	8.54980376304082e-01	-1.52980331655471e-02	-9.71852146066654e-04
8.66375387922452e-01	-1.84813977724759e-02	-1.21712990448564e-03	8.78203107407706e-01	-2.25252692006901e-02	-1.56731212086836e-03
8.90581407662246e-01	-2.78133064336560e-02	-2.09125699511148e-03	9.03676786721252e-01	-3.49860147292148e-02	-2.92438936066031e-03
9.17737111976230e-01	-4.51890368262463e-02	-4.36244292598542e-03	9.33158357188833e-01	-6.06610544037622e-02	-7.14979257508230e-03
9.50639799575950e-01	-8.63102972874108e-02	-1.35712162675758e-02	9.71622800727643e-01	-1.36509396668533e-01	-3.08594386967562e-02
1.00000000000000e+00	0.00000000000000e+00	0.00000000000000e+00
75	1.11588399250775e+04	7.07428571428571e-01
0.00000000000000e+00	1.08597080183181e-02	-1.48004557254389e-05	2.04720390634916e-02	1.06991537063372e-02	-1.51829861654296e-05
4.05106504888834e-02	1.05408283427966e-02	-1.56057975035928e-05	6.01312232834981e-02	1.03845509077412e-02	-1.60465107310603e-05
7.93484848613700e-02	1.02301775034894e-02	-1.65061499983743e-05	9.81765385979540e-02	1.00775659074306e-02	-1.69858147411883e-05
1.16628899233143e-01	9.92657512034256e-03	-1.74866843423160e-05	1.34718526068789e-01	9.77706491690511e-03	-1.80100272080264e-05
1.52457854132926e-01	9.62889538386746e-03	-1.85572070670048e-05	1.69858823469092e-01	9.48192645367296e-03	-1.91296937550600e-05
1.86932906696642e-01	9.33601741832590e-03	-1.97290711716480e-05	2.03691134976772e-01	9.19102642950342e-03	-2.03570488337412e-05
2.20144122508858e-01	9.04680997884189e-03	-2.10154758943926e-05	2.36302089672699e-01	8.90322234306895e-03	-2.17063509915238e-05
2.52174884924187e-01	8.76011501055673e-03	-2.24318417614278e-05	2.67772005544628e-01	8.61733605776172e-03	-2.31942977360067e-05
2.83102617337651e-01	8.47472949492034e-03	-2.39962730388399e-05	2.98175573361855e-01	8.33213455040038e-03	-2.48405441491961e-05
3.12999431782526e-01	8.18938491010068e-03	-2.57301383239650e-05	3.27582472921342e-01	8.04630787239180e-03	-2.66683536629397e-05
3.41932715579552e-01	7.90272345575938e-03	-2.76588010184042e-05	3.56057932706858e-01	7.75844338011256e-03	-2.87054255319052e-05
3.69965666486204e-01	7.61326998416245e-03	-2.98125561597473e-05	3.83663242902600e-01	7.46699499806058e-03	-3.09849422630570e-05
3.97157785863294e-01	7.31939821485716e-03	-3.22278166964285e-05	4.10456230935937e-01	7.17024596102367e-03	-3.35469359520335e-05
4.23565338772003e-01	7.01928944897290e-03	-3.49486660624621e-05	4.36491708283355e-01	6.86626287277736e-03	-3.64400448555902e-05
4.49241789642177e-01	6.71088130607855e-03	-3.80288802173112e-05	4.61821897176984e-01	6.55283829873854e-03	-3.97238445202230e-05
4.74238222241575e-01	6.39180317372690e-03	-4.15345970159464e-05	4.86496846138709e-01	6.22741794344228e-03	-4.34719192090594e-05
4.98603753186922e-01	6.05929380833237e-03	-4.55478831677958e-05	5.10564844026993e-01	5.88700711502055e-03	-4.77760264865346e-05
5.22385949274833e-01	5.71009474918394e-03	-5.01715808376435e-05	5.34072843639846e-01	5.52804883220648e-03	-5.27517460222615e-05
5.45631260643122e-01	5.34031047926575e-03	-5.55359458258575e-05	5.57066908088956e-01	5.14626279353370e-03	-5.85462900948297e-05
5.68385484464797e-01	4.94522233736006e-03	-6.18078915306519e-05	5.79592696474784e-01	4.73642954160103e-03	-6.53495031641693e-05
5.90694277943829e-01	4.51903712422785e-03	-6.92040860945653e-05	6.01696010373724e-01	4.29209655470242e-03	-7.34095905621235e-05
6.12603745483537e-01	4.05454197390176e-03	-7.80098937740448e-05	6.23423430131777e-01	3.80517101788480e-03	-8.30559464171099e-05
6.34161134098471e-01	3.54262187709442e-03	-8.86072133907678e-05	6.44823081306384e-01	3.26534549059598e-03	-9.47333562681951e-05
6.55415685188973e-01	2.97157201184484e-03	-1.01516447972072e-04	6.65945589073849e-01	2.65927009049394e-03	-1.09053877088705e-04
6.76419712657854e-01	2.32609605883405e-03	-1.17461486096815e-04	6.86845305920840e-01	1.96933252808540e-03	-1.26878526079288e-04
6.97230012166117e-01	1.58581029002347e-03	-1.37472973741115e-04	7.07581942341595e-01	1.17181147438128e-03	-1.49449281144465e-04
7.17909763392627e-01	7.22946657599977e-04	-1.63058417945505e-04	7.28222804212517e-01	2.33996814003712e-04	-1.78610621567543e-04
7.38531183858430e-01	-3.01289427701579e-04	-1.96493512135687e-04	7.48845968201865e-01	-8.90461003026033e-04	-2.17196501828720e-04
7.59179363286347e-01	-1.54271590234345e-03	-2.41343958418128e-04	7.69544956630640e-01	-2.26937048113796e-03	-2.69742819862140e-04
7.79958021962377e-01	-3.08449635651797e-03	-3.03451249930031e-04	7.90435909084076e-01	-4.00580355325320e-03	-3.43876242694607e-04
8.00998549856178e-01	-5.05587359936466e-03	-3.92924658026317e-04	8.11669125371231e-01	-6.26393625416188e-03	-4.53227733288930e-04
8.22474961514364e-01	-7.66846242520514e-03	-5.28501597664821e-04	8.33448755509566e-01	-9.32106691623114e-03	-6.24128080547681e-04
8.44630294914774e-01	-1.12925389049501e-02	-7.48136313321712e-04	8.56068931675089e-01	-1.36824770212025e-02	-9.12930659848543e-04
8.67827255389227e-01	-1.66352950452163e-02	-1.13848370800818e-03	8.79986752297419e-01	-2.03680183781716e-02	-1.45862125392160e-03
8.92656921299247e-01	-2.52212747936378e-02	-1.93431143457334e-03	9.05990790694174e-01	-3.17590767278184e-02	-2.68454853775935e-03
9.20213240880573e-01	-4.09804265385252e-02	-3.96720360416114e-03	9.35677671048168e-01	-5.48141333024189e-02	-6.42813635984996e-03
9.52994674158129e-01	-7.74163198244734e-02	-1.20692588475813e-02	9.73384576678511e-01	-1.20417319083250e-01	-2.80424397985726e-02
1.00000000000000e+00	0.00000000000000e+00	0.00000000000000e+00
69	1.11588399250775e+04	7.78071428571429e-01
0.00000000000000e+00	1.17498043526036e-02	-1.71604221708144e-05	2.24202409496108e-02	1.15624993771932e-02	-1.76501146877950e-05
4.43279428253416e-02	1.13779931325531e-02	-1.81837300516907e-05	6.57427246166691e-02	1.11960557161315e-02	-1.87419171364667e-05
8.66832966864124e-02	1.10164914331283e-02	-1.93262078134193e-05	1.07167516426638e-01	1.08391069257932e-02	-1.99382555434724e-05
1.27212440347222e-01	1.06637104556384e-02	-2.05798463626117e-05	1.46834372682324e-01	1.04901111799443e-02	-2.12529126151217e-05
1.66048910807378e-01	1.03181184126782e-02	-2.19595472150669e-05	1.84870987734100e-01	1.01475408650584e-02	-2.27020197487438e-05
2.03314911928527e-01	9.97818585905441e-03	-2.34827948051297e-05	2.21394404677124e-01	9.80985850626448e-03	-2.43045528010022e-05
2.39122635208161e-01	9.64236084366621e-03	-2.51702134175247e-05	2.56512253759784e-01	9.47549091185884e-03	-2.60829587688249e-05
2.73575422772223e-01	9.30904178218750e-03	-2.70462671014826e-05	2.90323846369192e-01	9.14280049745009e-03	-2.80639424869999e-05
3.06768798282896e-01	8.97654693325589e-03	-2.91401537011460e-05	3.22921148367628e-01	8.81005255661482e-03	-3.02794774638127e-05
3.38791387839089e-01	8.64307906204753e-03	-3.14869450248612e-05	3.54389653369910e-01	8.47537687694433e-03	-3.27681000742430e-05
3.69725750166531e-01	8.30668350385344e-03	-3.41290627643431e-05	3.84809174148558e-01	8.13672167300883e-03	-3.55766008852676e-05
3.99649133348998e-01	7.96519727968148e-03	-3.71182128307002e-05	4.14254568652356e-01	7.79179708242372e-03	-3.87622316855296e-05
4.28634173987515e-01	7.61618608061010e-03	-4.05179276350420e-05	4.42796416094085e-01	7.43800458392352e-03	-4.23956508339707e-05
4.56749553983811e-01	7.25686484244248e-03	-4.44069721299289e-05	4.70501658224107e-01	7.07234723201489e-03	-4.65648668279695e-05
4.84060630177744e-01	6.88399589681388e-03	-4.88839374235273e-05	4.97434221342514e-01	6.69131365927389e-03	-5.13806249367033e-05
5.10630052947797e-01	6.49375628128279e-03	-5.40735473162357e-05	5.23655635980217e-01	6.29072567533018e-03	-5.69838126611710e-05
5.36518391832004e-01	6.08156208036048e-03	-6.01354433846790e-05	5.49225673790308e-01	5.86553492034247e-03	-6.35558868080643e-05
5.61784789617686e-01	5.64183200669843e-03	-6.72765877594017e-05	5.74203025513661e-01	5.40954689277573e-03	-7.13337395485958e-05
5.86487671795774e-01	5.16766379613065e-03	-7.57691374015934e-05	5.98646050700428e-01	4.91503976023955e-03	-8.06312998762326e-05
6.10685546779649e-01	4.65038316001576e-03	-8.59767583067939e-05	6.22613640467103e-01	4.37222792809422e-03	-9.18717207276654e-05
6.34437945507466e-01	4.07890232251940e-03	-9.83941302208358e-05	6.46166251098168e-01	3.76849092268272e-03	-1.05636280506083e-04
6.57806569789915e-01	3.43878786212803e-03	-1.13708020166747e-04	6.69367192447795e-01	3.08723928276211e-03	-1.22740979587199e-04
6.80856751904323e-01	2.71087179501817e-03	-1.32894048676668e-04	6.92284297369592e-01	2.30620229382428e-03	-1.44360191898452e-04
7.03659382239199e-01	1.86912457200283e-03	-1.57375861397080e-04	7.14992168703392e-01	1.39476423291796e-03	-1.72233280696599e-04
7.26293553600729e-01	8.77291134349534e-04	-1.89296662259419e-04	7.37575321379457e-01	3.09676005144643e-04	-2.09025063473645e-04
7.48850331992996e-01	-3.16631428318170e-04	-2.32003442427464e-04	7.60132754333256e-01	-1.01213271699285e-03	-2.58986215306178e-04
7.71438359768519e-01	-1.78986347532795e-03	-2.90959874659880e-04	7.82784896123418e-01	-2.66619525993261e-03	-3.29234728727812e-04
7.94192571009249e-01	-3.66196127168539e-03	-3.75580242352624e-04	8.05684686430459e-01	-4.80406294185043e-03	-4.32433056482884e-04
8.17288486808998e-01	-6.12781699431131e-03	-5.03223141993026e-04	8.29036314904113e-01	-7.68046981792392e-03	-5.92901972528592e-04
8.40967223410947e-01	-9.52661150191725e-03	-7.08828967419084e-04	8.53129281117186e-01	-1.17567885356749e-02	-8.62326416701364e-04
8.65582974726569e-01	-1.45017419534111e-02	-1.07154104298335e-03	8.78406410823343e-01	-1.79570093246547e-02	-1.36704365466578e-03
8.91703623404041e-01	-2.24277714830649e-02	-1.80361278349817e-03	9.05618569774743e-01	-2.84160240147457e-02	-2.48744719015837e-03
9.20360360678926e-01	-3.68038941901566e-02	-3.64705621838501e-03	9.36252961402675e-01	-4.92780738289527e-02	-5.85095495815002e-03
9.53845815520432e-01	-6.94255002761249e-02	-1.08588326589667e-02	9.74208913121410e-01	-1.07057613701207e-01	-2.51594141455860e-02
1.00000000000000e+00	0.00000000000000e+00	0.00000000000000e+00
62	1.11588399250775e+04	8.48714285714286e-01
0.00000000000000e+00	1.30213330118620e-02	-2.08501545515549e-05	2.51326564626579e-02	1.27922408286483e-02	-2.15214701695388e-05
4.96304325477934e-02	1.25669206316841e-02	-2.22456774230384e-05	7.35201314749056e-02	1.23450481217142e-02	-2.30070892048850e-05
9.68271891491454e-02	1.21263309897517e-02	-2.38082992818356e-05	1.19575766528267e-01	1.19104804951080e-02	-2.46521308391312e-05
1.41788835303748e-01	1.16972101467463e-02	-2.55416629226790e-05	1.63488257307796e-01	1.14862343583142e-02	-2.64802567091493e-05
1.84694858226458e-01	1.12772670739034e-02	-2.74715892598643e-05	2.05428496144631e-01	1.10700203375618e-02	-2.85196878451188e-05
2.25708125401014e-01	1.08642028010053e-02	-2.96289724990295e-05	2.45551856188852e-01	1.06595181408025e-02	-3.08043009817904e-05
2.64977010301490e-01	1.04556633768502e-02	-3.20510247360239e-05	2.84000173389400e-01	1.02523270528172e-02	-3.33750466816607e-05
3.02637244067416e-01	1.00491872690500e-02	-3.47828926281490e-05	3.20903480186717e-01	9.84590953345799e-03	-3.62817949730587e-05
3.38813542565602e-01	9.64214437817779e-03	-3.78797796805053e-05	3.56381536456178e-01	9.43752473324500e-03	-3.95857786268383e-05
3.73621051010156e-01	9.23166298507350e-03	-4.14097543854908e-05	3.90545196996582e-01	9.02414766802728e-03	-4.33628434421962e-05
4.07166643017101e-01	8.81453973896451e-03	-4.54575318422634e-05	4.23497650460414e-01	8.60236832002914e-03	-4.77078457690183e-05
4.39550107437468e-01	8.38712587349622e-03	-5.01295996644391e-05	4.55335561942219e-01	8.16826262465442e-03	-5.27406651427142e-05
4.70865254491013e-01	7.94518015565737e-03	-5.55613081887341e-05	4.86150150506127e-01	7.71722395631547e-03	-5.86145767837998e-05
5.01200972727663e-01	7.48367476811662e-03	-6.19267794481626e-05	5.16028233963039e-01	7.24373844678672e-03	-6.55280585530882e-05
5.30642270516674e-01	6.99653399089550e-03	-6.94530555980233e-05	5.45053276685960e-01	6.74107949907388e-03	-7.37417934488782e-05
5.59271340764352e-01	6.47627529934547e-03	-7.84406408911309e-05	5.73306483064594e-01	6.20088397862806e-03	-8.36036250349004e-05
5.87168696563850e-01	5.91350624495979e-03	-8.92939694250305e-05	6.00867990889091e-01	5.61255177978937e-03	-9.55860369162842e-05
6.14414440507813e-01	5.29620375897166e-03	-1.02567760073891e-04	6.27818238178774e-01	4.96237551487999e-03	-1.10343791535517e-04
6.41089754961406e-01	4.60865685856593e-03	-1.19039375493513e-04	6.54239608402223e-01	4.23224756142315e-03	-1.28805451601322e-04
6.67278740932067e-01	3.82987402761703e-03	-1.39825280427885e-04	6.80218511060356e-01	3.39768392858253e-03	-1.52323078624006e-04
6.93070800689686e-01	2.93111194698126e-03	-1.66575540319736e-04	7.05848142868364e-01	2.42470678734463e-03	-1.82927253124188e-04
7.18563875658437e-01	1.87190605235599e-03	-2.01811730768053e-04	7.31232329678029e-01	1.26473992544707e-03	-2.23780595912881e-04
7.43869059518722e-01	5.93435297682632e-04	-2.49544171398108e-04	7.56491133011711e-01	-1.54119718734802e-04	-2.80029571056772e-04
7.69117497787185e-01	-9.93110902880456e-04	-3.16465831121437e-04	7.81769452667856e-01	-1.94282802214041e-03	-3.60509077790061e-04
7.94471263695020e-01	-3.02813126772794e-03	-4.14434678447817e-04	8.07250983536146e-01	-4.28158872021001e-03	-4.81437363343717e-04
8.20141563206920e-01	-5.74666853056582e-03	-5.66115449952553e-04	8.33182394544226e-01	-7.48263961152673e-03	-6.75282048312242e-04
8.46421505978527e-01	-9.57234384380867e-03	-8.19380394234459e-04	8.59918783027014e-01	-1.21349884822711e-02	-1.01508150603102e-03
8.73750861238893e-01	-1.53481621603562e-02	-1.29033491824604e-03	8.88018882231906e-01	-1.94877421138104e-02	-1.69495206714809e-03
9.02861445957261e-01	-2.50050088291416e-02	-2.32488462624469e-03	9.18477712011338e-01	-3.26876355098576e-02	-3.38503854434080e-03
9.35172305608807e-01	-4.40291249306505e-02	-5.38072072432016e-03	9.53453554795181e-01	-6.21712839041891e-02	-9.86100608937135e-03
9.74289357908905e-01	-9.56014618302004e-02	-2.24848959887742e-02	1.00000000000000e+00	0.00000000000000e+00	0.00000000000000e+00
54	1.11588399250775e+04	9.19357142857143e-01
0.00000000000000e+00	1.48974855981807e-02	-2.69753284751761e-05	2.90589391706780e-02	1.45990979099664e-02	-2.79844460828738e-05
5.72816252236841e-02	1.43062914249161e-02	-2.90684013539710e-05	8.47081847691463e-02	1.40185396528660e-02	-3.02166628436407e-05
1.11376423208707e-01	1.37353479247952e-02	-3.14344233953712e-05	1.37322002717910e-01	1.34562276042809e-02	-3.27274112295051e-05
1.62578605435645e-01	1.31806931358227e-02	-3.41019571412637e-05	1.87178083214068e-01	1.29082590228331e-02	-3.55650729921830e-05
2.11150595337401e-01	1.26384366880383e-02	-3.71245406234344e-05	2.34524735471066e-01	1.23707311731978e-02	-3.87890159165849e-05
2.57327648975617e-01	1.21046376255423e-02	-4.05681505277755e-05	2.79585141610507e-01	1.18396375049139e-02	-4.24727304870753e-05
3.01321780559045e-01	1.15751944539215e-02	-4.45148421921449e-05	3.22560988626130e-01	1.13107497400344e-02	-4.67080633286265e-05
3.43325132393561e-01	1.10457171871314e-02	-4.90676913791344e-05	3.63635605062685e-01	1.07794774743211e-02	-5.16110099024747e-05
3.83512904670529e-01	1.05113716782284e-02	-5.43576070246576e-05	4.02976708332797e-01	1.02406938988784e-02	-5.73297573986942e-05
4.22045943145389e-01	9.96668275577783e-03	-6.05528698522928e-05	4.40738854365857e-01	9.68851154695116e-03	-6.40560374869370e-05
4.59073071497846e-01	9.40527676037450e-03	-6.78727017002778e-05	4.77065672916914e-01	9.11598455365392e-03	-7.20414458692531e-05
4.94733249706892e-01	8.81953478726993e-03	-7.66069801418912e-05	5.12091969424411e-01	8.51470202676374e-03	-8.16213562220280e-05
5.29157640579800e-01	8.20011274099675e-03	-8.71454430253493e-05	5.45945778720226e-01	7.87421787337883e-03	-9.32508074975580e-05
5.62471675131698e-01	7.53525946125211e-03	-1.00022021597423e-04	5.78750469351819e-01	7.18122994368842e-03	-1.07559653375722e-04
5.94797226915119e-01	6.80982191527413e-03	-1.15983992071911e-04	6.10627024058970e-01	6.41836586622246e-03	-1.25439899511415e-04
6.26255041521143e-01	6.00375230578343e-03	-1.36103118188791e-04	6.41696670098216e-01	5.56233336510092e-03	-1.48188467915533e-04
6.56967631356176e-01	5.08979765140527e-03	-1.61960838677366e-04	6.72084117859354e-01	4.58100900562375e-03	-1.77749789376236e-04
6.87062958620798e-01	4.02979705482265e-03	-1.95969565955689e-04	7.01921817323172e-01	3.42868141792541e-03	-2.17146590201223e-04
7.16679433454350e-01	2.76850411580143e-03	-2.41957981453877e-04	7.31355920196041e-01	2.03793285036080e-03	-2.71286582224750e-04
7.45973138257165e-01	1.22277896756029e-03	-3.06300846001140e-04	7.60555172751351e-01	3.05044313018699e-04	-3.48573065332536e-04
7.75128952144905e-01	-7.38434271153388e-04	-4.00260164793664e-04	7.89725066707038e-01	-1.93795916349671e-03	-4.64384574102805e-04
8.04378873114260e-01	-3.33391253910931e-03	-5.45288344503847e-04	8.19132019583844e-01	-4.98126404867483e-03	-6.49390741695788e-04
8.34034606716158e-01	-6.95670385902247e-03	-7.86506775498630e-04	8.49148341557463e-01	-9.37035507309236e-03	-9.72259098704464e-04
8.64551305208759e-01	-1.23858671747072e-02	-1.23275586411919e-03	8.80345467560320e-01	-1.62567243178123e-02	-1.61434821329931e-03
8.96669155368450e-01	-2.13961145130889e-02	-2.20592090434724e-03	9.13719118695517e-01	-2.85220893236060e-02	-3.19625400215662e-03
9.31793017377383e-01	-3.89886711325207e-02	-5.04773212413889e-03	9.51381224433257e-01	-5.56238703465591e-02	-9.16559694624275e-03
9.73401899572759e-01	-8.59761887359917e-02	-2.06503318166529e-02	1.00000000000000e+00	0.00000000000000e+00	0.00000000000000e+00
48	1.11588399250775e+04	9.90000000000000e-01
0.00000000000000e+00	1.66975669237230e-02	-3.34383169742214e-05	3.29082976528201e-02	1.63246971314894e-02	-3.48524518540838e-05
6.47594282154045e-02	1.59596132853677e-02	-3.63733296255830e-05	9.56098784931406e-02	1.56015102754177e-02	-3.79961795682338e-05
1.25512503781007e-01	1.52496175934047e-02	-3.97303366932444e-05	1.54516837370489e-01	1.49031738891885e-02	-4.15862300255920e-05
1.82669371405558e-01	1.45614211487317e-02	-4.35755402494742e-05	2.10013812235485e-01	1.42235986757611e-02	-4.57113848906232e-05
2.36591313234152e-01	1.38889367633648e-02	-4.80085345100356e-05	2.62440687717143e-01	1.35566499397082e-02	-5.04836715522483e-05
2.87598604301013e-01	1.32259296349904e-02	-5.31556932839017e-05	3.12099766807436e-01	1.28959361157615e-02	-5.60460761052095e-05
3.35977080612856e-01	1.25657894816300e-02	-5.91793083000169e-05	3.59261807178298e-01	1.22345594980928e-02	-6.25834125824731e-05
3.81983708360805e-01	1.19012539816574e-02	-6.62905794626134e-05	4.04171182006130e-01	1.15648053726780e-02	-7.03379283331085e-05
4.25851390251100e-01	1.12240550937364e-02	-7.47684487076850e-05	4.47050381923473e-01	1.08777351246641e-02	-7.96321477898321e-05
4.67793210419817e-01	1.05244461278426e-02	-8.49874707311571e-05	4.88104048470575e-01	1.01626312705070e-02	-9.09030766429453e-05
5.08006301271795e-01	9.79054460574136e-03	-9.74600528256264e-05	5.27522719583549e-01	9.40621259747831e-03	-1.04754714378874e-04
5.46675514576692e-01	9.00738694889114e-03	-1.12902191191866e-04	5.65486476469393e-01	8.59148617005667e-03	-1.22040990645722e-04
5.83977099356992e-01	8.15552275437925e-03	-1.32338976070789e-04	6.02168715134238e-01	7.69601135286746e-03	-1.44001119879000e-04
6.20082640089015e-01	7.20885218271872e-03	-1.57279868001625e-04	6.37740338675073e-01	6.68918112787731e-03	-1.72488926633685e-04
6.55163610253806e-01	6.13117527885620e-03	-1.90022089091135e-04	6.72374806373555e-01	5.52779725273100e-03	-2.10379027054008e-04
6.89397088658913e-01	4.87045518400109e-03	-2.34201507854914e-04	7.06254740945548e-01	4.14854369861484e-03	-2.62324788843582e-04
7.22973554458765e-01	3.34881497988193e-03	-2.95852213177294e-04	7.39581312438903e-01	2.45450176855866e-03	-3.36265489314869e-04
7.56108412060160e-01	1.44407210058906e-03	-3.85592376215937e-04	7.72588679096046e-01	2.89420740002821e-04	-4.46666960504105e-04
7.89060458619280e-01	-1.04681762362380e-03	-5.23548888922587e-04	8.05568110295132e-01	-2.61537606476325e-03	-6.22219030286697e-04
8.22164113100426e-01	-4.48682943977896e-03	-7.51787143466132e-04	8.38912117832936e-01	-6.76218601667278e-03	-9.26686351979678e-04
8.55891530758391e-01	-9.59096839702245e-03	-1.17090524021424e-03	8.73204686303575e-01	-1.32037036467094e-02	-1.52674652057327e-03
8.90988649211678e-01	-1.79740126537634e-02	-2.07465141672580e-03	9.09435894630694e-01	-2.45465356030277e-02	-2.98358896780138e-03
9.28833625777111e-01	-3.41257305577894e-02	-4.66113753606701e-03	9.49647307560786e-01	-4.91986287947082e-02	-8.31746501447617e-03
9.72729384015180e-01	-7.63479556721685e-02	-1.81211454643475e-02	1.00000000000000e+00	0.00000000000000e+00	0.00000000000000e+00
