80	4.01027913949521e+04	1.00000000000000e-03
0.00000000000000e+00	1.08346297346107e-02	-1.45903636064038e-05	1.75631728800249e-02	1.06752532262149e-02	-1.49398823452440e-05
3.47553254822883e-02	1.05181509425050e-02	-1.53418010933049e-05	5.15895846269250e-02	1.03631260693171e-02	-1.57601138781605e-05
6.80785130373599e-02	1.02100394341287e-02	-1.61957238615784e-05	8.42341410857022e-02	1.00587538108643e-02	-1.66495947970802e-05
1.00067996831334e-01	9.90913351532652e-03	-1.71227610934466e-05	1.15591134183834e-01	9.76104398271405e-03	-1.76163287413100e-05
1.30814159335554e-01	9.61435135932742e-03	-1.81314867380156e-05	1.45747255597301e-01	9.46892207263206e-03	-1.86695095816258e-05
1.60400206760056e-01	9.32462240337228e-03	-1.92317675535847e-05	1.74782419096054e-01	9.18131804369060e-03	-1.98197362726305e-05
1.88902942103976e-01	9.03887363571276e-03	-2.04350042625201e-05	2.02770488095247e-01	8.89715229331722e-03	-2.10792838091223e-05
2.16393450711492e-01	8.75601510390278e-03	-2.17544238811929e-05	2.29779922456925e-01	8.61532060220926e-03	-2.24624242668447e-05
2.42937711323898e-01	8.47492420571982e-03	-2.32054475743926e-05	2.55874356584894e-01	8.33467762162976e-03	-2.39858372244051e-05
2.68597143819792e-01	8.19442820172633e-03	-2.48061331276084e-05	2.81113119243444e-01	8.05401827150454e-03	-2.56691033775347e-05
2.93429103395114e-01	7.91328435074501e-03	-2.65777463650529e-05	3.05551704248800e-01	7.77205637807565e-03	-2.75353395713385e-05
3.17487329800566e-01	7.63015679985068e-03	-2.85454530635221e-05	3.29242200187621e-01	7.48739961393863e-03	-2.96119918901105e-05
3.40822359392039e-01	7.34358928855428e-03	-3.07392265816997e-05	3.52233686581289e-01	7.19851958790874e-03	-3.19318399142343e-05
3.63481907137115e-01	7.05197225817678e-03	-3.31949725915770e-05	3.74572603424405e-01	6.90371558136582e-03	-3.45342856240549e-05
3.85511225352231e-01	6.75350272982311e-03	-3.59560112983548e-05	3.96303100780543e-01	6.60106996142718e-03	-3.74670358354035e-05
4.06953445827660e-01	6.44613457762500e-03	-3.90749853473871e-05	4.17467375136414e-01	6.28839255890634e-03	-4.07882842676788e-05
4.27849912160459e-01	6.12751607794415e-03	-4.26163421602954e-05	4.38105999535802e-01	5.96315041324158e-03	-4.45695995325845e-05
4.48240509609575e-01	5.79491065030946e-03	-4.66597178292449e-05	4.58258255203475e-01	5.62237784584396e-03	-4.88997560761373e-05
4.68164000698496e-01	5.44509461293186e-03	-5.13043620802289e-05	4.77962473537726e-01	5.26256007672532e-03	-5.38900168831624e-05
4.87658376256318e-01	5.07422398422253e-03	-5.66752739958876e-05	4.97256399163281e-01	4.87948011285244e-03	-5.96811890671844e-05
5.06761233817238e-01	4.67765827100641e-03	-6.29316056508511e-05	5.16177587462553e-01	4.46801529303587e-03	-6.64537071353166e-05
5.25510198617778e-01	4.24972420259162e-03	-7.02784845603155e-05	5.34763854043757e-01	4.02186188564113e-03	-7.44415704261314e-05
5.43943407358049e-01	3.78339402940830e-03	-7.89839139496706e-05	5.53053799615967e-01	3.53315759978656e-03	-8.39528291065594e-05
5.62100082239495e-01	3.26983991210583e-03	-8.94032462408489e-05	5.71087442755222e-01	2.99195348635761e-03	-9.53992065348963e-05
5.80021233901417e-01	2.69780579064394e-03	-1.02015729722238e-04	5.88907006789002e-01	2.38546256882688e-03	-1.09341132207286e-04
5.97750548959815e-01	2.05270316473305e-03	-1.17479947640664e-04	6.06557928388500e-01	1.69696577171896e-03	-1.26556656460108e-04
6.15335544736005e-01	1.31527982712276e-03	-1.36720451621386e-04	6.24090189503399e-01	9.04181871290044e-04	-1.48151353073223e-04
6.32829117181990e-01	4.59609609943179e-04	-1.61067868520215e-04	6.41560130089883e-01	-2.32312703589699e-05	-1.75737578053559e-04
6.50291680376350e-01	-5.50037131829217e-04	-1.92491130176942e-04	6.59032993754163e-01	-1.12762629967778e-03	-2.11740508924807e-04
6.67794220999886e-01	-1.76422558929756e-03	-2.34003848414099e-04	6.76586625316310e-01	-2.46984632657388e-03	-2.59940718398521e-04
6.85422816547834e-01	-3.25678760427128e-03	-2.90400569436189e-04	6.94317047408511e-01	-4.14031735920384e-03	-3.26491710819443e-04
7.03285592955058e-01	-5.13960787899148e-03	-3.69681642088393e-04	7.12347243579758e-01	-6.27904337603380e-03	-4.21945515923339e-04
7.21523955555492e-01	-7.59008229712155e-03	-4.85990909425471e-04	7.30841724599464e-01	-9.11396358924055e-03	-5.65608645759497e-04
7.40331782227298e-01	-1.09057452727197e-02	-6.66228253960455e-04	7.50032271333123e-01	-1.30404653729109e-02	-7.95848004633282e-04
7.59990654155673e-01	-1.56228802073970e-02	-9.66617056636254e-04	7.70267278080505e-01	-1.88033587138189e-02	-1.19768607413362e-03
7.80940845619809e-01	-2.28049361760264e-02	-1.52059248596448e-03	7.92117167094449e-01	-2.79716616675084e-02	-1.99005221459547e-03
8.03943904422857e-01	-3.48600314847904e-02	-2.70725336575772e-03	8.16637045537498e-01	-4.44244179853731e-02	-3.87450921404175e-03
8.30532486353394e-01	-5.84265518570456e-02	-5.93649703504773e-03	8.46197970861480e-01	-8.04465736307561e-02	-9.97568823073336e-03
8.64714825158372e-01	-1.18895595389073e-01	-1.86257384331547e-02	8.88553930082242e-01	-2.02424417221862e-01	-2.81476425080665e-02
9.25146109488565e-01	-3.70487037651355e-01	2.37099809734067e-02	1.00000000000000e+00	0.00000000000000e+00	0.00000000000000e+00
89	4.01027913949521e+04	7.16428571428571e-02
0.00000000000000e+00	9.68603122400635e-03	-1.17018689811399e-05	1.59394991729717e-02	9.55840318029311e-03	-1.19390637045580e-05
3.15771721577906e-02	9.43242785145748e-03	-1.22257071115683e-05	4.69226002205448e-02	9.30795502103821e-03	-1.25227709604214e-05
6.19849946877311e-02	9.18489512296095e-03	-1.28307651390269e-05	7.67732155407811e-02	9.06315976699013e-03	-1.31502313673870e-05
9.12957892476154e-02	8.94266152614387e-03	-1.34817457266845e-05	1.05560925589037e-01	8.82331372297229e-03	-1.38259204203184e-05
1.19576533550054e-01	8.70503021731928e-03	-1.41834073072999e-05	1.33350236341076e-01	8.58772519010298e-03	-1.45549003625067e-05
1.46889385609235e-01	8.47131292660852e-03	-1.49411401395572e-05	1.60201074895828e-01	8.35570759003290e-03	-1.53429151599216e-05
1.73292152391993e-01	8.24082299656781e-03	-1.57610682647302e-05	1.86169233041156e-01	8.12657237951342e-03	-1.61965008953491e-05
1.98838710033581e-01	8.01286814196245e-03	-1.66501759937265e-05	2.11306765735476e-01	7.89962160395352e-03	-1.71231243846215e-05
2.23579382092349e-01	7.78674273743785e-03	-1.76164514882338e-05	2.35662350543987e-01	7.67413988531573e-03	-1.81313433016417e-05
2.47561281486231e-01	7.56171946189377e-03	-1.86690713224191e-05	2.59281613312779e-01	7.44938564502506e-03	-1.92310044575539e-05
2.70828621068462e-01	7.33704003594027e-03	-1.98186143456347e-05	2.82207424743978e-01	7.22458130173353e-03	-2.04334854971844e-05
2.93422997240623e-01	7.11190479027435e-03	-2.10773257978136e-05	3.04480172032441e-01	6.99890212052900e-03	-2.17519816143597e-05
3.15383650552155e-01	6.88546072547846e-03	-2.24594456008642e-05	3.26138009326522e-01	6.77146337653256e-03	-2.32018785495391e-05
3.36747706885953e-01	6.65678763245459e-03	-2.39816123237535e-05	3.47217090472986e-01	6.54130529107277e-03	-2.48011875252363e-05
3.57550402573574e-01	6.42488172224587e-03	-2.56633526476424e-05	3.67751787295486e-01	6.30737520853741e-03	-2.65711103266675e-05
3.77825296617722e-01	6.18863614618492e-03	-2.75277220849190e-05	3.87774896535641e-01	6.06850621544308e-03	-2.85367477126375e-05
3.97604473126635e-01	5.94681743938441e-03	-2.96020748069559e-05	4.07317838562180e-01	5.82339115788177e-03	-3.07279640407998e-05
4.16918737093066e-01	5.69803687122761e-03	-3.19190907271949e-05	4.26410851036033e-01	5.57055089527170e-03	-3.31805567075349e-05
4.35797806791939e-01	5.44071503714783e-03	-3.45180198442208e-05	4.45083180926964e-01	5.30829487283735e-03	-3.59376873841910e-05
4.54270506352160e-01	5.17303796032031e-03	-3.74464055981072e-05	4.63363278638697e-01	5.03467183540351e-03	-3.90517682440361e-05
4.72364962510240e-01	4.89290166028411e-03	-4.07621846501005e-05	4.81278998558605e-01	4.74740761849080e-03	-4.25869967830561e-05
4.90108810233829e-01	4.59784195862012e-03	-4.45366166088590e-05	4.98857811166185e-01	4.44382556675516e-03	-4.66226467865649e-05
5.07529412885468e-01	4.28494408800728e-03	-4.88580464139687e-05	5.16127033011577e-01	4.12074367395521e-03	-5.12574498343632e-05
5.24654104000728e-01	3.95072551317877e-03	-5.38371613945099e-05	5.33114082546631e-01	3.77434042671454e-03	-5.66157425452296e-05
5.41510459747474e-01	3.59098152336945e-03	-5.96139901536397e-05	5.49846772173372e-01	3.39997688761740e-03	-6.28557132433816e-05
5.58126613985495e-01	3.20057984418076e-03	-6.63678607208951e-05	5.66353650291552e-01	2.99195839006394e-03	-7.01812222689835e-05
5.74531631950589e-01	2.77318260669679e-03	-7.43311587871887e-05	5.82664412083066e-01	2.54320956136045e-03	-7.88583265614040e-05
5.90755964592639e-01	2.30086558879972e-03	-8.38096801429877e-05	5.98810405067051e-01	2.04482517164850e-03	-8.92396908049875e-05
6.06832014503171e-01	1.77358564055830e-03	-9.52118365327159e-05	6.14825266397818e-01	1.48543671471502e-03	-1.01800442556588e-04
6.22794857867819e-01	1.17842363129150e-03	-1.09092975850045e-04	6.30745745617212e-01	8.50302244790546e-04	-1.17192925019882e-04
6.38683187767130e-01	4.98484002446231e-04	-1.26223445781726e-04	6.46612792818504e-01	1.19968045870555e-04	-1.36332008273898e-04
6.54540577348730e-01	-2.88743183753160e-04	-1.47696373713035e-04	6.62473034477599e-01	-7.31749669213300e-04	-1.60532349909870e-04
6.70417215712957e-01	-1.21388737221095e-03	-1.75103957028355e-04	6.78380829556534e-01	-1.74089847178227e-03	-1.91736898774275e-04
6.86372361293018e-01	-2.31965048714078e-03	-2.10836622099864e-04	6.94401219814765e-01	-2.95842132212132e-03	-2.32912831193532e-04
7.02477919320449e-01	-3.66727434550507e-03	-2.58613221360893e-04	7.10614306525498e-01	-4.45855809574158e-03	-2.88770649263803e-04
7.18823848032002e-01	-5.34758081700626e-03	-3.24470443655800e-04	7.27121998349584e-01	-6.35353699620256e-03	-3.67146722891842e-04
7.35526677749165e-01	-7.50079932659609e-03	-4.18724563264528e-04	7.44058902313868e-01	-8.82074596869298e-03	-4.81839890235314e-04
7.52743629025513e-01	-1.03544286657258e-02	-5.60167034770354e-04	7.61610911514607e-01	-1.21565098018871e-02	-6.58956074105488e-04
7.70697515848919e-01	-1.43012764601848e-02	-7.85905071540416e-04	7.80049237499767e-01	-1.68920740044293e-02	-9.52652895502615e-04
7.89724322953631e-01	-2.00766434755426e-02	-1.17742772247409e-03	7.99798700519717e-01	-2.40730273511514e-02	-1.49001412848149e-03
8.10374313681848e-01	-2.92154999738347e-02	-1.94155372656657e-03	8.21593078676120e-01	-3.60405201650636e-02	-2.62530478514345e-03
8.33661756003160e-01	-4.54587283127237e-02	-3.72402165655394e-03	8.46899893987207e-01	-5.91282039121513e-02	-5.62717177197603e-03
8.61842245497625e-01	-8.03549031961218e-02	-9.23340493128788e-03	8.79490140084626e-01	-1.16680954025228e-01	-1.64798343589589e-02
9.02058923199010e-01	-1.91488974685033e-01	-2.35041549587705e-02	9.35771729402504e-01	-3.34711277205857e-01	1.90716086723155e-02
1.00000000000000e+00	0.00000000000000e+00	0.00000000000000e+00
107	4.01027913949521e+04	1.42285714285714e-01
0.00000000000000e+00	8.00426359008299e-03	-8.01889132340250e-06	1.33908747746177e-02	7.91690734667894e-03	-8.12928037019489e-06
2.65713870390724e-02	7.83052632139314e-03	-8.28999782087614e-06	3.95470828611684e-02	7.74500923231725e-03	-8.45551634442998e-06
5.23233301210536e-02	7.66031392165423e-03	-8.62602875550955e-06	6.49053257962005e-02	7.57639872284299e-03	-8.80173804551632e-06
7.72981031919770e-02	7.49322238979455e-03	-8.98285644979069e-06	8.95065388305406e-02	7.41074403202258e-03	-9.16960822650026e-06
1.01535359017926e-01	7.32892304456079e-03	-9.36222909220241e-06	1.13389146108010e-01	7.24771903943333e-03	-9.56096686066665e-06
1.25072344480876e-01	7.16709177929076e-03	-9.76608386293876e-06	1.36589266252023e-01	7.08700110095428e-03	-9.97785339196255e-06
1.47944096727974e-01	7.00740685656198e-03	-1.01965682304250e-05	1.59140899622779e-01	6.92826882849751e-03	-1.04225331660768e-05
1.70183622049263e-01	6.84954666488569e-03	-1.06560718866611e-05	1.81076099297926e-01	6.77119980209095e-03	-1.08975267916200e-05
1.91822059415785e-01	6.69318738415736e-03	-1.11472583645966e-05	2.02425127596767e-01	6.61546818404313e-03	-1.14056474678215e-05
2.12888830394619e-01	6.53800052723930e-03	-1.16731011285953e-05	2.23216599768755e-01	6.46074219094062e-03	-1.19500449171639e-05
2.33411776973003e-01	6.38365032610699e-03	-1.22369325581406e-05	2.43477616296613e-01	6.30668135971835e-03	-1.25342456500643e-05
2.53417288666555e-01	6.22979089292031e-03	-1.28424939509486e-05	2.63233885119728e-01	6.15293360030567e-03	-1.31622199093240e-05
2.72930420153275e-01	6.07606311890652e-03	-1.34940005189765e-05	2.82509834960956e-01	5.99913191956891e-03	-1.38384422583293e-05
2.91975000563227e-01	5.92209121733456e-03	-1.41962058120004e-05	3.01328720838253e-01	5.84489078902251e-03	-1.45679766285767e-05
3.10573735461259e-01	5.76747887906048e-03	-1.49544980108107e-05	3.19712722758879e-01	5.68980202623126e-03	-1.53565599227967e-05
3.28748302485496e-01	5.61180490418089e-03	-1.57750038782822e-05	3.37683038528175e-01	5.53343015188368e-03	-1.62107293479874e-05
3.46519441546743e-01	5.45461818692883e-03	-1.66646979422591e-05	3.55259971555539e-01	5.37530701249422e-03	-1.71379432836183e-05
3.63907040453291e-01	5.29543199405236e-03	-1.76315722331122e-05	3.72463014507652e-01	5.21492560170600e-03	-1.81467560158577e-05
3.80930216800980e-01	5.13371723285561e-03	-1.86847862626571e-05	3.89310929643702e-01	5.05173282624827e-03	-1.92470115192300e-05
3.97607396962541e-01	4.96889465896233e-03	-1.98349079894022e-05	4.05821826669976e-01	4.88512098119953e-03	-2.04500639309213e-05
4.13956393022447e-01	4.80032564822386e-03	-2.10941825518063e-05	4.22013238974702e-01	4.71441774793768e-03	-2.17691047310620e-05
4.29994478537985e-01	4.62730117624721e-03	-2.24768233265671e-05	4.37902199150321e-01	4.53887416217191e-03	-2.32194933096341e-05
4.45738464067611e-01	4.44902874770126e-03	-2.39994443418379e-05	4.53505314784811e-01	4.35765022879786e-03	-2.48192037963779e-05
4.61204773497123e-01	4.26461656280308e-03	-2.56815380113018e-05	4.68838845611828e-01	4.16979760844760e-03	-2.65894300921499e-05
4.76409522322704e-01	4.07305437361560e-03	-2.75461135432753e-05	4.83918783259488e-01	3.97423830690169e-03	-2.85551917162952e-05
4.91368599225977e-01	3.87319007347520e-03	-2.96204873919681e-05	4.98760935043132e-01	3.76973882509812e-03	-3.07462871766973e-05
5.06097752512646e-01	3.66370082550005e-03	-3.19372507009419e-05	5.13381013521060e-01	3.55487812267929e-03	-3.31984457322410e-05
5.20612683305001e-01	3.44305726437999e-03	-3.45355207358455e-05	5.27794733900561e-01	3.32800750938023e-03	-3.59546738859517e-05
5.34929147804042e-01	3.20947899070267e-03	-3.74627341466205e-05	5.42017921873550e-01	3.08720064503420e-03	-3.90672549492876e-05
5.49063071505285e-01	2.96087786001076e-03	-4.07766142249688e-05	5.56066635122992e-01	2.83018979395666e-03	-4.26001209523630e-05
5.63030679024552e-01	2.69478632823827e-03	-4.45481374102830e-05	5.69957302636000e-01	2.55428459883844e-03	-4.66322240726402e-05
5.76848644230830e-01	2.40826502492664e-03	-4.88653031471831e-05	5.83706887181347e-01	2.25626677403601e-03	-5.12618607446669e-05
5.90534266819359e-01	2.09778255485604e-03	-5.38381877372984e-05	5.97333077996087e-01	1.93225262558050e-03	-5.66126719143689e-05
6.04105683446191e-01	1.75905785949237e-03	-5.96061416979765e-05	6.10854523078895e-01	1.57751143808538e-03	-6.28421052737416e-05
6.17582124341484e-01	1.38684955225932e-03	-6.63472901130113e-05	6.24291113825470e-01	1.18622070554797e-03	-7.01524061808012e-05
6.30984230317999e-01	9.74672485440697e-04	-7.42926195067550e-05	6.37664339542022e-01	7.51135740442832e-04	-7.88079836318012e-05
6.44334450876163e-01	5.14407678265494e-04	-8.37451923012544e-05	6.50997736400081e-01	2.63129851223010e-04	-8.91584455295913e-05
6.57657552692511e-01	-4.23867916110598e-06	-9.51101910917629e-05	6.64317465899310e-01	-2.89450381001477e-04	-1.01674203378366e-04
6.70981280697049e-01	-5.94507578060788e-04	-1.08937248350482e-04	6.77653073938005e-01	-9.21709259211645e-04	-1.17001063741906e-04
6.84337233945584e-01	-1.27370442018526e-03	-1.25987516248705e-04	6.91038506662719e-01	-1.65356185416199e-03	-1.36042416324367e-04
6.97762050186648e-01	-2.06485676316026e-03	-1.47340452178346e-04	7.04513499629395e-01	-2.51177537117453e-03	-1.60094093520025e-04
7.11299044781401e-01	-2.99924991668776e-03	-1.74563148572116e-04	7.18125523799606e-01	-3.53313038277869e-03	-1.91067438933379e-04
7.25000537124221e-01	-4.12040429147498e-03	-2.10004317220625e-04	7.31932587179738e-01	-4.76948180832659e-03	-2.31872519279808e-04
7.38931251293654e-01	-5.49057019246713e-03	-2.57304770466149e-04	7.46007397908794e-01	-6.29617173442465e-03	-2.87112982151783e-04
7.53173459942373e-01	-7.20175504801979e-03	-3.22351806786525e-04	7.60443784639295e-01	-8.22667219202156e-03	-3.64410529302805e-04
7.67835087408387e-01	-9.39542702833174e-03	-4.15151936845604e-04	7.75367049443145e-01	-1.07394879291539e-02	-4.77108011538885e-04
7.83063118082499e-01	-1.22998726865515e-02	-5.53802358905786e-04	7.90951599136856e-01	-1.41310005008494e-02	-6.50233825360669e-04
7.99067180295348e-01	-1.63064905224130e-02	-7.73686894741443e-04	8.07453108838677e-01	-1.89282232460790e-02	-9.35077843017940e-04
8.16164395219321e-01	-2.21408926545463e-02	-1.15133890354557e-03	8.25272686442528e-01	-2.61563930183868e-02	-1.44974681935084e-03
8.34873980933715e-01	-3.12963505805478e-02	-1.87631683611356e-03	8.45101441745873e-01	-3.80704107331887e-02	-2.51287011910484e-03
8.56147968091849e-01	-4.73292060924743e-02	-3.51394396358429e-03	8.68308999796794e-01	-6.05861117178051e-02	-5.18989961709981e-03
8.82071737440451e-01	-8.07602707046129e-02	-8.18141650370974e-03	8.98325569092422e-01	-1.14168493471372e-01	-1.34889378656093e-02
9.18944265514006e-01	-1.77627546748483e-01	-1.64991935976746e-02	9.48669576442906e-01	-2.84269939393695e-01	1.47222232379668e-02
1.00000000000000e+00	0.00000000000000e+00	0.00000000000000e+00
121	4.01027913949521e+04	2.12928571428571e-01
0.00000000000000e+00	7.03633298969186e-03	-6.21592692606754e-06	1.19604254507146e-02	6.96872620405964e-03	-6.27237678085812e-06
2.37553072049833e-02	6.90181244952881e-03	-6.38128678898120e-06	3.53884930901012e-02	6.83549154403296e-03	-6.49305091138253e-06
4.68637218837756e-02	6.76973815834936e-03	-6.60777017280623e-06	5.81846271230115e-02	6.70452722969417e-03	-6.72554899883160e-06
6.93547410385634e-02	6.63983393211298e-03	-6.84649690230188e-06	8.03774983246044e-02	6.57563364460034e-03	-6.97072861033377e-06
9.12562397521064e-02	6.51190191877626e-03	-7.09836387291496e-06	1.01994215633955e-01	6.44861444836109e-03	-7.22952849718794e-06
1.12594589149379e-01	6.38574703315209e-03	-7.36435190162865e-06	1.23060439534884e-01	6.32327555651679e-03	-7.50297361307162e-06
1.33394765148449e-01	6.26117593992759e-03	-7.64553507792698e-06	1.43600486413497e-01	6.19942412263441e-03	-7.79218807833715e-06
1.53680448648666e-01	6.13799602102993e-03	-7.94309032303708e-06	1.63637424789238e-01	6.07686749648306e-03	-8.09840696014419e-06
1.73474118005716e-01	6.01601432104704e-03	-8.25831120510045e-06	1.83193164224779e-01	5.95541214460882e-03	-8.42298646652750e-06
1.92797134557594e-01	5.89503645255895e-03	-8.59262299646169e-06	2.02288537640265e-01	5.83486253345300e-03	-8.76742174082956e-06
2.11669821890908e-01	5.77486543841421e-03	-8.94759366354414e-06	2.20943377687704e-01	5.71501994473866e-03	-9.13336270103038e-06
2.30111539472040e-01	5.65530050534391e-03	-9.32496061500920e-06	2.39176587780734e-01	5.59568121490650e-03	-9.52263372910878e-06
2.48140751211098e-01	5.53613576161349e-03	-9.72664162346426e-06	2.57006208322502e-01	5.47663738029658e-03	-9.93725808462464e-06
2.65775089477947e-01	5.41715879897375e-03	-1.01547693243109e-05	2.74449478629032e-01	5.35767219196259e-03	-1.03794780634825e-05
2.83031415047562e-01	5.29814913579507e-03	-1.06117111979831e-05	2.91522895006929e-01	5.23856051544702e-03	-1.08517974592992e-05
2.99925873416467e-01	5.17887652046412e-03	-1.11001051261717e-05	3.08242265411509e-01	5.11906652216387e-03	-1.13570054458556e-05
3.16473947902364e-01	5.05909904614787e-03	-1.16229000775014e-05	3.24622761084788e-01	4.99894168857185e-03	-1.18982150552061e-05
3.32690509914895e-01	4.93856103449097e-03	-1.21833991670872e-05	3.40678965551228e-01	4.87792258011210e-03	-1.24789282045512e-05
3.48589866766690e-01	4.81699064566188e-03	-1.27853068128125e-05	3.56424921333049e-01	4.75572828330484e-03	-1.31030711563174e-05
3.64185807380701e-01	4.69409718413938e-03	-1.34327953438262e-05	3.71874174736370e-01	4.63205755699203e-03	-1.37750844477758e-05
3.79491646241494e-01	4.56956800709762e-03	-1.41305727141550e-05	3.87039819054040e-01	4.50658547902738e-03	-1.44999690034897e-05
3.94520265936303e-01	4.44306499744118e-03	-1.48839778404408e-05	4.01934536532029e-01	4.37895968754476e-03	-1.52834083231301e-05
4.09284158635025e-01	4.31422045803465e-03	-1.56990721913441e-05	4.16570639453055e-01	4.24879595420302e-03	-1.61318652103226e-05
4.23795466869427e-01	4.18263234023519e-03	-1.65827470770541e-05	4.30960110705859e-01	4.11567308523275e-03	-1.70527339229398e-05
4.38066023989956e-01	4.04785876759539e-03	-1.75429139042116e-05	4.45114644230743e-01	3.97912685423596e-03	-1.80544588335163e-05
4.52107394706016e-01	3.90941144497403e-03	-1.85886268841973e-05	4.59045685765487e-01	3.83864300137815e-03	-1.91467703447579e-05
4.65930916153947e-01	3.76674804799859e-03	-1.97303422182493e-05	4.72764474358965e-01	3.69364884207735e-03	-2.03409009782440e-05
4.79547739987979e-01	3.61926303139648e-03	-2.09801283364008e-05	4.86282085179999e-01	3.54350328974085e-03	-2.16498555254407e-05
4.92968876057546e-01	3.46627687441559e-03	-2.23520645781239e-05	4.99609474225101e-01	3.38748504520225e-03	-2.30888280359220e-05
5.06205238321030e-01	3.30702282920337e-03	-2.38625063757603e-05	5.12757525629476e-01	3.22477814736111e-03	-2.46755650894492e-05
5.19267693761607e-01	3.14063138718490e-03	-2.55307234524604e-05	5.25737102414078e-01	3.05445463769893e-03	-2.64309282254072e-05
5.32167115215143e-01	2.96611098037536e-03	-2.73794153011764e-05	5.38559101669122e-01	2.87545345881512e-03	-2.83796190707619e-05
5.44914439211901e-01	2.78232453483529e-03	-2.94354656948936e-05	5.51234515389836e-01	2.68655450367228e-03	-3.05510592231162e-05
5.57520730179234e-01	2.58796071881640e-03	-3.17309821951106e-05	5.63774498461552e-01	2.48634623956612e-03	-3.29803143073182e-05
5.69997252674395e-01	2.38149821434019e-03	-3.43045873172354e-05	5.76190445660225e-01	2.27318623756556e-03	-3.57098478778184e-05
5.82355553736981e-01	2.16116064874883e-03	-3.72028263631030e-05	5.88494080018121e-01	2.04515036958419e-03	-3.87909677592724e-05
5.94607558014208e-01	1.92486052301888e-03	-4.04825098259121e-05	6.00697555552050e-01	1.79996976659291e-03	-4.22865938209949e-05
6.06765679052732e-01	1.67012725982807e-03	-4.42133900739883e-05	6.12813578216029e-01	1.53494920692165e-03	-4.62742412905559e-05
6.18842951165936e-01	1.39401490785351e-03	-4.84818289339106e-05	6.24855550120572e-01	1.24686223383286e-03	-5.08503662903781e-05
6.30853187659783e-01	1.09298243095624e-03	-5.33958255368727e-05	6.36837743675825e-01	9.31814129796038e-04	-5.61362032129864e-05
6.42811173106782e-01	7.62736423445043e-04	-5.90918362073367e-05	6.48775514569610e-01	5.85060835424089e-04	-6.22857750669503e-05
6.54732900030338e-01	3.98021969646445e-04	-6.57442295035615e-05	6.60685565673992e-01	2.00766583679401e-04	-6.94971014592038e-05
6.66635864167183e-01	-7.65923184309347e-06	-7.35786255470217e-05	6.72586278543428e-01	-2.28325159084108e-04	-7.80281420658113e-05
6.78539437986791e-01	-4.62434528141875e-04	-8.28910360592960e-05	6.84498135845682e-01	-7.11345570596267e-04	-8.82198821190450e-05
6.90465350278454e-01	-9.76596810088215e-04	-9.40758508172213e-05	6.96444268019628e-01	-1.25993755559950e-03	-1.00530445166669e-04
7.02438311865276e-01	-1.56336472326890e-03	-1.07667659393629e-04	7.08451172614936e-01	-1.88916756043644e-03	-1.15586681054713e-04
7.14486846384585e-01	-2.23998230882061e-03	-1.24405295999441e-04	7.20549678433022e-01	-2.61885945058293e-03	-1.34264218134783e-04
7.26644414939263e-01	-3.02934700883395e-03	-1.45332648205043e-04	7.32776264554963e-01	-3.47559446229728e-03	-1.57815510479109e-04
7.38950972066068e-01	-3.96248345408035e-03	-1.71962943485093e-04	7.45174907178988e-01	-4.49579512688980e-03	-1.88081880233337e-04
7.51455172368789e-01	-5.08242248412516e-03	-2.06552919511438e-04	7.57799734975887e-01	-5.73064315030725e-03	-2.27854523624504e-04
7.64217590473308e-01	-6.45048608616472e-03	-2.52589528218827e-04	7.70718966287843e-01	-7.25420513478703e-03	-2.81530337270741e-04
7.77315578991840e-01	-8.15692272201185e-03	-3.15676981812452e-04	7.84020962752716e-01	-9.17750001738671e-03	-3.56344635535910e-04
7.90850894334260e-01	-1.03397532093793e-02	-4.05282797469431e-04	7.97823951182513e-01	-1.16741466318513e-02	-4.64866111991036e-04
8.04962256335249e-01	-1.32202361168009e-02	-5.38376122344530e-04	8.12292491252789e-01	-1.50302581341019e-02	-6.30438779824161e-04
8.19847302078061e-01	-1.71744944849210e-02	-7.47749595524594e-04	8.27667299380605e-01	-1.97496074924969e-02	-9.00246970745311e-04
8.35803981675421e-01	-2.28918655291976e-02	-1.10317954493366e-03	8.44324149329212e-01	-2.67990539926031e-02	-1.38077949529802e-03
8.53316827513349e-01	-3.17681373339379e-02	-1.77321777366224e-03	8.62904630932144e-01	-3.82633114030622e-02	-2.35031549802756e-03
8.73263485050285e-01	-4.70459874337992e-02	-3.23985344041788e-03	8.84659284299229e-01	-5.94399126911070e-02	-4.68701228620549e-03
8.97522208201766e-01	-7.79178471581047e-02	-7.16206276520270e-03	9.12615027470639e-01	-1.07563032361604e-01	-1.12886854780629e-02
9.31470506368852e-01	-1.60473686690564e-01	-1.38800615142873e-02	9.57680668232480e-01	-2.49513132443099e-01	1.00556016509433e-02
1.00000000000000e+00	0.00000000000000e+00	0.00000000000000e+00
121	4.01027913949521e+04	2.83571428571429e-01
0.00000000000000e+00	7.00116922000227e-03	-6.15605186493617e-06	1.20796874911591e-02	6.93422571779378e-03	-6.21317317950343e-06
2.39930026151206e-02	6.86796241218079e-03	-6.32077660234209e-06	3.57437938079805e-02	6.80228249590509e-03	-6.43119302301542e-06
4.73358009755673e-02	6.73716109680100e-03	-6.54452134019046e-06	5.87726592722309e-02	6.67257360223217e-03	-6.66086480505257e-06
7.00579029988800e-02	6.60849562812316e-03	-6.78033129397626e-06	8.11949693385807e-02	6.54490298706767e-03	-6.90303290751260e-06
9.21872019380505e-02	6.48177165959618e-03	-7.02908762084675e-06	1.03037854342908e-01	6.41907776226924e-03	-7.15861890010494e-06
1.13750093294141e-01	6.35679751476537e-03	-7.29175478064725e-06	1.24327001892841e-01	6.29490721200732e-03	-7.42863038039054e-06
1.34771582639873e-01	6.23338319079281e-03	-7.56938705492871e-06	1.45086760356818e-01	6.17220179814537e-03	-7.71417296463461e-06
1.55275384994195e-01	6.11133935675290e-03	-7.86314210521333e-06	1.65340234332668e-01	6.05077213622685e-03	-8.01645751868918e-06
1.75284016582634e-01	5.99047631607608e-03	-8.17428962762712e-06	1.85109372887371e-01	5.93042795292731e-03	-8.33681787404394e-06
1.94818879734640e-01	5.87060294205988e-03	-8.50422933096340e-06	2.04415051281413e-01	5.81097698238620e-03	-8.67672025894883e-06
2.13900341596196e-01	5.75152554538727e-03	-8.85450099685769e-06	2.23277146823167e-01	5.69222382050971e-03	-9.03778659000487e-06
2.32547807272289e-01	5.63304668947162e-03	-9.22680705151002e-06	2.41714609439196e-01	5.57396867895177e-03	-9.42180477259136e-06
2.50779787958647e-01	5.51496391374151e-03	-9.62303345342086e-06	2.59745527495149e-01	5.45600607354446e-03	-9.83076072302858e-06
2.68613964574177e-01	5.39706834379317e-03	-1.00452683529095e-05	2.77387189357343e-01	5.33812336660877e-03	-1.02668541805961e-05
2.86067247364713e-01	5.27914319236977e-03	-1.04958361497598e-05	2.94656141147401e-01	5.22009920188227e-03	-1.07325393692292e-05
3.03155831913511e-01	5.16096208566474e-03	-1.09773220433595e-05	3.11568241110226e-01	5.10170173559499e-03	-1.12305472137475e-05
3.19895251965135e-01	5.04228722732325e-03	-1.14926155223571e-05	3.28138710989345e-01	4.98268670455215e-03	-1.17639374168643e-05
3.36300429445399e-01	4.92286733177627e-03	-1.20449525224942e-05	3.44382184782516e-01	4.86279521081712e-03	-1.23361288901780e-05
3.52385722041917e-01	4.80243529019075e-03	-1.26379611873340e-05	3.60312755234917e-01	4.74175127686749e-03	-1.29509743278522e-05
3.68164968696402e-01	4.68070554254041e-03	-1.32757278223927e-05	3.75944018416360e-01	4.61925901659188e-03	-1.36128161771776e-05
3.83651533352149e-01	4.55737105979304e-03	-1.39628619726384e-05	3.91289116724222e-01	4.49499938542464e-03	-1.43265451615360e-05
3.98858347297918e-01	4.43209989678373e-03	-1.47045844041127e-05	4.06360780654285e-01	4.36862653281178e-03	-1.50977304433919e-05
4.13797950452757e-01	4.30453118303165e-03	-1.55068116600710e-05	4.21171369688429e-01	4.23976345907051e-03	-1.59326949289440e-05
4.28482531947300e-01	4.17427053507624e-03	-1.63763000105011e-05	4.35732912662457e-01	4.10799700685649e-03	-1.68386359569173e-05
4.42923970374432e-01	4.04088462785346e-03	-1.73207684734944e-05	4.50057147999463e-01	3.97287210134190e-03	-1.78238357753102e-05
4.57133874109171e-01	3.90389485251386e-03	-1.83490646306073e-05	4.64155564225540e-01	3.83388476009050e-03	-1.88977747941355e-05
4.71123622135395e-01	3.76276986462787e-03	-1.94713845673711e-05	4.78039441228817e-01	3.69047405788780e-03	-2.00714220857101e-05
4.84904405866237e-01	3.61691673219577e-03	-2.06995306542002e-05	4.91719892779393e-01	3.54201239975316e-03	-2.13574768463953e-05
4.98487272511693e-01	3.46567029828204e-03	-2.20471746081863e-05	5.05207910904000e-01	3.38779396525823e-03	-2.27707166988722e-05
5.11883170632407e-01	3.30828066887534e-03	-2.35303437987611e-05	5.18514412805447e-01	3.22702083025606e-03	-2.43284427114965e-05
5.25102998628593e-01	3.14389767452128e-03	-2.51677330700417e-05	5.31650291144133e-01	3.05878612016408e-03	-2.60510005019032e-05
5.38157657057627e-01	2.97155253729176e-03	-2.69814470112983e-05	5.44626468659592e-01	2.88205343513392e-03	-2.79623971670695e-05
5.51058105856464e-01	2.79013507387305e-03	-2.89976720937446e-05	5.57453958321914e-01	2.69563182041010e-03	-3.00912128028408e-05
5.63815427785818e-01	2.59836571946637e-03	-3.12475806614199e-05	5.70143930474697e-01	2.49814465721787e-03	-3.24716281949744e-05
5.76440899724985e-01	2.39476112241088e-03	-3.37686666496140e-05	5.82707788788687e-01	2.28799083676834e-03	-3.51446686657209e-05
5.88946073855146e-01	2.17759072415857e-03	-3.66061750780577e-05	5.95157257316926e-01	2.06329684466078e-03	-3.81603371264472e-05
6.01342871310172e-01	1.94482230541992e-03	-3.98151263665270e-05	6.07504481564021e-01	1.82185465333795e-03	-4.15794153827420e-05
6.13643691599618e-01	1.69405289357027e-03	-4.34630570798067e-05	6.19762147324814e-01	1.56104417082070e-03	-4.54770265461146e-05
6.25861542077403e-01	1.42241997729142e-03	-4.76335829353580e-05	6.31943622178082e-01	1.27773181096313e-03	-4.99464572367714e-05
6.38010193064008e-01	1.12648618774092e-03	-5.24310695080299e-05	6.44063126085397e-01	9.68138898784776e-04	-5.51047846912844e-05
6.50104366061297e-01	8.02088380772004e-04	-5.79872173032125e-05	6.56135939707167e-01	6.27668017465277e-04	-6.11005832851230e-05
6.62159965066709e-01	4.44137193137628e-04	-6.44701245491319e-05	6.68178662104252e-01	2.50670845862944e-04	-6.81246159546234e-05
6.74194364643046e-01	4.63472233557249e-05	-7.20969749876677e-05	6.80209533870189e-01	-1.69866530976059e-04	-7.64249959503971e-05
6.86226773672286e-01	-3.99131416867093e-04	-8.11522408983301e-05	6.92248848119413e-01	-6.42756813078016e-04	-8.63291255002174e-05
6.98278701481241e-01	-9.02224626423864e-04	-9.20142503071375e-05	7.04319481241828e-01	-1.17921825926570e-03	-9.82760423340334e-05
7.10374564683417e-01	-1.47565754592960e-03	-1.05194792309415e-04	7.16447589740753e-01	-1.79374112862241e-03	-1.12865202042789e-04
7.22542490994496e-01	-2.13599817057808e-03	-1.21399594098071e-04	7.28663541886671e-01	-2.50535185732814e-03	-1.30932000040662e-04
7.34815404518438e-01	-2.90519787849930e-03	-1.41623435799154e-04	7.41003188752413e-01	-3.33950237676206e-03	-1.53668613161795e-04
7.47232522819284e-01	-3.81292597818694e-03	-1.67304029100590e-04	7.53509638265464e-01	-4.33097844718444e-03	-1.82820311412923e-04
7.59841472926631e-01	-4.90021650230876e-03	-2.00578585474620e-04	7.66235796779881e-01	-5.52850637384605e-03	-2.21027762292270e-04
7.72701367147629e-01	-6.22535519003697e-03	-2.44735961663523e-04	7.79248121936961e-01	-7.00235722628595e-03	-2.72428183725637e-04
7.85887422821641e-01	-7.87378754509971e-03	-3.05041735344069e-04	7.92632364855459e-01	-8.85741370717907e-03	-3.43801422864276e-04
7.99498175789290e-01	-9.97560141643494e-03	-3.90338193766882e-04	8.06502738470696e-01	-1.12568814191055e-02	-4.46854121866291e-04
8.13667285317594e-01	-1.27381790229173e-02	-5.16380402958427e-04	8.21017338263250e-01	-1.44680684821735e-02	-6.03180193887276e-04
8.28584007103075e-01	-1.65116604663927e-02	-7.13380641043093e-04	8.36405825143263e-01	-1.89580675409383e-02	-8.56050060915603e-04
8.44531414868906e-01	-2.19322858630980e-02	-1.04500948465280e-03	8.53023481825714e-01	-2.56146415082957e-02	-1.30211023790561e-03
8.61965022618564e-01	-3.02740722958156e-02	-1.66333929495810e-03	8.71469408504113e-01	-3.63277065636384e-02	-2.19088444947269e-03
8.81697662675082e-01	-4.44536432555092e-02	-2.99818746661495e-03	8.92890085848473e-01	-5.58189333913685e-02	-4.30395490324398e-03
9.05429182499259e-01	-7.25786913535609e-02	-6.54369825784840e-03	9.19979029794134e-01	-9.90989693337969e-02	-1.04680619788768e-02
9.37839295844109e-01	-1.45672257089252e-01	-1.51069573109053e-02	9.61990180948032e-01	-2.34962820305885e-01	3.51405076387989e-03
1.00000000000000e+00	0.00000000000000e+00	0.00000000000000e+00
121	4.01027913949521e+04	3.54214285714286e-01
0.00000000000000e+00	6.96515256852748e-03	-6.08664275247861e-06	1.21963824938907e-02	6.89891025820732e-03	-6.14413163679828e-06
2.42256350272677e-02	6.83333550817289e-03	-6.25023241607181e-06	3.60916037593580e-02	6.76833474025718e-03	-6.35909982915628e-06
4.77980269366833e-02	6.70388356322449e-03	-6.47083043925356e-06	5.93485386368495e-02	6.63995783758309e-03	-6.58552534038570e-06
7.07466726258695e-02	6.57653364540933e-03	-6.70329039054174e-06	8.19958660555735e-02	6.51358725985074e-03	-6.82423617659467e-06
9.30994630092651e-02	6.45109511410324e-03	-6.94847762838791e-06	1.04060717903347e-01	6.38903377354727e-03	-7.07613574579824e-06
1.14882798752203e-01	6.32737990387500e-03	-7.20733680936725e-06	1.25568790303267e-01	6.26611023967127e-03	-7.34221206100116e-06
1.36121697048826e-01	6.20520155920024e-03	-7.48090162172588e-06	1.46544446120745e-01	6.14463064297444e-03	-7.62354817873678e-06
1.56839890074068e-01	6.08437425457908e-03	-7.77030544019119e-06	1.67010809565010e-01	6.02440909804369e-03	-7.92133179716714e-06
1.77059915928736e-01	5.96471178998059e-03	-8.07679404046802e-06	1.86989853661945e-01	5.90525882582371e-03	-8.23686778761434e-06
1.96803202815084e-01	5.84602654295074e-03	-8.40173653027243e-06	2.06502481298809e-01	5.78699108556346e-03	-8.57159252265483e-06
2.16090147109043e-01	5.72812837481007e-03	-8.74664181393925e-06	2.25568600474831e-01	5.66941405272559e-03	-8.92709329525232e-06
2.34940185933042e-01	5.61082346858899e-03	-9.11317605112316e-06	2.44207194333643e-01	5.55233161141322e-03	-9.30512305274966e-06
2.53371864779378e-01	5.49391308514124e-03	-9.50318357251234e-06	2.62436386503244e-01	5.43554205795949e-03	-9.70762019991689e-06
2.71402900687257e-01	5.37719221389565e-03	-9.91870874900158e-06	2.80273502225759e-01	5.31883670570465e-03	-1.01367405693775e-05
2.89050241436427e-01	5.26044810499560e-03	-1.03620247637881e-05	2.97735125722068e-01	5.20199833670731e-03	-1.05948822095581e-05
3.06330121186196e-01	5.14345863799659e-03	-1.08356573380597e-05	3.14837154205226e-01	5.08479949070217e-03	-1.10847150818216e-05
3.23258112960162e-01	5.02599054656283e-03	-1.13424356233960e-05	3.31594848930577e-01	4.96700057155608e-03	-1.16092241031485e-05
3.39849178353513e-01	4.90779737712477e-03	-1.18855147568375e-05	3.48022883650019e-01	4.84834772418719e-03	-1.21717606698102e-05
3.56117714822023e-01	4.78861725311286e-03	-1.24684437434741e-05	3.64135390822085e-01	4.72857039723507e-03	-1.27760778092512e-05
3.72077600898664e-01	4.66817028482081e-03	-1.30952084052005e-05	3.79946005919542e-01	4.60737863774607e-03	-1.34264149369567e-05
3.87742239676020e-01	4.54615565782190e-03	-1.37703098284092e-05	3.95467910170548e-01	4.48445991948976e-03	-1.41275471752245e-05
4.03124600890459e-01	4.42224826166915e-03	-1.44988367745125e-05	4.10713872070516e-01	4.35947559213035e-03	-1.48849080920943e-05
4.18237261947287e-01	4.29609482227700e-03	-1.52865657889745e-05	4.25696288007895e-01	4.23205664246984e-03	-1.57046498123758e-05
4.33092448236491e-01	4.16730941697740e-03	-1.61400816613977e-05	4.40427222361250e-01	4.10179890766815e-03	-1.65938091449824e-05
4.47702073105513e-01	4.03546819065159e-03	-1.70668867731649e-05	4.54918447445998e-01	3.96825736009010e-03	-1.75604296328569e-05
4.62077777882142e-01	3.90010330123158e-03	-1.80756250003355e-05	4.69181483720177e-01	3.83093945847479e-03	-1.86137549000875e-05
4.76230972375983e-01	3.76069555136005e-03	-1.91762005101737e-05	4.83227640701107e-01	3.68929726307377e-03	-1.97644461084057e-05
4.90172876336632e-01	3.61666591146625e-03	-2.03800909939211e-05	4.97068059099881e-01	3.54271808891271e-03	-2.10248626522080e-05
5.03914562409412e-01	3.46736525330993e-03	-2.17006220710747e-05	5.10713754754224e-01	3.39051328222584e-03	-2.24093718315110e-05
5.17467001213629e-01	3.31206202022649e-03	-2.31532896490805e-05	5.24175665034722e-01	3.23190477778779e-03	-2.39347638877341e-05
5.30841109275204e-01	3.14992763814925e-03	-2.47563412507645e-05	5.37464698520344e-01	3.06600884486352e-03	-2.56207693769550e-05
5.44047800683198e-01	2.98001830713135e-03	-2.65311640232913e-05	5.50591788898043e-01	2.89181632204394e-03	-2.74907178092754e-05
5.57098043520155e-01	2.80125333436265e-03	-2.85031482649689e-05	5.63567954242364e-01	2.70816825598419e-03	-2.95722718228753e-05
5.70002922345665e-01	2.61238813320563e-03	-3.07025382637605e-05	5.76404363096892e-01	2.51372610153955e-03	-3.18985317231402e-05
5.82773708314940e-01	2.41198082825034e-03	-3.31655478034154e-05	5.89112409122508e-01	2.30693444679986e-03	-3.45092971592020e-05
5.95421938909224e-01	2.19835087622711e-03	-3.59359933108649e-05	6.01703796531135e-01	2.08597425936330e-03	-3.74526705373412e-05
6.07959509775514e-01	1.96952646807058e-03	-3.90670635521673e-05	6.14190639126259e-01	1.84870453838260e-03	-4.07876423897946e-05
6.20398781868131e-01	1.72317813718625e-03	-4.26239016237950e-05	6.26585576573430e-01	1.59258631046288e-03	-4.45864481986025e-05
6.32752708022767e-01	1.45653377980093e-03	-4.66871075810449e-05	6.38901912618801e-01	1.31458679506635e-03	-4.89391066631484e-05
6.45034984360888e-01	1.16626835440248e-03	-5.13572725833189e-05	6.51153781459790e-01	1.01105273417024e-03	-5.39582859937493e-05
6.57260233684600e-01	8.48359203275084e-04	-5.67609980941519e-05	6.63356350549703e-01	6.77544650770523e-04	-5.97867439593447e-05
6.69444230468639e-01	4.97895059844655e-04	-6.30597435995472e-05	6.75526071024220e-01	3.08615566923187e-04	-6.66075840913827e-05
6.81604180531793e-01	1.08818818111311e-04	-7.04617963267484e-05	6.87680991106123e-01	-1.02488719657234e-04	-7.46585515352116e-05
6.93759073483310e-01	-3.26422926243741e-04	-7.92395033057947e-05	6.99841153899721e-01	-5.64241204334293e-04	-8.42528150009070e-05
7.05930133392336e-01	-8.17365334676468e-04	-8.97544189881749e-05	7.12029109962774e-01	-1.08740888701642e-03	-9.58095476293330e-05
7.18141404144805e-01	-1.37621024572454e-03	-1.02494624523830e-04	7.24270588638209e-01	-1.68587250897312e-03	-1.09899695489801e-04
7.30420522827951e-01	-2.01881219235500e-03	-1.18131429414969e-04	7.36595393208214e-01	-2.37781890277433e-03	-1.27316960570889e-04
7.42799760989082e-01	-2.76612891215555e-03	-1.37608874856365e-04	7.49038618500141e-01	-3.18751718708210e-03	-1.49191295677253e-04
7.55317456449020e-01	-3.64641365013973e-03	-1.62287228231639e-04	7.61642344681455e-01	-4.14804601452934e-03	-1.77171032183399e-04
7.68020029867798e-01	-4.69862581718661e-03	-1.94182391006770e-04	7.74458054625593e-01	-5.30559350553095e-03	-2.13741528959144e-04
7.80964904065071e-01	-5.97791826021377e-03	-2.36383098949577e-04	7.87550187745349e-01	-6.72652417870379e-03	-2.62781705874460e-04
7.94224868026554e-01	-7.56482336524789e-03	-2.93812153519868e-04	8.01001549847427e-01	-8.50946795393159e-03	-3.30614069532942e-04
8.07894853180517e-01	-9.58136729818615e-03	-3.74696891261683e-04	8.14921898439520e-01	-1.08071095187319e-02	-4.28095005105433e-04
8.22102949022122e-01	-1.22209920384769e-02	-4.93597937589074e-04	8.29462276878956e-01	-1.38679745589787e-02	-5.75107035959643e-04
8.37029351819375e-01	-1.58080510560135e-02	-6.78220383632189e-04	8.44840512859680e-01	-1.81229799965471e-02	-8.11162392467812e-04
8.52941378903291e-01	-2.09268197720299e-02	-9.86416833140158e-04	8.61390432162733e-01	-2.43831669350156e-02	-1.22358820588020e-03
8.70264537629940e-01	-2.87343318832193e-02	-1.55478695402356e-03	8.79667812371072e-01	-3.43532570561903e-02	-2.03516610452747e-03
8.89746629340151e-01	-4.18408731783941e-02	-2.76491829838443e-03	9.00716661693884e-01	-5.22210912296625e-02	-3.93762132543474e-03
9.12915696337979e-01	-6.73633047579867e-02	-5.94850372890043e-03	9.26918003284335e-01	-9.10016179704917e-02	-9.58319647787742e-03
9.43817800669852e-01	-1.31752605976068e-01	-1.52854850553161e-02	9.66057748204232e-01	-2.14971851072061e-01	-5.10529295759365e-03
1.00000000000000e+00	0.00000000000000e+00	0.00000000000000e+00
109	4.01027913949521e+04	4.24857142857143e-01
0.00000000000000e+00	7.69822569263900e-03	-7.40939377075200e-06	1.36672431072301e-02	7.61741737460309e-03	-7.50960577899917e-06
2.71278427589142e-02	7.53747280904316e-03	-7.65364338772834e-06	4.03870430540796e-02	7.45829553762323e-03	-7.80185715987258e-06
5.34499259193468e-02	7.37984925936441e-03	-7.95441024759036e-06	6.63214174931993e-02	7.30209806851656e-03	-8.11147339319085e-06
7.90062944779768e-02	7.22500640104218e-03	-8.27322642216188e-06	9.15091902027585e-02	7.14853897617829e-03	-8.43985646770129e-06
1.03834600413393e-01	7.07266074769741e-03	-8.61156256370954e-06	1.15986888804904e-01	6.99733684254489e-03	-8.78855221686514e-06
1.27970292310695e-01	6.92253250857600e-03	-8.97104420616301e-06	1.39788926162046e-01	6.84821305720296e-03	-9.15926852229632e-06
1.51446788730696e-01	6.77434380627884e-03	-9.35346704555862e-06	1.62947766166540e-01	6.70089002560958e-03	-9.55389662338213e-06
1.74295636841803e-01	6.62781686908165e-03	-9.76082439385628e-06	1.85494075612514e-01	6.55508932323912e-03	-9.97453474060883e-06
1.96546657907372e-01	6.48267213985854e-03	-1.01953271005595e-05	2.07456863653727e-01	6.41052977139944e-03	-1.04235169948730e-05
2.18228081049814e-01	6.33862630675175e-03	-1.06594387871972e-05	2.28863610191934e-01	6.26692539940388e-03	-1.09034453048551e-05
2.39366666564890e-01	6.19539019342263e-03	-1.11559080102630e-05	2.49740384403563e-01	6.12398325560148e-03	-1.14172233007803e-05
2.59987819933154e-01	6.05266648970693e-03	-1.16878097242701e-05	2.70111954495341e-01	5.98140105214195e-03	-1.19681088115442e-05
2.80115697567267e-01	5.91014727098638e-03	-1.22585910398154e-05	2.90001889679978e-01	5.83886455063287e-03	-1.25597558360280e-05
2.99773305242748e-01	5.76751126997643e-03	-1.28721310785895e-05	3.09432655279492e-01	5.69604468335538e-03	-1.31962783824768e-05
3.18982590083240e-01	5.62442081994385e-03	-1.35328017780711e-05	3.28425701794488e-01	5.55259433351507e-03	-1.38823294268953e-05
3.37764526909253e-01	5.48051842233477e-03	-1.42455457463608e-05	3.47001548722172e-01	5.40814466132389e-03	-1.46231730533408e-05
3.56139199710365e-01	5.33542286513455e-03	-1.50159796448168e-05	3.65179863863377e-01	5.26230094348934e-03	-1.54247900900906e-05
3.74125878964545e-01	5.18872472799736e-03	-1.58504851017760e-05	3.82979538829241e-01	5.11463779397259e-03	-1.62940069705630e-05
3.91743095505323e-01	5.03998125819871e-03	-1.67563592274877e-05	4.00418761441281e-01	4.96469358258800e-03	-1.72386208068254e-05
4.09008711627508e-01	4.88871036214622e-03	-1.77419619418195e-05	4.17515085716319e-01	4.81196400675454e-03	-1.82676047786323e-05
4.25939990126734e-01	4.73438359431966e-03	-1.88169091301926e-05	4.34285500139453e-01	4.65589444506120e-03	-1.93912943882157e-05
4.42553661988906e-01	4.57641790384056e-03	-1.99923138748392e-05	4.50746494958230e-01	4.49587095673909e-03	-2.06216420888250e-05
4.58865993484330e-01	4.41416583952625e-03	-2.12810790880535e-05	4.66914129280181e-01	4.33120963328526e-03	-2.19725715435715e-05
4.74892853481953e-01	4.24690380747417e-03	-2.26982276712029e-05	4.82804098829203e-01	4.16114371246623e-03	-2.34603307267545e-05
4.90649781886960e-01	4.07381802181939e-03	-2.42613549954473e-05	4.98431805319234e-01	3.98480812711943e-03	-2.51039904495265e-05
5.06152060224293e-01	3.89398748539826e-03	-2.59911810505109e-05	5.13812428542963e-01	3.80122079391820e-03	-2.69261009497868e-05
5.21414785552629e-01	3.70636320502093e-03	-2.79122133675092e-05	5.28961002460293e-01	3.60925950592983e-03	-2.89533707873435e-05
5.36452949109647e-01	3.50974279667837e-03	-3.00536611654856e-05	5.43892496819953e-01	3.40763375554842e-03	-3.12177195682661e-05
5.51281521373700e-01	3.30273892820321e-03	-3.24504977615714e-05	5.58621906176033e-01	3.19484958504401e-03	-3.37575120064049e-05
5.65915545607734e-01	3.08374005585810e-03	-3.51448732553994e-05	5.73164348599086e-01	2.96916573685935e-03	-3.66192448317815e-05
5.80370242454904e-01	2.85086120854672e-03	-3.81880355329045e-05	5.87535176963981e-01	2.72853789472793e-03	-3.98594809758457e-05
5.94661128832104e-01	2.60188137550843e-03	-4.16427162486244e-05	6.01750106483047e-01	2.47054840498961e-03	-4.35479080236334e-05
6.08804155278168e-01	2.33416350506466e-03	-4.55864034096809e-05	6.15825363213062e-01	2.19231506610829e-03	-4.77708995421100e-05
6.22815867158780e-01	2.04455087317279e-03	-5.01156395527058e-05	6.29777859725823e-01	1.89037296160599e-03	-5.26366427546776e-05
6.36713596841921e-01	1.72923168162709e-03	-5.53519753339060e-05	6.43625406149848e-01	1.56051883106145e-03	-5.82820724734923e-05
6.50515696349849e-01	1.38355968124326e-03	-6.14501226239295e-05	6.57386967633318e-01	1.19760368283761e-03	-6.48825272886455e-05
6.64241823381114e-01	1.00181359109497e-03	-6.86094535493620e-05	6.71082983332381e-01	7.95252681401237e-04	-7.26654953955297e-05
6.77913298469526e-01	5.76869566863980e-04	-7.70904109270720e-05	6.84735767914060e-01	3.45480341060300e-04	-8.19301137111594e-05
6.91553558187903e-01	9.97473925237191e-05	-8.72379405392198e-05	6.98370025269889e-01	-1.61846156820689e-04	-9.30760763040439e-05
7.05188739971765e-01	-4.41027160803520e-04	-9.95173550868422e-05	7.12013517275832e-01	-7.39769659122702e-04	-1.06647477165600e-04
7.18848450426700e-01	-1.06034024488422e-03	-1.14567753201289e-04	7.25697950761561e-01	-1.40535319158797e-03	-1.23398888297377e-04
7.32566794509483e-01	-1.77783891352645e-03	-1.33285504449354e-04	7.39460178113383e-01	-2.18132903174151e-03	-1.44401972018482e-04
7.46383784048965e-01	-2.61996283192933e-03	-1.56960045993193e-04	7.53343859673014e-01	-3.09862172224884e-03	-1.71218890768765e-04
7.60347312380982e-01	-3.62310061704996e-03	-1.87498371639228e-04	7.67401825365868e-01	-4.20032855862207e-03	-2.06196869607433e-04
7.74515999658067e-01	-4.83865571696473e-03	-2.27815488860861e-04	7.81699530053841e-01	-5.54823077294886e-03	-2.52991607508912e-04
7.88963425258008e-01	-6.34150344872619e-03	-2.82546051159738e-04	7.96320286460927e-01	-7.23390849321082e-03	-3.17546811635427e-04
8.03784664262076e-01	-8.24479090497787e-03	-3.59410278747418e-04	8.11373522255188e-01	-9.39871600932984e-03	-4.10037527942997e-04
8.19106848481942e-01	-1.07273094905319e-02	-4.72035605143306e-04	8.27008475822668e-01	-1.22719495003717e-02	-5.49045499322887e-04
8.35107204356472e-01	-1.40877475615488e-02	-6.46278579176762e-04	8.43438371139535e-01	-1.62496360554367e-02	-7.71390853322895e-04
8.52046102422855e-01	-1.88619166845424e-02	-9.35995326960093e-04	8.60986642022670e-01	-2.20738441864612e-02	-1.15833653848108e-03
8.70333444660631e-01	-2.61060038264987e-02	-1.46834153471787e-03	8.80185301440702e-01	-3.12971913860998e-02	-1.91767631750617e-03
8.90679975228949e-01	-3.81925925204708e-02	-2.60115170100028e-03	9.02018564323377e-01	-4.77210577588673e-02	-3.70613021043775e-03
9.14512651757806e-01	-6.15826744762888e-02	-5.63589103176643e-03	9.28685611422662e-01	-8.31936879635489e-02	-9.32819344985947e-03
9.45523408081907e-01	-1.20488919042143e-01	-1.67035316401745e-02	9.67228796733603e-01	-2.01753497272658e-01	-1.77776520348922e-02
1.00000000000000e+00	0.00000000000000e+00	0.00000000000000e+00
77	4.01027913949521e+04	4.95500000000000e-01
0.00000000000000e+00	1.08805724934862e-02	-1.47525504392565e-05	1.95330488802212e-02	1.07197203423193e-02	-1.51248775583923e-05
3.86517635275933e-02	1.05611347324763e-02	-1.55406418873572e-05	5.73708696586126e-02	1.04046297244083e-02	-1.59737613862898e-05
7.57044582407704e-02	1.02500621451727e-02	-1.64252146401811e-05	9.36660215000914e-02	1.00972906559385e-02	-1.68960498783122e-05
1.11268486890422e-01	9.94617531418407e-03	-1.73873916471390e-05	1.28524248938467e-01	9.79657713157089e-03	-1.79004466069888e-05
1.45445199130234e-01	9.64835762960381e-03	-1.84365118542917e-05	1.62042753991124e-01	9.50137838602294e-03	-1.89969833377379e-05
1.78327881499842e-01	9.35550056515355e-03	-1.95833623695130e-05	1.94311125965488e-01	9.21058444303258e-03	-2.01972694431340e-05
2.10002631487321e-01	9.06648890488149e-03	-2.08404536676809e-05	2.25412164108033e-01	8.92307091790911e-03	-2.15148025783929e-05
2.40549132763448e-01	8.78018498910249e-03	-2.22223614310124e-05	2.55422609124466e-01	8.63768257375463e-03	-2.29653436665256e-05
2.70041346420970e-01	8.49541146074606e-03	-2.37461527843319e-05	2.84413797331674e-01	8.35321509422338e-03	-2.45673942729230e-05
2.98548131019213e-01	8.21093187115629e-03	-2.54319072385822e-05	3.12452249385279e-01	8.06839435100803e-03	-2.63427807223326e-05
3.26133802617256e-01	7.92542842015775e-03	-2.73033876869722e-05	3.39600204094482e-01	7.78185235144857e-03	-2.83174058657298e-05
3.52858644720040e-01	7.63747581544449e-03	-2.93888690545696e-05	3.65916106741752e-01	7.49209873783063e-03	-3.05221910597009e-05
3.78779377125118e-01	7.34551007660023e-03	-3.17222194190503e-05	3.91455060539845e-01	7.19748644526019e-03	-3.29942840997521e-05
4.03949592021741e-01	7.04779060120608e-03	-3.43442673194083e-05	4.16269249372116e-01	6.89616969747298e-03	-3.57786462394927e-05
4.28420165358488e-01	6.74235340799934e-03	-3.73045975639030e-05	4.40408339781878e-01	6.58605174783911e-03	-3.89300728402819e-05
4.52239651479571e-01	6.42695264286108e-03	-4.06639056409475e-05	4.63919870335832e-01	6.26471917192362e-03	-4.25159327315239e-05
4.75454669378387e-01	6.09898639769835e-03	-4.44971128048532e-05	4.86849637045099e-01	5.92935786792448e-03	-4.66197392312573e-05
4.98110289712868e-01	5.75540142850928e-03	-4.88975702004346e-05	5.09242084591843e-01	5.57664457177087e-03	-5.13460827988865e-05
5.20250433099196e-01	5.39256902479734e-03	-5.39827384156144e-05	5.31140714842375e-01	5.20260447351917e-03	-5.68272851499962e-05
5.41918292359989e-01	5.00612129225964e-03	-5.99021264140465e-05	5.52588526790780e-01	4.80242202845660e-03	-6.32327326179905e-05
5.63156794668677e-01	4.59073164327761e-03	-6.68482664880621e-05	5.73628506074600e-01	4.37018561496116e-03	-7.07820546728133e-05
5.84009124419009e-01	4.13981651559192e-03	-7.50725617852943e-05	5.94304188176705e-01	3.89853736815393e-03	-7.97640960845669e-05
6.04519334962623e-01	3.64512254699334e-03	-8.49081516336447e-05	6.14660328411482e-01	3.37818440152060e-03	-9.05647244289209e-05
6.24733088426181e-01	3.09614528936475e-03	-9.68040591502461e-05	6.34743725481966e-01	2.79720373393877e-03	-1.03708839394256e-04
6.44698579831213e-01	2.47929317529483e-03	-1.11376921820838e-04	6.54604266654955e-01	2.14003139570007e-03	-1.19924795049187e-04
6.64467728466445e-01	1.77665809708483e-03	-1.29492000603415e-04	6.74296296408625e-01	1.38595728757340e-03	-1.40246834368307e-04
6.84097762528690e-01	9.64159994402580e-04	-1.52393754343283e-04	6.93880465697063e-01	5.06821110504152e-04	-1.66182993878161e-04
7.03653394620036e-01	8.66251682118957e-06	-1.81923481285429e-04	7.13426312451232e-01	-5.36628918163085e-04	-2.00000275483170e-04
7.23209908955160e-01	-1.13666476069219e-03	-2.20898052533114e-04	7.33015988187553e-01	-1.80070207649219e-03	-2.45233540746126e-04
7.42857702487699e-01	-2.54010654299719e-03	-2.73801028360277e-04	7.52749847630676e-01	-3.36897877489850e-03	-3.07637538411676e-04
7.62709239890030e-01	-4.30501571615260e-03	-3.48117134605364e-04	7.72755204533701e-01	-5.37071482171825e-03	-3.97090947524825e-04
7.82910218583912e-01	-6.59508956508215e-03	-4.57100173317571e-04	7.93200771363649e-01	-8.01616832617646e-03	-5.31707224762812e-04
8.03658539413982e-01	-9.68471813757066e-03	-6.26029819685847e-04	8.14322026802734e-01	-1.16699532639900e-02	-7.47628337037787e-04
8.25238914740493e-01	-1.40685629013673e-02	-9.08042095010053e-04	8.36469529413468e-01	-1.70195180488423e-02	-1.12557461995233e-03
8.48092144223652e-01	-2.07293967860720e-02	-1.43064106999335e-03	8.60211437742505e-01	-2.55179773951215e-02	-1.87671137247958e-03
8.72972703719473e-01	-3.19053536212831e-02	-2.56467809545624e-03	8.86587327576863e-01	-4.07911958736227e-02	-3.70290511498839e-03
9.01382462031162e-01	-5.38585098528503e-02	-5.77621318426824e-03	9.17909466344317e-01	-7.45926108034830e-02	-1.01096804585157e-02
9.37221879377959e-01	-1.11295230998829e-01	-2.11384759158317e-02	9.61788195085344e-01	-1.96343958074049e-01	-4.69547994860726e-02
1.00000000000000e+00	0.00000000000000e+00	0.00000000000000e+00
87	4.01027913949521e+04	5.66142857142857e-01
0.00000000000000e+00	9.56243046181449e-03	-1.13266820613855e-05	1.74311596201682e-02	9.43824324666487e-03	-1.15660045307830e-05
3.45363579007542e-02	9.31562294824828e-03	-1.18445008188139e-05	5.13258074815880e-02	9.19443844710832e-03	-1.21331668168079e-05
6.78093319224285e-02	9.07460407905436e-03	-1.24325033741268e-05	8.39963850926768e-02	8.95603522006483e-03	-1.27430425638231e-05
9.98960697131517e-02	8.83864808395352e-03	-1.30653499197386e-05	1.15517154867317e-01	8.72235951945433e-03	-1.34000266893697e-05
1.30868092553069e-01	8.60708680907885e-03	-1.37477143180575e-05	1.45957033341038e-01	8.49274745901907e-03	-1.41090950078748e-05
1.60791841200720e-01	8.37925899164405e-03	-1.44848965579758e-05	1.75380107551420e-01	8.26653873052186e-03	-1.48758958009587e-05
1.89729164591141e-01	8.15450358042114e-03	-1.52829230750662e-05	2.03846097952985e-01	8.04306979777847e-03	-1.57068657511417e-05
2.17737758735410e-01	7.93215275326675e-03	-1.61486728607052e-05	2.31410774949752e-01	7.82166668554574e-03	-1.66093612636864e-05
2.44871562425748e-01	7.71152444328393e-03	-1.70900226441617e-05	2.58126335213394e-01	7.60163720524898e-03	-1.75918261138275e-05
2.71181115517323e-01	7.49191419568018e-03	-1.81160287702209e-05	2.84041743197892e-01	7.38226237623452e-03	-1.86639837613800e-05
2.96713884871439e-01	7.27258610930837e-03	-1.92371443081818e-05	3.09203042640712e-01	7.16278681785298e-03	-1.98370815009952e-05
3.21514562484946e-01	7.05276258987575e-03	-2.04654849942365e-05	3.33653642338153e-01	6.94240778440491e-03	-2.11241851231225e-05
3.45625339882940e-01	6.83161257422160e-03	-2.18151578428305e-05	3.57434580086635e-01	6.72026246861868e-03	-2.25405430682724e-05
3.69086162505697e-01	6.60823779549657e-03	-2.33026665592551e-05	3.80584768384014e-01	6.49541309728963e-03	-2.41040402164661e-05
3.91934967570625e-01	6.38165654709422e-03	-2.49474129452310e-05	4.03141225281930e-01	6.26682920410704e-03	-2.58357616038651e-05
4.14207908734273e-01	6.15078428289828e-03	-2.67723392286534e-05	4.25139293672531e-01	6.03336629854945e-03	-2.77606988177137e-05
4.35939570821438e-01	5.91441012778926e-03	-2.88047258685253e-05	4.46612852287123e-01	5.79373995154819e-03	-2.99086662070014e-05
4.57163177937646e-01	5.67116814678825e-03	-3.10772025442496e-05	4.67594521792584e-01	5.54649390796769e-03	-3.23154505752488e-05
4.77910798454368e-01	5.41950189478380e-03	-3.36290785141191e-05	4.88115869615396e-01	5.28996050948649e-03	-3.50243109523696e-05
4.98213550679081e-01	5.15762012317711e-03	-3.65080409310270e-05	5.08207617535361e-01	5.02221099363620e-03	-3.80879061736561e-05
5.18101813536079e-01	4.88344092269966e-03	-3.97723859495436e-05	5.27899856720392e-01	4.74099259426919e-03	-4.15709107537410e-05
5.37605447346342e-01	4.59452053013876e-03	-4.34939800300072e-05	5.47222275791862e-01	4.44364773169581e-03	-4.55533746226422e-05
5.56754030896512e-01	4.28796159896305e-03	-4.77622505095088e-05	5.66204408826409e-01	4.12700951123046e-03	-5.01354238067186e-05
5.75577122555404e-01	3.96029349041860e-03	-5.26895453394349e-05	5.84875912071512e-01	3.78726433278631e-03	-5.54435042241508e-05
5.94104555433399e-01	3.60731439690642e-03	-5.84186410368392e-05	6.03266880824784e-01	3.41976956631806e-03	-6.16392395980103e-05
6.12366779777898e-01	3.22387972130977e-03	-6.51330266965289e-05	6.21408221769367e-01	3.01880750513095e-03	-6.89317394688693e-05
6.30395270429508e-01	2.80361514408267e-03	-7.30718514594386e-05	6.39332101652087e-01	2.57724883571675e-03	-7.75954494109943e-05
6.48223023948994e-01	2.33852018072067e-03	-8.25513059981020e-05	6.57072501465292e-01	2.08608398880639e-03	-8.79962002076073e-05
6.65885180158758e-01	1.81841152935447e-03	-9.39964994657316e-05	6.74665917759678e-01	1.53375828412861e-03	-1.00630182884975e-04
6.83419818267195e-01	1.23012485312546e-03	-1.07989449731338e-04	6.92152271917986e-01	9.05209010674479e-04	-1.16183935979786e-04
7.00869001794272e-01	5.56346335613522e-04	-1.25344600319988e-04	7.09576118537640e-01	1.80436977763820e-04	-1.35629000508120e-04
7.18280185023608e-01	-2.26145497467467e-04	-1.47228398454935e-04	7.26988293366719e-01	-6.67670069693482e-04	-1.60376358250947e-04
7.35708157316517e-01	-1.14919567453020e-03	-1.75360196660757e-04	7.44448224027987e-01	-1.67675898390540e-03	-1.92537353749689e-04
7.53217810448850e-01	-2.25761975174943e-03	-2.12356476569475e-04	7.62027271320239e-01	-2.90058268243654e-03	-2.35386557357442e-04
7.70888208232050e-01	-3.61642489288028e-03	-2.62357854105888e-04	7.79813732661732e-01	-4.41847151656150e-03	-2.94220212974539e-04
7.88818800979247e-01	-5.32338374504859e-03	-3.32226876599284e-04	7.97920646867141e-01	-6.35225440869547e-03	-3.78058385248847e-04
8.07139347856413e-01	-7.53216080599906e-03	-4.34009072449726e-04	8.16498580053199e-01	-8.89841072865849e-03	-5.03275741123854e-04
8.26026642655869e-01	-1.04978615793617e-02	-5.90421779358419e-04	8.35757878768256e-01	-1.23939809102688e-02	-7.02131224988189e-04
8.45734694914418e-01	-1.46747540086469e-02	-8.48514391437405e-04	8.56010514673451e-01	-1.74655262999834e-02	-1.04543543768121e-03
8.66654246343649e-01	-2.09507077469984e-02	-1.31890355210640e-03	8.77757317929308e-01	-2.54122279202651e-02	-1.71392430919881e-03
8.89445310107326e-01	-3.13017892679829e-02	-2.31371396356517e-03	9.01898400478256e-01	-3.93862997955751e-02	-3.28576784393819e-03
9.15390207709809e-01	-5.10670051343187e-02	-5.00674087371245e-03	9.30369661679944e-01	-6.91584753165201e-02	-8.46037313299663e-03
9.47660516812577e-01	-1.00076157532280e-01	-1.67792760396841e-02	9.69066396921289e-01	-1.64734267410141e-01	-3.85608758614102e-02
1.00000000000000e+00	0.00000000000000e+00	0.00000000000000e+00
89	4.01027913949521e+04	6.36785714285714e-01
0.00000000000000e+00	9.29265311485272e-03	-1.06236007362259e-05	1.71775252972883e-02	9.17556176977041e-03	-1.08395746505341e-05
3.40426908867985e-02	9.05991398243766e-03	-1.10932859644919e-05	5.06050073151709e-02	8.94558867731732e-03	-1.13560037058313e-05
6.68736326905379e-02	8.83250956945436e-03	-1.16281596285184e-05	8.28573897377803e-02	8.72060128647489e-03	-1.19102107605240e-05
9.85647821570552e-02	8.60978919965527e-03	-1.22026420343868e-05	1.14004010096999e-01	8.49999925585165e-03	-1.25059697178020e-05
1.29182984802026e-01	8.39115780181232e-03	-1.28207407592562e-05	1.44109342488992e-01	8.28319141593448e-03	-1.31475383675639e-05
1.58790457504600e-01	8.17602672872964e-03	-1.34869823233963e-05	1.73233454811500e-01	8.06959024583009e-03	-1.38397335944784e-05
1.87445221847772e-01	7.96380816142039e-03	-1.42064961239363e-05	2.01432419801620e-01	7.85860617014156e-03	-1.45880216775307e-05
2.15201494340391e-01	7.75390926931285e-03	-1.49851132742462e-05	2.28758685830618e-01	7.64964155120995e-03	-1.53986278874640e-05
2.42110039083610e-01	7.54572599324410e-03	-1.58294842957929e-05	2.55261412659012e-01	7.44208422561221e-03	-1.62786640069967e-05
2.68218487757057e-01	7.33863629949028e-03	-1.67472210588215e-05	2.80986776728470e-01	7.23530043152865e-03	-1.72362863695152e-05
2.93571631229607e-01	7.13199272853515e-03	-1.77470704563198e-05	3.05978250049074e-01	7.02862691809214e-03	-1.82808822886127e-05
3.18211686630806e-01	6.92511401683804e-03	-1.88391223954198e-05	3.30276856317821e-01	6.82136201873984e-03	-1.94233044850112e-05
3.42178543339698e-01	6.71727552998158e-03	-2.00350607029165e-05	3.53921407566332e-01	6.61275538282391e-03	-2.06761534653488e-05
3.65509991049840e-01	6.50769820711261e-03	-2.13484827491506e-05	3.76948724376114e-01	6.40199600047198e-03	-2.20541177868849e-05
3.88241932847035e-01	6.29553558787976e-03	-2.27952866702630e-05	3.99393842514653e-01	6.18819810943649e-03	-2.35744161256601e-05
4.10408586088080e-01	6.07985840528191e-03	-2.43941418012206e-05	4.21290208734547e-01	5.97038435586605e-03	-2.52573310617343e-05
4.32042673796149e-01	5.85963616143781e-03	-2.61671133183761e-05	4.42669868444467e-01	5.74746550746874e-03	-2.71268899882937e-05
4.53175609296146e-01	5.63371472613339e-03	-2.81404017477005e-05	4.63563648013157e-01	5.51821573220934e-03	-2.92117191198482e-05
4.73837676913475e-01	5.40078899185858e-03	-3.03453318371005e-05	4.84001334618590e-01	5.28124222335102e-03	-3.15461545736806e-05
4.94058211767199e-01	5.15936904561420e-03	-3.28196007055581e-05	5.04011856826001e-01	5.03494742744781e-03	-3.41716442533446e-05
5.13865782031762e-01	4.90773792861776e-03	-3.56088818254108e-05	5.23623469502151e-01	4.77748172319425e-03	-3.71386087691938e-05
5.33288377556767e-01	4.64389841132062e-03	-3.87689376526446e-05	5.42863947294453e-01	4.50668345702354e-03	-4.05088825843336e-05
5.52353609478971e-01	4.36550527921664e-03	-4.23684606021268e-05	5.61760791791641e-01	4.22000208145956e-03	-4.43589056307037e-05
5.71088926517016e-01	4.06977801797392e-03	-4.64927821652861e-05	5.80341458738207e-01	3.91439886402711e-03	-4.87841647522913e-05
5.89521855129028e-01	3.75338718017293e-03	-5.12489457300536e-05	5.98633613443366e-01	3.58621650632407e-03	-5.39050529795304e-05
6.07680272819495e-01	3.41230474937904e-03	-5.67727851803479e-05	6.16665425035661e-01	3.23100648234931e-03	-5.98752043954320e-05
6.25592726877241e-01	3.04160394199293e-03	-6.32385982637373e-05	6.34465913804445e-01	2.84329647850368e-03	-6.68930371174881e-05
6.43288815144487e-01	2.63518814935715e-03	-7.08730553959924e-05	6.52065371074929e-01	2.41627305500081e-03	-7.52184813441747e-05
6.60799651717725e-01	2.18541774585090e-03	-7.99753354039368e-05	6.69495878729349e-01	1.94134052635198e-03	-8.51971362438864e-05
6.78158449852533e-01	1.68258665885301e-03	-9.09465362943784e-05	6.86791966997794e-01	1.40749770922266e-03	-9.72968669512575e-05
6.95401268554037e-01	1.11417525898161e-03	-1.04334686716667e-04	7.03991466787049e-01	8.00436599350363e-04	-1.12162994540643e-04
7.12567991396588e-01	4.63758556960903e-04	-1.20904179800929e-04	7.21136640578861e-01	1.01211227205522e-04	-1.30706003004022e-04
7.29703641281344e-01	-2.90628751566047e-04	-1.41746607154491e-04	7.38275720820458e-01	-7.15783561407779e-04	-1.54243576696800e-04
7.46860192630991e-01	-1.17901019300282e-03	-1.68464338207386e-04	7.55465059760560e-01	-1.68597480188581e-03	-1.84739963255520e-04
7.64099140846431e-01	-2.24347523683244e-03	-2.03485937492864e-04	7.72772224856659e-01	-2.85973776809578e-03	-2.25226909727594e-04
7.81495263069744e-01	-3.54480481479880e-03	-2.50634815094797e-04	7.90280609817535e-01	-4.31105809290744e-03	-2.80581008144098e-04
7.99142327971206e-01	-5.17393217381135e-03	-3.16210837459474e-04	8.08096581663808e-01	-6.15290129701762e-03	-3.59054154405847e-04
8.17162148506112e-01	-7.27287133428967e-03	-4.11191003410805e-04	8.26361098536567e-01	-8.56618375044726e-03	-4.75506108654766e-04
8.35719710713245e-01	-1.00755625783058e-02	-5.56094068869362e-04	8.45269735895560e-01	-1.18585716742199e-02	-6.58918317762769e-04
8.55050179106753e-01	-1.39945401577038e-02	-7.92936412574274e-04	8.65109884682992e-01	-1.65957169938669e-02	-9.72090440395812e-04
8.75511409097759e-01	-1.98259398164148e-02	-1.21903168447646e-03	8.86337050439707e-01	-2.39333781722822e-02	-1.57253055919271e-03
8.97698684029106e-01	-2.93112799290017e-02	-2.10336164875335e-03	9.09754762727266e-01	-3.66184837980440e-02	-2.95180773475123e-03
9.22741950151935e-01	-4.70392046789891e-02	-4.42773916617512e-03	9.37040010232459e-01	-6.29031939244169e-02	-7.32546793223743e-03
9.53324238854115e-01	-8.93605175549435e-02	-1.41655947638692e-02	9.73004153343309e-01	-1.41591686185456e-01	-3.37054861971056e-02
1.00000000000000e+00	0.00000000000000e+00	0.00000000000000e+00
85	4.01027913949521e+04	7.07428571428571e-01
0.00000000000000e+00	9.67954711785413e-03	-1.14334084433398e-05	1.81269821516879e-02	9.55282142850256e-03	-1.16818900544047e-05
3.59109150108122e-02	9.42771535211318e-03	-1.19673656306940e-05	5.33626570965025e-02	9.30409784223807e-03	-1.22634328256765e-05
7.04926486102753e-02	9.18187951508664e-03	-1.25706222020572e-05	8.73109325341874e-02	9.06097208116230e-03	-1.28894977837746e-05
1.03827174759568e-01	8.94128812906803e-03	-1.32206598026929e-05	1.20050683085279e-01	8.82274090861057e-03	-1.35647474923672e-05
1.35990425164327e-01	8.70524411254392e-03	-1.39224422925910e-05	1.51655045471896e-01	8.58871165411323e-03	-1.42944704579762e-05
1.67052881362632e-01	8.47305744529736e-03	-1.46816090600410e-05	1.82191978280233e-01	8.35819516025116e-03	-1.50846863433696e-05
1.97080104178082e-01	8.24403800360152e-03	-1.55045899929984e-05	2.11724763205644e-01	8.13049845899161e-03	-1.59422685599431e-05
2.26133208711851e-01	8.01748803879132e-03	-1.63987405223942e-05	2.40312455613306e-01	7.90491700944296e-03	-1.68750958791097e-05
2.54269292172346e-01	7.79269411622652e-03	-1.73725067234010e-05	2.68010291227159e-01	7.68072628358496e-03	-1.78922330067444e-05
2.81541820913888e-01	7.56891829348083e-03	-1.84356266665908e-05	2.94870054918467e-01	7.45717246339406e-03	-1.90041495469195e-05
3.08000982293904e-01	7.34538827076103e-03	-1.95993732021726e-05	3.20940416877296e-01	7.23346197615404e-03	-2.02229960339917e-05
3.33694006339101e-01	7.12128620088248e-03	-2.08768519369684e-05	3.46267240896167e-01	7.00874948324381e-03	-2.15629285500452e-05
3.58665461718814e-01	6.89573577758806e-03	-2.22833753988905e-05	3.70893869061571e-01	6.78212393313693e-03	-2.30405288723645e-05
3.82957530146386e-01	6.66778709753602e-03	-2.38369229048629e-05	3.94861386826874e-01	6.55259208627568e-03	-2.46753160348945e-05
4.06610263061840e-01	6.43639867172618e-03	-2.55587104409649e-05	4.18208872226456e-01	6.31905882469663e-03	-2.64903897619906e-05
4.29661824289643e-01	6.20041582576780e-03	-2.74739295698101e-05	4.40973632887020e-01	6.08030335566290e-03	-2.85132580204461e-05
4.52148722319202e-01	5.95854439403798e-03	-2.96126664578455e-05	4.63191434506980e-01	5.83495007683132e-03	-3.07768763716521e-05
4.74106035935868e-01	5.70931836793043e-03	-3.20110822833453e-05	4.84896724624898e-01	5.58143258068000e-03	-3.33210072673840e-05
4.95567637156804e-01	5.45105970788473e-03	-3.47129608864183e-05	5.06122855809724e-01	5.31794861740087e-03	-3.61939552917523e-05
5.16566415833895e-01	5.18182782992249e-03	-3.77717197415084e-05	5.26902312921982e-01	5.04240327357142e-03	-3.94548940150230e-05
5.37134510925405e-01	4.89935543804987e-03	-4.12530602498240e-05	5.47266949877057e-01	4.75233636324468e-03	-4.31769308324448e-05
5.57303554386586e-01	4.60096609285343e-03	-4.52384984857002e-05	5.67248242484318e-01	4.44482861515993e-03	-4.74512159938101e-05
5.77104935000204e-01	4.28346722240458e-03	-4.98302252542882e-05	5.86877565576855e-01	4.11637911787510e-03	-5.23926022817367e-05
5.96570091431254e-01	3.94300917643808e-03	-5.51576506711005e-05	6.06186504998055e-01	3.76274285351030e-03	-5.81473546341638e-05
6.15730846609206e-01	3.57489752813334e-03	-6.13866670426955e-05	6.25207218393380e-01	3.37871285729441e-03	-6.49041797107230e-05
6.34619799609139e-01	3.17333895072558e-03	-6.87326134087840e-05	6.43972863668973e-01	2.95782295636005e-03	-7.29097766918319e-05
6.53270797158117e-01	2.73109236974345e-03	-7.74792238664723e-05	6.62518121217405e-01	2.49193600593967e-03	-8.24916412580645e-05
6.71719515731321e-01	2.23898060951355e-03	-8.80061672001720e-05	6.80879846862185e-01	1.97066278350566e-03	-9.40921096592717e-05
6.90004198590401e-01	1.68519503994036e-03	-1.00831143619473e-04	6.99097909073981e-01	1.38052438031355e-03	-1.08320067417900e-04
7.08166612836729e-01	1.05428144912612e-03	-1.16674300858932e-04	7.17216290046954e-01	7.03717632248635e-04	-1.26032333344295e-04
7.26253324477087e-01	3.25626728973960e-04	-1.36561481607789e-04	7.35284572165263e-01	-8.37533979444194e-05	-1.48465398656761e-04
7.44317443371040e-01	-5.28865397859679e-04	-1.61993962969120e-04	7.53360001182543e-01	-1.01499170735742e-03	-1.77456453965164e-04
7.62421081169274e-01	-1.54846027013833e-03	-1.95239320788465e-04	7.71510437898218e-01	-2.13691318784714e-03	-2.15830471179235e-04
7.80638926111497e-01	-2.78966177716733e-03	-2.39852976577470e-04	7.89818727161510e-01	-3.51816194606291e-03	-2.68112666788278e-04
7.99063635316415e-01	-4.33666042930969e-03	-3.01666210689833e-04	8.08389424423590e-01	-5.26308787194585e-03	-3.41920202941326e-04
8.17814324181896e-01	-6.32030957649299e-03	-3.90782421708424e-04	8.27359648620560e-01	-7.53792757992744e-03	-4.50887653799636e-04
8.37050640313425e-01	-8.95491037806362e-03	-5.25962334313235e-04	8.46917627405381e-01	-1.06235605185662e-02	-6.21408966325676e-04
8.56997646391516e-01	-1.26156422581660e-02	-7.45302956564498e-04	8.67336779635754e-01	-1.50321993043878e-02	-9.10142584213736e-04
8.77993629436188e-01	-1.80198691392384e-02	-1.13611063980468e-03	8.89044676812637e-01	-2.17993158698607e-02	-1.45749689643337e-03
9.00592928163163e-01	-2.67175022879559e-02	-1.93638621867498e-03	9.12782665657717e-01	-3.33503969415508e-02	-2.69470268844452e-03
9.25826455125355e-01	-4.27218653758157e-02	-3.99906282516826e-03	9.40059431448637e-01	-5.68187398236878e-02	-6.52683738092485e-03
9.56063469949790e-01	-7.99480546869978e-02	-1.24325134812104e-02	9.75011836308982e-01	-1.24199672048693e-01	-2.99379106778870e-02
1.00000000000000e+00	0.00000000000000e+00	0.00000000000000e+00
77	4.01027913949521e+04	7.78071428571429e-01
0.00000000000000e+00	1.06363075886233e-02	-1.36783466817558e-05	2.01619488739951e-02	1.04838005011787e-02	-1.40180225571829e-05
3.99055378082941e-02	1.03334142802329e-02	-1.43959641243363e-05	5.92452643628980e-02	1.01849822061830e-02	-1.47894044402186e-05
7.81950151781876e-02	1.00383749501720e-02	-1.51992029695514e-05	9.67680998097246e-02	9.89346483910292e-03	-1.56262792070372e-05
1.14977282686152e-01	9.75012547766196e-03	-1.60716186385912e-05	1.32834813112001e-01	9.60823136597355e-03	-1.65362774915412e-05
1.50352453464316e-01	9.46765751556589e-03	-1.70213897014992e-05	1.67541505720197e-01	9.32827905736677e-03	-1.75281738235000e-05
1.84412836441721e-01	9.18997083926310e-03	-1.80579401887204e-05	2.00976900335122e-01	9.05260701369803e-03	-1.86121005942841e-05
2.17243762492402e-01	8.91606060333117e-03	-1.91921750298807e-05	2.33223119415825e-01	8.78020305711003e-03	-1.97998056306048e-05
2.48924318918620e-01	8.64490377479132e-03	-2.04367663696470e-05	2.64356378989029e-01	8.51002960525737e-03	-2.11049747569358e-05
2.79528005699186e-01	8.37544432036541e-03	-2.18065096555531e-05	2.94447610235234e-01	8.24100804181382e-03	-2.25436244074562e-05
3.09123325120797e-01	8.10657663508607e-03	-2.33187680194202e-05	3.23563019701914e-01	7.97200103979856e-03	-2.41345993499120e-05
3.37774314958347e-01	7.83712656914792e-03	-2.49940198682186e-05	3.51764597703110e-01	7.70179211412469e-03	-2.59001898119671e-05
3.65541034230001e-01	7.56582929523986e-03	-2.68565612751015e-05	3.79110583466814e-01	7.42906153222211e-03	-2.78669166617895e-05
3.92480009690624e-01	7.29130298431668e-03	-2.89353909777024e-05	4.05655894860861e-01	7.15235743366760e-03	-3.00665335872807e-05
4.18644650625137e-01	7.01201698702780e-03	-3.12653413976349e-05	4.31452530053537e-01	6.87006066349638e-03	-3.25373195921852e-05
4.44085639157496e-01	6.72625281789041e-03	-3.38885530084543e-05	4.56549948251033e-01	6.58034131843266e-03	-3.53257542213825e-05
4.68851303214528e-01	6.43205559742066e-03	-3.68563848081038e-05	4.80995436723688e-01	6.28110432788298e-03	-3.84887168787262e-05
4.92987979511160e-01	6.12717288397735e-03	-4.02319647228033e-05	5.04834471732553e-01	5.96992041081368e-03	-4.20964097280763e-05
5.16540374515422e-01	5.80897648202749e-03	-4.40935458700942e-05	5.28111081777473e-01	5.64393733499657e-03	-4.62362886239909e-05
5.39551932409602e-01	5.47436138822355e-03	-4.85391169455784e-05	5.50868222931903e-01	5.29976433563895e-03	-5.10184090882770e-05
5.62065220743560e-01	5.11961318599097e-03	-5.36926525904757e-05	5.73148178106799e-01	4.93331955596576e-03	-5.65828324190498e-05
5.84122347024581e-01	4.74023177551275e-03	-5.97128417376691e-05	5.94992995198461e-01	4.53962564782451e-03	-6.31099721113415e-05
6.05765423284426e-01	4.33069357271609e-03	-6.68054907904114e-05	6.16444983703377e-01	4.11253177942217e-03	-7.08353843921206e-05
6.27037101310452e-01	3.88412523431692e-03	-7.52412922357948e-05	6.37547296286585e-01	3.64432927247371e-03	-8.00713951472076e-05
6.47981209690920e-01	3.39184842047136e-03	-8.53820489534751e-05	6.58344632200960e-01	3.12520977963771e-03	-9.12390708189825e-05
6.68643536689593e-01	2.84273192832196e-03	-9.77200969922709e-05	6.78884115428505e-01	2.54248626028186e-03	-1.04917033183272e-04
6.89072822901173e-01	2.22224975808039e-03	-1.12939287102654e-04	6.99216425448066e-01	1.87944683575170e-03	-1.21918009156285e-04
7.09322059280826e-01	1.51107688893570e-03	-1.32011498310547e-04	7.19397298814452e-01	1.11362335604692e-03	-1.43412190537040e-04
7.29450237810962e-01	6.82938743653771e-04	-1.56355895132299e-04	7.39489586555301e-01	2.14097821579884e-04	-1.71134078982282e-04
7.49524789268467e-01	-2.98791718980729e-04	-1.88110404652164e-04	7.59566167309975e-01	-8.62836146250046e-04	-2.07743296589458e-04
7.69625095591154e-01	-1.48668144804520e-03	-2.30617184122872e-04	7.79714222253366e-01	-2.18094880539021e-03	-2.57486459083189e-04
7.89847745432983e-01	-2.95882508852963e-03	-2.89338451382681e-04	8.00041766424084e-01	-3.83687650139108e-03	-3.27485320160470e-04
8.10314746706557e-01	-4.83619008375413e-03	-3.73700780288866e-04	8.20688108696641e-01	-5.98400384721598e-03	-4.30430735929743e-04
8.31187039348381e-01	-7.31609283305590e-03	-5.01122504499518e-04	8.41841586597949e-01	-8.88034419067629e-03	-5.90760370768217e-04
8.52688189565700e-01	-1.07422718830770e-02	-7.06767099220018e-04	8.63771870615744e-01	-1.29938046159314e-02	-8.60590218935586e-04
8.75149472944755e-01	-1.57678461245440e-02	-1.07063159586995e-03	8.86894619009416e-01	-1.92635012232076e-02	-1.36800834814443e-03
8.99105644623586e-01	-2.37922131669015e-02	-1.80875531687330e-03	9.11919000367853e-01	-2.98678359595916e-02	-2.50224379097608e-03
9.25533496545675e-01	-3.83971346469716e-02	-3.68608398190240e-03	9.40258311892212e-01	-5.11238775525531e-02	-5.96029366417872e-03
9.56620713656192e-01	-7.17817482010233e-02	-1.12306321830542e-02	9.75657406059534e-01	-1.10611083683489e-01	-2.69836845972655e-02
1.00000000000000e+00	0.00000000000000e+00	0.00000000000000e+00
68	4.01027913949521e+04	8.48714285714286e-01
0.00000000000000e+00	1.19938832603110e-02	-1.72147307928583e-05	2.29967096264150e-02	1.18007348947182e-02	-1.77120447280021e-05
4.54569960354802e-02	1.16105874522605e-02	-1.82532443218086e-05	6.74017170825789e-02	1.14232001037065e-02	-1.88196574606447e-05
8.88507458632464e-02	1.12383657922361e-02	-1.94128759165579e-05	1.09823031983520e-01	1.10558802386016e-02	-2.00346188727885e-05
1.30336658799049e-01	1.08755411663113e-02	-2.06867457230864e-05	1.50408896753557e-01	1.06971475196083e-02	-2.13712699830282e-05
1.70056253148961e-01	1.05204986687433e-02	-2.20903753107571e-05	1.89294518650331e-01	1.03453935911406e-02	-2.28464311855525e-05
2.08138810802876e-01	1.01716300317747e-02	-2.36420154233752e-05	2.26603614815010e-01	9.99900361712180e-03	-2.44799328392720e-05
2.44702821841059e-01	9.82730693415923e-03	-2.53632433784290e-05	2.62449764978857e-01	9.65632854351162e-03	-2.62952869203303e-05
2.79857253181433e-01	9.48585193625151e-03	-2.72797182554463e-05	2.96937603267738e-01	9.31565440136239e-03	-2.83205398805553e-05
3.13702670205028e-01	9.14550580610141e-03	-2.94221436514253e-05	3.30163875824733e-01	8.97516727068015e-03	-3.05893604672924e-05
3.46332236124490e-01	8.80438969983954e-03	-3.18275070640972e-05	3.62218387301452e-01	8.63291218610951e-03	-3.31424537554081e-05
3.77832610655671e-01	8.46046021935432e-03	-3.45406887913846e-05	3.93184856497779e-01	8.28674370597460e-03	-3.60294012144990e-05
4.08284767191843e-01	8.11145474515174e-03	-3.76165721269750e-05	4.23141699462600e-01	7.93426513784024e-03	-3.93110862830781e-05
4.37764746096100e-01	7.75482355231105e-03	-4.11228481542736e-05	4.52162757164535e-01	7.57275234290256e-03	-4.30629386647396e-05
4.66344360909295e-01	7.38764388567170e-03	-4.51437720816461e-05	4.80317984422288e-01	7.19905643120078e-03	-4.73793081721130e-05
4.94091874273269e-01	7.00650931334557e-03	-4.97852834211443e-05	5.07674117242192e-01	6.80947740626014e-03	-5.23794730509231e-05
5.21072661329828e-01	6.60738479313117e-03	-5.51820579264284e-05	5.34295337237736e-01	6.39959726130401e-03	-5.82159699593632e-05
5.47349880532729e-01	6.18541369308034e-03	-6.15074064771459e-05	5.60243954738795e-01	5.96405585374415e-03	-6.50863758466791e-05
5.72985175636736e-01	5.73465641765303e-03	-6.89873970014521e-05	5.85581137096451e-01	5.49624470434784e-03	-7.32502950193670e-05
5.98039438824027e-01	5.24772992985767e-03	-7.79213207147134e-05	6.10367716475501e-01	4.98788077673740e-03	-8.30542716965255e-05
6.22573674680857e-01	4.71530128099706e-03	-8.87121829897808e-05	6.34665123631374e-01	4.42840129979349e-03	-9.49691992915280e-05
6.46650020029628e-01	4.12536072023917e-03	-1.01913032391598e-04	6.58536513382818e-01	3.80408558629508e-03	-1.09648059878786e-04
6.70332998856376e-01	3.46215397244998e-03	-1.18299284662671e-04	6.82048178210673e-01	3.09674872927612e-03	-1.28017451925810e-04
6.93691130743894e-01	2.70457294203919e-03	-1.38985523702617e-04	7.05271396694326e-01	2.28174371440049e-03	-1.51427598351628e-04
7.16799076258205e-01	1.82365599729417e-03	-1.65620295291768e-04	7.28284948336834e-01	1.32480749541553e-03	-1.81908289669463e-04
7.39740614425831e-01	7.78570780645804e-04	-2.00725571491756e-04	7.51178674862929e-01	1.76892714074728e-04	-2.22624650708880e-04
7.62612947185341e-01	-4.90107016059116e-04	-2.48317440615597e-04	7.74058739963700e-01	-1.23467819714240e-03	-2.78734558922800e-04
7.85533200726589e-01	-2.07218887689087e-03	-3.15109810115288e-04	7.97055764383491e-01	-3.02216879945505e-03	-3.59109121361278e-04
8.08648740303046e-01	-4.10980457971855e-03	-4.13023149066216e-04	8.20338094491919e-01	-5.36811433585327e-03	-4.80073806014891e-04
8.32154512363592e-01	-6.84120399515031e-03	-5.64907197886377e-04	8.44134875408446e-01	-8.58927430259571e-03	-6.74422291990107e-04
8.56324366422655e-01	-1.06965770085140e-02	-8.19222433666722e-04	8.68779562288212e-01	-1.32845435853041e-02	-1.01629029701589e-03
8.81573141967616e-01	-1.65344492191453e-02	-1.29421707300881e-03	8.94801367170138e-01	-2.07286540262586e-02	-1.70423354757832e-03
9.08596613222073e-01	-2.63306894104242e-02	-2.34573830089824e-03	9.23149811598456e-01	-3.41534745323817e-02	-3.43316634726132e-03
9.38754332036205e-01	-4.57483138347557e-02	-5.50342636485901e-03	9.55902836186703e-01	-6.44036113931902e-02	-1.02451576695448e-02
9.75543320752333e-01	-9.90321358942863e-02	-2.42196678636371e-02	1.00000000000000e+00	0.00000000000000e+00	0.00000000000000e+00
59	4.01027913949521e+04	9.19357142857143e-01
0.00000000000000e+00	1.37720415878935e-02	-2.24421195043067e-05	2.66902819128608e-02	1.35185660369077e-02	-2.32029731306316e-05
5.26685650397123e-02	1.32695753510601e-02	-2.40220019753767e-05	7.79664404822582e-02	1.30246818051190e-02	-2.48852455069226e-05
1.02613801012323e-01	1.27835297617629e-02	-2.57959470506552e-05	1.26638961571663e-01	1.25457685177011e-02	-2.67576536641112e-05
1.50068770510959e-01	1.23110505356538e-02	-2.77742502090561e-05	1.72928712262028e-01	1.20790296497426e-02	-2.88499984681945e-05
1.95243002273151e-01	1.18493592237452e-02	-2.99895822846175e-05	2.17034674955760e-01	1.16216902396264e-02	-3.11981595604305e-05
2.38325665319250e-01	1.13956692860795e-02	-3.24814186571931e-05	2.59136884908285e-01	1.11709364333110e-02	-3.38456489268335e-05
2.79488292602437e-01	1.09471229428517e-02	-3.52978140192306e-05	2.99398960790919e-01	1.07238488020518e-02	-3.68456451251831e-05
3.18887137394349e-01	1.05007200209573e-02	-3.84977423419919e-05	3.37970304170928e-01	1.02773256567770e-02	-4.02636941201351e-05
3.56665231715294e-01	1.00532345101114e-02	-4.21542169384281e-05	3.74988031534520e-01	9.82799143599777e-03	-4.41813232920918e-05
3.92954205567019e-01	9.60111316723622e-03	-4.63585060226368e-05	4.10578693496714e-01	9.37208359524311e-03	-4.87009669978278e-05
4.27875918206215e-01	9.14034838961730e-03	-5.12258906220087e-05	4.44859829709771e-01	8.90530878952900e-03	-5.39527485319269e-05
4.61543947909811e-01	8.66631446560451e-03	-5.69036825677216e-05	4.77941404529807e-01	8.42265523762808e-03	-6.01039667591508e-05
4.94064984592891e-01	8.17355135487596e-03	-6.35825312345073e-05	5.09927167841052e-01	7.91814215458619e-03	-6.73726393489726e-05
5.25540170524448e-01	7.65547261106447e-03	-7.15126694474932e-05	5.40915988038567e-01	7.38447745344040e-03	-7.60471232521542e-05
5.56066438949028e-01	7.10396208872099e-03	-8.10277892939748e-05	5.71003211026549e-01	6.81257982723160e-03	-8.65152669771163e-05
5.85737910019345e-01	6.50880426733913e-03	-9.25807980967086e-05	6.00282112027989e-01	6.19089581437415e-03	-9.93086243310515e-05
6.14647420523872e-01	5.85686060903190e-03	-1.06798906719829e-04	6.28845529282736e-01	5.50440001581953e-03	-1.15171521091417e-04
6.42888292803345e-01	5.13084777208217e-03	-1.24570860227768e-04	6.56787806175523e-01	4.73309142070777e-03	-1.35172144665185e-04
6.70556496881235e-01	4.30747303593471e-03	-1.47189655775648e-04	6.84207231708287e-01	3.84966284385291e-03	-1.60887744613092e-04
6.97753442893637e-01	3.35449627252093e-03	-1.76595427404225e-04	7.11209278896098e-01	2.81576235185499e-03	-1.94726518446764e-04
7.24589786967142e-01	2.22592469420690e-03	-2.15807118235212e-04	7.37911137176762e-01	1.57575005813859e-03	-2.40514584058493e-04
7.51190901087254e-01	8.53805046728384e-04	-2.69732501160247e-04	7.64448403404935e-01	4.57656841790222e-05	-3.04631300585001e-04
7.77705172513077e-01	-8.66547921580474e-04	-3.46787830610928e-04	7.90985527233190e-01	-1.90654721488270e-03	-3.98367335873617e-04
8.04317354840968e-01	-3.10487872333665e-03	-4.62407960791111e-04	8.17733163432487e-01	-4.50241198290635e-03	-5.43281431401255e-04
8.31271537665448e-01	-6.15482769953302e-03	-6.47462292286072e-04	8.44979204780001e-01	-8.13988669751975e-03	-7.84872915646995e-04
8.58914055207956e-01	-1.05693936205264e-02	-9.71349554494294e-04	8.73149716437438e-01	-1.36097681809190e-02	-1.23344914238310e-03
8.87782776890070e-01	-1.75193372381868e-02	-1.61852756884961e-03	9.02944801441923e-01	-2.27203730897171e-02	-2.21793370424450e-03
9.18823667324048e-01	-2.99495181149070e-02	-3.22727279941915e-03	9.35704835174748e-01	-4.06029923196237e-02	-5.13150342735136e-03
9.54061151199946e-01	-5.76150060117486e-02	-9.43433214496836e-03	9.74785481681069e-01	-8.88633870023621e-02	-2.18346980664046e-02
1.00000000000000e+00	0.00000000000000e+00	0.00000000000000e+00
52	4.01027913949521e+04	9.90000000000000e-01
0.00000000000000e+00	1.55671980652139e-02	-2.83078409375470e-05	3.04840141242627e-02	1.52449804144241e-02	-2.94059793413126e-05
6.00525361412178e-02	1.49291739819122e-02	-3.05856831099849e-05	8.87511861202228e-02	1.46191723422673e-02	-3.18379931318891e-05
1.16622835213121e-01	1.43144024410857e-02	-3.31690003316787e-05	1.43707824354471e-01	1.40142992587269e-02	-3.45854485499508e-05
1.70044163986850e-01	1.37183021475191e-02	-3.60948206108436e-05	1.95667716677007e-01	1.34258510821557e-02	-3.77054369624652e-05
2.20612364478714e-01	1.31363827704003e-02	-3.94265721483933e-05	2.44910162696801e-01	1.28493265559158e-02	-4.12685888133701e-05
2.68591481533750e-01	1.25641000427357e-02	-4.32430929797611e-05	2.91685136951966e-01	1.22801043706247e-02	-4.53631209018646e-05
3.14218511958323e-01	1.19967190327785e-02	-4.76433532157206e-05	3.36217669410956e-01	1.17132961405941e-02	-5.01003714981074e-05
3.57707457359215e-01	1.14291540002849e-02	-5.27529615741429e-05	3.78711607855361e-01	1.11435698497424e-02	-5.56224756154133e-05
3.99252830119872e-01	1.08557715664603e-02	-5.87332642141281e-05	4.19352898900868e-01	1.05649281204372e-02	-6.21131954272602e-05
4.39032738842251e-01	1.02701385054440e-02	-6.57942889732421e-05	4.58312505665303e-01	9.97041876682103e-03	-6.98134690788610e-05
4.77211664976441e-01	9.66468676496146e-03	-7.42135128293242e-05	4.95749069540790e-01	9.35174404725303e-03	-7.90441832443367e-05
5.13943035911934e-01	9.03025423653103e-03	-8.43636609897391e-05	5.31811421385247e-01	8.69871698411240e-03	-9.02402985580864e-05
5.49371702353795e-01	8.35543644800008e-03	-9.67548457888601e-05	5.66641055298776e-01	7.99848280181226e-03	-1.04003250820384e-04
5.83636441854350e-01	7.62564488937945e-03	-1.12100221265177e-04	6.00374699665096e-01	7.23437156271012e-03	-1.21183812850756e-04
6.16872641126375e-01	6.82169838968028e-03	-1.31421392550735e-04	6.33147162596321e-01	6.38415519018465e-03	-1.43017409829360e-04
6.49215367339347e-01	5.91764847149912e-03	-1.56223754275153e-04	6.65094706369448e-01	5.41731029604242e-03	-1.71353624821569e-04
6.80803142606160e-01	4.87730184828283e-03	-1.88800321620164e-04	6.96359345477891e-01	4.29055533156086e-03	-2.09063219913652e-04
7.11782925519986e-01	3.64843029939599e-03	-2.32784115516527e-04	7.27094721949277e-01	2.94024949287097e-03	-2.60798899727632e-04
7.42317161164751e-01	2.15266237784095e-03	-2.94212583425990e-04	7.57474711443433e-01	1.26875754352973e-03	-3.34510681896383e-04
7.72594470112970e-01	2.66800332291650e-04	-3.83728106074122e-04	7.87706936446966e-01	-8.81600698655283e-04	-4.44712773899125e-04
8.02847050347931e-01	-2.21422246776881e-03	-5.21549739942007e-04	8.18055620582144e-01	-3.78240194029833e-03	-6.20268231015464e-04
8.33381340013550e-01	-5.65762919436275e-03	-7.50069855901980e-04	8.48883714557203e-01	-7.94234836132868e-03	-9.25571401013459e-04
8.64637470155035e-01	-1.07884453257062e-02	-1.17114194972356e-03	8.80739463637429e-01	-1.44305549299643e-02	-1.52992934440666e-03
8.97320081968233e-01	-1.92499486707300e-02	-2.08441439729290e-03	9.14563278428171e-01	-2.59067489115156e-02	-3.00911275609761e-03
9.32744827560220e-01	-3.56400762821349e-02	-4.72945807901914e-03	9.52314108814518e-01	-5.10231348820962e-02	-8.53035548035930e-03
9.74100529462411e-01	-7.89207181391646e-02	-1.89892699692118e-02	1.00000000000000e+00	0.00000000000000e+00	0.00000000000000e+00
