113	5.17947467923121e+00	1.00000000000000e-03
0.00000000000000e+00	-3.13575090593954e-03	4.93679035262762e-05	8.50955836548779e-03	-2.99675356235796e-03	4.86587585595277e-05
1.70702782122806e-02	-2.85934706767943e-03	4.77464657251403e-05	2.56801000909398e-02	-2.72389765321968e-03	4.68281293033446e-05
3.43369603725541e-02	-2.59047122845613e-03	4.59059439179565e-05	4.30387937891620e-02	-2.45912580682495e-03	4.49819482744029e-05
5.17835366578208e-02	-2.32991191120013e-03	4.40580656559941e-05	6.05691299570010e-02	-2.20287289109466e-03	4.31360598451835e-05
6.93935222514102e-02	-2.07804530356648e-03	4.22175413831161e-05	7.82546724632232e-02	-1.95545934683061e-03	4.13039864888276e-05
8.71505524887498e-02	-1.83513924517853e-03	4.03967258177929e-05	9.60791496606418e-02	-1.71710366330002e-03	3.94969484891483e-05
1.05038469056922e-01	-1.60136612433204e-03	3.86057117554017e-05	1.14026535658990e-01	-1.48793541791925e-03	3.77239382064465e-05
1.23041396361583e-01	-1.37681599670758e-03	3.68524195351050e-05	1.32081121838404e-01	-1.26800838622454e-03	3.59918291851224e-05
1.41143808267725e-01	-1.16150957110461e-03	3.51427237300639e-05	1.50227578922775e-01	-1.05731336276749e-03	3.43055462524999e-05
1.59330585632136e-01	-9.55410771043663e-04	3.34806364513662e-05	1.68451010115736e-01	-8.55790349741814e-04	3.26682336009299e-05
1.77587065202214e-01	-7.58438532452943e-04	3.18684840120431e-05	1.86736995933701e-01	-6.63339950838226e-04	3.10814448305496e-05
1.95899080564102e-01	-5.70477736191233e-04	3.03070890059765e-05	2.05071631457073e-01	-4.79833815753561e-04	2.95453160216175e-05
2.14252995889903e-01	-3.91389183598267e-04	2.87959550568928e-05	2.23441556769438e-01	-3.05124152283009e-04	2.80587644089225e-05
2.32635733266137e-01	-2.21018597430733e-04	2.73334381553081e-05	2.41833981372324e-01	-1.39052190231914e-04	2.66196109844907e-05
2.51034794390476e-01	-5.92046229632714e-05	2.59168673066856e-05	2.60236703357383e-01	1.85441905526940e-05	2.52247420380325e-05
2.69438277409716e-01	9.42139304211942e-05	2.45427174931923e-05	2.78638124096475e-01	1.67823685111701e-04	2.38702263180013e-05
2.87834889643624e-01	2.39391768680153e-04	2.32066615212245e-05	2.97027259176087e-01	3.08935553548495e-04	2.25513757722284e-05
3.06213956902038e-01	3.76471312344195e-04	2.19036828270625e-05	3.15393746264338e-01	4.42014077119302e-04	2.12628523601488e-05
3.24565430063739e-01	5.05577470690355e-04	2.06281175934020e-05	3.33727850558476e-01	5.67173578706170e-04	1.99986683880882e-05
3.42879889544634e-01	6.26812785519459e-04	1.93736611339146e-05	3.52020468421632e-01	6.84503641809830e-04	1.87522098465953e-05
3.61148548247021e-01	7.40252715515255e-04	1.81333882448564e-05	3.70263129784793e-01	7.94064448240928e-04	1.75162245346083e-05
3.79363253551295e-01	8.45941001949124e-04	1.68997013166861e-05	3.88447999862837e-01	8.95882098737810e-04	1.62827525923559e-05
3.97516488889105e-01	9.43884858938371e-04	1.56642612935132e-05	4.06567880716481e-01	9.89943626436340e-04	1.50430520248213e-05
4.15601375425440e-01	1.03404978725508e-03	1.44178888498159e-05	4.24616213186313e-01	1.07619156485173e-03	1.37874699780438e-05
4.33611674377776e-01	1.11635381517594e-03	1.31504179579078e-05	4.42587079732636e-01	1.15451779266196e-03	1.25052754349486e-05
4.51541790515657e-01	1.19066089311703e-03	1.18504977423273e-05	4.60475208738450e-01	1.22475638896569e-03	1.11844391591509e-05
4.69386777416705e-01	1.25677311774852e-03	1.05053470930150e-05	4.78275980875473e-01	1.28667515622249e-03	9.81134581057308e-06
4.87142345108549e-01	1.31442145111371e-03	9.10042473145634e-06	4.95985438198564e-01	1.33996540608572e-03	8.37042555223988e-06
5.04804870804955e-01	1.36325443117846e-03	7.61902473855880e-06	5.13600296727639e-01	1.38422944490613e-03	6.84371010895024e-06
5.22371413554969e-01	1.40282431461081e-03	6.04175791674155e-06	5.31117963405486e-01	1.41896523038831e-03	5.21020621280233e-06
5.39839733773986e-01	1.43256997512398e-03	4.34584394770621e-06	5.48536558493749e-01	1.44354715702744e-03	3.44516654926519e-06
5.57208318827852e-01	1.45179536072793e-03	2.50431182202693e-06	5.65854944704231e-01	1.45720207784328e-03	1.51906596912443e-06
5.74476416111343e-01	1.45964259385822e-03	4.84805164013835e-07	5.83072764672876e-01	1.45897881384971e-03	-6.03626848283412e-07
5.91644075422401e-01	1.45505762274345e-03	-1.75185438244796e-06	6.00190488802898e-01	1.44770946253869e-03	-2.96619030026868e-06
6.08712202917404e-01	1.43674627379964e-03	-4.25359636913036e-06	6.17209476063344e-01	1.42195949913049e-03	-5.62187756547594e-06
6.25682629585648e-01	1.40311752155475e-03	-7.07972088442865e-06	6.34132051090899e-01	1.37996299595655e-03	-8.63692303321173e-06
6.42558198069744e-01	1.35220940892755e-03	-1.03044145121078e-05	6.50961601984146e-01	1.31953765640014e-03	-1.20946493065155e-05
6.59342872882759e-01	1.28159133379380e-03	-1.40215749817596e-05	6.67702704621913e-01	1.23797207620946e-03	-1.61011335233496e-05
6.76041880778762e-01	1.18823353825870e-03	-1.83514708034238e-05	6.84361281362286e-01	1.13187441297513e-03	-2.07932290234858e-05
6.92661890445351e-01	1.06833067292555e-03	-2.34501944751386e-05	7.00944804862919e-01	9.96965919055182e-04	-2.63497457784201e-05
7.09211244152092e-01	9.17060001479619e-04	-2.95234362985841e-05	7.17462561942932e-01	8.27795838816092e-04	-3.30079455928001e-05
7.25700259050803e-01	7.28243402393192e-04	-3.68460728488174e-05	7.33925998575443e-01	6.17340412142120e-04	-4.10879273988751e-05
7.42141623377761e-01	4.93869027244687e-04	-4.57924167185375e-05	7.50349176388491e-01	3.56427746675658e-04	-5.10292545761182e-05
7.58550924307711e-01	2.03396955250623e-04	-5.68814159227493e-05	7.66749385389569e-01	3.28964418101485e-05	-6.34481872539006e-05
7.74947362179708e-01	-1.57267147600892e-04	-7.08491185323901e-05	7.83147980297043e-01	-3.69665988246948e-04	-7.92290417919173e-05
7.91354734645967e-01	-6.07333341943517e-04	-8.87648261878038e-05	7.99571544832402e-01	-8.73867973556375e-04	-9.96741915977317e-05
8.07802822076867e-01	-1.17356784023526e-03	-1.12227369289286e-04	8.16053550618536e-01	-1.51160298090813e-03	-1.26762688350990e-04
8.24329387562495e-01	-1.89424141229166e-03	-1.43707715558383e-04	8.32636786449624e-01	-2.32914585664179e-03	-1.63609540304810e-04
8.40983151688380e-01	-2.82577202518142e-03	-1.87176220306062e-04	8.49377033656028e-01	-3.39591099064573e-03	-2.15334241477905e-04
8.57828378145005e-01	-4.05442703337477e-03	-2.49317603579824e-04	8.66348849518317e-01	-4.82030245831455e-03	-2.90791096647425e-04
8.74952255623754e-01	-5.71811121102606e-03	-3.42047013323299e-04	8.83655115802645e-01	-6.78017849060242e-03	-4.06298606029365e-04
8.92477434586010e-01	-8.04977450342503e-03	-4.88160988285635e-04	9.01443778197532e-01	-9.58600422338796e-03	-5.94432428198788e-04
9.10584809516584e-01	-1.14714859882494e-02	-7.35434386571754e-04	9.19939539716992e-01	-1.38248295889997e-02	-9.27409325765183e-04
9.29558743124124e-01	-1.68217669778228e-02	-1.19703299956186e-03	9.39510346541062e-01	-2.07325774770067e-02	-1.59065081030851e-03
9.49888357957242e-01	-2.59924079849085e-02	-2.19554499881225e-03	9.60828597484440e-01	-3.33423468599686e-02	-3.20207499284852e-03
9.72538824771096e-01	-4.41093379110813e-02	-5.21017021542836e-03	9.85364713519181e-01	-5.72094256843817e-02	-1.61559321990441e-02
1.00000000000000e+00	0.00000000000000e+00	0.00000000000000e+00
62	5.17947467923121e+00	7.16428571428571e-02
0.00000000000000e+00	-5.64607716593213e-03	1.63705298360295e-04	1.57525480142278e-02	-5.18409004711506e-03	1.58232895376198e-04
3.16693359405727e-02	-4.73395232883045e-03	1.52599397484243e-04	4.77376065836658e-02	-4.29651995981861e-03	1.46949844378907e-04
6.39446192933581e-02	-3.87233975704682e-03	1.41321365550895e-04	8.02777118959626e-02	-3.46181708559745e-03	1.35745698402134e-04
9.67243576423612e-02	-3.06523066006736e-03	1.30249243815328e-04	1.13272216304719e-01	-2.68274790238243e-03	1.24853287143178e-04
1.29909179497467e-01	-2.31444026065275e-03	1.19574269065725e-04	1.46623410411297e-01	-1.96029821822952e-03	1.14424152905968e-04
1.63403378238198e-01	-1.62024558356699e-03	1.09410779538077e-04	1.80237887630220e-01	-1.29415299052382e-03	1.04538279463995e-04
1.97116103580116e-01	-9.81850389790817e-04	9.98074605916832e-05	2.14027572138346e-01	-6.83138501775926e-04	9.52161797614925e-05
2.30962237393456e-01	-3.97799223171069e-04	9.07596868727767e-05	2.47910455143472e-01	-1.25605021883191e-04	8.64309321260137e-05
2.64863003677947e-01	1.33672609092583e-04	8.22208304671612e-05	2.81811092076025e-01	3.80255541021945e-04	7.81184793474665e-05
2.98746366407879e-01	6.14352125577255e-04	7.41113267004323e-05	3.15660914206819e-01	8.36150905175082e-04	7.01852875510944e-05
3.32547267559113e-01	1.04581477432153e-03	6.63248074523892e-05	3.49398405139383e-01	1.24347544049108e-03	6.25128703100053e-05
3.66207753502472e-01	1.42922802247936e-03	5.87309483949250e-05	3.82969187929020e-01	1.60312561190212e-03	5.49588929849021e-05
3.99677033112337e-01	1.76517361000739e-03	5.11747633066273e-05	4.16326063969574e-01	1.91532367355762e-03	4.73545638106643e-05
4.32911506860993e-01	2.05346698949360e-03	4.34719184316812e-05	4.49429041509305e-01	2.17942664628523e-03	3.94976541459036e-05
4.65874803926460e-01	2.29294888300846e-03	3.53992263119052e-05	4.82245390679644e-01	2.39369270087564e-03	3.11400719288368e-05
4.98537864864958e-01	2.48121760322462e-03	2.66787346073771e-05	5.14749764205364e-01	2.55496881835038e-03	2.19678026811554e-05
5.30879111755808e-01	2.61425938534920e-03	1.69525851837493e-05	5.46924429784693e-01	2.65824831301953e-03	1.15694302176284e-05
5.62884757513416e-01	2.68591372965843e-03	5.74360474736579e-06	5.78759673542721e-01	2.69601966240929e-03	-6.13402088456283e-07
5.94549323986054e-01	2.68707466569462e-03	-7.60734206473046e-06	6.10254457580654e-01	2.65727994828802e-03	-1.53657032690990e-05
6.25876469376922e-01	2.60446377385004e-03	-2.40435561431607e-05	6.41417455044583e-01	2.52599787765928e-03	-3.38312712631073e-05
6.56880278419791e-01	2.41869016819729e-03	-4.49649143134945e-05	6.72268655708865e-01	2.27864517557874e-03	-5.77400968033714e-05
6.87587260850262e-01	2.10108133730524e-03	-7.25311474585322e-05	7.02841858035745e-01	1.88008841756315e-03	-8.98176217682956e-05
7.18039469504589e-01	1.60830149777991e-03	-1.10221645531094e-04	7.33188589737950e-01	1.27645692463840e-03	-1.34561576824455e-04
7.48299461556001e-01	8.72777895883026e-04	-1.63930443296545e-04	7.63384436098537e-01	3.82109656205776e-04	-1.99813002774274e-04
7.78458448462493e-01	-2.15320956108322e-04	-2.44264694867713e-04	7.93539655926540e-01	-9.45723138614296e-04	-3.00192486760498e-04
8.08650309784133e-01	-1.84447019627043e-03	-3.71809032232662e-04	8.23817971263586e-01	-2.96030712958273e-03	-4.65392736477277e-04
8.39077248888807e-01	-4.36204587647360e-03	-5.90610946189285e-04	8.54472352542479e-01	-6.14960999614089e-03	-7.62932135537575e-04
8.70060977161858e-01	-8.47303105973707e-03	-1.00827395001146e-03	8.85920453241704e-01	-1.15667925333424e-02	-1.37256152754150e-03
9.02157984109731e-01	-1.58156824954394e-02	-1.94306562003388e-03	9.18928779883870e-01	-2.18904135725400e-02	-2.90124730234020e-03
9.36470861948608e-01	-3.10518888296644e-02	-4.67371823738927e-03	9.55179461085761e-01	-4.58949509014817e-02	-8.48044881832966e-03
9.75792732204696e-01	-7.23031671790638e-02	-1.95629868438516e-02	1.00000000000000e+00	0.00000000000000e+00	0.00000000000000e+00
50	5.17947467923121e+00	1.42285714285714e-01
0.00000000000000e+00	-6.84570159518094e-03	2.48677158554478e-04	1.97800839247405e-02	-6.14163190272743e-03	2.38129063828807e-04
3.98047884867943e-02	-5.46083946251807e-03	2.27410985070620e-04	6.00495637830188e-02	-4.80491842643604e-03	2.16716259809457e-04
8.04900028209924e-02	-4.17491560496386e-03	2.06140060836857e-04	1.01102013262064e-01	-3.57150103209447e-03	1.95758421542180e-04
1.21861968477175e-01	-2.99502301862775e-03	1.85629163609424e-04	1.42746837453180e-01	-2.44556312988309e-03	1.75793221024789e-04
1.63734294489451e-01	-1.92298921337641e-03	1.66276266791110e-04	1.84802810082662e-01	-1.42700503816606e-03	1.57090454208975e-04
2.05931724700451e-01	-9.57195698333413e-04	1.48236147414660e-04	2.27101307317480e-01	-5.13068402059891e-04	1.39703550975701e-04
2.48292800656213e-01	-9.40886211179270e-05	1.31474163321266e-04	2.69488455065253e-01	3.00288130454684e-04	1.23522007564714e-04
2.90671552904514e-01	6.70588405630723e-04	1.15814613628307e-04	3.11826425209586e-01	1.01729620484337e-03	1.08313727629872e-04
3.32938462294933e-01	1.34083090099801e-03	1.00975735288666e-04	3.53994119841318e-01	1.64152690781794e-03	9.37517876574701e-05
3.74980921908550e-01	1.91961422779896e-03	8.65876147647660e-05	3.95887462229499e-01	2.17519895153950e-03	7.94230049354638e-05
4.16703405083050e-01	2.40824269996420e-03	7.21909134840937e-05	4.37419487019263e-01	2.61853988976535e-03	6.48161422378557e-05
4.58027520726792e-01	2.80569152602794e-03	5.72135098038107e-05	4.78520402399008e-01	2.96907393810986e-03	4.92854236071594e-05
4.98892124082410e-01	3.10780068018657e-03	4.09186095333691e-05	5.19137792692060e-01	3.22067501376500e-03	3.19798810018979e-05
5.39253657677685e-01	3.30613002499869e-03	2.23104950319852e-05	5.59237149745674e-01	3.36215211120883e-03	1.17186902326427e-05
5.79086933633105e-01	3.38618224999254e-03	-3.03100851084537e-08	5.98802978748957e-01	3.37498727140395e-03	-1.32278211195658e-05
6.18386652636966e-01	3.32449029226911e-03	-2.82402527158609e-05	6.37840843809092e-01	3.22954479961068e-03	-4.55349142740591e-05
6.57170122754326e-01	3.08362984258737e-03	-6.57164162176649e-05	6.76380953161539e-01	2.87843332673021e-03	-8.95790479782388e-05
6.95481970103261e-01	2.60327348210687e-03	-1.18183511123915e-04	7.14484348912436e-01	2.24428189624359e-03	-1.52971748880626e-04
7.33402299061793e-01	1.78322782435858e-03	-1.95943041422675e-04	7.52253733753556e-01	1.19578954602306e-03	-2.49931375295276e-04
7.71061192035836e-01	4.48950310608653e-04	-3.19055924775880e-04	7.89853133104574e-01	-5.03034456262763e-04	-4.09478771503879e-04
8.08665795227163e-01	-1.72508356946521e-03	-5.30732527004085e-04	8.27545940389027e-01	-3.31198063947280e-03	-6.98159895142325e-04
8.46555044118603e-01	-5.40688183974092e-03	-9.37658158746579e-04	8.65775956622570e-01	-8.23502799263998e-03	-1.29556342016923e-03
8.85324038116405e-01	-1.21690100064280e-02	-1.86106953455178e-03	9.05366990759194e-01	-1.78647807087904e-02	-2.82290414653086e-03
9.26163206759081e-01	-2.65715663106419e-02	-4.63482269716042e-03	9.48144643852785e-01	-4.09132787570079e-02	-8.61077276175459e-03
9.72127003530633e-01	-6.77240754150074e-02	-1.92339928627081e-02	1.00000000000000e+00	0.00000000000000e+00	0.00000000000000e+00
44	5.17947467923121e+00	2.12928571428571e-01
0.00000000000000e+00	-7.55993050101067e-03	3.15964999578089e-04	2.27467556929950e-02	-6.66237223963362e-03	3.00560980212583e-04
4.57989042420514e-02	-5.79943119836734e-03	2.84999013782095e-04	6.91202763522023e-02	-4.97340890775244e-03	2.69544840864944e-04
9.26750808736897e-02	-4.18574339089062e-03	2.54357899466151e-04	1.16428211268305e-01	-3.43722094294385e-03	2.39558408127838e-04
1.40345506744515e-01	-2.72809239802618e-03	2.25230187831160e-04	1.64393969018499e-01	-2.05818633955868e-03	2.11424370155200e-04
1.88541937825301e-01	-1.42701499181042e-03	1.98163498550286e-04	2.12759229231857e-01	-8.33870246303547e-04	1.85445634187320e-04
2.37017241312455e-01	-2.77908703294361e-04	1.73248174478391e-04	2.61289031928283e-01	2.41774268128436e-04	1.61531181408048e-04
2.85549373297005e-01	7.26080636823556e-04	1.50240075279862e-04	3.09774787828047e-01	1.17585453042046e-03	1.39307639839825e-04
3.33943569405260e-01	1.59183398571594e-03	1.28655276115275e-04	3.58035793976515e-01	1.97460756291279e-03	1.18193468116035e-04
3.82033323004964e-01	2.32457355713800e-03	1.07821421550636e-04	4.05919803083321e-01	2.64189935464409e-03	9.74258114695425e-05
4.29680664838552e-01	2.92647824700676e-03	8.68785277204909e-05	4.53303124184165e-01	3.17788067553693e-03	7.60332321225743e-05
4.76776189035939e-01	3.39529628782731e-03	6.47204762914688e-05	5.00090674825097e-01	3.57746242643375e-03	5.27409471657858e-05
5.23239232560462e-01	3.72257336087645e-03	3.98562482325504e-05	5.46216393867531e-01	3.82816278215659e-03	2.57762825470742e-05
5.69018638453276e-01	3.89094922582744e-03	1.01419060929420e-05	5.91644490942735e-01	3.90662997257429e-03	-7.49920203091392e-06
6.14094656205703e-01	3.86960274531911e-03	-2.77266462784809e-05	6.36372205448091e-01	3.77258453541529e-03	-5.12961654295374e-05
6.58482829972810e-01	3.60608215538516e-03	-7.92111877359059e-05	6.80435186396797e-01	3.35764430105079e-03	-1.12829627432420e-04
7.02241367538416e-01	3.01078557139656e-03	-1.54027325739658e-04	7.23917549328880e-01	2.54340572608625e-03	-2.05454865197963e-04
7.45484889736625e-01	1.92541149594283e-03	-2.70953554363018e-04	7.66970797623230e-01	1.11504061950685e-03	-3.56253488359659e-04
7.88410760393102e-01	5.29980095081983e-05	-4.70192228575694e-04	8.09851044162702e-01	-1.34724095657135e-03	-6.26947388209231e-04
8.31352810226282e-01	-3.21616480192188e-03	-8.50360894532942e-04	8.52998639254671e-01	-5.75858949994790e-03	-1.18290996890891e-03
8.74903384716412e-01	-9.31217647047966e-03	-1.70595440241361e-03	8.97233371986948e-01	-1.44687279876801e-02	-2.59063365386925e-03
9.20243186104102e-01	-2.23488377914230e-02	-4.24538091324922e-03	9.44354203771023e-01	-3.52911169432505e-02	-7.83771998698479e-03
9.70350291639233e-01	-5.94632730569932e-02	-1.70626426233238e-02	1.00000000000000e+00	0.00000000000000e+00	0.00000000000000e+00
38	5.17947467923121e+00	2.83571428571429e-01
0.00000000000000e+00	-8.47412209038345e-03	4.16131108041173e-04	2.67010830952664e-02	-7.28754407966203e-03	3.92366864687022e-04
5.37946848685443e-02	-6.15550971388212e-03	3.68507182463285e-04	8.12244304613473e-02	-5.08152392154348e-03	3.44980797626460e-04
1.08934921053492e-01	-4.06753768469670e-03	3.22068843353840e-04	1.36872321800358e-01	-3.11429987485756e-03	2.99964282100440e-04
1.64984841075231e-01	-2.22162759567712e-03	2.78781290162344e-04	1.93223107767787e-01	-1.38865979496094e-03	2.58566246057579e-04
2.21540457498965e-01	-6.14084931121028e-04	2.39308820767614e-04	2.49893140403315e-01	1.03661145285483e-04	2.20952131961272e-04
2.78240463691260e-01	7.66226890130173e-04	2.03401288555116e-04	3.06544881917301e-01	1.37520336673680e-03	1.86529882354791e-04
3.34772047086666e-01	1.93200420711803e-03	1.70184236338633e-04	3.62890829713017e-01	2.43776119223427e-03	1.54185262584927e-04
3.90873320907488e-01	2.89322864831176e-03	1.38327783266168e-04	4.18694824696209e-01	3.29868917957910e-03	1.22377103163873e-04
4.46333849152357e-01	3.65385247378514e-03	1.06062428714693e-04	4.73772104691938e-01	3.95773762170537e-03	8.90664608638181e-05
5.00994518125312e-01	4.20852733424615e-03	7.10100375326261e-05	5.27989271909904e-01	4.40337904755173e-03	5.14300511895716e-05
5.54747879704403e-01	4.53817254512845e-03	2.97478221270575e-05	5.81265312075035e-01	4.60716519406190e-03	5.22346148545960e-06
6.07540190520097e-01	4.60251227145703e-03	-2.31109213819636e-05	6.33575074623572e-01	4.51358802514723e-03	-5.65509225627370e-05
6.59376877385295e-01	4.32600699293162e-03	-9.68720810641255e-05	6.84957459745243e-01	4.02018460237286e-03	-1.46568648331291e-04
7.10334480743089e-01	3.56917079351438e-03	-2.09239474714407e-04	7.35532621319648e-01	2.93530251918361e-03	-2.90233951184771e-04
7.60585369939271e-01	2.06486989283627e-03	-3.97777287996393e-04	7.85537681299824e-01	8.79308996496464e-04	-5.45025702876956e-04
8.10450045235172e-01	-7.39963019818934e-04	-7.54036321957141e-04	8.35404940104194e-01	-2.97899078769370e-03	-1.06397481352749e-03
8.60517547814003e-01	-6.14399153979062e-03	-1.54957591075533e-03	8.85954626605925e-01	-1.07701732224553e-02	-2.36737750535276e-03
9.11970430836968e-01	-1.78669126893533e-02	-3.88924977909899e-03	9.38982660587314e-01	-2.95291995670689e-02	-7.17321168798057e-03
9.67759205227473e-01	-5.12029874279789e-02	-1.55929981509064e-02	1.00000000000000e+00	0.00000000000000e+00	0.00000000000000e+00
34	5.17947467923121e+00	3.54214285714286e-01
0.00000000000000e+00	-9.12114013185938e-03	5.09207754514795e-04	3.02464317714791e-02	-7.66359085152801e-03	4.76439196872125e-04
6.09608199500119e-02	-6.28276891601287e-03	4.43723353930836e-04	9.20644310652076e-02	-4.98332576446525e-03	4.11692801345898e-04
1.23480464386454e-01	-3.76747774028519e-03	3.80761247538497e-04	1.55134991641190e-01	-2.63558930649677e-03	3.51184270843130e-04
1.86957690269406e-01	-1.58667117592304e-03	3.23081113051127e-04	2.18882389791545e-01	-6.18831624942473e-04	2.96458084104501e-04
2.50847457459233e-01	2.70332894192982e-04	2.71230510060394e-04	2.82796051593985e-01	1.08341014835955e-03	2.47241216134175e-04
3.14676270704296e-01	1.82290171979704e-03	2.24274404102998e-04	3.46441224645671e-01	2.49099886784243e-03	2.02064337432861e-04
3.78049051597033e-01	3.08939069408021e-03	1.80298496970432e-04	4.09462902107354e-01	3.61908874549821e-03	1.58614867116325e-04
4.40650909377977e-01	4.08025065575601e-03	1.36592669090163e-04	4.71586163626745e-01	4.47198305502750e-03	1.13735366516154e-04
5.02246708119687e-01	4.79210031339994e-03	8.94437125595893e-05	5.32615575567173e-01	5.03680897046221e-03	6.29751533856027e-05
5.62680886505482e-01	5.20027663317368e-03	3.33833566347197e-05	5.92436036713543e-01	5.27402536054300e-03	-5.72437006685078e-07
6.21880009807155e-01	5.24605841202108e-03	-4.05657244169078e-05	6.51017865885542e-01	5.09957610901868e-03	-8.89188178838651e-05
6.79861480938581e-01	4.81104476565064e-03	-1.48950466304143e-04	7.08430650867614e-01	4.34721816344386e-03	-2.25554367528691e-04
7.36754739976877e-01	3.66040660021660e-03	-3.26200819995792e-04	7.64875169012529e-01	2.68069910943725e-03	-4.62752962547386e-04
7.92849247749225e-01	1.30264681021663e-03	-6.54946160474124e-04	8.20756259843679e-01	-6.38665591681908e-04	-9.37511079734499e-04
8.48707530147998e-01	-3.41318303688654e-03	-1.37600522157211e-03	8.76864018861462e-01	-7.48894922954424e-03	-2.10588264620037e-03
9.05469396925663e-01	-1.37391104062509e-02	-3.44324096638204e-03	9.34918729669338e-01	-2.39504255530577e-02	-6.26584654570284e-03
9.65922922670352e-01	-4.26700073744950e-02	-1.32779596930757e-02	1.00000000000000e+00	0.00000000000000e+00	0.00000000000000e+00
30	5.17947467923121e+00	4.24857142857143e-01
0.00000000000000e+00	-9.91442557341005e-03	6.39795413622246e-04	3.47907728008506e-02	-8.07548596633012e-03	5.92731957018144e-04
7.01493500094456e-02	-6.34917608013075e-03	5.46084817744652e-04	1.05961204758556e-01	-4.74174448122522e-03	5.00853344418961e-04
1.42115749030413e-01	-3.25537806349230e-03	4.57655226445808e-04	1.78507903719369e-01	-1.88931002693316e-03	4.16807410152376e-04
2.15039249936495e-01	-6.40796030113355e-04	3.78379412183549e-04	2.51618818079503e-01	4.94040315036193e-04	3.42245540053909e-04
2.88163581371530e-01	1.51950870332740e-03	3.08129232018284e-04	3.24598721256879e-01	2.43978947913082e-03	2.75635881477942e-04
3.60857727503413e-01	3.25848029915832e-03	2.44272329631756e-04	3.96882389061972e-01	3.97821619037309e-03	2.13452168135286e-04
4.32622724849654e-01	4.60032205165417e-03	1.82485754043782e-04	4.68036898149647e-01	5.12445200788436e-03	1.50552758823475e-04
5.03091155323442e-01	5.54816281962256e-03	1.16652830124631e-04	5.37759829940827e-01	5.86635517987022e-03	7.95260357556726e-05
5.72025458388499e-01	6.07049191215814e-03	3.75282304940772e-05	6.05879064319621e-01	6.14745772742142e-03	-1.15650752381402e-05
6.39320690104525e-01	6.07784609848605e-03	-7.08739322181628e-05	6.72360289477446e-01	5.83331575336365e-03	-1.44936349562697e-04
7.05019157600653e-01	5.37239373984155e-03	-2.40607714964813e-04	7.37332183626701e-01	4.63358956464410e-03	-3.68681220182632e-04
7.69351408751784e-01	3.52364896256852e-03	-5.46969426587385e-04	8.01151750083699e-01	1.89655876439221e-03	-8.06558819070435e-04
8.32840514365836e-01	-4.86152770761583e-04	-1.20556793014281e-03	8.64573990707384e-01	-4.03579497322393e-03	-1.86266833783577e-03
8.96588399708211e-01	-9.51334532279302e-03	-3.05056832493755e-03	9.29263275343482e-01	-1.84582148107779e-02	-5.51082918249768e-03
9.63269951436157e-01	-3.47003691572244e-02	-1.14809093936425e-02	1.00000000000000e+00	0.00000000000000e+00	0.00000000000000e+00
26	5.17947467923121e+00	4.95500000000000e-01
0.00000000000000e+00	-1.09268898557225e-02	8.32337655575777e-04	4.08115868248296e-02	-8.52383260616774e-03	7.61034406642436e-04
8.23273122307338e-02	-6.29555635758294e-03	6.91072985837260e-04	1.24371631799260e-01	-4.25040730502857e-03	6.24143069356875e-04
1.66777471449017e-01	-2.38946302295406e-03	5.61159370892184e-04	2.09388988690835e-01	-7.08927062533893e-04	5.02422292818494e-04
2.52063412245012e-01	7.97808181563164e-04	4.47757877304333e-04	2.94672133104654e-01	2.13847899544417e-03	3.96639404082855e-04
3.37101230567970e-01	3.32063654012626e-03	3.48275996044811e-04	3.79251604708224e-01	4.35062752159754e-03	3.01661975539491e-04
4.21038865386218e-01	5.23276341735346e-03	2.55584056427560e-04	4.62393106179907e-01	5.96855579281264e-03	2.08582528156587e-04
5.03258675336465e-01	6.55587986664696e-03	1.58857163657711e-04	5.43594049014628e-01	6.98789963290058e-03	1.04097803286574e-04
5.83371918391749e-01	7.25152856767131e-03	4.11995715143831e-05	6.22579627027825e-01	7.32508213278349e-03	-3.42147135876658e-05
6.61220148063519e-01	7.17454977924281e-03	-1.28616697901540e-04	6.99313891856161e-01	6.74746535342319e-03	-2.52047505739483e-04
7.36901823507370e-01	5.96244370669230e-03	-4.20907052491204e-04	7.74050732219075e-01	4.69050577402963e-03	-6.63579098920009e-04
8.10862226275665e-01	2.71989002500717e-03	-1.03271198998378e-03	8.47488611823265e-01	-3.14807680368179e-04	-1.63486706839433e-03
8.84162569308781e-01	-5.08738438530376e-03	-2.71224656088931e-03	9.21257570249418e-01	-1.29518248095000e-02	-4.91372859720629e-03
9.59427501523151e-01	-2.72034187487568e-02	-1.01930260608118e-02	1.00000000000000e+00	0.00000000000000e+00	0.00000000000000e+00
23	5.17947467923121e+00	5.66142857142857e-01
0.00000000000000e+00	-1.17300058935997e-02	1.03697904119149e-03	4.68963419429640e-02	-8.72287468146549e-03	9.35861753520673e-04
9.46220524262547e-02	-5.96934714649400e-03	8.37752769579092e-04	1.42925177159668e-01	-3.47901088508606e-03	7.45215258710297e-04
1.91569762026320e-01	-1.24980427179411e-03	6.59388262370331e-04	2.40340140546705e-01	7.27404852247537e-04	5.80323524945858e-04
2.89043462560728e-01	2.46505277896536e-03	5.07284163981492e-04	3.37510888747923e-01	3.97598432635859e-03	4.38973095446271e-04
3.85597864499428e-01	5.27129536947979e-03	3.73667230965546e-04	4.33183834360980e-01	6.35866743215574e-03	3.09248937571671e-04
4.80171698392346e-01	7.24089827932606e-03	2.43125876027706e-04	5.26487265053265e-01	7.91429469630844e-03	1.72015128772962e-04
5.72078934557608e-01	8.36651968500945e-03	9.15334735583917e-05	6.16917863357830e-01	8.57331721106114e-03	-4.53163392499789e-06
6.60998931864201e-01	8.49317406609895e-03	-1.25534268053062e-04	7.04342998783249e-01	8.05821254792627e-03	-2.86435266067198e-04
7.47001253377790e-01	7.15795860571711e-03	-5.12724516897434e-04	7.89063147693927e-01	5.60889272307219e-03	-8.51037594562287e-04
8.30670836474379e-01	3.09360683453686e-03	-1.39440570381599e-03	8.72046435885827e-01	-9.70633283594480e-04	-2.35051537535758e-03
9.13547276055900e-01	-7.74347887599192e-03	-4.26203124834834e-03	9.55791442145186e-01	-1.99807805324194e-02	-8.72028016049153e-03
1.00000000000000e+00	0.00000000000000e+00	0.00000000000000e+00
20	5.17947467923121e+00	6.36785714285714e-01
0.00000000000000e+00	-1.27476891477419e-02	1.33592135605509e-03	5.49202296488120e-02	-8.85568011541293e-03	1.18502335390103e-03
1.10829072441712e-01	-5.35162562885294e-03	1.04087709177914e-03	1.67346956793491e-01	-2.24474668240182e-03	9.07475481993769e-04
2.24126376946972e-01	4.75325439320273e-04	7.85962874468749e-04	2.80858677542240e-01	2.82904372751058e-03	6.75456142661290e-04
3.37277260260027e-01	4.83966319717077e-03	5.73708749289414e-04	3.93158334315287e-01	6.52803310621997e-03	4.77522398914298e-04
4.48320205689722e-01	7.90884211992660e-03	3.82871411846231e-04	5.02621913914282e-01	8.98749871171256e-03	2.84716693660703e-04
5.55961871431642e-01	9.75672158792606e-03	1.76435743696080e-04	6.08277090534080e-01	1.01916945655595e-02	4.86661613322559e-05
6.59543637953962e-01	1.02420662722866e-02	-1.12921980835790e-04	7.09779206032574e-01	9.81770566004969e-03	-3.32067909781575e-04
7.59049290896843e-01	8.76191387139169e-03	-6.51421315025713e-04	8.07479820942326e-01	6.79794662040911e-03	-1.15489719618656e-03
8.55282259010927e-01	3.41405883837997e-03	-2.02729627540799e-03	9.02805452966620e-01	-2.40682323499075e-03	-3.74321627923924e-03
9.50653311194052e-01	-1.30317587200669e-02	-7.68959536809599e-03	1.00000000000000e+00	0.00000000000000e+00	0.00000000000000e+00
18	5.17947467923121e+00	7.07428571428571e-01
0.00000000000000e+00	-1.32796597684569e-02	1.60175890055358e-03	6.20523822456758e-02	-8.59311499040405e-03	1.40006771791745e-03
1.25191564090112e-01	-4.43662284830471e-03	1.21025647480544e-03	1.88904721933462e-01	-8.14988972628883e-04	1.03753389443562e-03
2.52732543724419e-01	2.29469022231665e-03	8.82489754866711e-04	3.16278059782870e-01	4.92717379825969e-03	7.42645013968257e-04
3.79209608587233e-01	7.11770481545582e-03	6.13569375067069e-04	4.41260156446876e-01	8.89432041125371e-03	4.89417344552212e-04
5.02224798534939e-01	1.02722722001288e-02	3.62842734507596e-04	5.61957855023588e-01	1.12487260523336e-02	2.24198429215172e-04
6.20370716662982e-01	1.17956088704287e-02	5.96904915044494e-05	6.77431592220460e-01	1.18475517234395e-02	-1.52409611814397e-04
7.33168700365745e-01	1.12794110315400e-02	-4.49797093907911e-04	7.87679555653651e-01	9.86158245592317e-03	-9.04670151706588e-04
8.41151714693596e-01	7.16484536988915e-03	-1.67191198193750e-03	8.93907342161232e-01	2.33985678012605e-03	-3.13647065362588e-03
9.46504390003731e-01	-6.54152669803421e-03	-6.38530211968513e-03	1.00000000000000e+00	0.00000000000000e+00	0.00000000000000e+00
16	5.17947467923121e+00	7.78071428571429e-01
0.00000000000000e+00	-1.39135371118044e-02	1.96684896989341e-03	7.10886077868435e-02	-8.13397230537416e-03	1.68745552836369e-03
1.43361152711749e-01	-3.10586613640373e-03	1.42958421510031e-03	2.16101812620161e-01	1.17812752088109e-03	1.19981250484225e-03
2.88687842388337e-01	4.76513427886638e-03	9.96899368193693e-04	3.60600430625551e-01	7.71439134375906e-03	8.14853550696770e-04
4.31425665329523e-01	1.00789934460601e-02	6.44786025239208e-04	5.00850205508831e-01	1.18941715147004e-02	4.75357210824146e-04
5.68655147104729e-01	1.31680733520148e-02	2.91718733229862e-04	6.34710689660555e-01	1.38705622933276e-02	7.24079924440124e-05
6.98973912506652e-01	1.39140894288834e-02	-2.17587273069642e-04	7.61492560550718e-01	1.31159741988343e-02	-6.42724654781324e-04
8.22419948416562e-01	1.11181296910110e-02	-1.33739085074303e-03	8.82052166148770e-01	7.20233758733824e-03	-2.62631697343640e-03
9.40916401221511e-01	-2.32466487695704e-04	-5.41391826993132e-03	1.00000000000000e+00	0.00000000000000e+00	0.00000000000000e+00
14	5.17947467923121e+00	8.48714285714286e-01
0.00000000000000e+00	-1.46996582284618e-02	2.49108093820505e-03	8.29006540025423e-02	-7.34851611826914e-03	2.08579922532226e-03
1.67059756965769e-01	-1.11460779083872e-03	1.72135504574544e-03	2.51436445664468e-01	4.04064274988192e-03	1.40506456656941e-03
3.35160877166569e-01	8.21290523143448e-03	1.13035458923039e-03	4.17545101092796e-01	1.15040576634267e-02	8.83102222825283e-04
4.98076891562959e-01	1.39919459601455e-02	6.44397424787724e-04	5.76406619186174e-01	1.57111719100863e-02	3.89546046647982e-04
6.52334188227836e-01	1.66338072080618e-02	8.24660266407484e-05	7.25801432799074e-01	1.66367213792675e-02	-3.38454003025124e-04
7.96896091834474e-01	1.54324718916534e-02	-9.96300401381545e-04	8.65878448629007e-01	1.24091803935449e-02	-2.18059721844366e-03
9.33257690770925e-01	6.20214736808866e-03	-4.70150729597441e-03	1.00000000000000e+00	0.00000000000000e+00	0.00000000000000e+00
13	5.17947467923121e+00	9.19357142857143e-01
0.00000000000000e+00	-1.44369796381622e-02	2.78703144702364e-03	9.06710987877477e-02	-6.18425131026823e-03	2.30073223359684e-03
1.82511946029597e-01	7.02362711483273e-04	1.87126893783707e-03	2.74262592116146e-01	6.29511665947391e-03	1.50485188675942e-03
3.64899497580865e-01	1.07306143283119e-02	1.18993693389724e-03	4.53641714045134e-01	1.41430557930197e-02	9.06073026409993e-04
5.39935535523954e-01	1.66273059794180e-02	6.26938996132420e-04	6.23432261670346e-01	1.82154575281844e-02	3.17543681697008e-04
7.03968709404204e-01	1.88495300299336e-02	-7.63459244206288e-05	7.81558026705720e-01	1.83284390934548e-02	-6.55428342646092e-04
8.56400705572309e-01	1.61865141761557e-02	-1.64289682780172e-03	9.28936922189484e-01	1.13915020639217e-02	-3.64087058608864e-03
1.00000000000000e+00	0.00000000000000e+00	0.00000000000000e+00
11	5.17947467923121e+00	9.90000000000000e-01
0.00000000000000e+00	-1.54693938359274e-02	3.77347088284397e-03	1.09884599350782e-01	-4.25429215100170e-03	2.99554690518489e-03
2.20789657834622e-01	4.71466781210250e-03	2.33758849710830e-03	3.30726550320009e-01	1.16446750402530e-02	1.79636380997095e-03
4.38193908505435e-01	1.68225185242155e-02	1.33469831146216e-03	5.42157767060420e-01	2.04807062324044e-02	8.99980079558382e-04
6.41996684922691e-01	2.27319415616822e-02	4.22553443129914e-04	7.37447573305908e-01	2.35131525500447e-02	-2.09347608968846e-04
8.28575317110525e-01	2.24745617042745e-02	-1.22661122218681e-03	9.15793240058293e-01	1.87144333159894e-02	-3.26110156650961e-03
1.00000000000000e+00	0.00000000000000e+00	0.00000000000000e+00
