116	1.38949549437314e+02	1.00000000000000e-03
0.00000000000000e+00	6.36331420270042e-03	-7.01056255647536e-06	1.16551598763489e-02	6.30224254997613e-03	-7.09536139842371e-06
2.31643331950739e-02	6.24162062735434e-03	-7.22524365048827e-06	3.45307263778371e-02	6.18136356277499e-03	-7.35870469981137e-06
4.57574637049461e-02	6.12144896438460e-03	-7.49587812620689e-06	5.68475900152156e-02	6.06185444146545e-03	-7.63690207805645e-06
6.78040735383034e-02	6.00255757742918e-03	-7.78192109351927e-06	7.86298086209132e-02	5.94353589846208e-03	-7.93108676888643e-06
8.93276183521804e-02	5.88476684584838e-03	-8.08455872780556e-06	9.99002570932743e-02	5.82622774132346e-03	-8.24250411124439e-06
1.10350412916024e-01	5.76789575180681e-03	-8.40509604871365e-06	1.20680709955170e-01	5.70974786343181e-03	-8.57251881547505e-06
1.30893710678578e-01	5.65176084390484e-03	-8.74496591785068e-06	1.40991918079623e-01	5.59391120263242e-03	-8.92263878582433e-06
1.50977777795756e-01	5.53617515999671e-03	-9.10574996559887e-06	1.60853680157053e-01	5.47852860455578e-03	-9.29452266618114e-06
1.70621962168457e-01	5.42094705579532e-03	-9.48919139109883e-06	1.80284909429235e-01	5.36340562241278e-03	-9.69000372297302e-06
1.89844757993048e-01	5.30587895838686e-03	-9.89722093192036e-06	1.99303696171936e-01	5.24834121352735e-03	-1.01111151014077e-05
2.08663866287386e-01	5.19076599126866e-03	-1.03319754705122e-05	2.17927366371527e-01	5.13312629925777e-03	-1.05601087181384e-05
2.27096251821464e-01	5.07539448627137e-03	-1.07958340380687e-05	2.36172537009655e-01	5.01754219578698e-03	-1.10394908510170e-05
2.45158196853137e-01	4.95954030571988e-03	-1.12914383911811e-05	2.54055168344364e-01	4.90135886114706e-03	-1.15520553771731e-05
2.62865352046409e-01	4.84296701132192e-03	-1.18217426832157e-05	2.71590613555165e-01	4.78433293120184e-03	-1.21009205997780e-05
2.80232784931229e-01	4.72542376629170e-03	-1.23900435058388e-05	2.88793666103999e-01	4.66620552734609e-03	-1.26895846019881e-05
2.97275026250716e-01	4.60664301696068e-03	-1.30000471336711e-05	3.05678605152960e-01	4.54669973796862e-03	-1.33219654030459e-05
3.14006114533237e-01	4.48633780540297e-03	-1.36559140626602e-05	3.22259239374271e-01	4.42551780856126e-03	-1.40024887840262e-05
3.30439639223777e-01	4.36419873672333e-03	-1.43623341593013e-05	3.38548949487243e-01	4.30233783921596e-03	-1.47361342355268e-05
3.46588782711630e-01	4.23989049558493e-03	-1.51246164041829e-05	3.54560729862811e-01	4.17681007811899e-03	-1.55285552885243e-05
3.62466361599661e-01	4.11304779830846e-03	-1.59487769231248e-05	3.70307229547850e-01	4.04855254830472e-03	-1.63861645408048e-05
3.78084867576513e-01	3.98327072873594e-03	-1.68416666623816e-05	3.85800793081105e-01	3.91714603051962e-03	-1.73162841610175e-05
3.93456508276005e-01	3.85011925060730e-03	-1.78110910096230e-05	4.01053501500446e-01	3.78212811051437e-03	-1.83272679710189e-05
4.08593248541603e-01	3.71310687512638e-03	-1.88660204167856e-05	4.16077213979477e-01	3.64298628806159e-03	-1.94287168395757e-05
4.23506852557178e-01	3.57169305307115e-03	-2.00167471777757e-05	4.30883610582447e-01	3.49914975792864e-03	-2.06316882291890e-05
4.38208927364437e-01	3.42527431262218e-03	-2.12751725179317e-05	4.45484236692411e-01	3.34997969893891e-03	-2.19489815935781e-05
4.52710968361626e-01	3.27317355124324e-03	-2.26550545003867e-05	4.59890549753262e-01	3.19475765624500e-03	-2.33954713537710e-05
4.67024407475731e-01	3.11462746940605e-03	-2.41724772236385e-05	4.74113969075109e-01	3.03267157575982e-03	-2.49885054806054e-05
4.81160664823390e-01	2.94877109251690e-03	-2.58462001918591e-05	4.88165929594131e-01	2.86279898976027e-03	-2.67484296376796e-05
4.95131204836123e-01	2.77461935812329e-03	-2.76983124278818e-05	5.02057940656791e-01	2.68408659430430e-03	-2.86992449229917e-05
5.08947598028372e-01	2.59104449070247e-03	-2.97549276213616e-05	5.15801651131444e-01	2.49532522053242e-03	-3.08693927502102e-05
5.22621589852064e-01	2.39674823421265e-03	-3.20470522185978e-05	5.29408922450705e-01	2.29511901985147e-03	-3.32927463557731e-05
5.36165178423466e-01	2.19022773435795e-03	-3.46118096683501e-05	5.42891911578595e-01	2.08184754581908e-03	-3.60100631289217e-05
5.49590703354660e-01	1.96973286877311e-03	-3.74938682936587e-05	5.56263166409716e-01	1.85361765492154e-03	-3.90703710293483e-05
5.62910948514364e-01	1.73321291822082e-03	-4.07474150676546e-05	5.69535736788024e-01	1.60820406686413e-03	-4.25335311728947e-05
5.76139262321848e-01	1.47824875095859e-03	-4.44384958493416e-05	5.82723305236333e-01	1.34297272895623e-03	-4.64728558287053e-05
5.89289700234513e-01	1.20196693449026e-03	-4.86485547308568e-05	5.95840342713282e-01	1.05478305642537e-03	-5.09789422908913e-05
6.02377195511378e-01	9.00928409134805e-04	-5.34787411405890e-05	6.08902296382918e-01	7.39861359551064e-04	-5.61648786967517e-05
6.15417766296919e-01	5.70983647176782e-04	-5.90558516539996e-05	6.21925818688228e-01	3.93634850235580e-04	-6.21732010948062e-05
6.28428769794341e-01	2.07081906392848e-04	-6.55405362004480e-05	6.34929050252494e-01	1.05116171761344e-05	-6.91855072523229e-05
6.41429218143962e-01	-1.96983311149590e-04	-7.31386635055564e-05	6.47931973728927e-01	-4.16414878705029e-04	-7.74359261188629e-05
6.54440176138033e-01	-6.48918528853626e-04	-8.21173582457035e-05	6.60956862365385e-01	-8.95768386995566e-04	-8.72302950420956e-05
6.67485268948999e-01	-1.15840292545533e-03	-9.28280337375575e-05	6.74028856837124e-01	-1.43844707310370e-03	-9.89739210377483e-05
6.80591340011125e-01	-1.73774794419079e-03	-1.05740124256126e-04	6.87176718601580e-01	-2.05840820621428e-03	-1.13212590082234e-04
6.93789317362095e-01	-2.40283504082062e-03	-1.21491382377492e-04	7.00433830611136e-01	-2.77379419519064e-03	-1.30694832084943e-04
7.07115374994388e-01	-3.17447656607794e-03	-1.40964430763280e-04	7.13839551778477e-01	-3.60858440720757e-03	-1.52468194512645e-04
7.20612520848726e-01	-4.08043304536732e-03	-1.65408468231876e-04	7.27441089160503e-01	-4.59507996160224e-03	-1.80030565603451e-04
7.34332817198016e-01	-5.15848833257848e-03	-1.96633258064294e-04	7.41296148053703e-01	-5.77773332451770e-03	-2.15583370616779e-04
7.48340565174637e-01	-6.46126638603206e-03	-2.37334967036151e-04	7.55476786798033e-01	-7.21925701073867e-03	-2.62454862159478e-04
7.62717007840362e-01	-8.06403800751498e-03	-2.91657704955872e-04	7.70075203866520e-01	-9.01069426920231e-03	-3.25853143033017e-04
7.77567517297568e-01	-1.00778527001462e-02	-3.66208475731433e-04	7.85212754060168e-01	-1.12887367310127e-02	-4.14245460403029e-04
7.93033030733586e-01	-1.26726301683349e-02	-4.71964421429716e-04	8.01054630260952e-01	-1.42668980711016e-02	-5.42031488881989e-04
8.09309151863345e-01	-1.61198453734137e-02	-6.28044973244091e-04	8.17835084406639e-01	-1.82948066143832e-02	-7.34930024842262e-04
8.26680002866627e-01	-2.08761287843915e-02	-8.69500441204263e-04	8.35903704644153e-01	-2.39780065798857e-02	-1.04128872058373e-03
8.45582802711878e-01	-2.77578154647865e-02	-1.26366520413801e-03	8.55817646950165e-01	-3.24363574715458e-02	-1.55521696654293e-03
8.66743092511055e-01	-3.83288008415622e-02	-1.94066106648516e-03	8.78545859312988e-01	-4.58909350495944e-02	-2.44849614333820e-03
8.91493613298493e-01	-5.57831047710649e-02	-3.09545222101026e-03	9.05985627929440e-01	-6.89344097272639e-02	-3.82956261582090e-03
9.22644095924497e-01	-8.64956907253599e-02	-4.39962559121043e-03	9.42481774408492e-01	-1.09243072224668e-01	-4.54309320174384e-03
9.67212961828194e-01	-1.32308378181667e-01	-1.26784034970997e-02	1.00000000000000e+00	0.00000000000000e+00	0.00000000000000e+00
47	1.38949549437314e+02	7.16428571428571e-02
0.00000000000000e+00	1.58698751648496e-02	-4.39006135743991e-05	2.90922585312451e-02	1.54923513990477e-02	-4.59242508612512e-05
5.72968734311130e-02	1.51203465077228e-02	-4.81088639678884e-05	8.46612874578819e-02	1.47529702601985e-02	-5.04522414892516e-05
1.11230051853309e-01	1.43893513530133e-02	-5.29700869971172e-05	1.37045075516251e-01	1.40286055634644e-02	-5.56800888045217e-05
1.62145852782681e-01	1.36698276547429e-02	-5.86022275343989e-05	1.86569672208998e-01	1.33120825780044e-02	-6.17591414753260e-05
2.10351808720571e-01	1.29543957708855e-02	-6.51765623780332e-05	2.33525701260279e-01	1.25957423071117e-02	-6.88838325633157e-05
2.56123117887128e-01	1.22350346287716e-02	-7.29145329561032e-05	2.78174310129168e-01	1.18711084911147e-02	-7.73072317585832e-05
2.99708158286572e-01	1.15027067245110e-02	-8.21064026410578e-05	3.20752309308505e-01	1.11284602685655e-02	-8.73635400244765e-05
3.41333308832918e-01	1.07468658247631e-02	-9.31385242093352e-05	3.61476728983771e-01	1.03562593179956e-02	-9.95013131148692e-05
3.81207293570080e-01	9.95478411285311e-03	-1.06534044664208e-04	4.00549002433007e-01	9.54035261559527e-03	-1.14333648881138e-04
4.19525256851720e-01	9.11059960579697e-03	-1.23015172104779e-04	4.38158988160209e-01	8.66282496543924e-03	-1.32715974058062e-04
4.56472792068897e-01	8.19392284880793e-03	-1.43601086441958e-04	4.74489071655662e-01	7.70029347599865e-03	-1.55870196433483e-04
4.92230192633736e-01	7.17773211290895e-03	-1.69766693824069e-04	5.09718655382640e-01	6.62128818456709e-03	-1.85589602856417e-04
5.26977289428523e-01	6.02508482380260e-03	-2.03709549459363e-04	5.44029477712543e-01	5.38208501618986e-03	-2.24590183149243e-04
5.60899420283636e-01	4.68378554120386e-03	-2.48817577038762e-04	5.77612450277223e-01	3.91981109365980e-03	-2.77140863533365e-04
5.94195419639785e-01	3.07736942354264e-03	-3.10529651467606e-04	6.10677178706746e-01	2.14050836150514e-03	-3.50255945758216e-04
6.27089183535349e-01	1.08908796159635e-03	-3.98014270281299e-04	6.43466279588547e-01	-1.02668744238477e-04	-4.56100100306500e-04
6.59847732939710e-01	-1.46825636069892e-03	-5.27683292862235e-04	6.76278615664265e-01	-3.05194405351505e-03	-6.17235433255425e-04
6.92811709558323e-01	-4.91337350735233e-03	-7.31221447086705e-04	7.09510188285402e-01	-7.13467495396691e-03	-8.79253675287739e-04
7.26451504315914e-01	-9.83183020603284e-03	-1.07609771166284e-03	7.43733207278950e-01	-1.31734979605811e-02	-1.34531443594899e-03
7.61481989850828e-01	-1.74135534708766e-02	-1.72622692772895e-03	7.79868401516758e-01	-2.29502080036266e-02	-2.28807803755160e-03
7.99132134056973e-01	-3.04399873387722e-02	-3.16086181513109e-03	8.19628553585779e-01	-4.10337222437561e-02	-4.60782336054422e-03
8.41922169615277e-01	-5.69104192562933e-02	-7.20796340241581e-03	8.66997382608718e-01	-8.26406720504720e-02	-1.22997767148145e-02
8.96814503674514e-01	-1.29521857081278e-01	-2.20910007321033e-02	9.36124555457924e-01	-2.27207113785901e-01	-3.13714013556028e-02
1.00000000000000e+00	0.00000000000000e+00	0.00000000000000e+00
46	1.38949549437314e+02	1.42285714285714e-01
0.00000000000000e+00	1.61755879850598e-02	-4.55272081001379e-05	2.99918982043003e-02	1.57837348514291e-02	-4.76690779880329e-05
5.90517605240749e-02	1.53977132350824e-02	-4.99825231701223e-05	8.72303064320957e-02	1.50165669858335e-02	-5.24675987689793e-05
1.14575109603772e-01	1.46393568726297e-02	-5.51416449219300e-05	1.41130873892956e-01	1.42651290865523e-02	-5.80242422481003e-05
1.66939685191736e-01	1.38929061401354e-02	-6.11375658750024e-05	1.92041241962806e-01	1.35216769538928e-02	-6.45068099707213e-05
2.16473067148173e-01	1.31503858827859e-02	-6.81606912660282e-05	2.40270703895429e-01	1.27779204163387e-02	-7.21320595211683e-05
2.63467897330340e-01	1.24030971894500e-02	-7.64586240185050e-05	2.86096764438871e-01	1.20246459260440e-02	-8.11838479743976e-05
3.08187953999999e-01	1.16411907622347e-02	-8.63580226564409e-05	3.29770798433289e-01	1.12512283630366e-02	-9.20396006580670e-05
3.50873459392454e-01	1.08531020002025e-02	-9.82968309237719e-05	3.71523068952666e-01	1.04449705860095e-02	-1.05209782884863e-04
3.91745868310831e-01	1.00247714201351e-02	-1.12872900711158e-04	4.11567346053762e-01	9.59017489261194e-03	-1.21398178251075e-04
4.31012378264810e-01	9.13852911749724e-03	-1.30919240688199e-04	4.50105373052946e-01	8.66679149285021e-03	-1.41596501415764e-04
4.68870422531858e-01	8.17144361125943e-03	-1.53623884489695e-04	4.87331465887681e-01	7.64838431834058e-03	-1.67237526605746e-04
5.05512468015730e-01	7.09279424558273e-03	-1.82727276918149e-04	5.23437619360183e-01	6.49896238084535e-03	-2.00451965029824e-04
5.41131564183454e-01	5.86006186750843e-03	-2.20860014349844e-04	5.58619666704289e-01	5.16785665061947e-03	-2.44517460646021e-04
5.75928327653490e-01	4.41231356570748e-03	-2.72146965873743e-04	5.93085368216452e-01	3.58108165557769e-03	-3.04682335346529e-04
6.10120504724194e-01	2.65878432816624e-03	-3.43346781943588e-04	6.27065946836018e-01	1.62604095389796e-03	-3.89766807728842e-04
6.43957166018811e-01	4.58091171415598e-04	-4.46141685417345e-04	6.60833902647372e-01	-8.77177154041786e-04	-5.15501607883051e-04
6.77741513806744e-01	-2.42211642571155e-03	-6.02111350368917e-04	6.94732818307193e-01	-4.23365422410216e-03	-7.12120312086117e-04
7.11870685976253e-01	-6.38998002623747e-03	-8.54645303244972e-04	7.29231774426578e-01	-9.00118945482498e-03	-1.04364448192196e-03
7.46912097051656e-01	-1.22268497119175e-02	-1.30130997565336e-03	7.65035634916987e-01	-1.63062353742028e-02	-1.66453337486838e-03
7.83768260644749e-01	-2.16130034146836e-02	-2.19800128377257e-03	8.03341496532804e-01	-2.87600381594969e-02	-3.02266417182762e-03
8.24095859971889e-01	-3.88152349419607e-02	-4.38282863759043e-03	8.46567009060277e-01	-5.37861920273165e-02	-6.81771125025010e-03
8.71677416722579e-01	-7.78442024337686e-02	-1.16108315644339e-02	9.01234015839824e-01	-1.21128300410490e-01	-2.13873882090527e-02
9.39528863958716e-01	-2.14795306289384e-01	-3.08831144588626e-02	1.00000000000000e+00	0.00000000000000e+00	0.00000000000000e+00
45	1.38949549437314e+02	2.12928571428571e-01
0.00000000000000e+00	1.64907318464784e-02	-4.71785501006128e-05	3.09422849725060e-02	1.60839990036568e-02	-4.94437129234804e-05
6.09049974085833e-02	1.56834360993254e-02	-5.18918666581047e-05	8.99424115865320e-02	1.52880158718800e-02	-5.45254475723400e-05
1.18105375465084e-01	1.48967259574659e-02	-5.73635945479989e-05	1.45441616682183e-01	1.45085375965546e-02	-6.04279732001611e-05
1.71996021338018e-01	1.41223954110377e-02	-6.37431882428707e-05	1.97810888803414e-01	1.37372062228260e-02	-6.73372698531960e-05
2.22926165652584e-01	1.33518266575818e-02	-7.12422658288858e-05	2.47379661514836e-01	1.29650491736764e-02	-7.54949458674492e-05
2.71207249395866e-01	1.25755861440953e-02	-8.01376658723374e-05	2.94443052830119e-01	1.21820514603490e-02	-8.52194069866918e-05
3.17119622090114e-01	1.17829390927997e-02	-9.07970660239954e-05	3.39268101595084e-01	1.13765977828701e-02	-9.69370241361567e-05
3.60918390633340e-01	1.09612009678366e-02	-1.03717118059121e-04	3.82099299543591e-01	1.05347106281111e-02	-1.11229075592245e-04
4.02838703600407e-01	1.00948335327344e-02	-1.19581599039575e-04	4.23163697029021e-01	9.63896777771489e-03	-1.28904263481555e-04
4.43100749855339e-01	9.16413692947970e-03	-1.39352501671297e-04	4.62675870704709e-01	8.66690816785765e-03	-1.51114017078235e-04
4.81914779237446e-01	8.14328972359890e-03	-1.64417171445441e-04	5.00843092705586e-01	7.58860098032144e-03	-1.79541939389960e-04
5.19486532217212e-01	6.99730657942932e-03	-1.96834530874490e-04	5.37871155816444e-01	6.36280223478303e-03	-2.16727068593103e-04
5.56023627606773e-01	5.67713493198152e-03	-2.39764296770639e-04	5.73971535123193e-01	4.93063340705024e-03	-2.66640616434222e-04
5.91743771388256e-01	4.11141332661025e-03	-2.98251950368478e-04	6.09371004190820e-01	3.20470552945662e-03	-3.35769832367827e-04
6.26886264071214e-01	2.19192960904069e-03	-3.80749143987558e-04	6.44325695862813e-01	1.04939378477797e-03	-4.35287826132225e-04
6.61729539041016e-01	-2.53563707314219e-04	-5.02269966625946e-04	6.79143434014700e-01	-1.75729051728812e-03	-5.85744362062268e-04
6.96620202723405e-01	-3.51588411635428e-03	-6.91532353880531e-04	7.14222336749422e-01	-5.60343962301924e-03	-8.28237375503971e-04
7.32025571732872e-01	-8.12396014509353e-03	-1.00898534477190e-03	7.50124187019970e-01	-1.12276455366227e-02	-1.25456284353009e-03
7.68639156770590e-01	-1.51388012297167e-02	-1.59937475364935e-03	7.87731243941413e-01	-2.02060462742470e-02	-2.10346408414974e-03
8.07623172237263e-01	-2.69980357166200e-02	-2.87856379329066e-03	8.28639705400222e-01	-3.64991662706626e-02	-4.14950889804588e-03
8.51286396997030e-01	-5.05457233864244e-02	-6.41292884021660e-03	8.76422313879324e-01	-7.29143737202685e-02	-1.08751331340635e-02
9.05700552276210e-01	-1.12613378015047e-01	-2.03747616113856e-02	9.42958776857576e-01	-1.99097780102491e-01	-3.21825459869474e-02
1.00000000000000e+00	0.00000000000000e+00	0.00000000000000e+00
44	1.38949549437314e+02	2.83571428571429e-01
0.00000000000000e+00	1.68168169927054e-02	-4.88548365100705e-05	3.19398270669132e-02	1.63945876041323e-02	-5.12486143080526e-05
6.28492913987238e-02	1.59788966249925e-02	-5.38376926633166e-05	9.27865216182480e-02	1.55686398785926e-02	-5.66270058017793e-05
1.21805910331024e-01	1.51627260783491e-02	-5.96376714676605e-05	1.49958453797170e-01	1.47600455637176e-02	-6.28936589595064e-05
1.77292060850737e-01	1.43594588022784e-02	-6.64222617392518e-05	2.03851834831925e-01	1.39597837963223e-02	-7.02546677417981e-05
2.29680332088408e-01	1.35597820503770e-02	-7.44266401764282e-05	2.54817800249452e-01	1.31581427269774e-02	-7.89793497881774e-05
2.79302399194918e-01	1.27534644859104e-02	-8.39603789202226e-05	3.03170407426189e-01	1.23442344440381e-02	-8.94249606733233e-05
3.26456416394007e-01	1.19288034849359e-02	-9.54374921993129e-05	3.49193515250124e-01	1.15053570346884e-02	-1.02073427524774e-04
3.71413468467553e-01	1.10718800609833e-02	-1.09421614479688e-04	3.93146888826175e-01	1.06261148613818e-02	-1.17587262824292e-04
4.14423408395873e-01	1.01655095715707e-02	-1.26695662093113e-04	4.35271850387869e-01	9.68715494747063e-03	-1.36896974390455e-04
4.55720405109043e-01	9.18770588990103e-03	-1.48372357360760e-04	4.75796813783777e-01	8.66328330051069e-03	-1.61341963020423e-04
4.95528564752951e-01	8.10935003835889e-03	-1.76075398116593e-04	5.14943107600098e-01	7.52055277766805e-03	-1.92905671808852e-04
5.34068092199109e-01	6.89051799789375e-03	-2.12247822770406e-04	5.52931641695458e-01	6.21158625882212e-03	-2.34624373629977e-04
5.71562671264576e-01	5.47446151429321e-03	-2.60700317882723e-04	5.89991268518410e-01	4.66774280389992e-03	-2.91332294622748e-04
6.08249157225265e-01	3.77728919101217e-03	-3.27638321516277e-04	6.26370274492639e-01	2.78534633808891e-03	-3.71099312551637e-04
6.44391504195164e-01	1.66932349497229e-03	-4.23709136956330e-04	6.62353628661867e-01	4.00049056405782e-04	-4.88202070072052e-04
6.80302590586106e-01	-1.06077084998379e-03	-5.68406360305085e-04	6.98291205038530e-01	-2.76434362934508e-03	-6.69810026651119e-04
7.16381540474999e-01	-4.78059978171330e-03	-8.00496714795873e-04	7.34648322501570e-01	-7.20737175750374e-03	-9.72753669538751e-04
7.53183953735047e-01	-1.01854167533907e-02	-1.20595846228588e-03	7.72106188880810e-01	-1.39240324500011e-02	-1.53203504240018e-03
7.91570380238845e-01	-1.87468898453744e-02	-2.00641186618267e-03	8.11790047050954e-01	-2.51788689809398e-02	-2.73168475927776e-03
8.33073699151233e-01	-3.41223491586510e-02	-3.91330681013469e-03	8.55896328995848e-01	-4.72467938950586e-02	-6.00439332894687e-03
8.81053867922165e-01	-6.79493656455276e-02	-1.01197813190586e-02	9.10049655690508e-01	-1.04176177006054e-01	-1.91400622940532e-02
9.46287843982162e-01	-1.82082526378457e-01	-3.36127983257739e-02	1.00000000000000e+00	0.00000000000000e+00	0.00000000000000e+00
45	1.38949549437314e+02	3.54214285714286e-01
0.00000000000000e+00	1.63752369560817e-02	-4.60142236486938e-05	3.15084260060385e-02	1.59756271261033e-02	-4.82030706292491e-05
6.20259710969597e-02	1.55821037014017e-02	-5.05667852850333e-05	9.16070786233721e-02	1.51936767768979e-02	-5.31078594017131e-05
1.20302776514329e-01	1.48093708998875e-02	-5.58444311407058e-05	1.48160979712823e-01	1.44281956900407e-02	-5.87970114767078e-05
1.75226765845420e-01	1.40491361935100e-02	-6.19888660904344e-05	2.01542627286401e-01	1.36711423612197e-02	-6.54464708289559e-05
2.27148702634378e-01	1.32931173954820e-02	-6.92000581363761e-05	2.52082990322881e-01	1.29139046518187e-02	-7.32842713198067e-05
2.76381546847376e-01	1.25322727349222e-02	-7.77389587325317e-05	3.00078671904869e-01	1.21468983388227e-02	-8.26101433766269e-05
3.23207082606400e-01	1.17563462455443e-02	-8.79511956419776e-05	3.45798078837081e-01	1.13590458269721e-02	-9.38242924992672e-05
3.67881701803772e-01	1.09532631280034e-02	-1.00302211670122e-04	3.89486887832454e-01	1.05370674241214e-02	-1.07470566375056e-04
4.10641619562299e-01	1.01082908406598e-02	-1.15430625023949e-04	4.31373076843111e-01	9.66447911230550e-03	-1.24302851338909e-04
4.51707789894842e-01	9.20283111553610e-03	-1.34231438842392e-04	4.71671797655273e-01	8.72012390752497e-03	-1.45390122483713e-04
4.91290814761184e-01	8.21261903846038e-03	-1.57989734135944e-04	5.10590411327845e-01	7.67594432628016e-03	-1.72288083207350e-04
5.29596210684462e-01	7.10494330744815e-03	-1.88603066885618e-04	5.48334111592045e-01	6.49348148386308e-03	-2.07330212594670e-04
5.66830543369325e-01	5.83419432633514e-03	-2.28966503770023e-04	5.85112765007811e-01	5.11815558242623e-03	-2.54143128428863e-04
6.03209223114604e-01	4.33443519672250e-03	-2.83671228469506e-04	6.21149988909662e-01	3.46950191331219e-03	-3.18606874172511e-04
6.38967302356072e-01	2.50640353607934e-03	-3.60344944501323e-04	6.56696263154427e-01	1.42362323123479e-03	-4.10757591696287e-04
6.74375725981360e-01	1.93454308598184e-04	-4.72403294468737e-04	6.92049484709508e-01	-1.22035793462738e-03	-5.48850199273643e-04
7.09767873880077e-01	-2.86611832000527e-03	-6.45190569704690e-04	7.27589987048881e-01	-4.80951961628251e-03	-7.68887231775484e-04
7.45586832573646e-01	-7.14202745954895e-03	-9.31217406148432e-04	7.63845960584094e-01	-9.99451095652715e-03	-1.14984495771076e-03
7.82478487894497e-01	-1.35603056421547e-02	-1.45363737802739e-03	8.01630211760148e-01	-1.81361026663113e-02	-1.89224153419620e-03
8.21500086174704e-01	-2.41985989774628e-02	-2.55650754434744e-03	8.42372875393876e-01	-3.25581219208875e-02	-3.62590862256251e-03
8.64681515446370e-01	-4.46928421633819e-02	-5.49017166659937e-03	8.89138950584533e-01	-6.35557629558098e-02	-9.09553298073495e-03
9.17058328596178e-01	-9.58525397001919e-02	-1.69408700876630e-02	9.51301201506683e-01	-1.62534369828763e-01	-3.14881818343888e-02
1.00000000000000e+00	0.00000000000000e+00	0.00000000000000e+00
47	1.38949549437314e+02	4.24857142857143e-01
0.00000000000000e+00	1.56036245416895e-02	-4.14226745997226e-05	3.04270819934395e-02	1.52415673363577e-02	-4.32909272756188e-05
5.99405941136571e-02	1.48848419964576e-02	-4.53036433849530e-05	8.85884051638284e-02	1.45326333374702e-02	-4.74594167860776e-05
1.16415510673735e-01	1.41841431095737e-02	-4.97720911429855e-05	1.43464275567153e-01	1.38385627446749e-02	-5.22572214407546e-05
1.69774656244869e-01	1.34950663028064e-02	-5.49323349601227e-05	1.95384404347936e-01	1.31528028317682e-02	-5.78172370633290e-05
2.20329254422348e-01	1.28108879824937e-02	-6.09343772668414e-05	2.44643097492804e-01	1.24683946737605e-02	-6.43092816139390e-05
2.68358142378043e-01	1.21243425824533e-02	-6.79710729472038e-05	2.91505066440099e-01	1.17776861701604e-02	-7.19530941744040e-05
3.14113157352940e-01	1.14273009119139e-02	-7.62936651677038e-05	3.36210447401343e-01	1.10719672849562e-02	-8.10369931925070e-05
3.57823841779158e-01	1.07103520250087e-02	-8.62342975653796e-05	3.78979242348646e-01	1.03409859596733e-02	-9.19451806358218e-05
3.99701668353476e-01	9.96223760106751e-03	-9.82393207229482e-05	4.20015375652043e-01	9.57228147484690e-03	-1.05198596998202e-04
4.39943976163299e-01	9.16905975805848e-03	-1.12919719123639e-04	4.59510559406749e-01	8.75023555434407e-03	-1.21517570035756e-04
4.78737818286465e-01	8.31313550708379e-03	-1.31129466718782e-04	4.97648181640545e-01	7.85467866143019e-03	-1.41920579846522e-04
5.16263956584811e-01	7.37128772980622e-03	-1.54091011533630e-04	5.34607484366834e-01	6.85877722348316e-03	-1.67884987331002e-04
5.52701314382483e-01	6.31221131983373e-03	-1.83603059303650e-04	5.70568402283080e-01	5.72572126471793e-03	-2.01618342255072e-04
5.88232339859033e-01	5.09226857162237e-03	-2.22398567314874e-04	6.05717626826145e-01	4.40333404711546e-03	-2.46536202527681e-04
6.23049998077389e-01	3.64850481170453e-03	-2.74790527750701e-04	6.40256824861900e-01	2.81491773833653e-03	-3.08146909943741e-04
6.57367615461884e-01	1.88649906890248e-03	-3.47902393108557e-04	6.74414651424920e-01	8.42907633787915e-04	-3.95791143024127e-04
6.91433811214860e-01	-3.41960038859224e-04	-4.54172797217156e-04	7.08465657492975e-01	-1.70212757169064e-03	-5.26322136725765e-04
7.25556902732074e-01	-3.28272467340696e-03	-6.16887107960373e-04	7.42762430486366e-01	-5.14481234973230e-03	-7.32636277677612e-04
7.60148154910088e-01	-7.37290655834333e-03	-8.83723031690042e-04	7.77795184874466e-01	-1.00871062241404e-02	-1.08591508336686e-03
7.95806094070328e-01	-1.34634128969152e-02	-1.36472200319604e-03	8.14314741392990e-01	-1.77693504897289e-02	-1.76348587506769e-03
8.33502396927536e-01	-2.34298367066867e-02	-2.36036214036983e-03	8.53625806331729e-01	-3.11570844212093e-02	-3.30699463155315e-03
8.75069743061398e-01	-4.22276433965134e-02	-4.92560223730898e-03	8.98455253977708e-01	-5.91343519298396e-02	-7.98030304203956e-03
9.24893305447335e-01	-8.73489437915851e-02	-1.44809736354212e-02	9.56698249341064e-01	-1.42874790098841e-01	-2.75142128336596e-02
1.00000000000000e+00	0.00000000000000e+00	0.00000000000000e+00
47	1.38949549437314e+02	4.95500000000000e-01
0.00000000000000e+00	1.55413579945369e-02	-4.07184775677027e-05	3.06896284576799e-02	1.51832674074772e-02	-4.25438461661987e-05
6.04612755671930e-02	1.48304760584352e-02	-4.45094918011257e-05	8.93627923507923e-02	1.44821874955026e-02	-4.66140161512474e-05
1.17439167863545e-01	1.41376220562894e-02	-4.88707798056431e-05	1.44732769617719e-01	1.37959904995717e-02	-5.12947863919866e-05
1.71283563668329e-01	1.34564872079659e-02	-5.39029298149973e-05	1.97129316584283e-01	1.31182828413181e-02	-5.67142881067184e-05
2.22305781486066e-01	1.27805162751544e-02	-5.97504686943306e-05	2.46846870121099e-01	1.24422856500899e-02	-6.30360239322059e-05
2.70784812775179e-01	1.21026382947513e-02	-6.65989416139823e-05	2.94150307679927e-01	1.17605592746599e-02	-7.04712405310559e-05
3.16972661469585e-01	1.14149582266581e-02	-7.46896845611467e-05	3.39279922165374e-01	1.10646540860861e-02	-7.92966486666824e-05
3.61099006121886e-01	1.07083572267028e-02	-8.43411835813601e-05	3.82455820359241e-01	1.03446483552125e-02	-8.98803033881901e-05
4.03375381730658e-01	9.97195344633872e-03	-9.59805997233776e-05	4.23881934441502e-01	9.58851366415825e-03	-1.02720225506614e-04
4.43999067551993e-01	9.19234904330923e-03	-1.10191383512648e-04	4.63749834270725e-01	8.78121428815049e-03	-1.18503462625430e-04
4.83156875096239e-01	8.35254457793155e-03	-1.27787030895110e-04	5.02242547209848e-01	7.90338851852890e-03	-1.38198916406429e-04
5.21029062995617e-01	7.43032464912474e-03	-1.49928822947176e-04	5.39538641203256e-01	6.92935635073355e-03	-1.63207883898231e-04
5.57793675140070e-01	6.39577868736296e-03	-1.78320053914272e-04	5.75816923460990e-01	5.82400759319346e-03	-1.95617155638539e-04
5.93631730753665e-01	5.20735889117030e-03	-2.15539283052069e-04	6.11262287367285e-01	4.53775898188891e-03	-2.38642700137071e-04
6.28733941094861e-01	3.80536129908271e-03	-2.65638456480533e-04	6.46073577813302e-01	2.99803145062150e-03	-2.97446963962500e-04
6.63310094674189e-01	2.10064536639210e-03	-3.35276081658842e-04	6.80474998981382e-01	1.09411792862879e-03	-3.80735584943004e-04
6.97603180192419e-01	-4.59663621954487e-05	-4.36007988752873e-04	7.14733924410513e-01	-1.35132152679707e-03	-5.04110178910055e-04
7.31912275189000e-01	-2.86385239719866e-03	-5.89305009995433e-04	7.49190900163558e-01	-4.64001274723980e-03	-6.97768935640219e-04
7.66632715967690e-01	-6.75756050024767e-03	-8.38714468035073e-04	7.84314684759793e-01	-9.32637572998418e-03	-1.02635548224761e-03
8.02333486215580e-01	-1.25064509407693e-02	-1.28351612048139e-03	8.20814320170545e-01	-1.65391556427157e-02	-1.64864372308293e-03
8.39925204793697e-01	-2.18044849087906e-02	-2.19038433816188e-03	8.59901533357939e-01	-2.89326556975288e-02	-3.04045345218174e-03
8.81091310131077e-01	-3.90388677357792e-02	-4.47549598001751e-03	9.04046397820768e-01	-5.42662720873053e-02	-7.14639267229367e-03
9.29730545624557e-01	-7.92116897736562e-02	-1.27966791224630e-02	9.60083517992856e-01	-1.26746450959760e-01	-2.50708858318984e-02
1.00000000000000e+00	0.00000000000000e+00	0.00000000000000e+00
47	1.38949549437314e+02	5.66142857142857e-01
0.00000000000000e+00	1.54765526236851e-02	-3.99484099196101e-05	3.09456119875177e-02	1.51226926148198e-02	-4.17272359696241e-05
6.09692230980880e-02	1.47741014557095e-02	-4.36418940661376e-05	9.01186262403188e-02	1.44300024808630e-02	-4.56909408976802e-05
1.18438766434148e-01	1.40896357597824e-02	-4.78872223292903e-05	1.45971978673986e-01	1.37522325880277e-02	-5.02451546484650e-05
1.72758205725519e-01	1.34170089604397e-02	-5.27809577779426e-05	1.98835198036218e-01	1.30831585322200e-02	-5.55129355832573e-05
2.24238697896491e-01	1.27498449027710e-02	-5.84618024350725e-05	2.49002609782672e-01	1.24161930620714e-02	-6.16510762434519e-05
2.73159158643001e-01	1.20812797768708e-02	-6.51075428059755e-05	2.96739037750937e-01	1.17441226808721e-02	-6.88618177651090e-05
3.19771547644048e-01	1.14036677534439e-02	-7.29490211559547e-05	3.42284727590928e-01	1.10587748158022e-02	-7.74095938285146e-05
3.64305480982820e-01	1.07082005879409e-02	-8.22902946033821e-05	3.85859696032466e-01	1.03505787248663e-02	-8.76454210172462e-05
4.06972363182919e-01	9.98439610341073e-03	-9.35383110018950e-05	4.27667690688336e-01	9.60796444269407e-03	-1.00043204985578e-04
4.47969219933729e-01	9.21938610842976e-03	-1.07247586906611e-04	4.67899942221276e-01	8.81651251379401e-03	-1.15255095309186e-04
4.87482418981608e-01	8.39689323690718e-03	-1.24189243399853e-04	5.06738907687521e-01	7.95771323863770e-03	-1.34198175077982e-04
5.25691496183750e-01	7.49571470045751e-03	-1.45460758463889e-04	5.44362248738040e-01	7.00709903059593e-03	-1.58194564625846e-04
5.62773367918846e-01	6.48740276935444e-03	-1.72666337078242e-04	5.80947377494676e-01	5.93133896991827e-03	-1.89205909930434e-04
5.98907333041051e-01	5.33259237144401e-03	-2.08224941342650e-04	6.16677069001711e-01	4.68355195690284e-03	-2.30242453009621e-04
6.34281493831062e-01	3.97495761560052e-03	-2.55920189267345e-04	6.51746948924750e-01	3.19542698236930e-03	-2.86112193993215e-04
6.69101652915078e-01	2.33081309806837e-03	-3.21935783889282e-04	6.86376261493656e-01	1.36331807983314e-03	-3.64874737189602e-04
7.03604585735798e-01	2.70249521490462e-04	-4.16933086052618e-04	7.20824531423054e-01	-9.77759414811374e-04	-4.80869117341021e-04
7.38079352356392e-01	-2.41935249836478e-03	-5.60561545578597e-04	7.55419359590759e-01	-4.10635001318205e-03	-6.61599850790173e-04
7.72904309551534e-01	-6.10975479643738e-03	-7.92270426953401e-04	7.90606832996507e-01	-8.52930498170046e-03	-9.65268348865456e-04
8.08617515282257e-01	-1.15092292334030e-02	-1.20081601689392e-03	8.27052704358161e-01	-1.52653790276832e-02	-1.53266205090463e-03
8.46067047961107e-01	-2.01343827459523e-02	-2.02041503853545e-03	8.65874727921903e-01	-2.66682776821897e-02	-2.77703602609014e-03
8.86787907182223e-01	-3.58306782964859e-02	-4.03654286308375e-03	9.09292602229645e-01	-4.94423108941956e-02	-6.34268048658293e-03
9.34216757945584e-01	-7.13189298868374e-02	-1.11559750045660e-02	9.63168686422229e-01	-1.11758884355191e-01	-2.19567227341455e-02
1.00000000000000e+00	0.00000000000000e+00	0.00000000000000e+00
44	1.38949549437314e+02	6.36785714285714e-01
0.00000000000000e+00	1.64844365521033e-02	-4.48284000527099e-05	3.33349925774531e-02	1.60848359682491e-02	-4.69583458839740e-05
6.56146080296677e-02	1.56915833861759e-02	-4.92568060115328e-05	9.68968632745597e-02	1.53036958796482e-02	-5.17277164482355e-05
1.27236111482423e-01	1.49202041219059e-02	-5.43887330559656e-05	1.56683366358978e-01	1.45401259205211e-02	-5.72598272079450e-05
1.85286597451131e-01	1.41624567036029e-02	-6.03636588338841e-05	2.13090999915341e-01	1.37861591675530e-02	-6.37260225444525e-05
2.40139241993572e-01	1.34101518304228e-02	-6.73763812839567e-05	2.66471693117037e-01	1.30332961928767e-02	-7.13485099208544e-05
2.92126635294709e-01	1.26543821458238e-02	-7.56812763875736e-05	3.17140460236834e-01	1.22721111675108e-02	-8.04195860242274e-05
3.41547854510685e-01	1.18850767795990e-02	-8.56155439501460e-05	3.65381974925211e-01	1.14917415657918e-02	-9.13298853131295e-05
3.88674616295058e-01	1.10904098802356e-02	-9.76337425651064e-05	4.11456373746376e-01	1.06791951556333e-02	-1.04610853976839e-04
4.33756801804254e-01	1.02559803952060e-02	-1.12360342036988e-04	4.55604572656104e-01	9.81836998507513e-03	-1.21000217128797e-04
4.77027636234192e-01	9.36363048270694e-03	-1.30671876220845e-04	4.98053385127628e-01	8.88861711557998e-03	-1.41545859438930e-04
5.18708827856652e-01	8.38968184297140e-03	-1.53829363975788e-04	5.39020774768458e-01	7.86255722775597e-03	-1.67776114101681e-04
5.59016041819461e-01	7.30220824268524e-03	-1.83699423870642e-04	5.78721678899788e-01	6.70264133761900e-03	-2.01989792608215e-04
5.98165231286966e-01	6.05665562237556e-03	-2.23138863700179e-04	6.17375045523345e-01	5.35551456871430e-03	-2.47772419131875e-04
6.36380634849890e-01	4.58850753316464e-03	-2.76696763962248e-04	6.55213124841652e-01	3.74235535555978e-03	-3.10964782026302e-04
6.73905807945819e-01	2.80039220767025e-03	-3.51971989849487e-04	6.92494847604569e-01	1.74141968718455e-03	-4.01599029057564e-04
7.11020190850721e-01	5.38071476965385e-04	-4.62428518420266e-04	7.29526776582356e-01	-8.45572769401115e-04	-5.38082744533819e-04
7.48066171989377e-01	-2.45755096929612e-03	-6.33767830402920e-04	7.66698844156596e-01	-4.36349319702711e-03	-7.57178199137787e-04
7.85497401103213e-01	-6.65529581193169e-03	-9.20064896910100e-04	8.04551362491905e-01	-9.46537924473334e-03	-1.14108169065585e-03
8.23974441111865e-01	-1.29911394934095e-02	-1.45124751472125e-03	8.43916145038274e-01	-1.75390524448945e-02	-1.90515374366451e-03
8.64581256340951e-01	-2.36091802598715e-02	-2.60593439214762e-03	8.86264738143769e-01	-3.20694429942927e-02	-3.76696385540587e-03
9.09419778001272e-01	-4.45490472365583e-02	-5.88602029327756e-03	9.34806290000235e-01	-6.44324001360590e-02	-1.03301667600861e-02
9.63871532071840e-01	-1.00684585397063e-01	-2.08300621917090e-02	1.00000000000000e+00	0.00000000000000e+00	0.00000000000000e+00
42	1.38949549437314e+02	7.07428571428571e-01
0.00000000000000e+00	1.72105065112367e-02	-4.82331404512149e-05	3.52019332770557e-02	1.67771002292734e-02	-5.06248644134288e-05
6.92422103089257e-02	1.63509268870288e-02	-5.32111272004698e-05	1.02187246525627e-01	1.59308358140346e-02	-5.60002561285078e-05
1.34099093891149e-01	1.55156877712859e-02	-5.90139996048400e-05	1.65035842290588e-01	1.51043273035711e-02	-6.22770966107744e-05
1.95051983627012e-01	1.46955705247391e-02	-6.58177836203588e-05	2.24198743293248e-01	1.42881917530995e-02	-6.96684043424156e-05
2.52524383335265e-01	1.38809086386038e-02	-7.38661470791602e-05	2.80074481180083e-01	1.34723653536939e-02	-7.84539428975162e-05
3.06892187446003e-01	1.30611133111256e-02	-8.34815587151816e-05	3.33018466079628e-01	1.26455887761832e-02	-8.90069489862810e-05
3.58492319868305e-01	1.22240865344108e-02	-9.50979200244895e-05	3.83351004258610e-01	1.17947286102655e-02	-1.01834213941832e-04
4.07630232373789e-01	1.13554266825604e-02	-1.09310110978811e-04	4.31364374174574e-01	1.09038365232270e-02	-1.17637730178588e-04
4.54586652860965e-01	1.04373022098279e-02	-1.26951230081218e-04	4.77329341889484e-01	9.95278719247117e-03	-1.37412213845334e-04
4.99623966411739e-01	9.44678829313195e-03	-1.49216737740376e-04	5.21501513572149e-01	8.91522739221973e-03	-1.62604503281427e-04
5.42992657001812e-01	8.35331364721070e-03	-1.77871047330358e-04	5.64128002109351e-01	7.75536629794282e-03	-1.95384049440417e-04
5.84938360542472e-01	7.11458440744428e-03	-2.15605545637043e-04	6.05455064687887e-01	6.42274378331309e-03	-2.39122437923012e-04
6.25710336620184e-01	5.66979319984262e-03	-2.66689269069253e-04	6.45737730995619e-01	4.84330843854641e-03	-2.99288939970666e-04
6.65572678804290e-01	3.92774298840370e-03	-3.38220775726761e-04	6.85253169892588e-01	2.90338188877048e-03	-3.85230832632200e-04
7.04820628816577e-01	1.74485308084416e-03	-4.42709120117124e-04	7.24321064370453e-01	4.18964168862890e-04	-5.13996211304768e-04
7.43806614116909e-01	-1.11851669995378e-03	-6.03874343006350e-04	7.63337672361356e-01	-2.92778320689180e-03	-7.19380682979498e-04
7.82985903741403e-01	-5.09275233275086e-03	-8.71209579574872e-04	8.02838645045930e-01	-7.73375113719710e-03	-1.07624251906602e-03
8.23005567850463e-01	-1.10291359409729e-02	-1.36237346479451e-03	8.43629195598368e-01	-1.52540079925715e-02	-1.77833934274974e-03
8.64902369406583e-01	-2.08537775911610e-02	-2.41546298166018e-03	8.87099142079689e-01	-2.85944120969126e-02	-3.46099061440519e-03
9.10634034999606e-01	-3.98976993601462e-02	-5.34796449199049e-03	9.36188722891849e-01	-5.76746607632974e-02	-9.26173000851116e-03
9.65027981599657e-01	-8.94984144236937e-02	-1.85198767753032e-02	1.00000000000000e+00	0.00000000000000e+00	0.00000000000000e+00
39	1.38949549437314e+02	7.78071428571429e-01
0.00000000000000e+00	1.84822820769288e-02	-5.48510348112874e-05	3.82083401285296e-02	1.79853583853746e-02	-5.77742254919134e-05
7.50666163563684e-02	1.74973690220994e-02	-6.09484956324291e-05	1.10657268662533e-01	1.70168093966960e-02	-6.43912437594540e-05
1.45056956658022e-01	1.65421820387015e-02	-6.81335837355856e-05	1.78337126875580e-01	1.60719646660814e-02	-7.22112652382645e-05
2.10564523962769e-01	1.56045914964402e-02	-7.66655291000173e-05	2.41801653384567e-01	1.51384325809645e-02	-8.15441496888614e-05
2.72107202516434e-01	1.46717705139965e-02	-8.69027162482272e-05	3.01536426274104e-01	1.42027737194022e-02	-9.28062167122601e-05
3.30141502853820e-01	1.37294653267133e-02	-9.93310124415281e-05	3.57971864734176e-01	1.32496863644380e-02	-1.06567306030314e-04
3.85074509813767e-01	1.27610516832581e-02	-1.14622265538378e-04	4.11494297429686e-01	1.22608965021171e-02	-1.23623995455624e-04
4.37274234033169e-01	1.17462108625659e-02	-1.33726645090704e-04	4.62455753512641e-01	1.12135583196649e-02	-1.45117012386065e-04
4.87078997589867e-01	1.06589740527951e-02	-1.58023213497449e-04	5.11183102429275e-01	1.00778356895301e-02	-1.72726122389388e-04
5.34806498683876e-01	9.46469781976766e-03	-1.89574720055985e-04	5.57987233783630e-01	8.81307741837833e-03	-2.09006884095642e-04
5.80763327554854e-01	8.11517221995217e-03	-2.31577963091922e-04	6.03173175542407e-01	7.36148630447286e-03	-2.58000701688799e-04
6.25256019154874e-01	6.54032505579383e-03	-2.89201845976583e-04	6.47052508697195e-01	5.63710360090619e-03	-3.26404069847186e-04
6.68605395656717e-01	4.63338329903973e-03	-3.71246762047583e-04	6.89960406182174e-01	3.50550454039955e-03	-4.25968675562549e-04
7.11167371742407e-01	2.22260469528646e-03	-4.93690715237083e-04	7.32281731049754e-01	7.43677410579346e-04	-5.78867699562613e-04
7.53366579435383e-01	-9.86909603699293e-04	-6.88034120710501e-04	7.74495546563208e-01	-3.04645800560310e-03	-8.31084757465517e-04
7.95756966804123e-01	-5.54540531133507e-03	-1.02357698198863e-03	8.17260142836176e-01	-8.64678036851962e-03	-1.29110154395295e-03
8.39145153226692e-01	-1.26008669026153e-02	-1.67814823226498e-03	8.61598995503329e-01	-1.78106964543624e-02	-2.26761906942707e-03
8.84883848308838e-01	-2.49649231552613e-02	-3.22849348270338e-03	9.09390613601570e-01	-3.53320077558822e-02	-4.94941702190888e-03
9.35751627643454e-01	-5.14837010881100e-02	-8.49205424541388e-03	9.65116178302675e-01	-8.00228126452467e-02	-1.68836643055275e-02
1.00000000000000e+00	0.00000000000000e+00	0.00000000000000e+00
35	1.38949549437314e+02	8.48714285714286e-01
0.00000000000000e+00	2.05565383418982e-02	-6.68622041666289e-05	4.29091659781922e-02	1.99459823573793e-02	-7.08350535965074e-05
8.41401296823875e-02	1.93476161004058e-02	-7.51825403537687e-05	1.23805997504577e-01	1.87591786434791e-02	-7.99424150335071e-05
1.62011144738693e-01	1.81784059529797e-02	-8.51684887608339e-05	1.98852159846758e-01	1.76029856104696e-02	-9.09236387494072e-05
2.34418686564442e-01	1.70305210989079e-02	-9.72817042685925e-05	2.68794179342801e-01	1.64584915658956e-02	-1.04329861918107e-04
3.02056585838347e-01	1.58842054387061e-02	-1.12171621656332e-04	3.34278968636650e-01	1.53047458439228e-02	-1.20930639437189e-04
3.65530077266912e-01	1.47169051869480e-02	-1.30755610593614e-04	3.95874880814039e-01	1.41171054197702e-02	-1.41826606618434e-04
4.25375071061996e-01	1.35012993663752e-02	-1.54363357733223e-04	4.54089546136104e-01	1.28648468935249e-02	-1.68636218923490e-04
4.82074885115061e-01	1.22023573158256e-02	-1.84980817377500e-04	5.09385825167403e-01	1.15074861812610e-02	-2.03817908567272e-04
5.36075754608630e-01	1.07726696359842e-02	-2.25680655727256e-04	5.62197238156992e-01	9.98877221908634e-03	-2.51252634199339e-04
5.87802595029241e-01	9.14461306748504e-03	-2.81421763618228e-04	6.12944557058397e-01	8.22631822761166e-03	-3.17358167182258e-04
6.37677043857298e-01	7.21641992918132e-03	-3.60628937220220e-04	6.62056107028387e-01	6.09258019259618e-03	-4.13371327700141e-04
6.86141118617079e-01	4.82574330377528e-03	-4.78560714068266e-04	7.09996315763754e-01	3.37739841450002e-03	-5.60437946268255e-04
7.33692873357737e-01	1.69541332515721e-03	-6.65213818426658e-04	7.57311777157643e-01	-2.92501972780745e-04	-8.02277185595557e-04
7.80947945652098e-01	-2.68941902707964e-03	-9.86363550188329e-04	8.04716369992785e-01	-5.64718364950756e-03	-1.24166644105506e-03
8.28761659418279e-01	-9.39840998576236e-03	-1.61016709790252e-03	8.53273647695954e-01	-1.43167990422369e-02	-2.16995516488727e-03
8.78514529670974e-01	-2.10392261158320e-02	-3.07999300013861e-03	9.04869888061955e-01	-3.07352804242067e-02	-4.70590652394098e-03
9.32955184749555e-01	-4.57672236257526e-02	-8.05047297785411e-03	9.63873401458941e-01	-7.21321756311186e-02	-1.60778333592682e-02
1.00000000000000e+00	0.00000000000000e+00	0.00000000000000e+00
32	1.38949549437314e+02	9.19357142857143e-01
0.00000000000000e+00	2.24328048937830e-02	-7.82929210705330e-05	4.72791602000893e-02	2.17109532760908e-02	-8.33722547914917e-05
9.25490698237002e-02	2.10048664590754e-02	-8.89713385405777e-05	1.35956418443741e-01	2.03113945720634e-02	-9.51537220121867e-05
1.77635649592594e-01	1.96273716386648e-02	-1.02003305073817e-04	2.17710393191708e-01	1.89495498913486e-02	-1.09619629890423e-04
2.56294731388503e-01	1.82745392621178e-02	-1.18121513618119e-04	2.93494325358744e-01	1.75987380065838e-02	-1.27651706467891e-04
3.29407427143011e-01	1.69182510351320e-02	-1.38382917403312e-04	3.64125797838664e-01	1.62287914919195e-02	-1.50525686667624e-04
3.97735551559747e-01	1.55255596406432e-02	-1.64338779117701e-04	4.30317943478247e-01	1.48030910110080e-02	-1.80143072808114e-04
4.61950120006902e-01	1.40550626685092e-02	-1.98340343371850e-04	4.92705849892685e-01	1.32740419720307e-02	-2.19439019055967e-04
5.22656256886504e-01	1.24511555164388e-02	-2.44090049905443e-04	5.51870578124750e-01	1.15756457441440e-02	-2.73137663703960e-04
5.80416978040001e-01	1.06342670819006e-02	-3.07692521228420e-04	6.08363456552396e-01	9.61044883100937e-03	-3.49239368355514e-04
6.35778904200413e-01	8.48311203784391e-03	-3.99799013026447e-04	6.62734378648673e-01	7.22496168846143e-03	-4.62178450894468e-04
6.89304711661688e-01	5.79996279953865e-03	-5.40368530101976e-04	7.15570612074888e-01	4.15950999554582e-03	-6.40197617342464e-04
7.41621525014858e-01	2.23643575509969e-03	-7.70448588871320e-04	7.67559672430903e-01	-6.46952619524077e-05	-9.44856172433450e-04
7.93505999425562e-01	-2.88396125854939e-03	-1.18587722905028e-03	8.19609323678552e-01	-6.43507390630493e-03	-1.53229030414570e-03
8.46061151559369e-01	-1.10597524996267e-02	-2.05581368748553e-03	8.73121188516342e-01	-1.73371091737041e-02	-2.90143120959274e-03
9.01164780949489e-01	-2.63233624642855e-02	-4.39980122677652e-03	9.30780597540475e-01	-4.01333832197170e-02	-7.44838933276148e-03
9.63002768493557e-01	-6.40703498923403e-02	-1.46729088461615e-02	1.00000000000000e+00	0.00000000000000e+00	0.00000000000000e+00
29	1.38949549437314e+02	9.90000000000000e-01
0.00000000000000e+00	2.47076643409403e-02	-9.32581146650957e-05	5.25455418666179e-02	2.38389721012571e-02	-9.99263019609842e-05
1.02644264059854e-01	2.29912037474740e-02	-1.07344557109146e-04	1.50491235207701e-01	2.21598104326250e-02	-1.15620867233712e-04
1.96263781054650e-01	2.13402027054788e-02	-1.24892878522465e-04	2.40123746821321e-01	2.05276443962898e-02	-1.35326990765128e-04
2.82219475165516e-01	1.97171437237571e-02	-1.47125878950272e-04	3.22687551447078e-01	1.89033255920261e-02	-1.60538415352685e-04
3.61654360958473e-01	1.80802771626094e-02	-1.75872908017682e-04	3.99237497644670e-01	1.72413560090339e-02	-1.93514987670174e-04
4.35547060615496e-01	1.63789460334565e-02	-2.13952103428117e-04	4.70686873458756e-01	1.54841401716799e-02	-2.37807581160432e-04
5.04755662204275e-01	1.45463195279034e-02	-2.65888748204546e-04	5.37848231257268e-01	1.35525841654629e-02	-2.99256195408937e-04
5.70056683619172e-01	1.24869679929940e-02	-3.39325483488695e-04	6.01471743822437e-01	1.13293334945643e-02	-3.88019899865144e-04
6.32184261936999e-01	1.00537814278410e-02	-4.48005853595612e-04	6.62287009488756e-01	8.62630704092382e-03	-5.23066142226414e-04
6.91876931611521e-01	7.00125267934282e-03	-6.18711982551368e-04	7.21058109817427e-01	5.11577364625637e-03	-7.43225580937423e-04
7.49945846398913e-01	2.88090009699271e-03	-9.09518140265630e-04	7.78672565168332e-01	1.66505902019165e-04	-1.13862322038316e-03
8.07396763381513e-01	-3.22520289271444e-03	-1.46670612054667e-03	8.36317342647003e-01	-7.60919433160168e-03	-1.96030834102179e-03
8.65698030822347e-01	-1.35166776378424e-02	-2.75309962864489e-03	8.95912325653427e-01	-2.19108116897139e-02	-4.14749768350053e-03
9.27534920579473e-01	-3.47058884963153e-02	-6.95565065530657e-03	9.61555612381229e-01	-5.66409838062870e-02	-1.35331602057223e-02
1.00000000000000e+00	0.00000000000000e+00	0.00000000000000e+00
