116	1.86140668735512e+01	1.00000000000000e-03
0.00000000000000e+00	3.50849249874541e-03	1.76714633326469e-06	1.04294425725769e-02	3.50150775103797e-03	1.14609729473525e-06
2.07861089717273e-02	3.49269442581734e-03	6.47791619456939e-07	3.10706867933810e-02	3.48246117761619e-03	2.35893642730467e-07
4.12838860173589e-02	3.47107213810749e-03	-1.21252021090257e-07	5.14264325284334e-02	3.45869685927536e-03	-4.41486145863479e-07
6.14990640219477e-02	3.44545120350626e-03	-7.35659484218942e-07	7.15025271788305e-02	3.43141815994974e-03	-1.01080741288229e-06
8.14375756156126e-02	3.41665927334778e-03	-1.27174687580833e-06	9.13049683401769e-02	3.40122132661502e-03	-1.52193460856154e-06
1.01105468556291e-01	3.38514046750293e-03	-1.76394986439732e-06	1.10839842719960e-01	3.36844486642995e-03	-1.99978244319610e-06
1.20508859784695e-01	3.35115652264917e-03	-2.23101599017284e-06	1.30113290593069e-01	3.33329251229086e-03	-2.45894870576358e-06
1.39653907384685e-01	3.31486586781748e-03	-2.68466051744909e-06	1.49131483399040e-01	3.29588625443233e-03	-2.90908393485445e-06
1.58546792557119e-01	3.27636042980539e-03	-3.13302297705320e-06	1.67900609209765e-01	3.25629264381955e-03	-3.35720255306704e-06
1.77193707943260e-01	3.23568489268888e-03	-3.58226992935862e-06	1.86426863435010e-01	3.21453715685416e-03	-3.80882395667470e-06
1.95600850353347e-01	3.19284756403659e-03	-4.03742357946157e-06	2.04716443296920e-01	3.17061251688244e-03	-4.26859597202345e-06
2.13774416769922e-01	3.14782679240033e-03	-4.50284514341703e-06	2.22775545190149e-01	3.12448361968443e-03	-4.74065965128112e-06
2.31720602927484e-01	3.10057473290248e-03	-4.98251806413386e-06	2.40610364370854e-01	3.07609040785173e-03	-5.22889241416635e-06
2.49445604022134e-01	3.05101948455544e-03	-5.48025399416119e-06	2.58227096615793e-01	3.02534937830790e-03	-5.73707721485128e-06
2.66955617263376e-01	2.99906607478961e-03	-5.99984167060086e-06	2.75631941622180e-01	2.97215410794660e-03	-6.26902987632683e-06
2.84256846087724e-01	2.94459656220059e-03	-6.54514621456492e-06	2.92831108009725e-01	2.91637501592823e-03	-6.82870374624223e-06
3.01355505931667e-01	2.88746950212260e-03	-7.12022988547112e-06	3.09830819854091e-01	2.85785848217168e-03	-7.42028196976108e-06
3.18257831521866e-01	2.82751874919240e-03	-7.72942982885105e-06	3.26637324736110e-01	2.79642538842184e-03	-8.04827377565154e-06
3.34970085691302e-01	2.76455170188727e-03	-8.37745145521041e-06	3.43256903338446e-01	2.73186908608802e-03	-8.71761636278556e-06
3.51498569775455e-01	2.69834697079174e-03	-9.06946736733971e-06	3.59695880665736e-01	2.66395270432351e-03	-9.43374565287591e-06
3.67849635686507e-01	2.62865142096036e-03	-9.81123126786443e-06	3.75960639008403e-01	2.59240591628473e-03	-1.02027515280767e-05
3.84029699808144e-01	2.55517650114512e-03	-1.06091853693258e-05	3.92057632816288e-01	2.51692084529864e-03	-1.10314695336289e-05
4.00045258902313e-01	2.47759380095136e-03	-1.14706034106682e-05	4.07993405699570e-01	2.43714721083288e-03	-1.19276541847846e-05
4.15902908272898e-01	2.39552969666756e-03	-1.24037626338946e-05	4.23774609832028e-01	2.35268642698672e-03	-1.29001492841230e-05
4.31609362494228e-01	2.30855886780224e-03	-1.34181239697106e-05	4.39408028100042e-01	2.26308450596502e-03	-1.39590956800273e-05
4.47171479086367e-01	2.21619654965699e-03	-1.45245847018582e-05	4.54900599421606e-01	2.16782357471579e-03	-1.51162215660250e-05
4.62596285608208e-01	2.11788914649347e-03	-1.57357517496237e-05	4.70259447758401e-01	2.06631148332526e-03	-1.63850937566767e-05
4.77891010749406e-01	2.01300293767326e-03	-1.70663078511435e-05	4.85491915465703e-01	1.95786947701082e-03	-1.77815930635372e-05
4.93063120136279e-01	1.90081029734235e-03	-1.85334116200586e-05	5.00605601775339e-01	1.84171696373214e-03	-1.93243396111598e-05
5.08120357737555e-01	1.78047303706186e-03	-2.01572838942621e-05	5.15608407397660e-01	1.71695302705976e-03	-2.10353074094893e-05
5.23070793968414e-01	1.65102188321886e-03	-2.19618650973974e-05	5.30508586469504e-01	1.58253372582928e-03	-2.29406053278147e-05
5.37922881864824e-01	1.51133121447300e-03	-2.39756655195933e-05	5.45314807384118e-01	1.43724399876044e-03	-2.50714466178970e-05
5.52685523051073e-01	1.36008775771712e-03	-2.62328715270321e-05	5.60036224438806e-01	1.27966265185675e-03	-2.74653649594558e-05
5.67368145679548e-01	1.19575154738505e-03	-2.87748104075281e-05	5.74682562757939e-01	1.10811849648185e-03	-3.01678155021357e-05
5.81980797120106e-01	1.01650651304741e-03	-3.16516817930879e-05	5.89264219637681e-01	9.20635134794123e-04	-3.32344202265134e-05
5.96534254970133e-01	8.20198014314988e-04	-3.49250087205988e-05	6.03792386374493e-01	7.14859862209094e-04	-3.67334738375913e-05
6.11040161020588e-01	6.04252935635374e-04	-3.86709727924206e-05	6.18279195878085e-01	4.87973113259654e-04	-4.07499447439008e-05
6.25511184251898e-01	3.65575587374822e-04	-4.29844176388361e-05	6.32737903054485e-01	2.36569642060758e-04	-4.53901851200644e-05
6.39961220919342e-01	1.00412688062601e-04	-4.79850554462313e-05	6.47183107276832e-01	-4.34966999497410e-05	-5.07891025145479e-05
6.54405642534749e-01	-1.95826591175230e-04	-5.38251505379783e-05	6.61631029530534e-01	-3.57320975841624e-04	-5.71192254470443e-05
6.68861606453622e-01	-5.28810659781720e-04	-6.07010636659577e-05	6.76099861473291e-01	-7.11226144063382e-04	-6.46046660526256e-05
6.83348449352855e-01	-9.05612612599693e-04	-6.88690921555324e-05	6.90610210386104e-01	-1.11314744065871e-03	-7.35395810782524e-05
6.97888192060337e-01	-1.33516141908019e-03	-7.86686409031123e-05	7.05185673937043e-01	-1.57316446885092e-03	-8.43171509938845e-05
7.12506196347820e-01	-1.82887558049671e-03	-9.05563504922657e-05	7.19853593633927e-01	-2.10425885879351e-03	-9.74703634721852e-05
7.27232032828704e-01	-2.40156932739632e-03	-1.05157977762227e-04	7.34646058903085e-01	-2.72340612818300e-03	-1.13736732096470e-04
7.42100647960902e-01	-3.07277892326108e-03	-1.23347387641637e-04	7.49601270137214e-01	-3.45319228387797e-03	-1.34158140761231e-04
7.57153964425310e-01	-3.86874558050754e-03	-1.46373598895133e-04	7.64765428258482e-01	-4.32426498446792e-03	-1.60241976476794e-04
7.72443125522057e-01	-4.82546533696693e-03	-1.76068091725545e-04	7.80195417752878e-01	-5.37915846245651e-03	-1.94229450362515e-04
7.88031724804813e-01	-5.99352362567462e-03	-2.15196449947275e-04	7.95962723338395e-01	-6.67845716450199e-03	-2.39561419416612e-04
8.04000594384339e-01	-7.44603329162041e-03	-2.68077925070997e-04	8.12159335348531e-01	-8.31111883394930e-03	-3.01714471970138e-04
8.20455157745744e-01	-9.29220198178304e-03	-3.41730085094749e-04	8.28907000610886e-01	-1.04125206099679e-02	-3.89784995849407e-04
8.37537202447201e-01	-1.17016403958270e-02	-4.48091779109427e-04	8.46372394287815e-01	-1.31976594442685e-02	-5.19650407423633e-04
8.55444706992755e-01	-1.49503886454275e-02	-6.08584793475808e-04	8.64793434860791e-01	-1.70259802857461e-02	-7.20661765263531e-04
8.74467377677607e-01	-1.95138353064142e-02	-8.64074451650376e-04	8.84528218796353e-01	-2.25370868558813e-02	-1.05065952712780e-03
8.95055533370086e-01	-2.62688890653467e-02	-1.29775961149625e-03	9.06154450029314e-01	-3.09582465142895e-02	-1.63102961689066e-03
9.17967800598984e-01	-3.69717248857978e-02	-2.08855932932739e-03	9.30696200800603e-01	-4.48618127827101e-02	-2.72741628728235e-03
9.44632885803111e-01	-5.54785776976996e-02	-3.64608750037432e-03	9.60227907806121e-01	-7.01212244864590e-02	-5.20801598704690e-03
9.78218579563419e-01	-8.67956126967292e-02	-1.53001922013292e-02	1.00000000000000e+00	0.00000000000000e+00	0.00000000000000e+00
62	1.86140668735512e+01	7.16428571428571e-02
0.00000000000000e+00	6.64143166889708e-03	4.95964208513389e-06	1.97315040792038e-02	6.61211568567743e-03	1.54481179659438e-06
3.92038500355588e-02	6.57316470666602e-03	-8.96836719999072e-07	5.84219224376328e-02	6.52750584385053e-03	-2.89682332366148e-06
7.73907660535331e-02	6.47650480761519e-03	-4.66201999005378e-06	9.61155185987815e-02	6.42091272245060e-03	-6.29124748630083e-06
1.14601373698510e-01	6.36118201836333e-03	-7.84018262334207e-06	1.32853558022850e-01	6.29759472176050e-03	-9.34431607446662e-06
1.50877316369513e-01	6.23032333134921e-03	-1.08285570192823e-05	1.68677901773309e-01	6.15946312364191e-03	-1.23118268824385e-05
1.86260569084515e-01	6.08505065930864e-03	-1.38094955919321e-05	2.03630571105712e-01	6.00707489776742e-03	-1.53347859255248e-05
2.20793156720452e-01	5.92548402153681e-03	-1.68996581426661e-05	2.37753570646338e-01	5.84018954004217e-03	-1.85153957792394e-05
2.54517054569658e-01	5.75106857725838e-03	-2.01930328385114e-05	2.71088849501537e-01	5.65796484210557e-03	-2.19436879831392e-05
2.87474199254292e-01	5.56068854521663e-03	-2.37788273325101e-05	3.03678354981118e-01	5.45901549889982e-03	-2.57105265051294e-05
3.19706580757254e-01	5.35268540286138e-03	-2.77516948310463e-05	3.35564160211540e-01	5.24139941369484e-03	-2.99163181105566e-05
3.51256404244460e-01	5.12481696355072e-03	-3.22197155322446e-05	3.66788659895573e-01	5.00255176611519e-03	-3.46788108220863e-05
3.82166320450518e-01	4.87416696604570e-03	-3.73124507917488e-05	3.97394836906635e-01	4.73916927983042e-03	-4.01417573225871e-05
4.12479730948683e-01	4.59700202470681e-03	-4.31905557647383e-05	4.27426609622528e-01	4.44703678635983e-03	-4.64858587421180e-05
4.42241181937757e-01	4.28856353597351e-03	-5.00584595750642e-05	4.56929277680589e-01	4.12077885495932e-03	-5.39436365538659e-05
4.71496868779552e-01	3.94277186391268e-03	-5.81819864877708e-05	4.85950093640621e-01	3.75350750471193e-03	-6.28205128927473e-05
5.00295284958830e-01	3.55180626629936e-03	-6.79138259196410e-05	5.14539001627577e-01	3.33631997047368e-03	-7.35257742845441e-05
5.28688065505852e-01	3.10550228311524e-03	-7.97313719185233e-05	5.42749603982696e-01	2.85757283925392e-03	-8.66192379880282e-05
5.56731099502848e-01	2.59047330781681e-03	-9.42946851243409e-05	5.70640447506293e-01	2.30181320965817e-03	-1.02883636711848e-04
5.84486024607528e-01	1.98880266015311e-03	-1.12537651775213e-04	5.98276769326433e-01	1.64816826828762e-03	-1.23440433003719e-04
6.12022278322573e-01	1.27604711038432e-03	-1.35816321886972e-04	6.25732921935837e-01	8.67851819230214e-04	-1.49941444990809e-04
6.39419983980901e-01	4.18097685399355e-04	-1.66158749939749e-04	6.53095832298230e-01	-7.98216135899921e-05	-1.84898221497143e-04
6.66774128710603e-01	-6.33928212737445e-04	-2.06704363265642e-04	6.80470090031734e-01	-1.25404971832510e-03	-2.32274694196954e-04
6.94200816020733e-01	-1.95234298719393e-03	-2.62513846702728e-04	7.07985706307526e-01	-2.74400822581877e-03	-2.98610945894229e-04
7.21846997312995e-01	-3.64827722758243e-03	-3.42152862562450e-04	7.35810463662928e-01	-4.68980521688056e-03	-3.95293156730814e-04
7.49906349233666e-01	-5.90066946146095e-03	-4.61009730552631e-04	7.64170625361504e-01	-7.32330117798441e-03	-5.43508096880974e-04
7.78646726018048e-01	-9.01489051345628e-03	-6.48871458669209e-04	7.93387996774560e-01	-1.10541873769157e-02	-7.86142707207116e-04
8.08461244514786e-01	-1.35523309473378e-02	-9.69191889009569e-04	8.23952044692345e-01	-1.66707098501606e-02	-1.22007861149021e-03
8.39972971431864e-01	-2.06516458795414e-02	-1.57539203790624e-03	8.56676928945884e-01	-2.58736437770145e-02	-2.09885596682557e-03
8.74279919124570e-01	-3.29565173645650e-02	-2.90783539490191e-03	8.93102549784721e-01	-4.29748322612902e-02	-4.23213816771795e-03
9.13652209425296e-01	-5.79257661995590e-02	-6.54867732624043e-03	9.36803996615258e-01	-8.18347445346020e-02	-1.08999356969723e-02
9.64259495404708e-01	-1.22601253407864e-01	-2.14603340395410e-02	1.00000000000000e+00	0.00000000000000e+00	0.00000000000000e+00
51	1.86140668735512e+01	1.42285714285714e-01
0.00000000000000e+00	8.14191940265430e-03	6.17021997573186e-06	2.42292431808601e-02	8.09401365110618e-03	5.79470578299102e-07
4.80695341811077e-02	8.03055805742248e-03	-3.36141143075785e-06	7.15300612886348e-02	7.95648711079555e-03	-6.62446267907235e-06
9.46202799589734e-02	7.87391685338723e-03	-9.55233345334427e-06	1.17349781033743e-01	7.78394455595199e-03	-1.23051120666240e-05
1.39728222087208e-01	7.68718169146787e-03	-1.49740772010798e-05	1.61765287468601e-01	7.58395921694688e-03	-1.76194233234561e-05
1.83470664410546e-01	7.47442196968184e-03	-2.02856334294843e-05	2.04854029431753e-01	7.35857717406763e-03	-2.30087982908689e-05
2.25925042004280e-01	7.23632082165171e-03	-2.58205577028381e-05	2.46693343752495e-01	7.10745201085627e-03	-2.87504795450921e-05
2.67168562147203e-01	6.97167996844228e-03	-3.18276587485400e-05	2.87360318073758e-01	6.82862610950297e-03	-3.50819053176465e-05
3.07278236925255e-01	6.67782239842873e-03	-3.85447509823056e-05	3.26931963067201e-01	6.51870657165499e-03	-4.22503715573619e-05
3.46331177674830e-01	6.35061446160101e-03	-4.62365181033153e-05	3.65485620078595e-01	6.17276940690870e-03	-5.05455346764272e-05
3.84405112881340e-01	5.98426846553646e-03	-5.52254947030484e-05	4.03099591243202e-01	5.78406504470652e-03	-6.03315476903621e-05
4.21579136875698e-01	5.57094725746898e-03	-6.59275119991864e-05	4.39854017455147e-01	5.34351123702037e-03	-7.20878664426383e-05
4.57934732366758e-01	5.10012810233507e-03	-7.89001594330152e-05	4.75832065939773e-01	4.83890318472824e-03	-8.64680757541869e-05
4.93557149644825e-01	4.55762539265492e-03	-9.49152960705302e-05	5.11121535122645e-01	4.25370411454429e-03	-1.04390472251525e-04
5.28537280426766e-01	3.92408990321558e-03	-1.15073575520208e-04	5.45817052537102e-01	3.56517442363158e-03	-1.27184327374685e-04
5.62974250092016e-01	3.17266271838346e-03	-1.40993184626792e-04	5.80023151486335e-01	2.74140909797227e-03	-1.56836117750414e-04
5.96979095108617e-01	2.26520394429630e-03	-1.75134568251245e-04	6.13858700733296e-01	1.73649375404250e-03	-1.96422795645024e-04
6.30680144214164e-01	1.14600913687934e-03	-2.21385927270390e-04	6.47463502066514e-01	4.82263977965136e-04	-2.50913748366610e-04
6.64231188930647e-01	-2.69128693197507e-04	-2.86178062104847e-04	6.81008520319319e-01	-1.12640626531113e-03	-3.28746090471732e-04
6.97824447157289e-01	-2.11299795019304e-03	-3.80750361673510e-04	7.14712530244843e-01	-3.25945721523335e-03	-4.45149511913767e-04
7.31712256767153e-01	-4.60630816614616e-03	-5.26139256618485e-04	7.48870855930931e-01	-6.20834315630769e-03	-6.29820353131860e-04
7.66245862549315e-01	-8.14129785617779e-03	-7.65322040870542e-04	7.83908836233419e-01	-1.05125568810200e-02	-9.46769599516006e-04
8.01950930662375e-01	-1.34789776083947e-02	-1.19689009820134e-03	8.20491551443029e-01	-1.72778745119934e-02	-1.55398693968256e-03
8.39692434681126e-01	-2.22836926752419e-02	-2.08630613664162e-03	8.59781835656909e-01	-2.91181430996073e-02	-2.92388151686485e-03
8.81099050657313e-01	-3.88804184079240e-02	-4.33533207771397e-03	9.04183946443863e-01	-5.36737077777109e-02	-6.92999096683655e-03
9.29979437296651e-01	-7.79560942510749e-02	-1.22225200784718e-02	9.60369954128097e-01	-1.22992332428607e-01	-2.38420103076713e-02
1.00000000000000e+00	0.00000000000000e+00	0.00000000000000e+00
47	1.86140668735512e+01	2.12928571428571e-01
0.00000000000000e+00	8.89573253350329e-03	6.25911617424535e-06	2.65425526295869e-02	8.83527363897563e-03	-4.82100600551760e-07
5.26203519074880e-02	8.75623466069597e-03	-5.22850714079759e-06	7.82455431598446e-02	8.66457561930489e-03	-9.18870811106309e-06
1.03430580141717e-01	8.56276446914506e-03	-1.27751827734279e-05	1.28188054738490e-01	8.45204150740897e-03	-1.61803326654830e-05
1.52530610854572e-01	8.33306203231210e-03	-1.95153096724798e-05	1.76470896257590e-01	8.20613931290537e-03	-2.28551552523548e-05
2.00021535746108e-01	8.07135472471088e-03	-2.62571075717588e-05	2.23195118106309e-01	7.92861309346549e-03	-2.97693700428425e-05
2.46004192939023e-01	7.77767145309083e-03	-3.34359419171815e-05	2.68461275155945e-01	7.61815299691904e-03	-3.72996292112848e-05
2.90578855879170e-01	7.44955172579576e-03	-4.14042006249282e-05	3.12369419049368e-01	7.27123039712785e-03	-4.57961247519734e-05
3.33845463438153e-01	7.08241305063839e-03	-5.05261712453464e-05	3.55019530057447e-01	6.88217252743661e-03	-5.56510280251832e-05
3.75904235213010e-01	6.66941291863710e-03	-6.12350769020331e-05	3.96512309691142e-01	6.44284643129422e-03	-6.73524371195278e-05
4.16856644820323e-01	6.20096382378810e-03	-7.40894286259675e-05	4.36950346433013e-01	5.94199704207865e-03	-8.15475686215539e-05
4.56806798089215e-01	5.66387232442289e-03	-8.98473490988927e-05	4.76439735336209e-01	5.36415125596656e-03	-9.91330191748574e-05
4.95863333301891e-01	5.03995649350486e-03	-1.09578754734940e-04	5.15092310593827e-01	4.68787757998368e-03	-1.21396653507633e-04
5.34142053363482e-01	4.30385082275198e-03	-1.34847312651232e-04	5.53028764577224e-01	3.88300471339931e-03	-1.50253915981002e-04
5.71769645136736e-01	3.41945912258135e-03	-1.68021234529414e-04	5.90383115688409e-01	2.90606180106234e-03	-1.88661680441626e-04
6.08889091020671e-01	2.33403846183022e-03	-2.12831496591237e-04	6.27309323277700e-01	1.69252191278391e-03	-2.41381736048485e-04
6.45667836447675e-01	9.67909812776835e-04	-2.75431671399762e-04	6.63991483708389e-01	1.42974165084020e-04	-3.16476167489865e-04
6.82310672860821e-01	-8.04395147358750e-04	-3.66546231451048e-04	7.00660325941733e-01	-1.90299752501932e-03	-4.28455357614377e-04
7.19081171794826e-01	-3.19097959025427e-03	-5.06187077808251e-04	7.37621523068621e-01	-4.71984198797704e-03	-6.05523858340895e-04
7.56339776741727e-01	-6.56065048787857e-03	-7.35104724428615e-04	7.75308028399216e-01	-8.81398156940505e-03	-9.08274841256773e-04
7.94617462236214e-01	-1.16264483257167e-02	-1.14647667141821e-03	8.14386691775359e-01	-1.52193783701703e-02	-1.48581706503803e-03
8.34775252325351e-01	-1.99411892493029e-02	-1.99063982165448e-03	8.56006645752495e-01	-2.63690591302110e-02	-2.78384669401732e-03
8.78410472295170e-01	-3.55214055810527e-02	-4.12122829618866e-03	9.02506520546311e-01	-4.93442964307644e-02	-6.59428088337033e-03
9.29193464873985e-01	-7.19650367121982e-02	-1.17426445009066e-02	9.60247569431333e-01	-1.14370927700671e-01	-2.30650633281784e-02
1.00000000000000e+00	0.00000000000000e+00	0.00000000000000e+00
44	1.86140668735512e+01	2.83571428571429e-01
0.00000000000000e+00	9.56741261279703e-03	6.06770480116037e-06	2.86279235908856e-02	9.49403149142425e-03	-1.70903140728207e-06
5.67175691984861e-02	9.39940831470687e-03	-7.19051527875436e-06	8.42842215792478e-02	9.29039826684441e-03	-1.17979884011188e-05
1.11343495277270e-01	9.16975919766982e-03	-1.60057884148745e-05	1.37911127726541e-01	9.03883562052510e-03	-2.00356772950272e-05
1.64002877666734e-01	8.89829671212783e-03	-2.40176590893260e-05	1.89634470818285e-01	8.74841136897264e-03	-2.80415858460170e-05
2.14821572222211e-01	8.58917119049085e-03	-3.21780860423893e-05	2.39579775980888e-01	8.42035068247249e-03	-3.64886912322948e-05
2.63924607631820e-01	8.24153666610217e-03	-4.10315551757634e-05	2.87871536536929e-01	8.05214010689359e-03	-4.58651794557063e-05
3.11435996860203e-01	7.85139639678234e-03	-5.10512487632564e-05	3.34633416454943e-01	7.63835681574299e-03	-5.66571141387140e-05
3.57479253516674e-01	7.41187223205575e-03	-6.27582468237797e-05	3.79989041292387e-01	7.17056912506298e-03	-6.94409192913970e-05
4.02178441537064e-01	6.91281718913794e-03	-7.68052927402341e-05	4.24063307820829e-01	6.63668722290067e-03	-8.49691790909546e-05
4.45659760251587e-01	6.33989712817917e-03	-9.40726914584467e-05	4.66984273730190e-01	6.01974315524223e-03	-1.04284197083304e-04
4.88053782542099e-01	5.67301215894989e-03	-1.15807961494241e-04	5.08885804974912e-01	5.29586933679860e-03	-1.28894218748288e-04
5.29498592814526e-01	4.88371350490824e-03	-1.43852511820919e-04	5.49911312135746e-01	4.43098914056228e-03	-1.61069715536533e-04
5.70144263933842e-01	3.93093962578916e-03	-1.81034561502980e-04	5.90219156100900e-01	3.37527999045339e-03	-2.04371731401753e-04
6.10159442415990e-01	2.75375713366599e-03	-2.31889819487519e-04	6.29990750194183e-01	2.05355065409663e-03	-2.64650086816420e-04
6.49741426965087e-01	1.25844368563399e-03	-3.04066896309019e-04	6.69443249553892e-01	3.47655571164895e-04	-3.52057681586304e-04
6.89132358742283e-01	-7.05833751072471e-04	-4.11272168606036e-04	7.08850513604858e-01	-1.93774186145335e-03	-4.85452137358511e-04
7.28646809231672e-01	-3.39617865236364e-03	-5.80013889189157e-04	7.48580083681920e-01	-5.14735714265302e-03	-7.03024202467484e-04
7.68722380925310e-01	-7.28470603549614e-03	-8.66902472745235e-04	7.89164088406487e-01	-9.94395545039750e-03	-1.09153148088859e-03
8.10021840229164e-01	-1.33292079316412e-02	-1.41026452263171e-03	8.31451214554246e-01	-1.77603403004263e-02	-1.88231388885507e-03
8.53668246442183e-01	-2.37645727750994e-02	-2.62042040949395e-03	8.76988382604593e-01	-3.22668456794228e-02	-3.85896770909011e-03
9.01903332527650e-01	-4.50230945553129e-02	-6.14274440676610e-03	9.29251111403138e-01	-6.57275462931610e-02	-1.09244539545184e-02
9.60658073790076e-01	-1.04239371919930e-01	-2.17361326804288e-02	1.00000000000000e+00	0.00000000000000e+00	0.00000000000000e+00
42	1.86140668735512e+01	3.54214285714286e-01
0.00000000000000e+00	1.00887649154413e-02	5.60987917053168e-06	3.02801193534741e-02	1.00038418448756e-02	-2.89227454586261e-06
5.99606329444291e-02	9.89589197165164e-03	-8.90029544531323e-06	8.90596358306578e-02	9.77236516368563e-03	-1.39814194120014e-05
1.17595545866181e-01	9.63619799330240e-03	-1.86521576910348e-05	1.45586869917142e-01	9.48878650403207e-03	-2.31549417213373e-05
1.73052092032831e-01	9.33078764386241e-03	-2.76337009077476e-05	2.00009616229031e-01	9.16241515293037e-03	-3.21898138040400e-05
2.26477740193874e-01	8.98357036198583e-03	-3.69048417740991e-05	2.52474649314448e-01	8.79390467560892e-03	-4.18516573523764e-05
2.78018425618742e-01	8.59284813852068e-03	-4.71008625493319e-05	3.03127068731626e-01	8.37961822539079e-03	-5.27251441311272e-05
3.27818527349662e-01	8.15321511874711e-03	-5.88027602519414e-05	3.52110740647139e-01	7.91240612443578e-03	-6.54207694168463e-05
3.76021689699833e-01	7.65569999593163e-03	-7.26784048925566e-05	3.99569459589069e-01	7.38131068668824e-03	-8.06909031489944e-05
4.22772313409960e-01	7.08710909134425e-03	-8.95941129308575e-05	4.45648780016007e-01	6.77056025578371e-03	-9.95502046716723e-05
4.68217758046668e-01	6.42864251817188e-03	-1.10754990219730e-04	4.90498639668912e-01	6.05774337170883e-03	-1.23447409817512e-04
5.12511458603933e-01	5.65352499483751e-03	-1.37922105946542e-04	5.34277068517533e-01	5.21074936904609e-03	-1.54546263641864e-04
5.55817359892584e-01	4.72304892954867e-03	-1.73782544601098e-04	5.77155526311844e-01	4.18262261478830e-03	-1.96220780801282e-04
5.98316395020769e-01	3.57982816996927e-03	-2.22622469033151e-04	6.19326842266760e-01	2.90262790069629e-03	-2.53984372403426e-04
6.40216322093959e-01	2.13582358447106e-03	-2.91631112224966e-04	6.61017549413773e-01	1.25998239658998e-03	-3.37352912682665e-04
6.81767396579923e-01	2.49900072717191e-04	-3.93615303129868e-04	7.02508091294842e-01	-9.27645171566294e-04	-4.63887078040237e-04
7.23288849315156e-01	-2.31725539367778e-03	-5.53168622952072e-04	7.44168150531306e-01	-3.98008693846841e-03	-6.68872687614508e-04
7.65216994972349e-01	-6.00206408391857e-03	-8.22352074012267e-04	7.86523702284388e-01	-8.50739818771518e-03	-1.03167430367956e-03
8.08201240179285e-01	-1.16817976964907e-02	-1.32694369223096e-03	8.30398896315521e-01	-1.58143522889059e-02	-1.76119700377608e-03
8.53321848724294e-01	-2.13777459861096e-02	-2.43455943235160e-03	8.77266155418906e-01	-2.91933602660768e-02	-3.55333350423992e-03
9.02686693883730e-01	-4.08025412581502e-02	-5.59350381480761e-03	9.30344449639639e-01	-5.93996405514138e-02	-9.82702087012477e-03
9.61679285054847e-01	-9.33708623723994e-02	-1.94795244893022e-02	1.00000000000000e+00	0.00000000000000e+00	0.00000000000000e+00
39	1.86140668735512e+01	4.24857142857143e-01
0.00000000000000e+00	1.09448852986247e-02	5.18590990150614e-06	3.29387394374686e-02	1.08408083363827e-02	-4.79216740956190e-06
6.51712629295397e-02	1.07100129781512e-02	-1.18637300363655e-05	9.67208886262601e-02	1.05611810001143e-02	-1.79007488632088e-05
1.27611248973196e-01	1.03976136235873e-02	-2.35076339913931e-05	1.57866002733261e-01	1.02208066965399e-02	-2.89705890585967e-05
1.87508703485760e-01	1.00313822982292e-02	-3.44636688824895e-05	2.16562738000681e-01	9.82942683148624e-03	-4.01137952812380e-05
2.45051304472586e-01	9.61463687728403e-03	-4.60273546363243e-05	2.72997417325022e-01	9.38638486712207e-03	-5.23035510842096e-05
3.00423931959538e-01	9.14374391602468e-03	-5.90425117525939e-05	3.27353586086975e-01	8.88548761847407e-03	-6.63512410108424e-05
3.53809056172340e-01	8.61007133454939e-03	-7.43488542249704e-05	3.79813028816724e-01	8.31559715052799e-03	-8.31719192502245e-05
4.05388287938255e-01	7.99976214427534e-03	-9.29805022475971e-05	4.30557819590070e-01	7.65978770601383e-03	-1.03965490553026e-04
4.55344937297849e-01	7.29232582624251e-03	-1.16357841162928e-04	4.79773432029924e-01	6.89333616396182e-03	-1.30440614021898e-04
5.03867752459345e-01	6.45792490948005e-03	-1.46564961009510e-04	5.27653223208131e-01	5.98013258716912e-03	-1.65171753014226e-04
5.51156311514674e-01	5.45265242144000e-03	-1.86821371609858e-04	5.74404956582441e-01	4.86645242615280e-03	-2.12235348748147e-04
5.97428981280695e-01	4.21026210182340e-03	-2.42355770073477e-04	6.20260613695436e-01	3.46986477162003e-03	-2.78431487151565e-04
6.42935157592887e-01	2.62710594473670e-03	-3.22146032571968e-04	6.65491868315958e-01	1.65847751512205e-03	-3.75811776350377e-04
6.87975117640332e-01	5.33054016324419e-04	-4.42672761175489e-04	7.10435974019378e-01	-7.90588729138619e-04	-5.27390609478262e-04
7.32934394906122e-01	-2.36909830157950e-03	-6.36852338894656e-04	7.55542346882336e-01	-4.28181982279263e-03	-7.81565352435898e-04
7.78348379204744e-01	-6.64304620890588e-03	-9.78181665448163e-04	8.01464563752663e-01	-9.62295453402406e-03	-1.25431780010032e-03
8.25037469377330e-01	-1.34851893124694e-02	-1.65838190124057e-03	8.49266409364742e-01	-1.86584238101226e-02	-2.28127523946631e-03
8.74435740732941e-01	-2.58826827511791e-02	-3.30936818434791e-03	9.00976817038259e-01	-3.65358462719365e-02	-5.17152285448863e-03
9.29600263573689e-01	-5.34450818759282e-02	-9.02139522326761e-03	9.61624379408907e-01	-8.39205190554541e-02	-1.79575408644119e-02
1.00000000000000e+00	0.00000000000000e+00	0.00000000000000e+00
36	1.86140668735512e+01	4.95500000000000e-01
0.00000000000000e+00	1.19476836108751e-02	4.57670656361930e-06	3.60478803608678e-02	1.18190197672587e-02	-7.29667136689649e-06
7.12539880956558e-02	1.16589733826531e-02	-1.57478285760515e-05	1.05648891804865e-01	1.14777696536927e-02	-2.30419651452429e-05
1.39263427026472e-01	1.12791342487302e-02	-2.98970354317696e-05	1.72128338132599e-01	1.10646446433729e-02	-3.66581027255730e-05
2.04274125023059e-01	1.08348237575535e-02	-4.35419223210332e-05	2.35730981172384e-01	1.05895285720568e-02	-5.07136131588926e-05
2.66528784339407e-01	1.03281114281140e-02	-5.83185128630870e-05	2.96697123080270e-01	1.00494849491544e-02	-6.64988686591705e-05
3.26265350979511e-01	9.75213573147093e-03	-7.54047792872470e-05	3.55262664927567e-01	9.43410414520041e-03	-8.52031333793413e-05
3.83718206469194e-01	9.09293632637231e-03	-9.60864048615839e-05	4.11661187243958e-01	8.72560873497674e-03	-1.08282537632176e-04
4.39121041324045e-01	8.32842180805482e-03	-1.22067027339412e-04	4.66127609126763e-01	7.89685569762999e-03	-1.37778452001802e-04
4.92711359789869e-01	7.42537704880708e-03	-1.55839130993707e-04	5.18903661720692e-01	6.90718032581850e-03	-1.76783280575465e-04
5.44737114823604e-01	6.33383938625021e-03	-2.01296158860442e-04	5.70245963192406e-01	5.69483353055422e-03	-2.30269642883307e-04
5.95466614612120e-01	4.97689419825731e-03	-2.64882627114993e-04	6.20438304299549e-01	4.16309050927621e-03	-3.06719950819767e-04
6.45203956954927e-01	3.23152598317500e-03	-3.57952404890005e-04	6.69811326817385e-01	2.15344278816842e-03	-4.21616434671535e-04
6.94314535928527e-01	8.90399333693503e-04	-5.02061811394894e-04	7.18776196814304e-01	-6.10044774667307e-04	-6.05692696825200e-04
7.43270417046555e-01	-2.42112999682431e-03	-7.42242948682525e-04	7.67887178091938e-01	-4.64800063821302e-03	-9.27073371342679e-04
7.92738938255967e-01	-7.44659525035318e-03	-1.18553856756698e-03	8.17971000692448e-01	-1.10573830737374e-02	-1.56184681831806e-03
8.43778612409283e-01	-1.58692232281122e-02	-2.13853042782630e-03	8.70436937811837e-01	-2.25490595757895e-02	-3.08377409210592e-03
8.98357870749894e-01	-3.23290198458654e-02	-4.78255949218687e-03	9.28209533452440e-01	-4.77121469589785e-02	-8.27022585985171e-03
9.61207300041088e-01	-7.50716430615670e-02	-1.64148722154691e-02	1.00000000000000e+00	0.00000000000000e+00	0.00000000000000e+00
33	1.86140668735512e+01	5.66142857142857e-01
0.00000000000000e+00	1.31377689061803e-02	3.70193037302347e-06	3.97296164845989e-02	1.29769401584248e-02	-1.06664101828802e-05
7.84418016522917e-02	1.27786992510741e-02	-2.09558757822137e-05	1.16177445155410e-01	1.25552412195455e-02	-2.99516860580162e-05
1.52977579965973e-01	1.23107816481545e-02	-3.85233261259721e-05	1.88882933148125e-01	1.20469296420671e-02	-4.70985957967684e-05
2.23933751176644e-01	1.17639864834602e-02	-5.59581618699845e-05	2.58169747889579e-01	1.14613940872152e-02	-6.53278611764119e-05
2.91630124221283e-01	1.11379088552410e-02	-7.54182332374231e-05	3.24353638133728e-01	1.07916554257119e-02	-8.64467514833933e-05
3.56378715139149e-01	1.04201119535601e-02	-9.86541559939713e-05	3.87743596106350e-01	1.00200447353400e-02	-1.12319684772322e-04
4.18486523217281e-01	9.58739544752540e-03	-1.27777952560804e-04	4.48645968415551e-01	9.11711575029073e-03	-1.45439775038225e-04
4.78260912226003e-01	8.60293673082579e-03	-1.65819501012132e-04	5.07371185003805e-01	8.03705241846608e-03	-1.89572329072796e-04
5.36017888106612e-01	7.40968536059428e-03	-2.17546726932083e-04	5.64243919992135e-01	6.70848549578640e-03	-2.50859808808457e-04
5.92094643049755e-01	5.91768781919844e-03	-2.91008371981816e-04	6.19618743023914e-01	5.01691238145741e-03	-3.40036317953318e-04
6.46869357415894e-01	3.97942145831465e-03	-4.00794042327624e-04	6.73905587812446e-01	2.76953016854442e-03	-4.77352084812699e-04
7.00794573597088e-01	1.33865839876068e-03	-5.75683526768955e-04	7.27614409290343e-01	-3.80872228318729e-04	-7.04833882158695e-04
7.54458370342630e-01	-2.48592841315076e-03	-8.79019461409447e-04	7.81441244788142e-01	-5.11965797718872e-03	-1.12159795310296e-03
8.08709206636146e-01	-8.50186786649987e-03	-1.47308315536598e-03	8.36455972055850e-01	-1.29862021724939e-02	-2.00866299134095e-03
8.64950860836085e-01	-1.91755086290218e-02	-2.88054819079431e-03	8.94591392322737e-01	-2.81752377093493e-02	-4.43478456487734e-03
9.26012366774453e-01	-4.22100036498555e-02	-7.59741619049237e-03	9.60346665026776e-01	-6.68615344702035e-02	-1.49668410732100e-02
1.00000000000000e+00	0.00000000000000e+00	0.00000000000000e+00
30	1.86140668735512e+01	6.36785714285714e-01
0.00000000000000e+00	1.45726393038010e-02	2.42588453924775e-06	4.41562262171148e-02	1.43687283875900e-02	-1.53249880772144e-05
8.70621661804112e-02	1.41193962645334e-02	-2.81442790455166e-05	1.28773852631829e-01	1.38394037722240e-02	-3.95254363685371e-05
1.69347187078235e-01	1.35335158744647e-02	-5.05486946242861e-05	2.08837372889949e-01	1.32032530831896e-02	-6.17649159067035e-05
2.47298727438904e-01	1.28484534876032e-02	-7.35571899090903e-05	2.84784664413376e-01	1.24677888236868e-02	-8.62554018912220e-05
3.21347778059018e-01	1.20589382278926e-02	-1.00188189565475e-04	3.57040001764253e-01	1.16186034358161e-02	-1.15715741472844e-04
3.91912830619575e-01	1.11424227256944e-02	-1.33257937043663e-04	4.26017607353432e-01	1.06247975937261e-02	-1.53324786620557e-04
4.59405878396917e-01	1.00586248045920e-02	-1.76554302769194e-04	4.92129833973426e-01	9.43491034759236e-03	-2.03763475309149e-04
5.24242854521746e-01	8.74222368858391e-03	-2.36020112581947e-04	5.55800196942895e-01	7.96592568293053e-03	-2.74747561011646e-04
5.86859870140840e-01	7.08706452397934e-03	-3.21881698458482e-04	6.17483773280975e-01	6.08077075434466e-03	-3.80113054402997e-04
6.47739207446907e-01	4.91387470970372e-03	-4.53271672319566e-04	6.77700931331963e-01	3.54128001289555e-03	-5.46959686031689e-04
7.07454031539296e-01	1.90028003487419e-03	-6.69631995524611e-04	7.37098051210756e-01	-9.86587760796187e-05	-8.34527033723109e-04
7.66753134255732e-01	-2.58745334383059e-03	-1.06330436216151e-03	7.96569540411272e-01	-5.76793316791901e-03	-1.39335209412073e-03
8.26743099437160e-01	-9.96339691056525e-03	-1.89367376505700e-03	8.57541826837431e-01	-1.57220248973265e-02	-2.70307010249016e-03
8.89355307866457e-01	-2.40424181285810e-02	-4.13484000399378e-03	9.22795828653248e-01	-3.69174594651078e-02	-7.02139843428951e-03
9.58936177732389e-01	-5.92772054861884e-02	-1.37094126663428e-02	1.00000000000000e+00	0.00000000000000e+00	0.00000000000000e+00
27	1.86140668735512e+01	7.07428571428571e-01
0.00000000000000e+00	1.63364088220159e-02	5.09422120265057e-07	4.95785626490790e-02	1.60730770110455e-02	-2.19943179020632e-05
9.75895310646694e-02	1.57533307854105e-02	-3.84356991895984e-05	1.44111989202213e-01	1.53953478706981e-02	-5.33085343596973e-05
1.89224308603392e-01	1.50044594444805e-02	-6.80024821995140e-05	2.33003434536965e-01	1.45818160565945e-02	-8.32654935984944e-05
2.75524715067423e-01	1.41262909316535e-02	-9.96597623894591e-05	3.16861976667679e-01	1.36350600827098e-02	-1.17711077708860e-04
3.57087753020644e-01	1.31037338160411e-02	-1.37984175525796e-04	3.96273633049025e-01	1.25262573793488e-02	-1.61139523298104e-04
4.34490721037753e-01	1.18946362456780e-02	-1.87992119396130e-04	4.71810219087565e-01	1.11984793363467e-02	-2.19585238288911e-04
5.08304157846051e-01	1.04243132434714e-02	-2.57292698457645e-04	5.44046319794513e-01	9.55457746391941e-03	-3.02968963548311e-04
5.79113424387265e-01	8.56614877727013e-03	-3.59178276304384e-04	6.13586681664364e-01	7.42814235917844e-03	-4.29556815032095e-04
6.47553879870324e-01	6.09856251691721e-03	-5.19405667073647e-04	6.81112269806167e-01	4.51905837908240e-03	-6.36700358910947e-04
7.14372675903199e-01	2.60643557845763e-03	-7.93888374465368e-04	7.47465565171508e-01	2.38366874848794e-04	-1.01126365885951e-03
7.80550376211098e-01	-2.77181324786901e-03	-1.32371803351083e-03	8.13830561560266e-01	-6.72212864819111e-03	-1.79535339323622e-03
8.47579296455960e-01	-1.21158337962565e-02	-2.55442285126017e-03	8.82186766909258e-01	-1.98649867767595e-02	-3.88861965440368e-03
9.18255989239992e-01	-3.17778304920697e-02	-6.55705369790405e-03	9.56825044840627e-01	-5.22662784024190e-02	-1.27121210290140e-02
1.00000000000000e+00	0.00000000000000e+00	0.00000000000000e+00
25	1.86140668735512e+01	7.78071428571429e-01
0.00000000000000e+00	1.77832374877285e-02	-1.59163062263268e-06	5.40682873706925e-02	1.74652073604880e-02	-2.79997788383834e-05
1.06281579156441e-01	1.70822529935801e-02	-4.74970069712644e-05	1.56741878641794e-01	1.66551283301477e-02	-6.53937569083940e-05
2.05549645372252e-01	1.61894076193563e-02	-8.33468497121181e-05	2.52802992197950e-01	1.56856773505496e-02	-1.02291837352553e-04
2.98597578514393e-01	1.51416862470855e-02	-1.22976916387074e-04	3.43026822966425e-01	1.45529409954044e-02	-1.46145516203289e-04
3.86182321248892e-01	1.39127513869270e-02	-1.72639007308462e-04	4.28154432932713e-01	1.32119603263112e-02	-2.03486280909049e-04
4.69033039152781e-01	1.24383976014166e-02	-2.40008841742245e-04	5.08908500782905e-01	1.15760089215120e-02	-2.83964833847516e-04
5.47872875705983e-01	1.06035383550767e-02	-3.37762718602974e-04	5.86021491902339e-01	9.49254478695050e-03	-4.04794363686900e-04
6.23455030043250e-01	8.20437408182451e-03	-4.89975771555740e-04	6.60282360941944e-01	6.68542586536192e-03	-6.00661273056247e-04
6.96624538795427e-01	4.85952114764587e-03	-7.48259945935859e-04	7.32620628448920e-01	2.61512101026606e-03	-9.51246746547563e-04
7.68436565642120e-01	-2.17070745913484e-04	-1.24113295729567e-03	8.04279287800330e-01	-3.90555542969773e-03	-1.67524866741298e-03
8.40420600407480e-01	-8.89998371043932e-03	-2.36690045298005e-03	8.77240473270167e-01	-1.60067656088964e-02	-3.56620735616531e-03
9.15313258302543e-01	-2.68036158739553e-02	-5.91868326625322e-03	9.55602976071365e-01	-4.50754460564883e-02	-1.11852015106235e-02
1.00000000000000e+00	0.00000000000000e+00	0.00000000000000e+00
23	1.86140668735512e+01	8.48714285714286e-01
0.00000000000000e+00	1.94889091455899e-02	-4.28404488128642e-06	5.93424602535550e-02	1.91006501390518e-02	-3.57748284138815e-05
1.16462025704768e-01	1.86366893647194e-02	-5.93170744696003e-05	1.71492667077289e-01	1.81209409458092e-02	-8.12926587527851e-05
2.24565420374238e-01	1.75590745651344e-02	-1.03728970645145e-04	2.75807514734863e-01	1.69506571456275e-02	-1.27843369336134e-04
3.25342413408704e-01	1.62915839444850e-02	-1.54682915112669e-04	3.73290280452147e-01	1.55746400553805e-02	-1.85359604949475e-04
4.19768733815356e-01	1.47893499323164e-02	-2.21204374823092e-04	4.64893853231875e-01	1.39213545369730e-02	-2.63925470183723e-04
5.08781469309588e-01	1.29513015270821e-02	-3.15818202816676e-04	5.51548810215593e-01	1.18530890853401e-02	-3.80078164558428e-04
5.93316643303657e-01	1.05911405300398e-02	-4.61300500994799e-04	6.34212139264359e-01	9.11612574768839e-03	-5.66315548734320e-04
6.74372834354737e-01	7.35806911962333e-03	-7.05655073286238e-04	7.13952325611715e-01	5.21485086882234e-03	-8.96263027735822e-04
7.53128815490370e-01	2.53216805877332e-03	-1.16682505469523e-03	7.92118572826690e-01	-9.33287525811677e-04	-1.56906404197232e-03
8.31198391996678e-01	-5.58599292458617e-03	-2.20405722214090e-03	8.70745796767230e-01	-1.21445877666562e-02	-3.29164108178293e-03
9.11317824777175e-01	-2.19984150244397e-02	-5.38755815416403e-03	9.53825713101850e-01	-3.84226821715427e-02	-9.96005497447983e-03
1.00000000000000e+00	0.00000000000000e+00	0.00000000000000e+00
21	1.86140668735512e+01	9.19357142857143e-01
0.00000000000000e+00	2.15303689213620e-02	-7.84284197274943e-06	6.56288969381770e-02	2.10498375562511e-02	-4.61382645360331e-05
1.28553900303323e-01	2.04796167003567e-02	-7.52053041808143e-05	1.88954832518083e-01	1.98475338991984e-02	-1.02877197266649e-04
2.47006210833262e-01	1.91590158217159e-02	-1.31722030515258e-04	3.02876376305504e-01	1.84117696972392e-02	-1.63408060765313e-04
3.56727853843277e-01	1.75985111997581e-02	-1.99496863291238e-04	4.08718300981207e-01	1.67073632878134e-02	-2.41772191904799e-04
4.59001880960338e-01	1.57212571264029e-02	-2.92502707397890e-04	5.07731053706022e-01	1.46165293852007e-02	-3.54762712152956e-04
5.55058878024710e-01	1.33605376422097e-02	-4.32909089933986e-04	6.01142023254466e-01	1.19078117583735e-02	-5.33359464451211e-04
6.46144838809507e-01	1.01938063293823e-02	-6.65941366362999e-04	6.90245080469452e-01	8.12447592296972e-03	-8.46366051714398e-04
7.33642347549273e-01	5.55816845676582e-03	-1.10105412865535e-03	7.76571172631784e-01	2.27253462039689e-03	-1.47727238075102e-03
8.19322566718341e-01	-2.09985658667988e-03	-2.06649451231500e-03	8.62282078931187e-01	-8.20678746185699e-03	-3.06514425611781e-03
9.06003293951077e-01	-1.72881848665842e-02	-4.96098986319637e-03	9.51367812640913e-01	-3.22155096971940e-02	-9.01652113518603e-03
1.00000000000000e+00	0.00000000000000e+00	0.00000000000000e+00
19	1.86140668735512e+01	9.90000000000000e-01
0.00000000000000e+00	2.40188227296416e-02	-1.27344744977886e-05	7.32545744256232e-02	2.34136120157400e-02	-6.04557872667666e-05
1.43160213121549e-01	2.27000103592958e-02	-9.73654355931330e-05	2.09964759260858e-01	2.19107129277449e-02	-1.33343963196975e-04
2.73906596390496e-01	2.10501452437977e-02	-1.71801885574974e-04	3.35213974920243e-01	2.01125175083288e-02	-2.15188765883667e-04
3.94106056811949e-01	1.90847882230600e-02	-2.66032042057995e-04	4.50794818016498e-01	1.79465606821090e-02	-3.27459333306024e-04
5.05487636640541e-01	1.66683949272790e-02	-4.03728215823795e-04	5.58390651112486e-01	1.52085087596801e-02	-5.00990676493673e-04
6.09713176281373e-01	1.35071533693178e-02	-6.28568757647052e-04	6.59673733368525e-01	1.14770987577069e-02	-8.01259772812646e-04
7.08508700298834e-01	8.98707137304822e-03	-1.04379528697085e-03	7.56485443734522e-01	5.83155723869666e-03	-1.40013732003030e-03
8.03923562943237e-01	1.67232765100234e-03	-1.95471816926918e-03	8.51231877645663e-01	-4.08360485282910e-03	-2.88706747024703e-03
8.98978884826281e-01	-1.25629714076293e-02	-4.63694832620543e-03	9.48043785910006e-01	-2.63300782378798e-02	-8.33638754169286e-03
1.00000000000000e+00	0.00000000000000e+00	0.00000000000000e+00
