116	2.40409918350997e+02	1.00000000000000e-03
0.00000000000000e+00	6.60171267977105e-03	-7.06607788081293e-06	1.17533166655130e-02	6.53742338248087e-03	-7.14933035106391e-06
2.33539592870046e-02	6.47365472182537e-03	-7.28031184027422e-06	3.48053713078611e-02	6.41031599004149e-03	-7.41490834266223e-06
4.61109045869424e-02	6.34738293636850e-03	-7.55325383439143e-06	5.72738224983270e-02	6.28483137196523e-03	-7.69548783319252e-06
6.82973031599988e-02	6.22263713922511e-03	-7.84175715184965e-06	7.91844425365076e-02	6.16077607858756e-03	-7.99221585734422e-06
8.99382574220173e-02	6.09922399470020e-03	-8.14702495288699e-06	1.00561688309813e-01	6.03795661843121e-03	-8.30635111248590e-06
1.11057602154057e-01	5.97694958465000e-03	-8.47037465390166e-06	1.21428795029243e-01	5.91617837872715e-03	-8.63927824168442e-06
1.31677994692668e-01	5.85561831552606e-03	-8.81325812907008e-06	1.41807863054800e-01	5.79524449383140e-03	-8.99251940400525e-06
1.51820998562387e-01	5.73503175849810e-03	-9.17727678495517e-06	1.61719938498816e-01	5.67495466003698e-03	-9.36775599535977e-06
1.71507161206061e-01	5.61498741390709e-03	-9.56419460829139e-06	1.81185088232407e-01	5.55510385952340e-03	-9.76684494213842e-06
1.90756086409921e-01	5.49527740622446e-03	-9.97596861163075e-06	2.00222469865556e-01	5.43548099603086e-03	-1.01918446686611e-05
2.09586501969511e-01	5.37568704336722e-03	-1.04147633450680e-05	2.18850397224500e-01	5.31586739757883e-03	-1.06450366343935e-05
2.28016323099269e-01	5.25599327132342e-03	-1.08829886054096e-05	2.37086401809823e-01	5.19603519212186e-03	-1.11289624240563e-05
2.46062712051507e-01	5.13596294175178e-03	-1.13833222759041e-05	2.54947290685127e-01	5.07574548926071e-03	-1.16464527881721e-05
2.63742134380211e-01	5.01535091899985e-03	-1.19187583107472e-05	2.72449201218418e-01	4.95474636309878e-03	-1.22006679426079e-05
2.81070412260046e-01	4.89389793479389e-03	-1.24926438331840e-05	2.89607653076541e-01	4.83277060716025e-03	-1.27951576478491e-05
2.98062775252054e-01	4.77132818757187e-03	-1.31087333299362e-05	3.06437597856620e-01	4.70953315190492e-03	-1.34339013480034e-05
3.14733908894221e-01	4.64734661179422e-03	-1.37712464094442e-05	3.22953466728211e-01	4.58472816680611e-03	-1.41213817197450e-05
3.31098001487302e-01	4.52163579313170e-03	-1.44849556666937e-05	3.39169216454910e-01	4.45802573243492e-03	-1.48626617830772e-05
3.47168789444821e-01	4.39385235430501e-03	-1.52552397854055e-05	3.55098374166248e-01	4.32906801295729e-03	-1.56634784500564e-05
3.62959601581401e-01	4.26362289231075e-03	-1.60882187132394e-05	3.70754081258767e-01	4.19746483083094e-03	-1.65303534107597e-05
3.78483402725463e-01	4.13053915529038e-03	-1.69908393534701e-05	3.86149136822068e-01	4.06278850396480e-03	-1.74707155562448e-05
3.93752837063549e-01	3.99415254965563e-03	-1.79710652996601e-05	4.01296041010327e-01	3.92456784223350e-03	-1.84930687638918e-05
4.08780271653148e-01	3.85396752989542e-03	-1.90379913531658e-05	4.16207038816308e-01	3.78228108409817e-03	-1.96071878417747e-05
4.23577840583730e-01	3.70943398728052e-03	-2.02020993473884e-05	4.30894164752801e-01	3.63534749492689e-03	-2.08243183816847e-05
4.38157490320980e-01	3.55993815365752e-03	-2.14755135128364e-05	4.45369289011356e-01	3.48311750535446e-03	-2.21574989474060e-05
4.52531026842784e-01	3.40479166257901e-03	-2.28722456607766e-05	4.59644165751467e-01	3.32486081514172e-03	-2.36218752351913e-05
4.66710165271348e-01	3.24321873022360e-03	-2.44086810812227e-05	4.73730484281187e-01	3.15975219380804e-03	-2.52351470702017e-05
4.80706582827085e-01	3.07434039624677e-03	-2.61039687012854e-05	4.87639924030109e-01	2.98685424748246e-03	-2.70180722221625e-05
4.94531976089673e-01	2.89715562248261e-03	-2.79806390823811e-05	5.01384214394475e-01	2.80509653314343e-03	-2.89951371017505e-05
5.08198123754115e-01	2.71051820967538e-03	-3.00653567872899e-05	5.14975200765980e-01	2.61325005847657e-03	-3.11954376301937e-05
5.21716956333822e-01	2.51310843721542e-03	-3.23898568035386e-05	5.28424918356465e-01	2.40989552571524e-03	-3.36535715361741e-05
5.35100634606740e-01	2.30339790992207e-03	-3.49920801707704e-05	5.41745675824106e-01	2.19338467122698e-03	-3.64112762256674e-05
5.48361639047897e-01	2.07960593474099e-03	-3.79177429652433e-05	5.54950151219452e-01	1.96179086160275e-03	-3.95188382629197e-05
5.61512873087546e-01	1.83964479891419e-03	-4.12224072847689e-05	5.68051503456869e-01	1.71284772932068e-03	-4.30375570092956e-05
5.74567783819979e-01	1.58105005459697e-03	-4.49739178702835e-05	5.81063503428085e-01	1.44387070646346e-03	-4.70427157877040e-05
5.87540504852665e-01	1.30089184049043e-03	-4.92559168150386e-05	5.94000690110974e-01	1.15165618529223e-03	-5.16275003479283e-05
6.00446027425807e-01	9.95660283900079e-04	-5.41724635896301e-05	6.06878558716556e-01	8.32350741075238e-04	-5.69083296866335e-05
6.13300407917938e-01	6.61115886859465e-04	-5.98542378744682e-05	6.19713790256326e-01	4.81279586612260e-04	-6.30321745533902e-05
6.26121022620109e-01	2.92091999084310e-04	-6.64670433787595e-05	6.32524535196596e-01	9.27187377277594e-05	-7.01866973371601e-05
6.38926884575293e-01	-1.17769214288077e-04	-7.42236923045869e-05	6.45330768549176e-01	-3.40411916481376e-04	-7.86143154842822e-05
6.51739042905704e-01	-5.76374497317733e-04	-8.34009648600365e-05	6.58154740536102e-01	-8.26967848899018e-04	-8.86322561075570e-05
6.64581093278871e-01	-1.09367199095578e-03	-9.43639734136692e-05	6.71021556989831e-01	-1.37816127189438e-03	-1.00662013277297e-04
6.77479840434953e-01	-1.68234109358156e-03	-1.07601625848108e-04	6.83959938756108e-01	-2.00838249968338e-03	-1.15272982150749e-04
6.90466172399025e-01	-2.35877596491296e-03	-1.23780092318171e-04	6.97003232653275e-01	-2.73638352105832e-03	-1.33248517597773e-04
7.03576235185136e-01	-3.14451729898668e-03	-1.43825218530846e-04	7.10190783362135e-01	-3.58702146659395e-03	-1.55688535050436e-04
7.16853043584976e-01	-4.06838710989954e-03	-1.69052130607694e-04	7.23569835522437e-01	-4.59388881112854e-03	-1.84175086124450e-04
7.30348740940110e-01	-5.16975690011179e-03	-2.01375153120464e-04	7.37198235947480e-01	-5.80340115470379e-03	-2.21043234223783e-04
7.44127853024929e-01	-6.50369515524385e-03	-2.43664773674990e-04	7.51148381282343e-01	-7.28134554755711e-03	-2.69848326038158e-04
7.58272116345522e-01	-8.14937714738451e-03	-3.00363820167515e-04	7.65513175430936e-01	-9.12377610889725e-03	-3.36195390310268e-04
7.72887899156524e-01	-1.02243495441662e-02	-3.78617624933186e-04	7.80415370390199e-01	-1.14759096477022e-02	-4.29293201278824e-04
7.88118093541034e-01	-1.29098801935260e-02	-4.90431203849617e-04	7.96022897466451e-01	-1.45665794141914e-02	-5.64994413622788e-04
8.04162156169927e-01	-1.64984461178369e-02	-6.57020170469869e-04	8.12575470521500e-01	-1.87747257885923e-02	-7.72087156013734e-04
8.21312034736604e-01	-2.14883737913012e-02	-9.18015942797501e-04	8.30434046760383e-01	-2.47664438871329e-02	-1.10589111197412e-03
8.40021757326146e-01	-2.87859427725399e-02	-1.35153326562332e-03	8.50181176427822e-01	-3.37984578349787e-02	-1.67733505017220e-03
8.61056248241483e-01	-4.01685249083430e-02	-2.11368610462759e-03	8.72848840824892e-01	-4.84325716437977e-02	-2.69601910955553e-03
8.85852972932716e-01	-5.93825515199382e-02	-3.44245061864745e-03	9.00515965305632e-01	-7.41498464725834e-02	-4.26372592865865e-03
9.17551599837266e-01	-9.41073974182720e-02	-4.72789505601146e-03	9.38151534624197e-01	-1.19793044511757e-01	-4.22761585808540e-03
9.64370543303856e-01	-1.44740177861401e-01	-1.16427415831506e-02	1.00000000000000e+00	0.00000000000000e+00	0.00000000000000e+00
47	2.40409918350997e+02	7.16428571428571e-02
0.00000000000000e+00	1.64582132050506e-02	-4.42411506127449e-05	2.93362340027638e-02	1.60611918754296e-02	-4.62816595094839e-05
5.77450325194823e-02	1.56706741849575e-02	-4.84856262097377e-05	8.52772191145068e-02	1.52856999033377e-02	-5.08500263982636e-05
1.11980404018565e-01	1.49053343461660e-02	-5.33907605777539e-05	1.37899266724561e-01	1.45286344672195e-02	-5.61257425282236e-05
1.63075813250561e-01	1.41546402321360e-02	-5.90752142135553e-05	1.87549610960801e-01	1.37823653204823e-02	-6.22621153745229e-05
2.11358003744155e-01	1.34107869597078e-02	-6.57125289915683e-05	2.34536310060165e-01	1.30388346254535e-02	-6.94562071623661e-05
2.57118006125496e-01	1.26653773365630e-02	-7.35272114289476e-05	2.79134896322997e-01	1.22892091623243e-02	-7.79646766377873e-05
3.00617272768971e-01	1.19090325321609e-02	-8.28137463511069e-05	3.21594065869321e-01	1.15234387963536e-02	-8.81267127763596e-05
3.42092987632622e-01	1.11308853666907e-02	-9.39644146673579e-05	3.62140669489338e-01	1.07296685852665e-02	-1.00397958388454e-04
3.81762796395578e-01	1.03178912783037e-02	-1.07510871443228e-04	4.00984239083355e-01	9.89342359617651e-03	-1.15401793395087e-04
4.19829186468155e-01	9.45385534509002e-03	-1.24187852644120e-04	4.38321280453319e-01	8.99643756558421e-03	-1.34008988247114e-04
4.56483755700135e-01	8.51801024540810e-03	-1.45033468180733e-04	4.74339587394330e-01	8.01491216315653e-03	-1.57465033981730e-04
4.91911650675804e-01	7.48286744010396e-03	-1.71552238116712e-04	5.09222896271565e-01	6.91684137196180e-03	-1.87600727549864e-04
5.26296548071820e-01	6.31085559335109e-03	-2.05989711630439e-04	5.43156330045136e-01	5.65774835832533e-03	-2.27194157230048e-04
5.59826732197707e-01	4.94886015882678e-03	-2.51815153131218e-04	5.76333328533335e-01	4.17361645669256e-03	-2.80622142904141e-04
5.92703164612697e-01	3.31896629648409e-03	-3.14612533095504e-04	6.08965239042619e-01	2.36861582902970e-03	-3.55097270783977e-04
6.25151113161662e-01	1.30196475928179e-03	-4.03826055509482e-04	6.41295698146145e-01	9.26046048485007e-05	-4.63174892368690e-04
6.57438291784774e-01	-1.29384501043539e-03	-5.36433284955562e-04	6.73623973524308e-01	-2.90292323625796e-03	-6.28256404042959e-04
6.89905525429591e-01	-4.79614061620293e-03	-7.45399136161895e-04	7.06346145746005e-01	-7.05845767987845e-03	-8.97948810214322e-04
7.23023394177125e-01	-9.81028520700844e-03	-1.10148326003556e-03	7.40035121234026e-01	-1.32274848752206e-02	-1.38102118065042e-03
7.57508732402816e-01	-1.75761837244682e-02	-1.77866207754618e-03	7.75616350560101e-01	-2.32765826978042e-02	-2.36932294318049e-03
7.94601079626694e-01	-3.10273220218152e-02	-3.29563263729438e-03	8.14825842941756e-01	-4.20665883812896e-02	-4.85204186756483e-03
8.36872892646870e-01	-5.87738193722680e-02	-7.70422228946477e-03	8.61772820133654e-01	-8.62497168286098e-02	-1.34509533896148e-02
8.91628000267477e-01	-1.37701180969733e-01	-2.46891595441250e-02	9.31751039970498e-01	-2.51287829316347e-01	-2.95145297900319e-02
1.00000000000000e+00	0.00000000000000e+00	0.00000000000000e+00
48	2.40409918350997e+02	1.42285714285714e-01
0.00000000000000e+00	1.60548972233707e-02	-4.20271224963464e-05	2.89835140495761e-02	1.56771595576739e-02	-4.39151503044410e-05
5.70723132794962e-02	1.53054828620756e-02	-4.59520734239494e-05	8.43142677276039e-02	1.49389958273309e-02	-4.81333454047661e-05
1.10754289056924e-01	1.45768527489774e-02	-5.04728862369408e-05	1.36434584641159e-01	1.42182010745786e-02	-5.29863296563349e-05
1.61394889375131e-01	1.38621740138090e-02	-5.56912837292867e-05	1.85672677664078e-01	1.35078826007056e-02	-5.86076360098442e-05
2.09303358002306e-01	1.31544070436833e-02	-6.17579164396975e-05	2.32320452306258e-01	1.28007871631988e-02	-6.51677291090280e-05
2.54755761964133e-01	1.24460116835259e-02	-6.88662690140340e-05	2.76639522399780e-01	1.20890060909375e-02	-7.28869397350618e-05
2.98000547819958e-01	1.17286187328312e-02	-7.72681068412773e-05	3.18866367719449e-01	1.13636047044334e-02	-8.20539977968160e-05
3.39263356658138e-01	1.09926070468631e-02	-8.72958153341763e-05	3.59216858798291e-01	1.06141345735642e-02	-9.30530951817055e-05
3.78751308702503e-01	1.02265355109603e-02	-9.93953776318168e-05	3.97890349947191e-01	9.82796594288171e-03	-1.06404298313656e-04
4.16656953210122e-01	9.41635166897026e-03	-1.14176176857272e-04	4.35073535654574e-01	8.98934186828537e-03	-1.22825325589160e-04
4.53162083670418e-01	8.54425216323929e-03	-1.32488180527357e-04	4.70944281367452e-01	8.07799436023471e-03	-1.43328672349563e-04
4.88441647674172e-01	7.58698873040364e-03	-1.55545075929409e-04	5.05675685522548e-01	7.06705387718931e-03	-1.69379050487528e-04
5.22668047450248e-01	6.51326680185482e-03	-1.85127434224608e-04	5.39440723118123e-01	5.91978372387580e-03	-2.03158042678231e-04
5.56016255841292e-01	5.27960813578088e-03	-2.23931005562727e-04	5.72417997456412e-01	4.58428680019241e-03	-2.48027721247546e-04
5.88670413973580e-01	3.82350741245974e-03	-2.76191362396982e-04	6.04799458904824e-01	2.98455773523254e-03	-3.09383539702113e-04
6.20833037598274e-01	2.05158902133662e-03	-3.48865696891520e-04	6.36801595369509e-01	1.00459636685257e-03	-3.96317938386570e-04
6.52738876431589e-01	-1.82017757802022e-04	-4.54016243270239e-04	6.68682922428695e-01	-1.54150702255373e-03	-5.25103124124904e-04
6.84677413676124e-01	-3.11781101756892e-03	-6.14012096840311e-04	7.00773511694293e-01	-4.97011449137885e-03	-7.27153691518767e-04
7.17032454280820e-01	-7.17990217781683e-03	-8.74062741192949e-04	7.33529314823934e-01	-9.86223025120603e-03	-1.06939300494191e-03
7.50358627353502e-01	-1.31844047908757e-02	-1.33654909128067e-03	7.67643128428916e-01	-1.73982974942922e-02	-1.71465215874411e-03
7.85547971576763e-01	-2.28991339561977e-02	-2.27276055532077e-03	8.04305149765520e-01	-3.03390566735996e-02	-3.14107499605010e-03
8.24258443851045e-01	-4.08629888169403e-02	-4.58528027054506e-03	8.45953778902980e-01	-5.66446814829143e-02	-7.19863252932762e-03
8.70343405931764e-01	-8.22648177462849e-02	-1.24019788156902e-02	8.99327737858474e-01	-1.29188195170894e-01	-2.28504963167759e-02
9.37551356106269e-01	-2.33894353058002e-01	-2.77851811182253e-02	1.00000000000000e+00	0.00000000000000e+00	0.00000000000000e+00
48	2.40409918350997e+02	2.12928571428571e-01
0.00000000000000e+00	1.59973838275942e-02	-4.16253608945816e-05	2.92535793755430e-02	1.56226244222368e-02	-4.34887776201709e-05
5.76071999631509e-02	1.52538676365845e-02	-4.54983002196041e-05	8.51088309628889e-02	1.48902561589515e-02	-4.76497042296575e-05
1.11803486945567e-01	1.45309574989450e-02	-4.99566208329583e-05	1.37733480682355e-01	1.41751325609987e-02	-5.24343544783257e-05
1.62938653874383e-01	1.38219284259158e-02	-5.51001350441727e-05	1.87456588210540e-01	1.34704706005508e-02	-5.79734129799725e-05
2.11322799136229e-01	1.31198545848890e-02	-6.10762152886135e-05	2.34570914473684e-01	1.27691365423621e-02	-6.44335605153312e-05
2.57232839834166e-01	1.24173228711388e-02	-6.80739628737825e-05	2.79338912599642e-01	1.20633583792651e-02	-7.20300290149023e-05
3.00918046124150e-01	1.17061127610270e-02	-7.63391881992703e-05	3.21997865710836e-01	1.13443649354112e-02	-8.10445650127889e-05
3.42604837860028e-01	1.09767847740538e-02	-8.61960507170245e-05	3.62764394256875e-01	1.06019115949385e-02	-9.18516236914080e-05
3.82501051977132e-01	1.02181285845850e-02	-9.80789521205505e-05	4.01838531441297e-01	9.82363224472715e-03	-1.04957421439122e-04
4.20799873746048e-01	9.41639546957229e-03	-1.12580624397562e-04	4.39407559159964e-01	8.99412271722189e-03	-1.21059529957224e-04
4.57683628799436e-01	8.55419507692456e-03	-1.30526493716143e-04	4.75649811822836e-01	8.09360240015411e-03	-1.41140365599979e-04
4.93327660923452e-01	7.60885884691387e-03	-1.53093111639802e-04	5.10738699504023e-01	7.09589678907085e-03	-1.66618415540887e-04
5.27904584736001e-01	6.54993238296742e-03	-1.82003014763010e-04	5.44847291825126e-01	5.96529351855457e-03	-1.99601753652745e-04
5.61589326341729e-01	5.33519742833866e-03	-2.19857875182417e-04	5.78153973603210e-01	4.65146008177375e-03	-2.43330767803807e-04
5.94565597080614e-01	3.90411135545077e-03	-2.70734114023119e-04	6.10850002044203e-01	3.08087985197614e-03	-3.02989909172879e-04
6.27034886775368e-01	2.16649175881334e-03	-3.41305208156006e-04	6.43150412656510e-01	1.14170300997496e-03	-3.87284250985775e-04
6.59229937881140e-01	-1.80609121542830e-05	-4.43095125093107e-04	6.75310980077121e-01	-1.34465360931979e-03	-5.11723463177294e-04
6.91436505338479e-01	-2.88006004070263e-03	-5.97368973759727e-04	7.07656693037233e-01	-4.68067389786875e-03	-7.06083853046824e-04
7.24031412007707e-01	-6.82389070650136e-03	-8.46835913666855e-04	7.40633792206720e-01	-9.41859598201100e-03	-1.03334772103914e-03
7.57555542515214e-01	-1.26224591592392e-02	-1.28742736323306e-03	7.74915167271788e-01	-1.66716820158328e-02	-1.64531882503405e-03
7.92871234459301e-01	-2.19347630276778e-02	-2.17057858542202e-03	8.11644982140672e-01	-2.90155543279033e-02	-2.98214284031117e-03
8.31561494678789e-01	-3.89653598807996e-02	-4.32083180021348e-03	8.53131391229004e-01	-5.37595513225524e-02	-6.72149056242932e-03
8.77232273599475e-01	-7.75020538483651e-02	-1.14791430571650e-02	9.05579423089656e-01	-1.20186381324949e-01	-2.14078962717288e-02
9.42243974946759e-01	-2.15458436115580e-01	-2.91785919177285e-02	1.00000000000000e+00	0.00000000000000e+00	0.00000000000000e+00
47	2.40409918350997e+02	2.83571428571429e-01
0.00000000000000e+00	1.62828502508725e-02	-4.29840098943313e-05	3.01574169697438e-02	1.58951177831517e-02	-4.49456200337650e-05
5.93711409525119e-02	1.55137048940790e-02	-4.70617661900707e-05	8.76923063543610e-02	1.51376966313377e-02	-4.93302507462712e-05
1.15168846552586e-01	1.47662013719434e-02	-5.17660062073766e-05	1.41845772320102e-01	1.43983199752369e-02	-5.43858357069382e-05
1.67765425508762e-01	1.40331377469034e-02	-5.72087008892108e-05	1.92967710791030e-01	1.36697157969041e-02	-6.02560637310567e-05
2.17490308164089e-01	1.33070815920853e-02	-6.35522888186024e-05	2.41368868642835e-01	1.29442184974982e-02	-6.71251313364429e-05
2.64637195339267e-01	1.25800540150007e-02	-7.10063133515515e-05	2.87327411941595e-01	1.22134464212211e-02	-7.52322253614324e-05
3.09470120462991e-01	1.18431693960512e-02	-7.98447713135086e-05	3.31094550026461e-01	1.14678941768303e-02	-8.48924048550970e-05
3.52228698387902e-01	1.10861686041621e-02	-9.04313835119464e-05	3.72899467876411e-01	1.06963923620857e-02	-9.65273369160080e-05
3.93132797451642e-01	1.02967873884283e-02	-1.03257185923189e-04	4.12953792649920e-01	9.88536230694725e-03	-1.10711561416732e-04
4.32386855321251e-01	9.45986924446762e-03	-1.18997820556688e-04	4.51455815263114e-01	9.01775107901259e-03	-1.28243900563207e-04
4.70184066151163e-01	8.55607636827393e-03	-1.38603214590693e-04	4.88594708580134e-01	8.07145844510515e-03	-1.50260951087500e-04
5.06710703596748e-01	7.55995406571608e-03	-1.63442328149577e-04	5.24555040884021e-01	7.01693502032885e-03	-1.78423346941958e-04
5.42150926823216e-01	6.43692428177056e-03	-1.95545191938651e-04	5.59521999123488e-01	5.81338427489198e-03	-2.15233434947448e-04
5.76692576742694e-01	5.13844087770843e-03	-2.38024397438918e-04	5.93687956665194e-01	4.40251857466101e-03	-2.64601335190129e-04
6.10534773141708e-01	3.59385255516353e-03	-2.95845331911071e-04	6.27261440804262e-01	2.69782665561835e-03	-3.32907880409961e-04
6.43898711577444e-01	1.69606084731577e-03	-3.77316291029439e-04	6.60480388002087e-01	5.65131777367167e-04	-4.31129984252321e-04
6.77044254939083e-01	-7.25254641664619e-04	-4.97178348613181e-04	6.93633321831133e-01	-2.21493232172887e-03	-5.79430217603205e-04
7.10297516185884e-01	-3.95726311702971e-03	-6.83588247672118e-04	7.27096049116922e-01	-6.02526484923682e-03	-8.18073811766462e-04
7.44100811193845e-01	-8.52132012169915e-03	-9.95725512873857e-04	7.61401401975818e-01	-1.15931186121897e-02	-1.23686051991867e-03
7.79112855047513e-01	-1.54609427585106e-02	-1.57508837663478e-03	7.97388026742297e-01	-2.04667133319276e-02	-2.06904551894671e-03
8.16438532179963e-01	-2.71674078270002e-02	-2.82788643769960e-03	8.36572502764735e-01	-3.65259529512069e-02	-4.07163870077576e-03
8.58268578417513e-01	-5.03365228254478e-02	-6.28880931543252e-03	8.82337734995937e-01	-7.22855504319477e-02	-1.06835830288969e-02
9.10334983439837e-01	-1.11156223539892e-01	-2.02411335449668e-02	9.45859277970084e-01	-1.97196427466338e-01	-3.21075785563947e-02
1.00000000000000e+00	0.00000000000000e+00	0.00000000000000e+00
46	2.40409918350997e+02	3.54214285714286e-01
0.00000000000000e+00	1.65778523264775e-02	-4.43511015757458e-05	3.10993367225962e-02	1.61766618091357e-02	-4.64142844671667e-05
6.12085433659104e-02	1.57821340670181e-02	-4.86410494919820e-05	9.03821630278648e-02	1.53932921808888e-02	-5.10312781913935e-05
1.18671267833554e-01	1.50091811611617e-02	-5.36013207077524e-05	1.46123765814818e-01	1.46288375285593e-02	-5.63696188515816e-05
1.72784680065331e-01	1.42512803666277e-02	-5.93570342637406e-05	1.98696403395382e-01	1.38755016776828e-02	-6.25872399730998e-05
2.23898931558352e-01	1.35004558165790e-02	-6.60871869437862e-05	2.48430077801878e-01	1.31250477358331e-02	-6.98876599027898e-05
2.72325671235310e-01	1.27481197470687e-02	-7.40239548344679e-05	2.95619741295501e-01	1.23684363923759e-02	-7.85366888109706e-05
3.18344690432413e-01	1.19846669883472e-02	-8.34727940344226e-05	3.40531457021786e-01	1.15953652456078e-02	-8.88867279913441e-05
3.62209670445109e-01	1.11989452634287e-02	-9.48419703366010e-05	3.83407800258982e-01	1.07936529584050e-02	-1.01412863390271e-04
4.04153301411932e-01	1.03775318260901e-02	-1.08686932042801e-04	4.24472757563809e-01	9.94838145591714e-03	-1.16767760097725e-04
4.44392024734541e-01	9.50370698731207e-03	-1.25778675174049e-04	4.63936377770184e-01	9.04065687325062e-03	-1.35867416613422e-04
4.83130662492814e-01	8.55594565420237e-03	-1.47212141814013e-04	5.01999456929822e-01	8.04575735486934e-03	-1.60029268942319e-04
5.20567245749338e-01	7.50562334122584e-03	-1.74583696621156e-04	5.38858613036396e-01	6.93026670160268e-03	-1.91202469097540e-04
5.56898459931375e-01	6.31340150062232e-03	-2.10292975052040e-04	5.74712255580535e-01	5.64747142428135e-03	-2.32367801358713e-04
5.92326332543506e-01	4.92330520141171e-03	-2.58078965650554e-04	6.09768241624484e-01	4.12965643228258e-03	-2.88265790010289e-04
6.27067186584508e-01	3.25258052995436e-03	-3.24023078158042e-04	6.44254567210411e-01	2.27457784429852e-03	-3.66799869285117e-04
6.61364671147671e-01	1.17339551336371e-03	-4.18545737751908e-04	6.78435573028181e-01	-7.96803333934504e-05	-4.81932099501980e-04
6.95510327620259e-01	-1.52230995915470e-03	-5.60696074521028e-04	7.12638588763024e-01	-3.20480373553234e-03	-6.60190359870638e-04
7.29878859991991e-01	-5.19579090183697e-03	-7.88292263627088e-04	7.47301709105421e-01	-7.59116632222856e-03	-9.56963923915088e-04
7.64994502937260e-01	-1.05287130076045e-02	-1.18505356667287e-03	7.83068634547005e-01	-1.42130065424888e-02	-1.50358705094145e-03
8.01671030686371e-01	-1.89599160061614e-02	-1.96640175188811e-03	8.21003434462860e-01	-2.52808162238379e-02	-2.67314237997840e-03
8.41356826758824e-01	-3.40533774262459e-02	-3.82358075720579e-03	8.63178031985372e-01	-4.68986744412879e-02	-5.86012466995767e-03
8.87213076560018e-01	-6.71099744028372e-02	-9.88492163276278e-03	9.14864522191031e-01	-1.02367410709594e-01	-1.88731075806294e-02
9.49292824094083e-01	-1.78537821024295e-01	-3.42419335791748e-02	1.00000000000000e+00	0.00000000000000e+00	0.00000000000000e+00
48	2.40409918350997e+02	4.24857142857143e-01
0.00000000000000e+00	1.58056298315818e-02	-4.00172170755830e-05	3.00633926951447e-02	1.54415492901048e-02	-4.17846388485188e-05
5.92124694604116e-02	1.50832998500690e-02	-4.36881944221312e-05	8.74953019411442e-02	1.47300733874693e-02	-4.57243248530581e-05
1.14957033771049e-01	1.43810847139798e-02	-4.79055986406518e-05	1.41640127756838e-01	1.40355431169852e-02	-5.02461050235770e-05
1.67584591664879e-01	1.36926457598792e-02	-5.27616826124788e-05	1.92828184932736e-01	1.33515706087919e-02	-5.54701848458627e-05
2.17406608580824e-01	1.30114687445855e-02	-5.83917936007872e-05	2.41353680369325e-01	1.26714558978764e-02	-6.15493958042723e-05
2.64701497054298e-01	1.23306029920534e-02	-6.49690268883507e-05	2.87480585440938e-01	1.19879254663833e-02	-6.86804044802702e-05
3.09720043808289e-01	1.16423710893747e-02	-7.27175725567797e-05	3.31447675187092e-01	1.12928058947452e-02	-7.71196735416257e-05
3.52690113910419e-01	1.09379978287409e-02	-8.19318967131277e-05	3.73472946825608e-01	1.05765975331698e-02	-8.72066249493209e-05
3.93820830558575e-01	1.02071156255901e-02	-9.30048603127176e-05	4.13757606260556e-01	9.82789556326003e-03	-9.93979665928624e-05
4.33306413349692e-01	9.43708105899566e-03	-1.06469862030112e-04	4.52489803892493e-01	9.03257658499634e-03	-1.14319750782688e-04
4.71329859466829e-01	8.61199918611311e-03	-1.23065586663751e-04	4.89848312623892e-01	8.17261919316703e-03	-1.32848475680625e-04
5.08066675446524e-01	7.71128670926990e-03	-1.43838331764012e-04	5.26006378217855e-01	7.22433970739700e-03	-1.56241220700126e-04
5.43688921914619e-01	6.70748805456678e-03	-1.70308945596220e-04	5.61136049191799e-01	6.15566595841455e-03	-1.86351805219420e-04
5.78369939824668e-01	5.56284200051205e-03	-2.04755534779277e-04	5.95413438367242e-01	4.92177248714665e-03	-2.26004450272210e-04
6.12290324277042e-01	4.22367689863901e-03	-2.50713104988698e-04	6.29025638273068e-01	3.45780590441658e-03	-2.79670554704792e-04
6.45646083718448e-01	2.61085798472838e-03	-3.13902960164647e-04	6.62180529128105e-01	1.66618058271228e-03	-3.54764353768244e-04
6.78660648716871e-01	6.02656274564239e-04	-4.04069776982263e-04	6.95121754263397e-01	-6.06876748277529e-04	-4.64296586233370e-04
7.11603896851928e-01	-1.99791389465331e-03	-5.38894549142244e-04	7.28153357223591e-01	-3.61767566984461e-03	-6.32779829469854e-04
7.44824709114436e-01	-5.53026946445068e-03	-7.53144443896181e-04	7.61683750985203e-01	-7.82477817720206e-03	-9.10835988474412e-04
7.78811796598088e-01	-1.06283786405855e-02	-1.12281035196604e-03	7.96312173343811e-01	-1.41284802526211e-02	-1.41671541553201e-03
8.14320471468981e-01	-1.86118630737532e-02	-1.83998495002924e-03	8.33021519068980e-01	-2.45378114067852e-02	-2.47920488149411e-03
8.52679244375306e-01	-3.26841886192902e-02	-3.50504510215544e-03	8.73693384128930e-01	-4.44639872626358e-02	-5.28777615745590e-03
8.96718526847331e-01	-6.26859589514007e-02	-8.72985688818995e-03	9.22950706491648e-01	-9.36804700724999e-02	-1.62734276908896e-02
9.54967325519706e-01	-1.57169397784586e-01	-3.10366798423956e-02	1.00000000000000e+00	0.00000000000000e+00	0.00000000000000e+00
50	2.40409918350997e+02	4.95500000000000e-01
0.00000000000000e+00	1.50940277921501e-02	-3.61742717267521e-05	2.91051561234835e-02	1.47627087337054e-02	-3.76930847993950e-05
5.73634853444602e-02	1.44365187015980e-02	-3.93261671802758e-05	8.48175368765206e-02	1.41147849249352e-02	-4.10673411292972e-05
1.11507376108182e-01	1.37968582259880e-02	-4.29263358625587e-05	1.37470785067030e-01	1.34820859489659e-02	-4.49139989406877e-05
1.62743446245195e-01	1.31698070400210e-02	-4.70424530041313e-05	1.87359111463365e-01	1.28593468110199e-02	-4.93252792610477e-05
2.11349757473875e-01	1.25500112920343e-02	-5.17777340562908e-05	2.34745729836119e-01	1.22410810562867e-02	-5.44170020131407e-05
2.57575876456868e-01	1.19318043885015e-02	-5.72624943859790e-05	2.79867672071299e-01	1.16213896511386e-02	-6.03362074989011e-05
3.01647334845861e-01	1.13089966423972e-02	-6.36631397183951e-05	3.22939936210437e-01	1.09937267620541e-02	-6.72718054066657e-05
3.43769504973489e-01	1.06746116634933e-02	-7.11948329117362e-05	3.64159126740963e-01	1.03506001206692e-02	-7.54697075802113e-05
3.84131039647306e-01	1.00205426461029e-02	-8.01396563616663e-05	4.03706727418119e-01	9.68317338527647e-03	-8.52547347647281e-05
4.22907010820249e-01	9.33708865338212e-03	-9.08731696473986e-05	4.41752138621374e-01	8.98072125685556e-03	-9.70629919865296e-05
4.60261879283526e-01	8.61230966293713e-03	-1.03904102566110e-04	4.78455614760396e-01	8.22986060081132e-03	-1.11490822550575e-04
4.96352437970226e-01	7.83110348160831e-03	-1.19935138668703e-04	5.13971255788021e-01	7.41343436473541e-03	-1.29370816522423e-04
5.31330899766572e-01	6.97384651715272e-03	-1.39958642938920e-04	5.48450247284804e-01	6.50884384290751e-03	-1.51893285352811e-04
5.65348356476262e-01	6.01433174790422e-03	-1.65412163711798e-04	5.82044619174071e-01	5.48547858628656e-03	-1.80807232163183e-04
5.98558937304685e-01	4.91653772528600e-03	-1.98440590744919e-04	6.14911929803581e-01	4.30061724615216e-03	-2.18765830894307e-04
6.31125179393726e-01	3.62937745925174e-03	-2.42356917510289e-04	6.47221531756977e-01	2.89262990897710e-03	-2.69948656584917e-04
6.63225464157176e-01	2.07779773075889e-03	-3.02493689693817e-04	6.79163547134270e-01	1.16917905057878e-03	-3.41244457355394e-04
6.95065032547151e-01	1.46925124312580e-04	-3.87873391287652e-04	7.10962615761226e-01	-1.01440298092437e-03	-4.44653008541129e-04
7.26893442096800e-01	-2.34791408849411e-03	-5.14732500840998e-04	7.42900462847580e-01	-3.89745159145471e-03	-6.02574396289635e-04
7.59034303280829e-01	-5.72222557704549e-03	-7.14665862361796e-04	7.75355900742645e-01	-7.90401957628339e-03	-8.60719413880329e-04
7.91940337516366e-01	-1.05587776617034e-02	-1.05578787247529e-03	8.08882595574329e-01	-1.38559704307659e-02	-1.32417016250175e-03
8.26306538463966e-01	-1.80524414798431e-02	-1.70705845217323e-03	8.44379598799860e-01	-2.35548091257686e-02	-2.27857004346310e-03
8.63338211113407e-01	-3.10421198349646e-02	-3.18227511671920e-03	8.83535148290082e-01	-4.17265117944761e-02	-4.72324631607690e-03
9.05536306949600e-01	-5.79640325946054e-02	-7.62887247355093e-03	9.30345480407269e-01	-8.48919267971431e-02	-1.38625136527755e-02
9.60030246656944e-01	-1.37435127052609e-01	-2.70809579425288e-02	1.00000000000000e+00	0.00000000000000e+00	0.00000000000000e+00
50	2.40409918350997e+02	5.66142857142857e-01
0.00000000000000e+00	1.50253065481296e-02	-3.55052063811812e-05	2.93489754658386e-02	1.46979807236316e-02	-3.69867517535649e-05
5.78477195092643e-02	1.43757371385018e-02	-3.85790759318549e-05	8.55387095274353e-02	1.40579196070556e-02	-4.02761595166279e-05
1.12461953742943e-01	1.37438950687554e-02	-4.20873774140684e-05	1.38655189351102e-01	1.34330273981491e-02	-4.40231750089559e-05
1.64154064279722e-01	1.31246726749141e-02	-4.60952186518426e-05	1.88992304203273e-01	1.28181741533850e-02	-4.83165703013544e-05
2.13201866476143e-01	1.25128568415469e-02	-5.07018924322811e-05	2.36813082486173e-01	1.22080215849945e-02	-5.32676899054341e-05
2.59854789791784e-01	1.19029385281713e-02	-5.60325934191308e-05	2.82354455291387e-01	1.15968398106372e-02	-5.90176956443145e-05
3.04338290580535e-01	1.12889113291270e-02	-6.22469539257597e-05	3.25831360579006e-01	1.09782833464647e-02	-6.57476675141044e-05
3.46857686456503e-01	1.06640197010068e-02	-6.95510517545461e-05	3.67440343851376e-01	1.03451053035704e-02	-7.36929302782574e-05
3.87601557362909e-01	1.00204315475041e-02	-7.82145794464562e-05	4.07362792305512e-01	9.68877913129718e-03	-8.31637467932911e-05
4.26744844745485e-01	9.34879772840702e-03	-8.85959102989720e-05	4.45767930901200e-01	8.99898172728220e-03	-9.45758246870820e-05
4.64451777081617e-01	8.63764109401477e-03	-1.01179440632704e-04	4.82815711473090e-01	8.26286615859773e-03	-1.08496319139340e-04
5.00878759271029e-01	7.87248467643442e-03	-1.16632639929115e-04	5.18659742906300e-01	7.46400918279955e-03	-1.25715041459307e-04
5.36177389454925e-01	7.03457194270807e-03	-1.35895554043364e-04	5.53450447772752e-01	6.58084377684109e-03	-1.47357893612643e-04
5.70497818503947e-01	6.09893221849966e-03	-1.60325769444469e-04	5.87338700925748e-01	5.58425224362780e-03	-1.75073729972164e-04
6.03992761696499e-01	5.03136091912415e-03	-1.91941685765640e-04	6.20480332079320e-01	4.43374335294355e-03	-2.11354352057214e-04
6.36822642295605e-01	3.78353318193714e-03	-2.33848069564058e-04	6.53042104567666e-01	3.07114210291437e-03	-2.60107626933959e-04
6.69162660537995e-01	2.28476341494721e-03	-2.91018346463279e-04	6.85210214689662e-01	1.40969648943323e-03	-3.27740643358831e-04
7.01213184105622e-01	4.27412891529588e-04	-3.71818855629202e-04	7.17203207933552e-01	-6.85757372799523e-04	-4.25343669860467e-04
7.33216079841464e-01	-1.96051066941560e-03	-4.91200361632860e-04	7.49292997965969e-01	-3.43733388275991e-03	-5.73458609389954e-04
7.65482277158182e-01	-5.17065991307442e-03	-6.78003744073896e-04	7.81841751999853e-01	-7.23529290566005e-03	-8.13596094499047e-04
7.98442243357305e-01	-9.73667225535935e-03	-9.93720886951710e-04	8.15372720774793e-01	-1.28278888042920e-02	-1.23998098913858e-03
8.32748283220791e-01	-1.67391682095361e-02	-1.58867476752689e-03	8.50723062310445e-01	-2.18316727926935e-02	-2.10445093517930e-03
8.69512260761112e-01	-2.87019995712287e-02	-2.91109829158476e-03	8.89432479259352e-01	-3.84011537455167e-02	-4.26844340079136e-03
9.10982404942745e-01	-5.29387098937185e-02	-6.79014704278158e-03	9.35024960808602e-01	-7.65954606603924e-02	-1.21532929675943e-02
9.63275604480993e-01	-1.21258619912908e-01	-2.43008350551768e-02	1.00000000000000e+00	0.00000000000000e+00	0.00000000000000e+00
48	2.40409918350997e+02	6.36785714285714e-01
0.00000000000000e+00	1.55908117097148e-02	-3.78354918619817e-05	3.08246380886902e-02	1.52397367033090e-02	-3.94756975130583e-05
6.07238756397518e-02	1.48943365233523e-02	-4.12399251283890e-05	8.97455426965502e-02	1.45538613251961e-02	-4.31248064352019e-05
1.17934592482897e-01	1.42175830934610e-02	-4.51415788695897e-05	1.45333340136982e-01	1.38847699046032e-02	-4.73028166709799e-05
1.71981680997296e-01	1.35546800587751e-02	-4.96226280415346e-05	1.97917290619707e-01	1.32265558109717e-02	-5.21168825726726e-05
2.23175808660335e-01	1.28996165893114e-02	-5.48034833627309e-05	2.47791008543509e-01	1.25730515475593e-02	-5.77026868875397e-05
2.71794954654200e-01	1.22460112865412e-02	-6.08374836887915e-05	2.95218148646100e-01	1.19175985421205e-02	-6.42340526810781e-05
3.18089666337683e-01	1.15868575996998e-02	-6.79223073416502e-05	3.40437286577418e-01	1.12527621302805e-02	-7.19365488834889e-05
3.62287613395351e-01	1.09142011101639e-02	-7.63162681460816e-05	3.83666192721521e-01	1.05699623380149e-02	-8.11071070718761e-05
4.04597624944188e-01	1.02187130295481e-02	-8.63620486060146e-05	4.25105674604594e-01	9.85897676730296e-03	-9.21428805449320e-05
4.45213378585136e-01	9.48910589548135e-03	-9.85219971216811e-05	4.64943154250721e-01	9.10724828228227e-03	-1.05584675922366e-04
4.84316909157369e-01	8.71130688705701e-03	-1.13431902527994e-04	5.03356154162675e-01	8.29889033834164e-03	-1.22183990739488e-04
5.22082122075395e-01	7.86725193412141e-03	-1.31985182470373e-04	5.40515894394592e-01	7.41321375394088e-03	-1.43009554531615e-04
5.58678539246776e-01	6.93307161347190e-03	-1.55468784657664e-04	5.76591264383057e-01	6.42247462695722e-03	-1.69622250771662e-04
5.94275590124314e-01	5.87627149925107e-03	-1.85790554585674e-04	6.11753548541438e-01	5.28831202517233e-03	-2.04373636452537e-04
6.29047917092251e-01	4.65118816911425e-03	-2.25875538104381e-04	6.46182497634482e-01	3.95589197705681e-03	-2.50938536839440e-04
6.63182455554102e-01	3.19135809278270e-03	-2.80391211899378e-04	6.80074739232209e-01	2.34384274203348e-03	-3.15317006262639e-04
6.96888608091708e-01	1.39606767175326e-03	-3.57154091353395e-04	7.13656309406435e-01	3.26019377374087e-04	-4.07843910228189e-04
7.30413962232851e-01	-8.94767926976736e-04	-4.70057519661893e-04	7.47202735169040e-01	-2.30372162715398e-03	-5.47549607449849e-04
7.64070450070508e-01	-3.95098837784313e-03	-6.45729489310298e-04	7.81073818934164e-01	-5.90521938786814e-03	-7.72614987330833e-04
7.98281649748355e-01	-8.26276640184809e-03	-9.40491233761165e-04	8.15779586549644e-01	-1.11628471818479e-02	-1.16893633609449e-03
8.33677378425109e-01	-1.48136627613463e-02	-1.49065743747445e-03	8.52120523285363e-01	-1.95397312441911e-02	-1.96354390621578e-03
8.71309938463060e-01	-2.58731217941369e-02	-2.69772247595101e-03	8.91537482211411e-01	-3.47429522521625e-02	-3.92302199176098e-03
9.13255877313884e-01	-4.79070506149500e-02	-6.18143905436419e-03	9.37233345245623e-01	-6.90558028839166e-02	-1.09796552070807e-02
9.64957481307787e-01	-1.08151833287023e-01	-2.24193406471604e-02	1.00000000000000e+00	0.00000000000000e+00	0.00000000000000e+00
46	2.40409918350997e+02	7.07428571428571e-01
0.00000000000000e+00	1.62043367058804e-02	-4.03880878601104e-05	3.24200909596636e-02	1.58267421437939e-02	-4.22089612250875e-05
6.38299791332289e-02	1.54555194479049e-02	-4.41698278794700e-05	9.42837525257612e-02	1.50898062944274e-02	-4.62702954353578e-05
1.23832128126432e-01	1.47287610846856e-02	-4.85239174021768e-05	1.52522741542149e-01	1.43715372577806e-02	-5.09459303223991e-05
1.80400410917019e-01	1.40172759482169e-02	-5.35535122105912e-05	2.07507378035857e-01	1.36650981143578e-02	-5.63660853529768e-05
2.33883529374278e-01	1.33140959766189e-02	-5.94056789438024e-05	2.59566599571649e-01	1.29633235557862e-02	-6.26973571893341e-05
2.84592359566105e-01	1.26117860923498e-02	-6.62697385227506e-05	3.08994791437548e-01	1.22584280472091e-02	-7.01556154276695e-05
3.32806251852330e-01	1.19021193450992e-02	-7.43927035262715e-05	3.56057625889713e-01	1.15416394521650e-02	-7.90245608963680e-05
3.78778472954701e-01	1.11756587319560e-02	-8.41017002384259e-05	4.00997166446008e-01	1.08027164614652e-02	-8.96829717136338e-05
4.22741028853531e-01	1.04211946292578e-02	-9.58372574240141e-05	4.44036464013085e-01	1.00292865181637e-02	-1.02645607553242e-04
4.64909088353546e-01	9.62495863948121e-03	-1.10203895442362e-04	4.85383863146187e-01	9.20590432006962e-03	-1.18626196108806e-04
5.05485230022486e-01	8.76948661066246e-03	-1.28049094856530e-04	5.25237252389669e-01	8.31266745656278e-03	-1.38637222045990e-04
5.44663765875419e-01	7.83191907097591e-03	-1.50590436783560e-04	5.63788541621118e-01	7.32311209531522e-03	-1.64153287978142e-04
5.82635467184028e-01	6.78137294395276e-03	-1.79627504528490e-04	6.01228751101980e-01	6.20090021883457e-03	-1.97388842576807e-04
6.19593158959230e-01	5.57472552574145e-03	-2.17909891673251e-04	6.37754291286938e-01	4.89439854324458e-03	-2.41791654942203e-04
6.55738917152173e-01	4.14956651398146e-03	-2.69807642746311e-04	6.73575382339122e-01	3.32740523372443e-03	-3.02966788226389e-04
6.91294118377608e-01	2.41183687248947e-03	-3.42604773038602e-04	7.08928289586851e-01	1.38243618588030e-03	-3.90519382882371e-04
7.26514631838961e-01	2.12871424139838e-04	-4.49175784289935e-04	7.44094562404950e-01	-1.13136472120012e-03	-5.22026976808254e-04
7.61715681123987e-01	-2.69634046020262e-03	-6.14027419006513e-04	7.79433850296807e-01	-4.54487176191554e-03	-7.32487901696999e-04
7.97316154866905e-01	-6.76472568536213e-03	-8.88553796119407e-04	8.15445246533272e-01	-9.48207193826367e-03	-1.09988503469527e-03
8.33925950183032e-01	-1.28844946318585e-02	-1.39579441147908e-03	8.52895745612652e-01	-1.72623933674576e-02	-1.82778269008232e-03
8.72542276961026e-01	-2.30880959496167e-02	-2.49302205892166e-03	8.93134544964956e-01	-3.11785559299328e-02	-3.59253495785894e-03
9.15083281652352e-01	-4.30615503652207e-02	-5.59670996384920e-03	9.39071615164821e-01	-6.18959213882927e-02	-9.81349260889486e-03
9.66386754751964e-01	-9.60294243430088e-02	-1.99747727796808e-02	1.00000000000000e+00	0.00000000000000e+00	0.00000000000000e+00
43	2.40409918350997e+02	7.78071428571429e-01
0.00000000000000e+00	1.72744300082062e-02	-4.53052327362702e-05	3.49503748331929e-02	1.68475163717929e-02	-4.74862679384902e-05
6.87426300526493e-02	1.64283005089252e-02	-4.98415032004207e-05	1.01442558068092e-01	1.60156877902438e-02	-5.23761538702150e-05
1.33111602900141e-01	1.56086028854794e-02	-5.51088975417890e-05	1.63807256217230e-01	1.52059626682812e-02	-5.80609044595892e-05
1.93583416122107e-01	1.48066654819814e-02	-6.12562481523415e-05	2.22490713242825e-01	1.44095795474932e-02	-6.47223963035071e-05
2.50576808335161e-01	1.40135302244757e-02	-6.84908005406104e-05	2.77886665149327e-01	1.36172857873413e-02	-7.25976112543325e-05
3.04462801943428e-01	1.32195412942306e-02	-7.70845421762534e-05	3.30345524731526e-01	1.28189000616807e-02	-8.19999343903977e-05
3.55573145129658e-01	1.24138520943591e-02	-8.74000549262455e-05	3.80182185506805e-01	1.20027487126597e-02	-9.33507121598787e-05
4.04207574059309e-01	1.15837723595738e-02	-9.99292588677037e-05	4.27682832411248e-01	1.11549003396310e-02	-1.07227111856290e-04
4.50640258406871e-01	1.07138608324935e-02	-1.15352931553625e-04	4.73111106918133e-01	1.02580790525146e-02	-1.24436676314454e-04
4.95125771760062e-01	9.78461071480874e-03	-1.34634802609890e-04	5.16713972219027e-01	9.29005908543790e-03	-1.46137021613590e-04
5.37904948296047e-01	8.77047055992186e-03	-1.59175155677316e-04	5.58727669611768e-01	8.22120183934394e-03	-1.74034833118286e-04
5.79211064102033e-01	7.63674937215630e-03	-1.91071220646100e-04	5.99384274284273e-01	7.01052766617516e-03	-2.10730305112872e-04
6.19276951196197e-01	6.33457795413328e-03	-2.33578259329681e-04	6.38919599393669e-01	5.59918014393124e-03	-2.60342431441796e-04
6.58343991107682e-01	4.79232873690538e-03	-2.91969590940688e-04	6.77583674516654e-01	3.89901426426631e-03	-3.29710383138337e-04
6.96674611241314e-01	2.90022080238583e-03	-3.75244065769609e-04	7.15655993508004e-01	1.77150114947677e-03	-4.30867329132001e-04
7.34571315129129e-01	4.80908500895216e-04	-4.99787633061466e-04	7.53469808051064e-01	-1.01407821037058e-03	-5.86592652914497e-04
7.72408417658837e-01	-2.77124987028365e-03	-6.98027693792680e-04	7.91454593880361e-01	-4.87106327440434e-03	-8.44335094206228e-04
8.10690357704833e-01	-7.42871492698438e-03	-1.04167180346937e-03	8.30218438734327e-01	-1.06146940461298e-02	-1.31672090493629e-03
8.50171932259090e-01	-1.46915474024717e-02	-1.71609910396198e-03	8.70730278571263e-01	-2.00836782943996e-02	-2.32721184544449e-03
8.92147411509786e-01	-2.75198109859285e-02	-3.32966254433509e-03	9.14805499679631e-01	-3.83507675308620e-02	-5.14109164104282e-03
9.39329256881709e-01	-5.53380793393562e-02	-8.92047438216093e-03	9.66869609666716e-01	-8.56729424839205e-02	-1.80464165747471e-02
1.00000000000000e+00	0.00000000000000e+00	0.00000000000000e+00
39	2.40409918350997e+02	8.48714285714286e-01
0.00000000000000e+00	1.89938175483704e-02	-5.40165953499816e-05	3.88283752384873e-02	1.84807856342599e-02	-5.68840577492846e-05
7.62476672809349e-02	1.79779155194884e-02	-5.99975361104121e-05	1.12345317124952e-01	1.74836369956226e-02	-6.33736094461934e-05
1.47202464415576e-01	1.69963969046005e-02	-6.70426417974657e-05	1.80894573399807e-01	1.65146264513909e-02	-7.10395139396081e-05
2.13491994912932e-01	1.60367221815574e-02	-7.54044535635767e-05	2.45060473100612e-01	1.55610251595870e-02	-8.01840513207086e-05
2.75661604677442e-01	1.50857976919836e-02	-8.54325038222026e-05	3.05353257633653e-01	1.46091968294946e-02	-9.12131569863472e-05
3.34189955598075e-01	1.41292436595510e-02	-9.76004209163328e-05	3.62223233530902e-01	1.36437871756079e-02	-1.04682171081283e-04
3.89501970044371e-01	1.31504611600688e-02	-1.12562780851810e-04	4.16072701432491e-01	1.26466320619625e-02	-1.21366983969473e-04
4.41979922440314e-01	1.21293352005276e-02	-1.31244823426080e-04	4.67266378938480e-01	1.15951958116967e-02	-1.42378074733607e-04
4.91973358022894e-01	1.10403302155271e-02	-1.54988653887411e-04	5.16140981686880e-01	1.04602206766051e-02	-1.69349722193957e-04
5.39808511195460e-01	9.84955522367859e-03	-1.85800575724038e-04	5.63014670751337e-01	9.20202012033555e-03	-2.04766816887414e-04
5.85798001167082e-01	8.51002765415121e-03	-2.26788070401218e-04	6.08197257330041e-01	7.76435443038359e-03	-2.52556701783258e-04
6.30251867700953e-01	6.95365372514023e-03	-2.82972722826402e-04	6.52002480609310e-01	6.06378799405016e-03	-3.19223236814548e-04
6.73491631787099e-01	5.07689926269572e-03	-3.62899589015697e-04	6.94764582209784e-01	3.97009043698437e-03	-4.16174526355562e-04
7.15870397886012e-01	2.71351419937060e-03	-4.82076624038985e-04	7.36863378967294e-01	1.26753798214585e-03	-5.64928752020410e-04
7.57805003733897e-01	-4.21576410491675e-04	-6.71072500822767e-04	7.78766650993025e-01	-2.42846184198475e-03	-8.10113329545503e-04
7.99833535888591e-01	-4.85969978881706e-03	-9.97162222392545e-04	8.21110608040495e-01	-7.87258221659881e-03	-1.25710036594451e-03
8.42731767240169e-01	-1.17085629899255e-02	-1.63325522536617e-03	8.64875000908796e-01	-1.67565300073707e-02	-2.20658573806576e-03
8.87788832696796e-01	-2.36814051908567e-02	-3.14287894328524e-03	9.11842337937448e-01	-3.37095459526759e-02	-4.82661319524791e-03
9.37630295642380e-01	-4.93319202220198e-02	-8.32525313813792e-03	9.66230306206897e-01	-7.69575507964526e-02	-1.68284101095177e-02
1.00000000000000e+00	0.00000000000000e+00	0.00000000000000e+00
35	2.40409918350997e+02	9.19357142857143e-01
0.00000000000000e+00	2.11151439415946e-02	-6.57504683752030e-05	4.35858322065717e-02	2.04853893488948e-02	-6.96415218817137e-05
8.54218166374873e-02	1.98694743387249e-02	-7.38987971338201e-05	1.25627732622691e-01	1.92650443343121e-02	-7.85587061671311e-05
1.64313861453360e-01	1.86697578962480e-02	-8.36736627642942e-05	2.01582025208942e-01	1.80812404238226e-02	-8.93048943295671e-05
2.37526509451105e-01	1.74970480013790e-02	-9.55242820412927e-05	2.72234887405752e-01	1.69146270853056e-02	-1.02416665084037e-04
3.05788761083128e-01	1.63312684346453e-02	-1.10082747351248e-04	3.38264432934277e-01	1.57440532831625e-02	-1.18642795317259e-04
3.69733520241762e-01	1.51497891786185e-02	-1.28241381257332e-04	4.00263523457986e-01	1.45449321262769e-02	-1.39053523697807e-04
4.29918359125248e-01	1.39254905730450e-02	-1.51292719069218e-04	4.58758867855362e-01	1.32869051925206e-02	-1.65221551825523e-04
4.86843308165570e-01	1.26238962439649e-02	-1.81165893512469e-04	5.14227847858857e-01	1.19302670040331e-02	-1.99534116501088e-04
5.40967066264550e-01	1.11986471503303e-02	-2.20843494675993e-04	5.67114483278040e-01	1.04201528714354e-02	-2.45756986693602e-04
5.92723135168853e-01	9.58392997104429e-03	-2.75135393343673e-04	6.17846223213542e-01	8.67652977979949e-03	-3.10112672980312e-04
6.42537870401505e-01	7.68104174459072e-03	-3.52206902760832e-04	6.66854035472812e-01	6.57586498617380e-03	-4.03487728643404e-04
6.90853655253538e-01	5.33293112076394e-03	-4.66835420452005e-04	7.14600120636291e-01	3.91507228367471e-03	-5.46353961602852e-04
7.38163247484126e-01	2.27201750236317e-03	-6.48052324457193e-04	7.61621997689238e-01	3.34113156809646e-04	-7.81012722098184e-04
7.85068369490150e-01	-1.99787892499981e-03	-9.59489485245824e-04	8.08613174914910e-01	-4.87005684097752e-03	-1.20689151318887e-03
8.32394996440254e-01	-8.50609458476237e-03	-1.56386376689754e-03	8.56594790971610e-01	-1.32651611708565e-02	-2.10610627571506e-03
8.81461213941931e-01	-1.97592086563547e-02	-2.98809052837057e-03	9.07358105661273e-01	-2.91121221883691e-02	-4.56676213616158e-03
9.34863322185545e-01	-4.35943572727778e-02	-7.83039027397980e-03	9.65007303577564e-01	-6.89785135054072e-02	-1.57733277452610e-02
1.00000000000000e+00	0.00000000000000e+00	0.00000000000000e+00
32	2.40409918350997e+02	9.90000000000000e-01
0.00000000000000e+00	2.30315015515667e-02	-7.68826797883371e-05	4.80029858082399e-02	2.22875981189976e-02	-8.18496727656992e-05
9.39129499378568e-02	2.15615556544311e-02	-8.73236902245722e-05	1.37885005137509e-01	2.08501000979431e-02	-9.33661868600666e-05
1.80060969142733e-01	2.01499656544741e-02	-1.00058722674712e-04	2.20570936223067e-01	1.94578277920594e-02	-1.07498030215591e-04
2.59534659897800e-01	1.87702422751803e-02	-1.15799533592975e-04	2.97062777994843e-01	1.80835760119578e-02	-1.25101856667920e-04
3.33257907018383e-01	1.73939263622025e-02	-1.35572651964733e-04	3.68215629450092e-01	1.66970245773979e-02	-1.47416217238350e-04
4.02025395203430e-01	1.59881176134999e-02	-1.60883544976897e-04	4.34771356923808e-01	1.52618205486190e-02	-1.76285742649274e-04
4.66533158188635e-01	1.45119288952349e-02	-1.94012182499703e-04	4.97386694000700e-01	1.37311757716940e-02	-2.14555379345782e-04
5.27404864482600e-01	1.29109124854023e-02	-2.38545608427954e-04	5.56658345718981e-01	1.20406813698712e-02	-2.66799886632585e-04
5.85216406843074e-01	1.11076347043275e-02	-3.00392546057182e-04	6.13147810690008e-01	1.00957299320541e-02	-3.40759013183867e-04
6.40521848239926e-01	8.98459325936685e-03	-3.89851924489371e-04	6.67409577341454e-01	7.74788064825804e-03	-4.50382124089321e-04
6.93885368487968e-01	6.35085736836394e-03	-5.26201632406798e-04	7.20028912991403e-01	4.74672737629178e-03	-6.22932985029356e-04
7.45927937035250e-01	2.87089580842315e-03	-7.49044420089495e-04	7.71682018216775e-01	6.31681904753489e-04	-9.17772207361001e-04
7.97408178881306e-01	-2.10533843489558e-03	-1.15074961562689e-03	8.23249460657960e-01	-5.54503365674786e-03	-1.48532418078839e-03
8.49388761415615e-01	-1.00146392229074e-02	-1.99057140917946e-03	8.76072576967973e-01	-1.60681506109922e-02	-2.80621924364866e-03
9.03654992045974e-01	-2.47149784569369e-02	-4.25149118949597e-03	9.32687894892531e-01	-3.79740751494251e-02	-7.19647909629217e-03
9.64134438366948e-01	-6.09139950818791e-02	-1.42096531081071e-02	1.00000000000000e+00	0.00000000000000e+00	0.00000000000000e+00
