121	6.93856787873719e+04	1.00000000000000e-03
0.00000000000000e+00	7.14833208695786e-03	-6.31811139606420e-06	1.15998119685505e-02	7.07886101835165e-03	-6.37015382420891e-06
2.30365519396816e-02	7.01012705784065e-03	-6.48137384784420e-06	3.43140623763645e-02	6.94201873915623e-03	-6.59552404114194e-06
4.54360751718820e-02	6.87450944956947e-03	-6.71270874197383e-06	5.64062155428146e-02	6.80757287591893e-03	-6.83303631276999e-06
6.72280060698018e-02	6.74118297108062e-03	-6.95662012950571e-06	7.79048705664275e-02	6.67531392026821e-03	-7.08357861078923e-06
8.84401377852005e-02	6.60994010453209e-03	-7.21403428238787e-06	9.88370449691003e-02	6.54503607499834e-03	-7.34811841218708e-06
1.09098741256653e-01	6.48057650910805e-03	-7.48596559962955e-06	1.19228290948142e-01	6.41653618214599e-03	-7.62771753715086e-06
1.29228676640080e-01	6.35288993319638e-03	-7.77352313630075e-06	1.39102802234700e-01	6.28961262888428e-03	-7.92353855438854e-06
1.48853495830911e-01	6.22667912748498e-03	-8.07792663515272e-06	1.58483512502796e-01	6.16406424259286e-03	-8.23685727380230e-06
1.67995536971409e-01	6.10174271616515e-03	-8.40051393780072e-06	1.77392186175353e-01	6.03968916074216e-03	-8.56908113755495e-06
1.86676011745420e-01	5.97787804426031e-03	-8.74275967532867e-06	1.95849502388140e-01	5.91628363513630e-03	-8.92175755495828e-06
2.04915086183085e-01	5.85487996636869e-03	-9.10629338091162e-06	2.13875132798371e-01	5.79364079359856e-03	-9.29659748738487e-06
2.22731955628692e-01	5.73253955092290e-03	-9.49291207641423e-06	2.31487813860010e-01	5.67154930512603e-03	-9.69549173324147e-06
2.40144914464835e-01	5.61064271595169e-03	-9.90460915351044e-06	2.48705414131883e-01	5.54979196571459e-03	-1.01205428832962e-05
2.57171421133812e-01	5.48896873722349e-03	-1.03435966727350e-05	2.65544997136420e-01	5.42814412692638e-03	-1.05740805320664e-05
2.73828158952841e-01	5.36728862390801e-03	-1.08123339401800e-05	2.82022880245840e-01	5.30637201576267e-03	-1.10587062875922e-05
2.90131093181546e-01	5.24536334306203e-03	-1.13135690604782e-05	2.98154690037588e-01	5.18423083108477e-03	-1.15773166207145e-05
3.06095524768668e-01	5.12294181630479e-03	-1.18503668447012e-05	3.13955414532509e-01	5.06146267155749e-03	-1.21331624003407e-05
3.21736141179070e-01	4.99975871723857e-03	-1.24261677543203e-05	3.29439452705854e-01	4.93779414767781e-03	-1.27298787810926e-05
3.37067064682070e-01	4.87553195490875e-03	-1.30448341868483e-05	3.44620661644412e-01	4.81293376316727e-03	-1.33715746630791e-05
3.52101898467417e-01	4.74995983479998e-03	-1.37107163611372e-05	3.59512401710737e-01	4.68656882926299e-03	-1.40628701468248e-05
3.66853770946673e-01	4.62271781553447e-03	-1.44287304293389e-05	3.74127580070128e-01	4.55836203074833e-03	-1.48090060727579e-05
3.81335378594434e-01	4.49345479412844e-03	-1.52044580423727e-05	3.88478692935527e-01	4.42794736533880e-03	-1.56159087976171e-05
3.95559027687560e-01	4.36178875985727e-03	-1.60442316519127e-05	4.02577866893072e-01	4.29492557815125e-03	-1.64903583341758e-05
4.09536675310809e-01	4.22730181896069e-03	-1.69552856972288e-05	4.16436899684498e-01	4.15885867443455e-03	-1.74400820167619e-05
4.23279970016017e-01	4.08953431066417e-03	-1.79458947395794e-05	4.30067300846559e-01	4.01926363266059e-03	-1.84739624622399e-05
4.36800292549617e-01	3.94797797176416e-03	-1.90255907723813e-05	4.43480332639940e-01	3.87560484366478e-03	-1.96021896174958e-05
4.50108797102605e-01	3.80206770640079e-03	-2.02053294604543e-05	4.56687051746735e-01	3.72728539381195e-03	-2.08366059790688e-05
4.63216453589500e-01	3.65117202143006e-03	-2.14978339023730e-05	4.69698352274681e-01	3.57363632889585e-03	-2.21909001287823e-05
4.76134091532737e-01	3.49458144854231e-03	-2.29179204307428e-05	4.82525010687731e-01	3.41390412859188e-03	-2.36810729115078e-05
4.88872446219088e-01	3.33149457356119e-03	-2.44828679487608e-05	4.95177733384373e-01	3.24723543448058e-03	-2.53259028903940e-05
5.01442207913077e-01	3.16100136779962e-03	-2.62130303885222e-05	5.07667207779344e-01	3.07265832944492e-03	-2.71474047071063e-05
5.13854075064186e-01	2.98206264436329e-03	-2.81324352715551e-05	5.20004157918823e-01	2.88906011371548e-03	-2.91718284153308e-05
5.26118812641499e-01	2.79348502125343e-03	-3.02696338341235e-05	5.32199405881841e-01	2.69515903556838e-03	-3.14303035791053e-05
5.38247316988514e-01	2.59388992231080e-03	-3.26587183703264e-05	5.44263940518014e-01	2.48947013394774e-03	-3.39602379875181e-05
5.50250688924511e-01	2.38167522834209e-03	-3.53407597490918e-05	5.56208995453311e-01	2.27026209717462e-03	-3.68067877500877e-05
5.62140317263498e-01	2.15496696432171e-03	-3.83655100157920e-05	5.68046138808834e-01	2.03550312914169e-03	-4.00248878842380e-05
5.73927975510040e-01	1.91155838138424e-03	-4.17937399705970e-05	5.79787377756404e-01	1.78279209626275e-03	-4.36818571112330e-05
5.85625935280121e-01	1.64883196430798e-03	-4.57001593090478e-05	5.91445281953281e-01	1.50927023233449e-03	-4.78608585534612e-05
5.97247101065244e-01	1.36365941711447e-03	-5.01776581369739e-05	6.03033131147198e-01	1.21150733592690e-03	-5.26659512900540e-05
6.08805172421640e-01	1.05227113144690e-03	-5.53428866973960e-05	6.14565093967859e-01	8.85351080379015e-04	-5.82279163798827e-05
6.20314841708155e-01	7.10083061808975e-04	-6.13432025278193e-05	6.26056447339961e-01	5.25729555455934e-04	-6.47139368781247e-05
6.31792038361294e-01	3.31468700209614e-04	-6.83684354483294e-05	6.37523849364683e-01	1.26383010659259e-04	-7.23392779165000e-05
6.43254234804198e-01	-9.05547016119002e-05	-7.66641325984363e-05	6.48985683484739e-01	-3.20498730511320e-04	-8.13862424824396e-05
6.54720835073008e-01	-5.64751027134158e-04	-8.65550936375303e-05	6.60462498990134e-01	-8.24783497307746e-04	-9.22287111060349e-05
6.66213676119101e-01	-1.10226699851601e-03	-9.84749477175306e-05	6.71977583864687e-01	-1.39910628563455e-03	-1.05373086978000e-04
6.77757685222501e-01	-1.71748195085075e-03	-1.13016126818133e-04	6.83557722668538e-01	-2.05989984772337e-03	-1.21514792146282e-04
6.89381757877453e-01	-2.42925400279481e-03	-1.31001077286585e-04	6.95234218542456e-01	-2.82890377210632e-03	-1.41633163141641e-04
7.01119953901263e-01	-3.26276960465921e-03	-1.53601933331249e-04	7.07044301015181e-01	-3.73545310596035e-03	-1.67139488255197e-04
7.13013164436457e-01	-4.25238891372004e-03	-1.82530333763697e-04	7.19033112688996e-01	-4.82003867532343e-03	-2.00126173013127e-04
7.25111496061367e-01	-5.44614135298804e-03	-2.20365628029517e-04	7.31256591689377e-01	-6.14003958835929e-03	-2.43800936087446e-04
7.37477783968214e-01	-6.91310940659406e-03	-2.71135131860056e-04	7.43785791254400e-01	-7.77933080624971e-03	-3.03276145585452e-04
7.50192954017916e-01	-8.75607032053749e-03	-3.41406801215527e-04	7.56713605794587e-01	-9.86514415025741e-03	-3.87094775047059e-04
7.63364557461321e-01	-1.11343106395966e-02	-4.42450382583948e-04	7.70165739461432e-01	-1.25993903542044e-02	-5.10368242940373e-04
7.77141068611498e-01	-1.43073591497130e-02	-5.94893516393080e-04	7.84319641573265e-01	-1.63209371462806e-02	-7.01813448114708e-04
7.91737415765667e-01	-1.87255906928658e-02	-8.39631650194184e-04	7.99439639343991e-01	-2.16405743234779e-02	-1.02120354543045e-03
8.07484472170601e-01	-2.52368587556426e-02	-1.26665165828421e-03	8.15948576874492e-01	-2.97674713732569e-02	-1.60873077420320e-03
8.24936125521765e-01	-3.56211992056644e-02	-2.10318065301696e-03	8.34594070745783e-01	-4.34226518722370e-02	-2.84971909548570e-03
8.45139720215345e-01	-5.42305545763435e-02	-4.03588551451772e-03	8.56914608008830e-01	-6.99607422723970e-02	-6.02385258857252e-03
8.70500831470744e-01	-9.43799806191565e-02	-9.42823891514522e-03	8.87006262231610e-01	-1.35855844299196e-01	-1.38560329905393e-02
9.08870545435117e-01	-2.12868249856873e-01	-3.99823410318834e-03	9.42160224644322e-01	-2.60953208066039e-01	-1.17628696249472e-03
1.00000000000000e+00	0.00000000000000e+00	0.00000000000000e+00
93	6.93856787873719e+04	7.16428571428571e-02
0.00000000000000e+00	9.28462450483969e-03	-1.06776147597021e-05	1.52483049719491e-02	9.16753801454062e-03	-1.08770445479411e-05
3.02195718741372e-02	9.05192369011765e-03	-1.11262944737511e-05	4.49222334102685e-02	8.93764268615294e-03	-1.13841890876376e-05
5.93644096539927e-02	8.82461963990999e-03	-1.16511315118029e-05	7.35539230665488e-02	8.71278017573673e-03	-1.19275496988092e-05
8.74983129914549e-02	8.60205073875586e-03	-1.22138964502305e-05	1.01204849363163e-01	8.49235843386054e-03	-1.25106527080199e-05
1.14680545682261e-01	8.38363085860605e-03	-1.28183272924964e-05	1.27932171306135e-01	8.27579594398276e-03	-1.31374626222147e-05
1.40966263100533e-01	8.16878178195646e-03	-1.34686333659317e-05	1.53789136494453e-01	8.06251645927958e-03	-1.38124511623872e-05
1.66406895977838e-01	7.95692788311331e-03	-1.41695667035258e-05	1.78825445079016e-01	7.85194360600316e-03	-1.45406746456800e-05
1.91050495856411e-01	7.74749063690772e-03	-1.49265135109822e-05	2.03087577936921e-01	7.64349525426522e-03	-1.53278715644412e-05
2.14942047131314e-01	7.53988280912443e-03	-1.57455917080274e-05	2.26619093655227e-01	7.43657751054183e-03	-1.61805713125851e-05
2.38123749982752e-01	7.33350222309426e-03	-1.66337769156311e-05	2.49460898357963e-01	7.23057821299733e-03	-1.71062342824158e-05
2.60635277988658e-01	7.12772493013092e-03	-1.75990506012802e-05	2.71651491945053e-01	7.02485973064193e-03	-1.81134091865598e-05
2.82514013785425e-01	6.92189760636541e-03	-1.86505803287940e-05	2.93227193929533e-01	6.81875089503059e-03	-1.92119330879592e-05
3.03795265799885e-01	6.71532894922899e-03	-1.97989356844896e-05	3.14222351750305e-01	6.61153780545942e-03	-2.04131726750933e-05
3.24512468800507e-01	6.50727980280674e-03	-2.10563487357263e-05	3.34669534195086e-01	6.40245319730104e-03	-2.17303108083211e-05
3.44697370804794e-01	6.29695170662559e-03	-2.24370494412707e-05	3.54599712387988e-01	6.19066404173418e-03	-2.31787184614696e-05
3.64380208729794e-01	6.08347338875870e-03	-2.39576528420216e-05	3.74042430676680e-01	5.97525685126787e-03	-2.47763949541291e-05
3.83589875084257e-01	5.86588476580219e-03	-2.56376778837719e-05	3.93025969696664e-01	5.75522012252550e-03	-2.65445190434921e-05
4.02354077975680e-01	5.64311766632963e-03	-2.75001576035550e-05	4.11577503899582e-01	5.52942317679905e-03	-2.85081618385252e-05
4.20699496751137e-01	5.41397246954167e-03	-2.95724200409797e-05	4.29723255916491e-01	5.29659036882602e-03	-3.06971841448345e-05
4.38651935717279e-01	5.17708955732044e-03	-3.18871152569233e-05	4.47488650300138e-01	5.05526928456468e-03	-3.31473306955932e-05
4.56236478609717e-01	4.93091394329692e-03	-3.44834716154985e-05	4.64898469473526e-01	4.80379142412413e-03	-3.59017488937852e-05
4.73477646829894e-01	4.67365123900976e-03	-3.74089791244092e-05	4.81977015133526e-01	4.54022268090992e-03	-3.90128045646421e-05
4.90399564976136e-01	4.40321215387574e-03	-4.07215619726564e-05	4.98748278966528e-01	4.26230091167912e-03	-4.25446308760513e-05
5.07026137916325e-01	4.11714184122602e-03	-4.44924126177249e-05	5.15236127387515e-01	3.96735605582643e-03	-4.65764769184140e-05
5.23381244663328e-01	3.81252913227303e-03	-4.88098175164264e-05	5.31464506213194e-01	3.65220656608600e-03	-5.12069989266895e-05
5.39488955734096e-01	3.48588864407517e-03	-5.37843939001359e-05	5.47457672862698e-01	3.31302453418947e-03	-5.65604663982366e-05
5.55373782668082e-01	3.13300543873307e-03	-5.95561025045210e-05	5.63240466053414e-01	2.94515664677819e-03	-6.27950072433769e-05
5.71060971217027e-01	2.74872827426398e-03	-6.63041820392340e-05	5.78838626350382e-01	2.54288428983318e-03	-7.01144076753479e-05
5.86576853783565e-01	2.32668981827922e-03	-7.42609593191723e-05	5.94279185828326e-01	2.09909626918625e-03	-7.87845458052328e-05
6.01949282618222e-01	1.85892329370385e-03	-8.37321788629275e-05	6.09590952307828e-01	1.60483708388259e-03	-8.91581041388978e-05
6.17208174068743e-01	1.33532601549424e-03	-9.51260248576169e-05	6.24805124410693e-01	1.04866882863619e-03	-1.01710185812953e-04
6.32386207485670e-01	7.42897875467108e-04	-1.08997912347197e-04	6.39956090175792e-01	4.15754806635027e-04	-1.17093083267905e-04
6.47519742962562e-01	6.46329860743977e-05	-1.26118339276893e-04	6.55082487835257e-01	-3.13487714983851e-04	-1.36221822925053e-04
6.62650054801099e-01	-7.22129495681179e-04	-1.47580785227142e-04	6.70228649018000e-01	-1.16541977320972e-03	-1.60411543439487e-04
6.77825031103340e-01	-1.64822777662610e-03	-1.74978274664506e-04	6.85446613961904e-01	-2.17633600848410e-03	-1.91606499632568e-04
6.93101580485423e-01	-2.75665845193029e-03	-2.10702832911691e-04	7.00799027884155e-01	-3.39753143075616e-03	-2.32777070481527e-04
7.08549146391914e-01	-4.10908886913186e-03	-2.58477735163520e-04	7.16363442815924e-01	-4.90376577105389e-03	-2.88639386320400e-04
7.24255023382296e-01	-5.79697948026880e-03	-3.24349147474257e-04	7.32238956094245e-01	-6.80806230617614e-03	-3.67044223528401e-04
7.40332741390693e-01	-7.96156281416083e-03	-4.18655509815125e-04	7.48556932923149e-01	-9.28909474612172e-03	-4.81824460569769e-04
7.56935970526608e-01	-1.08320150268711e-02	-5.60241635422676e-04	7.65499319811736e-01	-1.26454160136340e-02	-6.59175070628404e-04
7.74283066140984e-01	-1.48041796491061e-02	-7.86361763217780e-04	7.83332201436243e-01	-1.74125253125039e-02	-9.53503240644249e-04
7.92704003386759e-01	-2.06195031057019e-02	-1.17895303429627e-03	8.02473205228243e-01	-2.46452386368750e-02	-1.49273144880113e-03
8.12740239614880e-01	-2.98274641094567e-02	-1.94648869222114e-03	8.23645062670719e-01	-3.67088147936471e-02	-2.63462614960885e-03
8.35391826478348e-01	-4.62118390687736e-02	-3.74278003605166e-03	8.48296541916274e-01	-6.00200033446643e-02	-5.66859856936208e-03
8.62889215529950e-01	-8.15006869101869e-02	-9.33743794666198e-03	8.80165760540398e-01	-1.18378326534801e-01	-1.67758236131106e-02
9.02343299803307e-01	-1.95072968805920e-01	-2.38227941262152e-02	9.35723648470384e-01	-3.41967603783736e-01	2.26671359998790e-02
1.00000000000000e+00	0.00000000000000e+00	0.00000000000000e+00
111	6.93856787873719e+04	1.42285714285714e-01
0.00000000000000e+00	7.72934651026147e-03	-7.42988123980659e-06	1.29052595662503e-02	7.64801509602697e-03	-7.52127738090635e-06
2.56146187815135e-02	7.56757464961622e-03	-7.66433665533306e-06	3.81330650612567e-02	7.48791661227521e-03	-7.81150708140110e-06
5.04654309317353e-02	7.40900445513626e-03	-7.96294639826556e-06	6.26164000983482e-02	7.33080207447623e-03	-8.11882173534784e-06
7.45905135292012e-02	7.25327373275153e-03	-8.27930749180972e-06	8.63921752603900e-02	7.17638400529119e-03	-8.44458680560045e-06
9.80256579386385e-02	7.10009772733522e-03	-8.61485321634881e-06	1.09495108116010e-01	7.02437993283200e-03	-8.79030710443374e-06
1.20804551310575e-01	6.94919580924558e-03	-8.97116275089260e-06	1.31957896846005e-01	6.87451063302302e-03	-9.15764320885692e-06
1.42958942482464e-01	6.80028971738089e-03	-9.34998368440354e-06	1.53811378850330e-01	6.72649835441907e-03	-9.54843184941545e-06
1.64518793697711e-01	6.65310175534661e-03	-9.75324773100361e-06	1.75084675962103e-01	6.58006499751695e-03	-9.96470888936507e-06
1.85512419675950e-01	6.50735294809790e-03	-1.01831016479093e-05	1.95805327715443e-01	6.43493022080954e-03	-1.04087348480331e-05
2.05966615401233e-01	6.36276109453360e-03	-1.06419304648497e-05	2.15999413959532e-01	6.29080945288907e-03	-1.08830293539253e-05
2.25906773851450e-01	6.21903871405816e-03	-1.11323925027218e-05	2.35691667978168e-01	6.14741175399902e-03	-1.13904000758058e-05
2.45356994769163e-01	6.07589083498361e-03	-1.16574561137561e-05	2.54905581160352e-01	6.00443752616053e-03	-1.19339906088367e-05
2.64340185468775e-01	5.93301260430579e-03	-1.22204516554980e-05	2.73663500170210e-01	5.86157598762016e-03	-1.25173218805674e-05
2.82878154585691e-01	5.79008662862468e-03	-1.28251119668743e-05	2.91986717482942e-01	5.71850241216065e-03	-1.31443612296778e-05
3.00991699598361e-01	5.64678005717623e-03	-1.34756447380813e-05	3.09895556085078e-01	5.57487500200948e-03	-1.38195743712988e-05
3.18700688892481e-01	5.50274128019490e-03	-1.41767987984487e-05	3.27409449082475e-01	5.43033139874005e-03	-1.45480105615547e-05
3.36024139087611e-01	5.35759621204956e-03	-1.49339564061712e-05	3.44547014916149e-01	5.28448472472420e-03	-1.53354086316337e-05
3.52980288309278e-01	5.21094402314293e-03	-1.57532266189531e-05	3.61326128855094e-01	5.13691900022328e-03	-1.61882934135438e-05
3.69586666064896e-01	5.06235225944840e-03	-1.66415767568484e-05	3.77763991416301e-01	4.98718387593100e-03	-1.71141078919579e-05
3.85860160368622e-01	4.91135118271258e-03	-1.76069876849372e-05	3.93877194355563e-01	4.83478854675146e-03	-1.81213982164419e-05
4.01817082760517e-01	4.75742711614013e-03	-1.86586093018359e-05	4.09681784879919e-01	4.67919454198529e-03	-1.92199835744589e-05
4.17473231880316e-01	4.60001468308358e-03	-1.98069870627204e-05	4.25193328754996e-01	4.51980729979029e-03	-2.04212112113744e-05
4.32843956286283e-01	4.43848765491439e-03	-2.10643553033574e-05	4.40426973020135e-01	4.35596613048195e-03	-2.17382420777401e-05
4.47944217259810e-01	4.27214790418984e-03	-2.24448974883718e-05	4.55397509085653e-01	4.18693226741618e-03	-2.31864268520621e-05
4.62788652409647e-01	4.10021236317593e-03	-2.39651951992048e-05	4.70119437072052e-01	4.01187443380735e-03	-2.47837255165084e-05
4.77391640990315e-01	3.92179722668140e-03	-2.56447398245818e-05	4.84607032369742e-01	3.82985139589365e-03	-2.65512430872583e-05
4.91767371986626e-01	3.73589864530355e-03	-2.75064901869015e-05	4.98874415556259e-01	3.63979089395916e-03	-2.85140252653804e-05
5.05929916198735e-01	3.54136934241445e-03	-2.95777220462590e-05	5.12935627017171e-01	3.44046342213966e-03	-3.07018223080213e-05
5.19893303804590e-01	3.33688961718592e-03	-3.18909755661068e-05	5.26804707897558e-01	3.23045014564927e-03	-3.31502835491104e-05
5.33671609196862e-01	3.12093148591353e-03	-3.44853532878719e-05	5.40495789377997e-01	3.00810273224772e-03	-3.59023646205880e-05
5.47279045317095e-01	2.89171375955033e-03	-3.74081574372465e-05	5.54023192761342e-01	2.77149312762459e-03	-3.90103148626419e-05
5.60730070276889e-01	2.64714551337564e-03	-4.07171291387787e-05	5.67401543512313e-01	2.51834931890871e-03	-4.25379047221952e-05
5.74039509819463e-01	2.38475364926050e-03	-4.44831062333950e-05	5.80645903281540e-01	2.24597420591999e-03	-4.65640948072998e-05
5.87222700206567e-01	2.10159027018997e-03	-4.87939300239937e-05	5.93771925148277e-01	1.95113932684920e-03	-5.11870330539566e-05
6.00295657534175e-01	1.79411218659697e-03	-5.37596595528989e-05	6.06796038986564e-01	1.62994703760377e-03	-5.65302384167854e-05
6.13275281440237e-01	1.45802206369106e-03	-5.95194419008571e-05	6.19735676178810e-01	1.27764773889649e-03	-6.27508450417036e-05
6.26179603930339e-01	1.08805723326011e-03	-6.62512996760789e-05	6.32609546191685e-01	8.88394854592356e-04	-7.00511628248801e-05
6.39028097982272e-01	6.77704429753234e-04	-7.41858720958444e-05	6.45437982261645e-01	4.54911628448462e-04	-7.86952002702623e-05
6.51842066304614e-01	2.18808740827248e-04	-8.36261745391642e-05	6.58243380367127e-01	-3.19697003260400e-05	-8.90324466313874e-05
6.64645139072140e-01	-2.98971213858468e-04	-9.49767956575087e-05	6.71050766014643e-01	-5.83956048236911e-04	-1.01533223084038e-04
6.77463922211099e-01	-8.88937503875420e-04	-1.08787412882894e-04	6.83888539168403e-01	-1.21622322657655e-03	-1.16842517725368e-04
6.90328857511176e-01	-1.56847637186341e-03	-1.25819314547915e-04	6.96789472381243e-01	-1.94877989822562e-03	-1.35863897050115e-04
7.03275387092350e-01	-2.36072597123704e-03	-1.47151051087535e-04	7.09792076969578e-01	-2.80852038263213e-03	-1.59893666267674e-04
7.16345565810086e-01	-3.29712052002806e-03	-1.74350800617784e-04	7.22942518148763e-01	-3.83240317143096e-03	-1.90843611822311e-04
7.29590351460501e-01	-4.42139230780636e-03	-2.09768411681965e-04	7.36297373805997e-01	-5.07253845442146e-03	-2.31625495298315e-04
7.43072954225903e-01	-5.79610023224231e-03	-2.57048613450328e-04	7.49927735856354e-01	-6.60464532413274e-03	-2.86850370547986e-04
7.56873905433821e-01	-7.51372356849800e-03	-3.22087751649214e-04	7.63925538293264e-01	-8.54279000759917e-03	-3.64154687429785e-04
7.71099046025396e-01	-9.71648831449934e-03	-4.14917760064304e-04	7.78413766152130e-01	-1.10664691328207e-02	-4.76918727911224e-04
7.85892752092236e-01	-1.26339994644028e-02	-5.53697320096802e-04	7.93563851738619e-01	-1.44738544110257e-02	-6.50275561985270e-04
8.01461212411677e-01	-1.66601621360181e-02	-7.73983418558721e-04	8.09627433378861e-01	-1.92955653791582e-02	-9.35819827375894e-04
8.18116734581114e-01	-2.25259575564013e-02	-1.15286580939666e-03	8.26999781198037e-01	-2.65651812410531e-02	-1.45270357762062e-03
8.36371329607578e-01	-3.17382517261963e-02	-1.88197625483144e-03	8.46362944613446e-01	-3.85610390771698e-02	-2.52395372700631e-03
8.57165445460198e-01	-4.78965984965133e-02	-3.53677815914399e-03	8.69071588954919e-01	-6.12855322214362e-02	-5.24086731919282e-03
8.82565396951877e-01	-8.17143108268724e-02	-8.30840319160275e-03	8.98534189181497e-01	-1.15700792234040e-01	-1.38374103089438e-02
9.18861746260084e-01	-1.81051166529321e-01	-1.70146493778085e-02	9.48385057127070e-01	-2.92107039707632e-01	1.75079405545323e-02
1.00000000000000e+00	0.00000000000000e+00	0.00000000000000e+00
121	6.93856787873719e+04	2.12928571428571e-01
0.00000000000000e+00	7.05085649718229e-03	-6.20105328930087e-06	1.19592831101908e-02	6.98309222739124e-03	-6.25693060074539e-06
2.37526994629950e-02	6.91602640038069e-03	-6.36552330646190e-06	3.53841093554596e-02	6.84955833753875e-03	-6.47696089628447e-06
4.68572634671892e-02	6.78366261480745e-03	-6.59134400549100e-06	5.81758066942609e-02	6.71831408014856e-03	-6.70877675412740e-06
6.93432821088016e-02	6.65348782345920e-03	-6.82936821871927e-06	8.03631347523963e-02	6.58915914485214e-03	-6.95323273625092e-06
9.12387152719050e-02	6.52530352216685e-03	-7.08048968989239e-06	1.01973283405784e-01	6.46189658009244e-03	-7.21126436786790e-06
1.12570011328564e-01	6.39891405435766e-03	-7.34568572346994e-06	1.23031986860738e-01	6.33633176919979e-03	-7.48389290428086e-06
1.33362216550886e-01	6.27412559147889e-03	-7.62602682824465e-06	1.43563628636586e-01	6.21227141027192e-03	-7.77223859160792e-06
1.53639075890221e-01	6.15074509681746e-03	-7.92268546145891e-06	1.63591338355559e-01	6.08952247163885e-03	-8.07753194687066e-06
1.73423125980660e-01	6.02857927075751e-03	-8.23695077167841e-06	1.83137081152381e-01	5.96789111264129e-03	-8.40112486955036e-06
1.92735781137491e-01	5.90743345393174e-03	-8.57024278899665e-06	2.02221740435230e-01	5.84718156322417e-03	-8.74450647447844e-06
2.11597413045808e-01	5.78711047095504e-03	-8.92412444097879e-06	2.20865194659265e-01	5.72719494201879e-03	-9.10932051745306e-06
2.30027424768798e-01	5.66740942129118e-03	-9.30032612722620e-06	2.39086388712603e-01	5.60772799844456e-03	-9.49738614108853e-06
2.48044319648000e-01	5.54812436272401e-03	-9.70075946349347e-06	2.56903400461537e-01	5.48857175350936e-03	-9.91071827782797e-06
2.65665765618596e-01	5.42904290898205e-03	-1.01275475534734e-05	2.74333502955911e-01	5.36951002278840e-03	-1.03515513436570e-05
2.82908655420247e-01	5.30994468689538e-03	-1.05830519434580e-05	2.91393222756446e-01	5.25031781725027e-03	-1.08223799790697e-05
2.99789163147968e-01	5.19059962836299e-03	-1.10698981212742e-05	3.08098394812762e-01	5.13075953878861e-03	-1.13259825971213e-05
3.16322797557595e-01	5.07076610972823e-03	-1.15910286453413e-05	3.24464214293567e-01	5.01058698788448e-03	-1.18654614689184e-05
3.32524452515617e-01	4.95018881505516e-03	-1.21497287974837e-05	3.40505285748836e-01	4.88953714984430e-03	-1.24443046001232e-05
3.48408454964290e-01	4.82859638227739e-03	-1.27496918651548e-05	3.56235669967041e-01	4.76732964391258e-03	-1.30664264454960e-05
3.63988610759080e-01	4.70569870935322e-03	-1.33950797094329e-05	3.71668928879848e-01	4.64366386508819e-03	-1.37362448773271e-05
3.79278248727146e-01	4.58118384815576e-03	-1.40905736762953e-05	3.86818168860951e-01	4.51821567951272e-03	-1.44587506374361e-05
3.94290263293164e-01	4.45471453651414e-03	-1.48414990193135e-05	4.01696082765991e-01	4.39063363244219e-03	-1.52395981236619e-05
4.09037156021823e-01	4.32592406737586e-03	-1.56538896660674e-05	4.16314991067623e-01	4.26053460194642e-03	-1.60852425388214e-05
4.23531076437072e-01	4.19441156579214e-03	-1.65346139953115e-05	4.30686882453330e-01	4.12749861369321e-03	-1.70030222166329e-05
4.37783862496086e-01	4.05973651820268e-03	-1.74915536852449e-05	4.44823454276294e-01	3.99106294848606e-03	-1.80013739359275e-05
4.51807081122312e-01	3.92141222327091e-03	-1.85337351079617e-05	4.58736153281391e-01	3.85071503821499e-03	-1.90899819607626e-05
4.65612069240729e-01	3.77889817025845e-03	-1.96715596629815e-05	4.72436217072571e-01	3.70588415965467e-03	-2.02800256186020e-05
4.79209975808182e-01	3.63159097284260e-03	-2.09170694807082e-05	4.85934716845864e-01	3.55593159221246e-03	-2.15845085649313e-05
4.92611805398749e-01	3.47881353673052e-03	-2.22842638517573e-05	4.99242601988586e-01	3.40013858246224e-03	-2.30184948912804e-05
5.05828463991658e-01	3.31980205770543e-03	-2.37894894101753e-05	5.12370747244986e-01	3.23769230896720e-03	-2.45997002310538e-05
5.18870807720401e-01	3.15369027367063e-03	-2.54518921705138e-05	5.25330003274975e-01	3.06766844249706e-03	-2.63489357046343e-05
5.31749695488785e-01	2.97949046545165e-03	-2.72940722128023e-05	5.38131251599372e-01	2.88901009650866e-03	-2.82908046624897e-05
5.44476046546184e-01	2.79607016405636e-03	-2.93428701523268e-05	5.50785465138259e-01	2.70050189121451e-03	-3.04545155793701e-05
5.57060904359280e-01	2.60212336698062e-03	-3.16303012739549e-05	5.63303775828420e-01	2.50073829446618e-03	-3.28751815756867e-05
5.69515508435203e-01	2.39613474001477e-03	-3.41946953645866e-05	5.75697551169521e-01	2.28808334439168e-03	-3.55949286710011e-05
5.81851376171833e-01	2.17633547413398e-03	-3.70825811422115e-05	5.87978482030872e-01	2.06062115149153e-03	-3.86650517831821e-05
5.94080397360185e-01	1.94064670835226e-03	-4.03505332553511e-05	6.00158684689370e-01	1.81609215136258e-03	-4.21481358736653e-05
6.06214944710945e-01	1.68660812150478e-03	-4.40679994553328e-05	6.12250820930052e-01	1.55181244181235e-03	-4.61214301969992e-05
6.18268004771197e-01	1.41128618477815e-03	-4.83210667658884e-05	6.24268241204731e-01	1.26456916801954e-03	-5.06810741891517e-05
6.30253334965749e-01	1.11115477832158e-03	-5.32173701532912e-05	6.36225157450015e-01	9.50484008018559e-04	-5.59478920134637e-05
6.42185654385715e-01	7.81938558294781e-04	-5.88929110207914e-05	6.48136854396868e-01	6.04832839394609e-04	-6.20754059634798e-05
6.54080878594708e-01	4.18404655107230e-04	-6.55215074687465e-05	6.60019951358172e-01	2.21804313697449e-04	-6.92610284773743e-05
6.65956412494701e-01	1.40818438083556e-05	-7.33280973279626e-05	6.71892731009388e-01	-2.05828049055112e-04	-7.77619359395576e-05
6.77831520755573e-01	-4.39123791609375e-04	-8.26078012126086e-05	6.83775558295769e-01	-6.87158129795362e-04	-8.79181264941131e-05
6.89727803370991e-01	-9.51463439723854e-04	-9.37539264722620e-05	6.95691422462982e-01	-1.23378212947334e-03	-1.00186532236979e-04
7.01669816042555e-01	-1.53610335594201e-03	-1.07299749045220e-04	7.07666650234914e-01	-1.86070762883217e-03	-1.15192558159505e-04
7.13685893808467e-01	-2.21022133362381e-03	-1.23982525261690e-04	7.19731861619476e-01	-2.58768381698082e-03	-1.33810137841417e-04
7.25809265937723e-01	-2.99663050247878e-03	-1.44844379687870e-04	7.31923277461541e-01	-3.44119661290143e-03	-1.57289984016984e-04
7.38079598336648e-01	-3.92624814243459e-03	-1.71396639737864e-04	7.44284550169877e-01	-4.45754826011013e-03	-1.87471100639547e-04
7.50545180940562e-01	-5.04196919396149e-03	-2.05894325851830e-04	7.56869395955271e-01	-5.68776616918509e-03	-2.27144929110024e-04
7.63266119717177e-01	-6.40494458060570e-03	-2.51825584870247e-04	7.69745498020908e-01	-7.20573053232443e-03	-2.80710737843970e-04
7.76319152988476e-01	-8.10522005657666e-03	-3.14802030009220e-04	7.83000508827453e-01	-9.12224751591517e-03	-3.55419030186210e-04
7.89805213424796e-01	-1.02806081633269e-02	-4.04318032200868e-04	7.96751692107142e-01	-1.16107568095011e-02	-4.63886230245514e-04
8.03861887015708e-01	-1.31522658922101e-02	-5.37426713579592e-04	8.11162262840240e-01	-1.49574347089155e-02	-6.29607079527750e-04
8.18685203972346e-01	-1.70967164388267e-02	-7.47189786257429e-04	8.26471002742256e-01	-1.96671225714815e-02	-9.00251540373542e-04
8.34570768730829e-01	-2.28056613854538e-02	-1.10429647058874e-03	8.43050826703656e-01	-2.67116031987562e-02	-1.38409484415680e-03
8.51999625835372e-01	-3.16850179529737e-02	-1.78096200215028e-03	8.61539107983356e-01	-3.81967739859868e-02	-2.36737364157547e-03
8.71844499253104e-01	-4.70233190402904e-02	-3.27790280118934e-03	8.83181275765179e-01	-5.95250143346112e-02	-4.77699963362022e-03
8.95980665351787e-01	-7.82726223137502e-02	-7.39732666056292e-03	9.11012786070248e-01	-1.08655209571683e-01	-1.19816135347133e-02
9.29847098887451e-01	-1.64198475466284e-01	-1.56564506823023e-02	9.56275046965885e-01	-2.63819487076769e-01	1.23167968116132e-02
1.00000000000000e+00	0.00000000000000e+00	0.00000000000000e+00
121	6.93856787873719e+04	2.83571428571429e-01
0.00000000000000e+00	7.01545436642959e-03	-6.14203923032797e-06	1.20794363205381e-02	6.94835508301161e-03	-6.19863839301793e-06
2.39921670719686e-02	6.88194121022967e-03	-6.30595143102930e-06	3.57420533426175e-02	6.81611548196548e-03	-6.41606920948057e-06
4.73328471228231e-02	6.75085293210120e-03	-6.52909033127536e-06	5.87681951086928e-02	6.68612885914754e-03	-6.64511769854492e-06
7.00516426251166e-02	6.62191879532692e-03	-6.76425890988597e-06	8.11866373849762e-02	6.55819847426931e-03	-6.88662566949994e-06
9.21765330929652e-02	6.49494380243554e-03	-7.01233561906101e-06	1.03024592901953e-01	6.43213082690641e-03	-7.14151181924194e-06
1.13733992729426e-01	6.36973570241461e-03	-7.27428185332002e-06	1.24307824441117e-01	6.30773466381740e-03	-7.41078061872180e-06
1.34749098908547e-01	6.24610399147651e-03	-7.55114871719975e-06	1.45060748946890e-01	6.18481998129350e-03	-7.69553415524982e-06
1.55245632139195e-01	6.12385890844447e-03	-7.84409029797040e-06	1.65306533552741e-01	6.06319699948110e-03	-7.99697966114010e-06
1.75246168352957e-01	6.00281039523387e-03	-8.15437221324267e-06	1.85067184320133e-01	5.94267511779023e-03	-8.31644686960509e-06
1.94772164273839e-01	5.88276703130863e-03	-8.48338965520057e-06	2.04363628409802e-01	5.82306181000258e-03	-8.65539718786223e-06
2.13844036553690e-01	5.76353490132520e-03	-8.83267785978248e-06	2.23215790336110e-01	5.70416147925945e-03	-9.01544753761918e-06
2.32481235292955e-01	5.64491641002940e-03	-9.20393426717681e-06	2.41642662894984e-01	5.58577421164519e-03	-9.39838007174565e-06
2.50702312510412e-01	5.52670900418373e-03	-9.59903799846451e-06	2.59662373304148e-01	5.46769446645334e-03	-9.80617459989119e-06
2.68524986077147e-01	5.40870378799796e-03	-1.00200708776921e-05	2.77292245049219e-01	5.34970962067716e-03	-1.02410245259588e-05
2.85966199588546e-01	5.29068402603761e-03	-1.04693512108511e-05	2.94548855891030e-01	5.23159840218934e-03	-1.07053745834751e-05
3.03042178612577e-01	5.17242346693303e-03	-1.09494545881272e-05	3.11448092457091e-01	5.11312913567785e-03	-1.12019502633842e-05
3.19768483723360e-01	5.05368451592103e-03	-1.14632601764253e-05	3.28005201813316e-01	4.99405779649376e-03	-1.17337977028065e-05
3.36160060704712e-01	4.93421618171674e-03	-1.20139982693335e-05	3.44234840390810e-01	4.87412582299163e-03	-1.23043281823332e-05
3.52231288289769e-01	4.81375172578535e-03	-1.26052811100230e-05	3.60151120626455e-01	4.75305766087897e-03	-1.29173812046801e-05
3.67996023789302e-01	4.69200606911091e-03	-1.32411862610038e-05	3.75767655664893e-01	4.63055794725786e-03	-1.35772833491643e-05
3.83467646952965e-01	4.56867274957062e-03	-1.39262996283751e-05	3.91097602464479e-01	4.50630828910281e-03	-1.42889185772432e-05
3.98659102405463e-01	4.44342053417035e-03	-1.46658345421269e-05	4.06153703649673e-01	4.37996358051929e-03	-1.50578276589819e-05
4.13582941002456e-01	4.31588938144856e-03	-1.54656894426619e-05	4.20948328459335e-01	4.25114771867507e-03	-1.58903123870235e-05
4.28251360461734e-01	4.18568588815393e-03	-1.63326037898592e-05	4.35493513153663e-01	4.11944861880253e-03	-1.67935603523350e-05
4.42676245642090e-01	4.05237783331258e-03	-1.72742511916901e-05	4.49801001264787e-01	3.98441241262337e-03	-1.77758151824747e-05
4.56869208869273e-01	3.91548796414165e-03	-1.82994739328368e-05	4.63882284106677e-01	3.84553656225273e-03	-1.88465413930583e-05
4.70841630744671e-01	3.77448646016432e-03	-1.94184310462475e-05	4.77748642003894e-01	3.70226177392197e-03	-2.00166629800158e-05
4.84604701922622e-01	3.62878213999340e-03	-2.06428737790088e-05	4.91411186754787e-01	3.55396234742544e-03	-2.12988321104390e-05
4.98169466406878e-01	3.47771194498692e-03	-2.19864628432376e-05	5.04880905919699e-01	3.39993473718425e-03	-2.27078264578573e-05
5.11546867001717e-01	3.32052827376628e-03	-2.34651251680429e-05	5.18168709621096e-01	3.23938349069341e-03	-2.42608426062052e-05
5.24747793663850e-01	3.15638380660821e-03	-2.50975670470499e-05	5.31285480667857e-01	3.07140469913403e-03	-2.59781717513174e-05
5.37783135641170e-01	2.98431288147905e-03	-2.69057834931807e-05	5.44242128975955e-01	2.89496544957335e-03	-2.78837874949645e-05
5.50663838469754e-01	2.80320898997788e-03	-2.89158695336855e-05	5.57049651467172e-01	2.70887873549253e-03	-3.00061607536595e-05
5.63400967136362e-01	2.61179699442460e-03	-3.11589876003104e-05	5.69719198898141e-01	2.51177246963152e-03	-3.23792969401104e-05
5.76005777024152e-01	2.40859848316033e-03	-3.36724690468415e-05	5.82262151426958e-01	2.30205130443029e-03	-3.50443182897120e-05
5.88489794665208e-01	2.19188868525455e-03	-3.65013674568093e-05	5.94690205189853e-01	2.07784770639385e-03	-3.80508284563152e-05
6.00864910862892e-01	1.95964247207692e-03	-3.97006653352072e-05	6.07015472783236e-01	1.83696154438651e-03	-4.14596969906533e-05
6.13143489459448e-01	1.70946504141067e-03	-4.33377229185350e-05	6.19250601375011e-01	1.57678137444095e-03	-4.53456953071196e-05
6.25338495998646e-01	1.43850342243690e-03	-4.74958515597201e-05	6.31408913300589e-01	1.29418419221095e-03	-4.98018950825241e-05
6.37463651845138e-01	1.14333184710214e-03	-5.22792142261252e-05	6.43504575541249e-01	9.85403979088195e-04	-5.49451375833065e-05
6.49533621146670e-01	8.19800991950226e-04	-5.78192357088003e-05	6.55552806637383e-01	6.45858428560242e-04	-6.09236771569321e-05
6.61564240573843e-01	4.62838045941494e-04	-6.42836530757585e-05	6.67570132619191e-01	2.69917392541563e-04	-6.79278842095066e-05
6.73572805393457e-01	6.61775888850524e-05	-7.18892294699902e-05	6.79574707882885e-01	-1.49411056168391e-04	-7.62054208440777e-05
6.85578430666613e-01	-3.78006052651370e-04	-8.09199542057826e-05	6.91586723276001e-01	-6.20912930165196e-04	-8.60831757636404e-05
6.97602514067786e-01	-8.79609348720667e-04	-9.17536144950937e-05	7.03628933074299e-01	-1.15577402467015e-03	-9.79996262635563e-05
7.09669338397162e-01	-1.45132162196460e-03	-1.04901436113192e-04	7.15727346841188e-01	-1.76844508116170e-03	-1.12553693620843e-04
7.21806869651231e-01	-2.10966728046258e-03	-1.21068698508031e-04	7.27912154427772e-01	-2.47790448594143e-03	-1.30580513002965e-04
7.34047834572717e-01	-2.87654501813228e-03	-1.41250120102798e-04	7.40218987977209e-01	-3.30954747211332e-03	-1.53271986767400e-04
7.46431207137847e-01	-3.78156346182712e-03	-1.66883086625047e-04	7.52690683517874e-01	-4.29809310004903e-03	-1.82374845691724e-04
7.59004309821243e-01	-4.86568451220082e-03	-2.00108640644681e-04	7.65379805007512e-01	-5.49219640025600e-03	-2.20533531746669e-04
7.71825868483532e-01	-6.18712542611066e-03	-2.44221110996090e-04	7.78352372104439e-01	-6.96206398460797e-03	-2.71896723254006e-04
7.84970601871254e-01	-7.83128416458589e-03	-3.04503406852730e-04	7.91693565701727e-01	-8.81256293951294e-03	-3.43271480681917e-04
7.98536390516137e-01	-9.92828908912879e-03	-3.89842014143493e-04	8.05516841895737e-01	-1.12070415480184e-02	-4.46433798779733e-04
8.12656015226264e-01	-1.26858381330178e-02	-5.16105143754775e-04	8.19979271657171e-01	-1.44134207316546e-02	-6.03165520484783e-04
8.27517531829761e-01	-1.64552017509542e-02	-7.13821546028726e-04	8.35309106578890e-01	-1.89008311746826e-02	-8.57286505514088e-04
8.43402358315573e-01	-2.18762858783784e-02	-1.04764895090503e-03	8.51859694125627e-01	-2.55637128602918e-02	-1.30728641587963e-03
8.60763784001571e-01	-3.02355573005131e-02	-1.67327665002848e-03	8.70227686100007e-01	-3.63159932016450e-02	-2.21025418650855e-03
8.80412254668839e-01	-4.44982031263152e-02	-3.03760115725438e-03	8.91558160937213e-01	-5.59839385201109e-02	-4.39020691255654e-03
9.04050074864050e-01	-7.30162566898008e-02	-6.75375346913198e-03	9.18560499164950e-01	-1.00217259888412e-01	-1.10528853135647e-02
9.36422792505259e-01	-1.48910493206624e-01	-1.67389510565772e-02	9.60778051993748e-01	-2.47902349287912e-01	4.60369002382777e-03
1.00000000000000e+00	0.00000000000000e+00	0.00000000000000e+00
121	6.93856787873719e+04	3.54214285714286e-01
0.00000000000000e+00	6.97923223920505e-03	-6.07351472514672e-06	1.21969107302478e-02	6.91283532216369e-03	-6.13052908615686e-06
2.42263492178234e-02	6.84711099571667e-03	-6.23636723240395e-06	3.60921744422047e-02	6.78196525480135e-03	-6.34496477380786e-06
4.77981369028247e-02	6.71737361465574e-03	-6.45641802221597e-06	5.93478823877545e-02	6.65331184713991e-03	-6.57082779165208e-06
7.07449558558540e-02	6.58975595046907e-03	-6.68829966898876e-06	8.19928051576626e-02	6.52668211852747e-03	-6.80894393090270e-06
9.30947846032734e-02	6.46406670981503e-03	-6.93287522302022e-06	1.04054158384979e-01	6.40188621938242e-03	-7.06021421770231e-06
1.14874103862051e-01	6.34011724684269e-03	-7.19108681579428e-06	1.25557714714640e-01	6.27873646502897e-03	-7.32562393723768e-06
1.36108003973410e-01	6.21772059465253e-03	-7.46396540085570e-06	1.46527906931142e-01	6.15704636249403e-03	-7.60625341178489e-06
1.56820283942320e-01	6.09669048252282e-03	-7.75264124919239e-06	1.66987923116260e-01	6.03662961332918e-03	-7.90328699618037e-06
1.77033542909217e-01	5.97684032976997e-03	-8.05835696771062e-06	1.86959794620545e-01	5.91729908936101e-03	-8.21802625416979e-06
1.96769264797757e-01	5.85798219541700e-03	-8.38247780232670e-06	2.06464477555150e-01	5.79886576235245e-03	-8.55190357418323e-06
2.16047896810383e-01	5.73992568494330e-03	-8.72650903716021e-06	2.25521928443217e-01	5.68113758234512e-03	-8.90650225149336e-06
2.34888922380535e-01	5.62247678517447e-03	-9.09211168953483e-06	2.44151174611361e-01	5.56391826880853e-03	-9.28357042484507e-06
2.53310929135744e-01	5.50543662509551e-03	-9.48112628429421e-06	2.62370379850948e-01	5.44700601557735e-03	-9.68504135911985e-06
2.71331672378429e-01	5.38860012144093e-03	-9.89559081121527e-06	2.80196905834888e-01	5.33019209715846e-03	-1.01130656324777e-05
2.88968134550589e-01	5.27175451840711e-03	-1.03377733868815e-05	2.97647369738022e-01	5.21325931852457e-03	-1.05700334644965e-05
3.06236581113951e-01	5.15467775360490e-03	-1.08101927756010e-05	3.14737698477641e-01	5.09598031475567e-03	-1.10586096200294e-05
3.23152613248280e-01	5.03713668681605e-03	-1.13156699439454e-05	3.31483179964200e-01	4.97811565474637e-03	-1.15817724801737e-05
3.39731217746787e-01	4.91888506378846e-03	-1.18573514620302e-05	3.47898511731587e-01	4.85941171438364e-03	-1.21428603852003e-05
3.55986814469438e-01	4.79966128901688e-03	-1.24387798385861e-05	3.63997847300149e-01	4.73959826746340e-03	-1.27456215950339e-05
3.71933301701378e-01	4.67918583093185e-03	-1.30639296509472e-05	3.79794840615327e-01	4.61838575800377e-03	-1.33942804665388e-05
3.87584099755910e-01	4.55715831714087e-03	-1.37372859183582e-05	3.95302688899022e-01	4.49546216173191e-03	-1.40936032833050e-05
4.02952193158592e-01	4.43325420041196e-03	-1.44639351344900e-05	4.10534174251202e-01	4.37048941880791e-03	-1.48490043441196e-05
4.18050171752173e-01	4.30712084732576e-03	-1.52496306933259e-05	4.25501704345637e-01	4.24309924300470e-03	-1.56666301756037e-05
4.32890271072241e-01	4.17837310012215e-03	-1.61009359129771e-05	4.40217352576775e-01	4.11288830526035e-03	-1.65534980915982e-05
4.47484412359785e-01	4.04658803504820e-03	-1.70253517575158e-05	4.54692898035968e-01	3.97941253089296e-03	-1.75176163401680e-05
4.61844242603181e-01	3.91129883444052e-03	-1.80314824556049e-05	4.68939865725921e-01	3.84218054522578e-03	-1.85682272533239e-05
4.75981175037230e-01	3.77198754822361e-03	-1.91292258495679e-05	4.82969567463366e-01	3.70064571027040e-03	-1.97159599004681e-05
4.89906430575890e-01	3.62807654542263e-03	-2.03300252634708e-05	4.96793143976186e-01	3.55419684874536e-03	-2.09731405822478e-05
5.03631080717832e-01	3.47891829928293e-03	-2.16471597318524e-05	5.10421608772684e-01	3.40214703267017e-03	-2.23540911830078e-05
5.17166092547071e-01	3.32378318290383e-03	-2.30961271414643e-05	5.23865894455060e-01	3.24372028337661e-03	-2.38756142871832e-05
5.30522376556714e-01	3.16184468541381e-03	-2.46950734219542e-05	5.37136902269625e-01	3.07803511597959e-03	-2.55573521850128e-05
5.43710838162631e-01	2.99216159959825e-03	-2.64654097743566e-05	5.50245555843312e-01	2.90408502793515e-03	-2.74225785352744e-05
5.56742433949183e-01	2.81365604235817e-03	-2.84324367003652e-05	5.63202860256691e-01	2.72071420222408e-03	-2.94989365825504e-05
5.69628233921497e-01	2.62508671832218e-03	-3.06263256812933e-05	5.76019967866771e-01	2.52658760427371e-03	-3.18194301605068e-05
5.82379491336352e-01	2.42501570248566e-03	-3.30833011881193e-05	5.88708252635141e-01	2.32015384618545e-03	-3.44237215155196e-05
5.95007722076941e-01	2.21176676441925e-03	-3.58470193935201e-05	6.01279395167917e-01	2.09959900506518e-03	-3.73600453089651e-05
6.07524796054769e-01	1.98337315429242e-03	-3.89705180698918e-05	6.13745481270095e-01	1.86278719300770e-03	-4.06870052724884e-05
6.19943043814600e-01	1.73751164315727e-03	-4.25189985640007e-05	6.26119117619979e-01	1.60718635121881e-03	-4.44770209617751e-05
6.32275382443163e-01	1.47141698106101e-03	-4.65728584762015e-05	6.38413569250085e-01	1.32977085547781e-03	-4.88197317070060e-05
6.44535466156948e-01	1.18177214622461e-03	-5.12324706702927e-05	6.50642925007735e-01	1.02689639830178e-03	-5.38277598112202e-05
6.56737868679544e-01	8.64564208836516e-04	-5.66244268940252e-05	6.62822299223022e-01	6.94133903126337e-04	-5.96437834530228e-05
6.68898306963903e-01	5.14893020120422e-04	-6.29100286548834e-05	6.74968080714220e-01	3.26048378976429e-04	-6.64507317822416e-05
6.81033919269178e-01	1.26714436761377e-04	-7.02974057655847e-05	6.87098244398976e-01	-8.41003914742178e-05	-7.44862064592233e-05
6.93163615585713e-01	-3.07509889922786e-04	-7.90587799956999e-05	6.99232746805730e-01	-5.44769227082575e-04	-8.40632850613865e-05
7.05308525720007e-01	-7.97297819259635e-04	-8.95556512203743e-05	7.11394035712629e-01	-1.06670672788101e-03	-9.56011290573766e-05
7.17492581314502e-01	-1.35483166289185e-03	-1.02276214553942e-04	7.23607717671970e-01	-1.66377296314257e-03	-1.09671056569116e-04
7.29743284875791e-01	-1.99594430930339e-03	-1.17892499459371e-04	7.35903448165363e-01	-2.35413244997396e-03	-1.27067964372340e-04
7.42092745280660e-01	-2.74157144480258e-03	-1.37350101174549e-04	7.48316142570970e-01	-3.16203477914345e-03	-1.48922983117528e-04
7.54579101909495e-01	-3.61994979290814e-03	-1.62010919363631e-04	7.60887661047038e-01	-4.12054302886888e-03	-1.76889623458187e-04
7.67248530827702e-01	-4.67003036378333e-03	-1.93897998061798e-04	7.73669213766877e-01	-5.27585293427579e-03	-2.13460284057776e-04
7.80158149935198e-01	-5.94699102815344e-03	-2.36111809154727e-04	7.86724898169274e-01	-6.69438073145745e-03	-2.62532771362123e-04
7.93380363526788e-01	-7.53146181705988e-03	-2.93601529825605e-04	8.00137086053627e-01	-8.47492441324560e-03	-3.30467384515254e-04
8.07009612064152e-01	-9.54574142080955e-03	-3.74652670802833e-04	8.14014978268542e-01	-1.07706025868757e-02	-4.28211331237494e-04
8.21173352985313e-01	-1.21839666358472e-02	-4.93964245048994e-04	8.28508900510658e-01	-1.38310496850955e-02	-5.75865519260477e-04
8.36050969761001e-01	-1.57722661344341e-02	-6.79599690570409e-04	8.43835766406561e-01	-1.80900706271981e-02	-8.13542488722341e-04
8.51908767724560e-01	-2.08997079071892e-02	-9.90450530127251e-04	8.60328317944532e-01	-2.43668581073129e-02	-1.23044696854291e-03
8.69171177365446e-01	-2.87376419065830e-02	-1.56668369954271e-03	8.78541463092417e-01	-3.43923243835040e-02	-2.05655194507171e-03
8.88585828024054e-01	-4.19467601596435e-02	-2.80550511650546e-03	8.99520957671878e-01	-5.24576697928868e-02	-4.02085556930576e-03
9.11687658810042e-01	-6.78737129239321e-02	-6.13867316736116e-03	9.25669314644379e-01	-9.21463534688584e-02	-1.00835838930633e-02
9.42591098880335e-01	-1.34661897236416e-01	-1.67291616987053e-02	9.65026340118436e-01	-2.25964357482563e-01	-5.45872305281914e-03
1.00000000000000e+00	0.00000000000000e+00	0.00000000000000e+00
117	6.93856787873719e+04	4.24857142857143e-01
0.00000000000000e+00	7.18170113999772e-03	-6.41366348075323e-06	1.27326257895330e-02	7.11145292080917e-03	-6.48324270113854e-06
2.52854359401082e-02	7.04192511503088e-03	-6.59877147102250e-06	3.76626907400517e-02	6.97302553901169e-03	-6.71741053270836e-06
4.98685273410419e-02	6.90472675529064e-03	-6.83927274569562e-06	6.19069642093393e-02	6.83700161601197e-03	-6.96447557402280e-06
7.37819056487375e-02	6.76982322786324e-03	-7.09314204083711e-06	8.54971461305899e-02	6.70316491548228e-03	-7.22540061204313e-06
9.70563744410486e-02	6.63700018828539e-03	-7.36138729595659e-06	1.08463177655066e-01	6.57130269785555e-03	-7.50124168735766e-06
1.19721044946231e-01	6.50604621032813e-03	-7.64511290585190e-06	1.30833371240927e-01	6.44120456349673e-03	-7.79315580756723e-06
1.41803460724940e-01	6.37675163223705e-03	-7.94553290739408e-06	1.52634530210154e-01	6.31266129063390e-03	-8.10241452642302e-06
1.63329712368574e-01	6.24890737518324e-03	-8.26398007602869e-06	1.73892058840563e-01	6.18546364572881e-03	-8.43041841358527e-06
1.84324543223823e-01	6.12230374142531e-03	-8.60192561513706e-06	1.94630063949330e-01	6.05940114708980e-03	-8.77871016458087e-06
2.04811447050099e-01	5.99672914732330e-03	-8.96099104763515e-06	2.14871448828411e-01	5.93426078206827e-03	-9.14899770498856e-06
2.24812758426883e-01	5.87196880383645e-03	-9.34297208021739e-06	2.34638000308447e-01	5.80982562992172e-03	-9.54316857915138e-06
2.44349736650167e-01	5.74780329608848e-03	-9.74985624679903e-06	2.53950469655539e-01	5.68587340742033e-03	-9.96332049751913e-06
2.63442643789781e-01	5.62400707228394e-03	-1.01838555639500e-05	2.72828647942459e-01	5.56217487205202e-03	-1.04117816339677e-05
2.82110817521476e-01	5.50034677889011e-03	-1.06474304277793e-05	2.91291436482582e-01	5.43849210484293e-03	-1.08911530063427e-05
3.00372739298167e-01	5.37657944063086e-03	-1.11433231810842e-05	3.09356912869096e-01	5.31457658164625e-03	-1.14043351668869e-05
3.18246098383259e-01	5.25245045820832e-03	-1.16746066773921e-05	3.27042393124361e-01	5.19016706140518e-03	-1.19545821393174e-05
3.35747852234411e-01	5.12769134984148e-03	-1.22447268673387e-05	3.44364490433355e-01	5.06498717944348e-03	-1.25455396435825e-05
3.52894283699116e-01	5.00201721101234e-03	-1.28575548132837e-05	3.61339170911390e-01	4.93874278225714e-03	-1.31813257964186e-05
3.69701055462563e-01	4.87512384409161e-03	-1.35174546904704e-05	3.77981806838811e-01	4.81111882543406e-03	-1.38665808495642e-05
3.86183262174827e-01	4.74668449844318e-03	-1.42293754070710e-05	3.94307227785441e-01	4.68177587501972e-03	-1.46065621327018e-05
4.02355480677338e-01	4.61634605241290e-03	-1.49989121949190e-05	4.10329770044354e-01	4.55034606088822e-03	-1.54072477169809e-05
4.18231818749758e-01	4.48372470249203e-03	-1.58324477785854e-05	4.26063324799030e-01	4.41642837774325e-03	-1.62754556558564e-05
4.33825962806792e-01	4.34840087701294e-03	-1.67372731760818e-05	4.41521385461693e-01	4.27958318153920e-03	-1.72189723339766e-05
4.49151224993140e-01	4.20991327964293e-03	-1.77217288885867e-05	4.56717094643893e-01	4.13932582171195e-03	-1.82467649514351e-05
4.64220590153229e-01	4.06775196470521e-03	-1.87954293999759e-05	4.71663291254751e-01	3.99511898300653e-03	-1.93691432082144e-05
4.79046763194234e-01	3.92135005779259e-03	-1.99694790878890e-05	4.86372558272221e-01	3.84636377408465e-03	-2.05980716994070e-05
4.93642217417644e-01	3.77007390808015e-03	-2.12567392883223e-05	5.00857271797701e-01	3.69238891049339e-03	-2.19474331253355e-05
5.08019244471195e-01	3.61321144629101e-03	-2.26722520180189e-05	5.15129652092207e-01	3.53243790927182e-03	-2.34334722770679e-05
5.22190006671836e-01	3.44995787191138e-03	-2.42335711939656e-05	5.29201817406535e-01	3.36565345420126e-03	-2.50752378128105e-05
5.36166592582454e-01	3.27939864335236e-03	-2.59613967559247e-05	5.43085841566077e-01	3.19105854154089e-03	-2.68952359532282e-05
5.49961076892571e-01	3.10048852344091e-03	-2.78802329405359e-05	5.56793816464560e-01	3.00753328433667e-03	-2.89201746883627e-05
5.63585585875486e-01	2.91202582376116e-03	-3.00192090800788e-05	5.70337920873268e-01	2.81378631092388e-03	-3.11819029896743e-05
5.77052369981956e-01	2.71262079746637e-03	-3.24132960516366e-05	5.83730497301304e-01	2.60831956043828e-03	-3.37188213721529e-05
5.90373885507218e-01	2.50065575569947e-03	-3.51045546089779e-05	5.96984139077363e-01	2.38938357374918e-03	-3.65772805588360e-05
6.03562887771355e-01	2.27423566226093e-03	-3.81442435737345e-05	6.10111790399434e-01	2.15492168765086e-03	-3.98138361841216e-05
6.16632538913906e-01	2.03112460704835e-03	-4.15950048060498e-05	6.23126862870474e-01	1.90249872351056e-03	-4.34980828669662e-05
6.29596534303988e-01	1.76866513815788e-03	-4.55342107994472e-05	6.36043373079944e-01	1.62920904214658e-03	-4.77163142738046e-05
6.42469252782260e-01	1.48367373720104e-03	-5.00583373155283e-05	6.48876107219029e-01	1.33155710266619e-03	-5.25765662502398e-05
6.55265937628100e-01	1.17230401399415e-03	-5.52888529532503e-05	6.61640820692702e-01	1.00530045475322e-03	-5.82156250001908e-05
6.68002917482836e-01	8.29865464788471e-04	-6.13802684665821e-05	6.74354483467388e-01	6.45240611423681e-04	-6.48088292423132e-05
6.80697879768302e-01	4.50580600893202e-04	-6.85316130748514e-05	6.87035585851664e-01	2.44939557140667e-04	-7.25833054289193e-05
6.93370213900141e-01	2.72550490693080e-05	-7.70032751469252e-05	6.99704525153777e-01	-2.03668242260702e-04	-8.18376800493237e-05
7.06041448559979e-01	-4.49181044714475e-04	-8.71399758803904e-05	7.12384102157703e-01	-7.10816148194127e-04	-9.29717642181860e-05
7.18735817706704e-01	-9.90317025622245e-04	-9.94061526189416e-05	7.25100169181433e-01	-1.28967702998273e-03	-1.06528864711963e-04
7.31481005911089e-01	-1.61118577135810e-03	-1.14440565450069e-04	7.37882491324242e-01	-1.95748150147756e-03	-1.23262772176558e-04
7.44309148490493e-01	-2.33162503699580e-03	-1.33139120603420e-04	7.50765913992546e-01	-2.73718074686347e-03	-1.44244362204393e-04
7.57258202034881e-01	-3.17832721120426e-03	-1.56789772660204e-04	7.63791981277956e-01	-3.65999055841482e-03	-1.71034625664701e-04
7.70373867587606e-01	-4.18801966676119e-03	-1.87297827370703e-04	7.77011236899509e-01	-4.76940383274782e-03	-2.05978823575315e-04
7.83712363727889e-01	-5.41256901254639e-03	-2.27577090034625e-04	7.90486592772090e-01	-6.12775163359547e-03	-2.52729933811757e-04
7.97344553673801e-01	-6.92750839994427e-03	-2.82257274040409e-04	8.04298432833790e-01	-7.82740156665152e-03	-3.17227774810247e-04
8.11362321719354e-01	-8.84693802433012e-03	-3.59055246604623e-04	8.18552669346836e-01	-1.00108798002920e-02	-4.09640733728400e-04
8.25888879157770e-01	-1.13511018911128e-02	-4.71590423884338e-04	8.33394109992009e-01	-1.29093070526117e-02	-5.48540614403903e-04
8.41096372074307e-01	-1.47410193781259e-02	-6.45703477878845e-04	8.49030060139049e-01	-1.69217248041823e-02	-7.70732516818029e-04
8.57238153533529e-01	-1.95564875321984e-02	-9.35230558822164e-04	8.65775468303585e-01	-2.27956110772727e-02	-1.15743803949897e-03
8.74713634965928e-01	-2.68611997048089e-02	-1.46726850831946e-03	8.84149041971730e-01	-3.20943254914341e-02	-1.91635589306882e-03
8.94216170077057e-01	-3.90437264601343e-02	-2.59943101718241e-03	9.05111427334196e-01	-4.86441179974871e-02	-3.70357294056944e-03
9.17139295793347e-01	-6.26058691000145e-02	-5.63084224999044e-03	9.30811530952660e-01	-8.43650629416137e-02	-9.31173289841092e-03
9.47092843356522e-01	-1.21906612198840e-01	-1.66025908382381e-02	9.68139396961860e-01	-2.03824278143510e-01	-1.66551730710420e-02
1.00000000000000e+00	0.00000000000000e+00	0.00000000000000e+00
81	6.93856787873719e+04	4.95500000000000e-01
0.00000000000000e+00	1.03571686430448e-02	-1.32836005091175e-05	1.85689870394072e-02	1.02115988538998e-02	-1.35960563674153e-05
3.67625709947805e-02	1.00680014371635e-02	-1.39503640879113e-05	5.45934619241104e-02	9.92621448551190e-03	-1.43186840675380e-05
7.20738471553265e-02	9.78612072905949e-03	-1.47017648688408e-05	8.92154195009793e-02	9.64760439830625e-03	-1.51004044475211e-05
1.06029404011373e-01	9.51055090397901e-03	-1.55154567209603e-05	1.22526583127568e-01	9.37484650800324e-03	-1.59478333403573e-05
1.38717320353301e-01	9.24037800100574e-03	-1.63985119516763e-05	1.54611582555528e-01	9.10703236471755e-03	-1.68685384258627e-05
1.70218960995061e-01	8.97469643685866e-03	-1.73590358263365e-05	1.85548691181103e-01	8.84325655747098e-03	-1.78712081837507e-05
2.00609671636752e-01	8.71259821263726e-03	-1.84063509232057e-05	2.15410481656260e-01	8.58260565448066e-03	-1.89658562592676e-05
2.29959398129372e-01	8.45316151307318e-03	-1.95512254526076e-05	2.44264411502942e-01	8.32414637466883e-03	-2.01640737906850e-05
2.58333240945637e-01	8.19543835253689e-03	-2.08061472743992e-05	2.72173348777348e-01	8.06691261743819e-03	-2.14793326616114e-05
2.85791954221513e-01	7.93844089653417e-03	-2.21856693456424e-05	2.99196046535275e-01	7.80989094452766e-03	-2.29273686398468e-05
3.12392397569634e-01	7.68112595969894e-03	-2.37068267254781e-05	3.25387573809443e-01	7.55200396558786e-03	-2.45266485006113e-05
3.38187947940944e-01	7.42237712728633e-03	-2.53896671753573e-05	3.50799709993021e-01	7.29209100406836e-03	-2.62989660162471e-05
3.63228878096986e-01	7.16098374270158e-03	-2.72579108646642e-05	3.75481308908741e-01	7.02888517336420e-03	-2.82701761056270e-05
3.87562707736724e-01	6.89561583059772e-03	-2.93397861392819e-05	3.99478638418747e-01	6.76098584615326e-03	-3.04711476104558e-05
4.11234532991251e-01	6.62479374533032e-03	-3.16691029089711e-05	4.22835701195014e-01	6.48682507983378e-03	-3.29389743716213e-05
4.34287339862757e-01	6.34685091517961e-03	-3.42866247797780e-05	4.45594542235641e-01	6.20462613887884e-03	-3.57185289745487e-05
4.56762307258087e-01	6.05988755411446e-03	-3.72418533240992e-05	4.67795548903338e-01	5.91235170949966e-03	-3.88645340152483e-05
4.78699105586157e-01	5.76171247558577e-03	-4.05953876512211e-05	4.89477749723570e-01	5.60763827893318e-03	-4.24442285151816e-05
5.00136197510574e-01	5.44976899096183e-03	-4.44220281567986e-05	5.10679118984636e-01	5.28771224864588e-03	-4.65410186480941e-05
5.21111148461999e-01	5.12103948671316e-03	-4.88149728243847e-05	5.31436895437966e-01	4.94928104809289e-03	-5.12593178088050e-05
5.41660956057805e-01	4.77192090901091e-03	-5.38915049521638e-05	5.51787925277922e-01	4.58839027169944e-03	-5.67312478962911e-05
5.61822409857453e-01	4.39806028559753e-03	-5.98009111485442e-05	5.71769042341403e-01	4.20023353241450e-03	-6.31259529209061e-05
5.81632496224200e-01	3.99413404669779e-03	-6.67354457410951e-05	5.91417502515736e-01	3.77889561057487e-03	-7.06627171542795e-05
6.01128867972596e-01	3.55354798421681e-03	-7.49461540963114e-05	6.10771495307230e-01	3.31700033650684e-03	-7.96300213514733e-05
6.20350405750863e-01	3.06802189168964e-03	-8.47657180709227e-05	6.29870764421292e-01	2.80521860261929e-03	-9.04132212466990e-05
6.39337909044920e-01	2.52700465174782e-03	-9.66425999633369e-05	6.48757382705165e-01	2.23156885665921e-03	-1.03536507395585e-04
6.58134971440002e-01	1.91683284916744e-03	-1.11192711188313e-04	6.67476747713906e-01	1.58040004017646e-03	-1.19727458412822e-04
6.76789121040883e-01	1.21949339667338e-03	-1.29280284850042e-04	6.86078897363678e-01	8.30876725828267e-04	-1.40019311996475e-04
6.95353349233189e-01	4.10756772442511e-04	-1.52148649137818e-04	7.04620299399606e-01	-4.53400676514448e-05	-1.65918424383182e-04
7.13888221193628e-01	-5.42725874759120e-04	-1.81637527109313e-04	7.23166360116729e-01	-1.08775508720205e-03	-1.99690634927308e-04
7.32464882478565e-01	-1.68808915733110e-03	-2.20561973405697e-04	7.41795058888797e-01	-2.35304493285016e-03	-2.44868326830794e-04
7.51169493189723e-01	-3.09406183841043e-03	-2.73403799529115e-04	7.60602411401146e-01	-3.92533217694568e-03	-3.07205024701940e-04
7.70110031033073e-01	-4.86466604256386e-03	-3.47646872576268e-04	7.79711039730831e-01	-5.93470644633576e-03	-3.96580553402082e-04
7.89427225307806e-01	-7.16465345987305e-03	-4.56548722252093e-04	7.99284319510572e-01	-8.59277944337300e-03	-5.31117625494737e-04
8.09313150369814e-01	-1.02701803735316e-02	-6.25411367363160e-04	8.19551251496558e-01	-1.22665244458651e-02	-7.47002736941615e-04
8.30045168012835e-01	-1.46791435770930e-02	-9.07458227579871e-04	8.40853861131574e-01	-1.76479608092983e-02	-1.12513492024879e-03
8.52053915949484e-01	-2.13810267816698e-02	-1.43056307119926e-03	8.63747853182923e-01	-2.62005267028254e-02	-1.87747721863940e-03
8.76078103170825e-01	-3.26307771981887e-02	-2.56742456730752e-03	8.89252082571205e-01	-4.15795287212969e-02	-3.71058196671092e-03
9.03591154522150e-01	-5.47470315602536e-02	-5.79762044624532e-03	9.19637715935437e-01	-7.56605542224892e-02	-1.01771756591253e-02
9.38430587708289e-01	-1.12738800838133e-01	-2.14138417077261e-02	9.62414833902672e-01	-1.99229448363938e-01	-4.79872052749946e-02
1.00000000000000e+00	0.00000000000000e+00	0.00000000000000e+00
92	6.93856787873719e+04	5.66142857142857e-01
0.00000000000000e+00	9.05499183258129e-03	-1.00964454678998e-05	1.64850570525623e-02	8.94376476491621e-03	-1.02911699566555e-05
3.26778520860073e-02	8.83388372683291e-03	-1.05249078674596e-05	4.85870625624267e-02	8.72523203686115e-03	-1.07666919990645e-05
6.42210522095841e-02	8.61774096325973e-03	-1.10168959976953e-05	7.95878857893944e-02	8.51134259840913e-03	-1.12759146553287e-05
9.46953433219465e-02	8.40596971648089e-03	-1.15441670502925e-05	1.09550933557488e-01	8.30155562610502e-03	-1.18220965428240e-05
1.24161906745634e-01	8.19803402809693e-03	-1.21101746213270e-05	1.38535266747611e-01	8.09533886437364e-03	-1.24089000872463e-05
1.52677782534316e-01	7.99340417435990e-03	-1.27188045848659e-05	1.66595999110014e-01	7.89216393868220e-03	-1.30404519556038e-05
1.80296247899028e-01	7.79155192714431e-03	-1.33744428989502e-05	1.93784656630246e-01	7.69150153697828e-03	-1.37214164808164e-05
2.07067158752178e-01	7.59194562922794e-03	-1.40820541496556e-05	2.20149502409254e-01	7.49281635495680e-03	-1.44570815581169e-05
2.33037259008240e-01	7.39404498068419e-03	-1.48472749186279e-05	2.45735831401959e-01	7.29556169502743e-03	-1.52534610935451e-05
2.58250461716046e-01	7.19729541911440e-03	-1.56765266747794e-05	2.70586238843007e-01	7.09917359101664e-03	-1.61174179280632e-05
2.82748105626718e-01	7.00112195318159e-03	-1.65771510807211e-05	2.94740865759275e-01	6.90306431058119e-03	-1.70568134323368e-05
3.06569190411230e-01	6.80492228347074e-03	-1.75575717309417e-05	3.18237624615284e-01	6.70661504429204e-03	-1.80806824390256e-05
3.29750593422766e-01	6.60805901857087e-03	-1.86274925093599e-05	3.41112407851660e-01	6.50916758780373e-03	-1.91994565919007e-05
3.52327270644243e-01	6.40985073791400e-03	-1.97981364444821e-05	3.63399281852179e-01	6.31001471282078e-03	-2.04252226949642e-05
3.74332444266334e-01	6.20956160684405e-03	-2.10825388700098e-05	3.85130668708656e-01	6.10838894226373e-03	-2.17720599899884e-05
3.95797779203136e-01	6.00638918601137e-03	-2.24959192196561e-05	4.06337518043104e-01	5.90344924650532e-03	-2.32564322395490e-05
4.16753550772091e-01	5.79944990816839e-03	-2.40561158981745e-05	4.27049471095936e-01	5.69426520458149e-03	-2.48977062087263e-05
4.37228805744264e-01	5.58776171914999e-03	-2.57841734996322e-05	4.47295019300091e-01	5.47979785281760e-03	-2.67187658291590e-05
4.57251519016995e-01	5.37022296495238e-03	-2.77050269092971e-05	4.67101659644578e-01	5.25887644820511e-03	-2.87468352038189e-05
4.76848748283992e-01	5.14558667616605e-03	-2.98484335699012e-05	4.86496049296977e-01	5.03016984093985e-03	-3.10144705453208e-05
4.96046789293632e-01	4.91242872421771e-03	-3.22500930842740e-05	5.05504162226092e-01	4.79215109347764e-03	-3.35609055257535e-05
5.14871334618835e-01	4.66910826809164e-03	-3.49531623029531e-05	5.24151450967662e-01	4.54305310045533e-03	-3.64337254199487e-05
5.33347639345229e-01	4.41371799323576e-03	-3.80102100585589e-05	5.42463017253390e-01	4.28081254691581e-03	-3.96910815754214e-05
5.51500697768731e-01	4.14402086120669e-03	-4.14857495589782e-05	5.60463796033519e-01	4.00299850677843e-03	-4.34047057331632e-05
5.69355436151167e-01	3.85736906009582e-03	-4.54596791519268e-05	5.78178758553899e-01	3.70672014609741e-03	-4.76638242408178e-05
5.86936927920212e-01	3.55059885861664e-03	-5.00319186789167e-05	5.95633141731858e-01	3.38850643626532e-03	-5.25805657405343e-05
6.04270639574347e-01	3.21989238336906e-03	-5.53286145765775e-05	6.12852713301206e-01	3.04414724607560e-03	-5.82973926421815e-05
6.21382718204690e-01	2.86059434487695e-03	-6.15110795754159e-05	6.29864085359241e-01	2.66848052816537e-03	-6.49974288124966e-05
6.38300335333447e-01	2.46696440119032e-03	-6.87880277225883e-05	6.46695093506859e-01	2.25510349768543e-03	-7.29193057751321e-05
6.55052107268405e-01	2.03183846579336e-03	-7.74333405437755e-05	6.63375265433239e-01	1.79597399119014e-03	-8.23786691179773e-05
6.71668620283773e-01	1.54615710288986e-03	-8.78120229248491e-05	6.79936412723643e-01	1.28084997308120e-03	-9.37997168988236e-05
6.88183101147916e-01	9.98297269528825e-04	-1.00419532587326e-04	6.96413394767608e-01	6.96487048367667e-04	-1.07763466491217e-04
7.04632292301102e-01	3.73102504159784e-04	-1.15940925077496e-04	7.12845127172938e-01	2.54624484596899e-05	-1.25082730328074e-04
7.21057620651962e-01	-3.49552506778483e-04	-1.35346281739723e-04	7.29275944742259e-01	-7.55592179207842e-04	-1.46922285937157e-04
7.37506797143821e-01	-1.19695265408881e-03	-1.60043852835967e-04	7.45757491270240e-01	-1.67872407417025e-03	-1.74998224399037e-04
7.54036065217884e-01	-2.20698060322777e-03	-1.92142374963122e-04	7.62351414815611e-01	-2.78902755574784e-03	-2.11923781010093e-04
7.70713457592989e-01	-3.43372272738063e-03	-2.34911057669596e-04	7.79133336890029e-01	-4.15190757217199e-03	-2.61833932869049e-04
7.87623678760133e-01	-4.95698727882632e-03	-2.93640650151694e-04	7.96198919251470e-01	-5.86571973301109e-03	-3.31583998538054e-04
8.04875726942446e-01	-6.89932019232886e-03	-3.77343158091792e-04	8.13673556647624e-01	-8.08502168121039e-03	-4.33210931195305e-04
8.22615387183473e-01	-9.45833087491321e-03	-5.02384449068582e-04	8.31728723031216e-01	-1.10663722601821e-02	-5.89425807024702e-04
8.41046983733551e-01	-1.29729680676612e-02	-7.01024340590495e-04	8.50611479121752e-01	-1.52666066826267e-02	-8.47297000468039e-04
8.60474298917789e-01	-1.80733568865201e-02	-1.04413035215978e-03	8.70702684782946e-01	-2.15787172207174e-02	-1.31759226417993e-03
8.81385917312566e-01	-2.60663679259324e-02	-1.71282307035980e-03	8.92646709964891e-01	-3.19909875611468e-02	-2.31340495763677e-03
9.04661246620577e-01	-4.01250371535498e-02	-3.28786182763907e-03	9.17697289761721e-01	-5.18812238385161e-02	-5.01622065225349e-03
9.32194615763509e-01	-7.01011067466750e-02	-8.49557602137607e-03	9.48961496804612e-01	-1.01272501918038e-01	-1.69297888811213e-02
9.69773196127443e-01	-1.66636270556047e-01	-3.93329862036953e-02	1.00000000000000e+00	0.00000000000000e+00	0.00000000000000e+00
94	6.93856787873719e+04	6.36785714285714e-01
0.00000000000000e+00	8.81050057010202e-03	-9.49526909654885e-06	1.62657433631515e-02	8.70536345646222e-03	-9.67132649609681e-06
3.22507332970157e-02	8.60147112467402e-03	-9.88516107280901e-06	4.79630802495795e-02	8.49871483154585e-03	-1.01061628594579e-05
6.34106091237447e-02	8.39703305716433e-03	-1.03346550845984e-05	7.86008723407631e-02	8.29636501068176e-03	-1.05709803892573e-05
9.35411624623562e-02	8.19665050519980e-03	-1.08155005307253e-05	1.08238524162394e-01	8.09782983691942e-03	-1.10685989356263e-05
1.22699765589588e-01	7.99984366006323e-03	-1.13306809381708e-05	1.36931469159906e-01	7.90263286536175e-03	-1.16021771268127e-05
1.50940001814815e-01	7.80613845145650e-03	-1.18835433027265e-05	1.64731524779149e-01	7.71030139814299e-03	-1.21752632258332e-05
1.78312002850217e-01	7.61506253644639e-03	-1.24778513208579e-05	1.91687213247769e-01	7.52036241229836e-03	-1.27918537218275e-05
2.04862754052662e-01	7.42614114978490e-03	-1.31178519688913e-05	2.17844052260345e-01	7.33233830525037e-03	-1.34564642728652e-05
2.30636371473807e-01	7.23889271862110e-03	-1.38083489633622e-05	2.43244819259192e-01	7.14574236042176e-03	-1.41742097186093e-05
2.55674354186017e-01	7.05282416120201e-03	-1.45547947365543e-05	2.67929792572813e-01	6.96007384764763e-03	-1.49509060518582e-05
2.80015814957878e-01	6.86742575149712e-03	-1.53633980966017e-05	2.91936972313965e-01	6.77481262325319e-03	-1.57931867950101e-05
3.03697692024817e-01	6.68216542078648e-03	-1.62412509860932e-05	3.15302283640731e-01	6.58941309676653e-03	-1.67086424953666e-05
3.26754944429649e-01	6.49648235654898e-03	-1.71964878226127e-05	3.38059764739740e-01	6.40329741141454e-03	-1.77059986519179e-05
3.49220733188881e-01	6.30977969751445e-03	-1.82384735945007e-05	3.60241741696129e-01	6.21584759419025e-03	-1.87953142687380e-05
3.71126590369840e-01	6.12141609910566e-03	-1.93780302009117e-05	3.81878992266999e-01	6.02639648175463e-03	-1.99882483689073e-05
3.92502578038114e-01	5.93069590188744e-03	-2.06277209575667e-05	4.03000900472015e-01	5.83421703037645e-03	-2.12983578020687e-05
4.13377438954821e-01	5.73685754328879e-03	-2.20022036214740e-05	4.23635603857945e-01	5.63850969178481e-03	-2.27414931068814e-05
4.33778740869557e-01	5.53905972577362e-03	-2.35186450046054e-05	4.43810135285094e-01	5.43838730650958e-03	-2.43362862033525e-05
4.53733016272451e-01	5.33636485454103e-03	-2.51972760749730e-05	4.63550561128359e-01	5.23285682201990e-03	-2.61047294645156e-05
4.73265899543313e-01	5.12771890279828e-03	-2.70620531641619e-05	4.82882117893397e-01	5.02079712697912e-03	-2.80729687203163e-05
4.92402263578767e-01	4.91192684548292e-03	-2.91415334348066e-05	5.01829349430015e-01	4.80093170182072e-03	-3.02722317346849e-05
5.11166358205089e-01	4.68762230340602e-03	-3.14699624333059e-05	5.20416247202386e-01	4.57179487730830e-03	-3.27401186892562e-05
5.29581953017272e-01	4.45322973879736e-03	-3.40886648197980e-05	5.38666396472613e-01	4.33168949864293e-03	-3.55221796262128e-05
5.47672487757568e-01	4.20691709947207e-03	-3.70479452975747e-05	5.56603131812591e-01	4.07863358036997e-03	-3.86740408846453e-05
5.65461234003588e-01	3.94653553881907e-03	-4.04094489507845e-05	5.74249706133806e-01	3.81029225893670e-03	-4.22641892274811e-05
5.82971472848638e-01	3.66954241485495e-03	-4.42494604668831e-05	5.91629478496548e-01	3.52389019979871e-03	-4.63777413832744e-05
6.00226694518924e-01	3.37290124522927e-03	-4.86631458165299e-05	6.08766127451525e-01	3.21609738118700e-03	-5.11214834360008e-05
6.17250827635935e-01	3.05295105020087e-03	-5.37706394061477e-05	6.25683898752754e-01	2.88287855774816e-03	-5.66308419496231e-05
6.34068508309329e-01	2.70523249280541e-03	-5.97251599461224e-05	6.42407899236544e-01	2.51929229741754e-03	-6.30797148242213e-05
6.50705402779557e-01	2.32425417029392e-03	-6.67245696610586e-05	6.58964452897587e-01	2.11921826398287e-03	-7.06941917834047e-05
6.67188602434429e-01	1.90317385272687e-03	-7.50282201220642e-05	6.75381541370152e-01	1.67498202167615e-03	-7.97726050518754e-05
6.83547117528064e-01	1.43335466810246e-03	-8.49807827223437e-05	6.91689360192245e-01	1.17682933839025e-03	-9.07151486351232e-05
6.99812507189832e-01	9.03738934900478e-04	-9.70489342699832e-05	7.07921036118025e-01	6.12174944415678e-04	-1.04068550738523e-04
7.16019700555991e-01	2.99942521113650e-04	-1.11876535847433e-04	7.24113572306846e-01	-3.54947295282404e-05	-1.20595300680648e-04
7.32208090979686e-01	-3.97083089103689e-04	-1.30371947385965e-04	7.40309122566653e-01	-7.88264021217455e-04	-1.41384473221207e-04
7.48423029124143e-01	-1.21308143615106e-03	-1.53849885188295e-04	7.56556752270386e-01	-1.67631778501010e-03	-1.68034919453053e-04
7.64717914022233e-01	-2.18366836100214e-03	-1.84270376865525e-04	7.72914939595928e-01	-2.74196681922723e-03	-2.02970548682568e-04
7.81157208314252e-01	-3.35948104579553e-03	-2.24659364963964e-04	7.89455240884132e-01	-4.04630431256647e-03	-2.50007347608383e-04
7.97820934310995e-01	-4.81487886536502e-03	-2.79884939361486e-04	8.06267860047555e-01	-5.68071535479087e-03	-3.15435222101534e-04
8.14811647361092e-01	-6.66338042514780e-03	-3.58186797310145e-04	8.23470483412712e-01	-7.78789912410260e-03	-4.10216697355636e-04
8.32265776225063e-01	-9.08676262855468e-03	-4.74408594679732e-04	8.41223049700937e-01	-1.06028949751076e-02	-5.54854443347574e-04
8.50373177203776e-01	-1.23941282269844e-02	-6.57516956771964e-04	8.59754122585191e-01	-1.45401632647640e-02	-7.91357376065838e-04
8.69413465993215e-01	-1.71537876707164e-02	-9.70330032300737e-04	8.79412188696634e-01	-2.03996482819216e-02	-1.21712597137380e-03
8.89830567357627e-01	-2.45272113769140e-02	-1.57061910826339e-03	9.00777793162741e-01	-2.99319466565547e-02	-2.10186748922658e-03
9.12408607757902e-01	-3.72768442712158e-02	-2.95198160633814e-03	9.24954285155983e-01	-4.77547207322081e-02	-4.43356857986066e-03
9.38786269354222e-01	-6.37156189765626e-02	-7.35174789388071e-03	9.54565993711003e-01	-9.03629331351273e-02	-1.42851470371521e-02
9.73677836661151e-01	-1.43046166381131e-01	-3.44322843309199e-02	1.00000000000000e+00	0.00000000000000e+00	0.00000000000000e+00
89	6.93856787873719e+04	7.07428571428571e-01
0.00000000000000e+00	9.25790247077729e-03	-1.04002119434288e-05	1.73151222947390e-02	9.14210855452269e-03	-1.06107557598101e-05
3.43165203168473e-02	9.02774438312837e-03	-1.08579361146610e-05	5.10136971488881e-02	8.91469180824100e-03	-1.11138549510059e-05
6.74158050834048e-02	8.80287618905418e-03	-1.13789284519328e-05	8.35316625178019e-02	8.69222379365797e-03	-1.16535988405886e-05
9.93697701598041e-02	8.58266163220667e-03	-1.19383347865210e-05	1.14938326359157e-01	8.47411729387715e-03	-1.22336345034224e-05
1.30245241623903e-01	8.36651877882755e-03	-1.25400263715214e-05	1.45298152375534e-01	8.25979433356361e-03	-1.28580730807126e-05
1.60104433993486e-01	8.15387228016395e-03	-1.31883737042315e-05	1.74671213196123e-01	8.04868083997756e-03	-1.35315647418199e-05
1.89005379802149e-01	7.94414796145504e-03	-1.38883269547030e-05	2.03113597913517e-01	7.84020112959682e-03	-1.42593842311634e-05
2.17002316558370e-01	7.73676718204674e-03	-1.46455112759458e-05	2.30677779830053e-01	7.63377210527416e-03	-1.50475338820399e-05
2.44146036556150e-01	7.53114083539641e-03	-1.54663383469256e-05	2.57412949529453e-01	7.42879703047916e-03	-1.59028697686026e-05
2.70484204331066e-01	7.32666285113748e-03	-1.63581437628846e-05	2.83365317774106e-01	7.22465871097211e-03	-1.68332481245148e-05
2.96061645995140e-01	7.12270302372997e-03	-1.73293528396012e-05	3.08578392219095e-01	7.02071191607123e-03	-1.78477099874730e-05
3.20920614222335e-01	6.91859895239255e-03	-1.83896745824530e-05	3.33093231517407e-01	6.81627479477798e-03	-1.89566990487222e-05
3.45101032282388e-01	6.71364687588949e-03	-1.95503528184204e-05	3.56948680056729e-01	6.61061902410776e-03	-2.01723304180668e-05
3.68640720225109e-01	6.50709105399705e-03	-2.08244588155715e-05	3.80181586310333e-01	6.40295834869975e-03	-2.15087236163924e-05
3.91575606095839e-01	6.29811135213898e-03	-2.22272647703026e-05	4.02827007598556e-01	6.19243508076406e-03	-2.29824152870872e-05
4.13939924912389e-01	6.08580852169371e-03	-2.37767017805535e-05	4.24918403943234e-01	5.97810401725440e-03	-2.46128752541264e-05
4.35766408056378e-01	5.86918656505420e-03	-2.54939318884428e-05	4.46487823657872e-01	5.75891304768361e-03	-2.64231386726266e-05
4.57086465732108e-01	5.64713140532924e-03	-2.74040791272689e-05	4.67566083358696e-01	5.53367962649820e-03	-2.84406468240572e-05
4.77930365233364e-01	5.41838479158607e-03	-2.95371463046035e-05	4.88182945218222e-01	5.30106179846834e-03	-3.06982735298611e-05
4.98327407949798e-01	5.18151211404350e-03	-3.19292090489309e-05	5.08367294534226e-01	5.05952227978557e-03	-3.32356629211272e-05
5.18306108362475e-01	4.93486224916162e-03	-3.46239379189761e-05	5.28147321081322e-01	4.80728352986515e-03	-3.61010128024919e-05
5.37894378759525e-01	4.67651705896310e-03	-3.76746218928581e-05	5.47550708293242e-01	4.54227078488256e-03	-3.93533407483382e-05
5.57119724100010e-01	4.40422706139465e-03	-4.11467776002539e-05	5.66604835156353e-01	4.26203934007074e-03	-4.30655756789022e-05
5.76009452443020e-01	4.11532889253707e-03	-4.51217449675134e-05	5.85336996868241e-01	3.96368045561002e-03	-4.73286593385414e-05
5.94590907753100e-01	3.80663780945367e-03	-4.97014388838313e-05	6.03774651972431e-01	3.64369826227584e-03	-5.22571288046336e-05
6.12891733862494e-01	3.47430640684321e-03	-5.50150062659238e-05	6.21945706023447e-01	3.29784688562662e-03	-5.79969589711293e-05
6.30940181166875e-01	3.11363592862968e-03	-6.12279223823897e-05	6.39878845185407e-01	2.92091143192019e-03	-6.47363972086090e-05
6.48765471653834e-01	2.71882128952372e-03	-6.85550734700335e-05	6.57603938010831e-01	2.50640962235238e-03	-7.27215943474580e-05
6.66398243719131e-01	2.28260045663431e-03	-7.72794999979176e-05	6.75152530762304e-01	2.04617827961506e-03	-8.22793957719892e-05
6.83871106911349e-01	1.79576453372454e-03	-8.77802604444256e-05	6.92558472288860e-01	1.52978946479476e-03	-9.38511884880366e-05
7.01219349875899e-01	1.24645839842863e-03	-1.00573830677853e-04	7.09858720756106e-01	9.43709622265976e-04	-1.08044807279661e-04
7.18481865087300e-01	6.19163285721092e-04	-1.16379180883808e-04	7.27094410034342e-01	2.70059121511013e-04	-1.25715492014011e-04
7.35702386217473e-01	-1.06823694011937e-04	-1.36220544055599e-04	7.44312294661820e-01	-5.15263989463000e-04	-1.48097786489165e-04
7.52931186778637e-01	-9.59724063531064e-04	-1.61596976815392e-04	7.61566760671135e-01	-1.44551075612986e-03	-1.77026633737754e-04
7.70227478071535e-01	-1.97898002022068e-03	-1.94773177986551e-04	7.78922707599563e-01	-2.56780841549364e-03	-2.15324159058339e-04
7.87662901993515e-01	-3.22134983783484e-03	-2.39301963649297e-04	7.96459819692665e-01	-3.95111202063492e-03	-2.67512206999498e-04
8.05326805089100e-01	-4.77140668904430e-03	-3.01011397981554e-04	8.14279147537040e-01	-5.70024608159792e-03	-3.41206911089298e-04
8.23334547792401e-01	-6.76060320082206e-03	-3.90006645486496e-04	8.32513733668296e-01	-7.98221928813059e-03	-4.50048503232825e-04
8.41841287200194e-01	-9.40425218887719e-03	-5.25064126198016e-04	8.51346778600425e-01	-1.10792682722936e-02	-6.20466086627358e-04
8.61066357122611e-01	-1.30794074739173e-02	-7.44352535753556e-04	8.71045043359589e-01	-1.55062746204386e-02	-9.09267455721618e-04
8.81340137509742e-01	-1.85073918337249e-02	-1.13548437585953e-03	8.92026479446966e-01	-2.23048691369622e-02	-1.45750606407957e-03
9.03204941854998e-01	-2.72482321042922e-02	-1.93791223677087e-03	9.15016932354865e-01	-3.39183413603594e-02	-2.69992222467064e-03
9.27670981718172e-01	-4.33493686307220e-02	-4.01400757852199e-03	9.41496289962481e-01	-5.75524665925615e-02	-6.57149809424462e-03
9.57065586647324e-01	-8.08981885191501e-02	-1.25955594884133e-02	9.75538036366147e-01	-1.25647952257014e-01	-3.08262062608957e-02
1.00000000000000e+00	0.00000000000000e+00	0.00000000000000e+00
81	6.93856787873719e+04	7.78071428571429e-01
0.00000000000000e+00	1.01245703030022e-02	-1.23238992328911e-05	1.91695935744634e-02	9.98652795835930e-03	-1.26095403161219e-05
3.79600990173165e-02	9.85032978524458e-03	-1.29320031041491e-05	5.63840313424698e-02	9.71583080164429e-03	-1.32670011361302e-05
7.44534024242499e-02	9.58292501231339e-03	-1.36151929410744e-05	9.21797475149566e-02	9.45150777265558e-03	-1.39772809526484e-05
1.09574150415153e-01	9.32147550710516e-03	-1.43540141999132e-05	1.26647267171486e-01	9.19272543063832e-03	-1.47461938406757e-05
1.43409348408968e-01	9.06515526284268e-03	-1.51546758098142e-05	1.59870260396597e-01	8.93866294252765e-03	-1.55803769303908e-05
1.76039504937760e-01	8.81314633192098e-03	-1.60242786459985e-05	1.91926238170252e-01	8.68850291695766e-03	-1.64874338559606e-05
2.07539288354621e-01	8.56462949345183e-03	-1.69709716957289e-05	2.22887172724132e-01	8.44142184829910e-03	-1.74761075697472e-05
2.37978113464596e-01	8.31877441461404e-03	-1.80041466106839e-05	2.52820052887937e-01	8.19657992039491e-03	-1.85564948074202e-05
2.67420667859226e-01	8.07472901127970e-03	-1.91346673343862e-05	2.81787383533341e-01	7.95310985476183e-03	-1.97403008805885e-05
2.95927386454160e-01	7.83160771012059e-03	-2.03751623617521e-05	3.09847637066347e-01	7.71010447438281e-03	-2.10411631882401e-05
3.23554881687202e-01	7.58847818962582e-03	-2.17403727145182e-05	3.37055663983917e-01	7.46660252098441e-03	-2.24750400699136e-05
3.50356335999600e-01	7.34434616079960e-03	-2.32475999217829e-05	3.63463068770062e-01	7.22157222194797e-03	-2.40607063892728e-05
3.76381862571808e-01	7.09813753698008e-03	-2.49172469637404e-05	3.89118556841038e-01	6.97389191341702e-03	-2.58203739911256e-05
4.01678839802633e-01	6.84867728737593e-03	-2.67735232633015e-05	4.14068257847962e-01	6.72232683630769e-03	-2.77804656334535e-05
4.26292224700177e-01	6.59466392600749e-03	-2.88453205352646e-05	4.38356030406499e-01	6.46550101440813e-03	-2.99726192116712e-05
4.50264850197325e-01	6.33463837546810e-03	-3.11673416244496e-05	4.62023753253728e-01	6.20186270248202e-03	-3.24349780571609e-05
4.73637711426408e-01	6.06694550274023e-03	-3.37815743878256e-05	4.85111607951762e-01	5.92964138439345e-03	-3.52138433659110e-05
4.96450246213209e-01	5.78968597231388e-03	-3.67391944311457e-05	5.07658358600538e-01	5.64679372844812e-03	-3.83658833591483e-05
5.18740615523444e-01	5.50065532969191e-03	-4.01030884631393e-05	5.29701634642124e-01	5.35093476374793e-03	-4.19610511483981e-05
5.40545990383815e-01	5.19726599395698e-03	-4.39512265140163e-05	5.51278223822636e-01	5.03924915641618e-03	-4.60864699742825e-05
5.61902853009841e-01	4.87644616348293e-03	-4.83812383973437e-05	5.72424383853618e-01	4.70837559401005e-03	-5.08518004200820e-05
5.82847321661993e-01	4.53450698724978e-03	-5.35166185948732e-05	5.93176183478885e-01	4.35425388643851e-03	-5.63965867328431e-05
6.03415511366082e-01	4.16696601078059e-03	-5.95154969234013e-05	6.13569886807594e-01	3.97192001821089e-03	-6.29005477510436e-05
6.23643946444953e-01	3.76830856874522e-03	-6.65829023120956e-05	6.33642399390261e-01	3.55522750291937e-03	-7.05984204081300e-05
6.43570046410159e-01	3.33166061997847e-03	-7.49885361899238e-05	6.53431801332201e-01	3.09646154163867e-03	-7.98013316463120e-05
6.63232715097125e-01	2.84833201722146e-03	-8.50928739304369e-05	6.72978002970623e-01	2.58579576793472e-03	-9.09288497499272e-05
6.82673075541825e-01	2.30716666462860e-03	-9.73865078786051e-05	6.92323574279928e-01	2.01051046332346e-03	-1.04557437107244e-04
7.01935412601934e-01	1.69359737667252e-03	-1.12550748819773e-04	7.11514823643530e-01	1.35384322210186e-03	-1.21496960640233e-04
7.21068416231368e-01	9.88237771360367e-04	-1.31554046159277e-04	7.30603240950702e-01	5.93252190275839e-04	-1.42913502680697e-04
7.40126868745633e-01	1.64725328520188e-04	-1.55810596373263e-04	7.49647485181693e-01	-3.02285094117782e-04	-1.70535543501771e-04
7.59174004479393e-01	-8.13690740393169e-04	-1.87451040343900e-04	7.68716208720777e-01	-1.37662157967144e-03	-2.07013828976255e-04
7.78284919472905e-01	-1.99975143505704e-03	-2.29806526788501e-04	7.87892211621722e-01	-2.69373460361011e-03	-2.56581411908652e-04
7.97551682893815e-01	-3.47179905159778e-03	-2.88322393622087e-04	8.07278797895374e-01	-4.35055978251120e-03	-3.26338161082962e-04
8.17091333434260e-01	-5.35116404830616e-03	-3.72397974685690e-04	8.27009963990963e-01	-6.50092634100630e-03	-4.28941312990760e-04
8.37059044983252e-01	-7.83571861956844e-03	-4.99407758127512e-04	8.47267681553502e-01	-9.40355534404602e-03	-5.88771466610183e-04
8.57671220282380e-01	-1.12701207008759e-02	-7.04443812657551e-04	8.68313386245997e-01	-1.35275841751432e-02	-8.57858516497112e-04
8.79249439625335e-01	-1.63092028382280e-02	-1.06740711475228e-03	8.90551010628093e-01	-1.98146388752080e-02	-1.36421124678043e-03
9.02313837286044e-01	-2.43562781846230e-02	-1.80437455397975e-03	9.14670838805052e-01	-3.04497437412213e-02	-2.49755708008692e-03
9.27815777484575e-01	-3.90054977008765e-02	-3.68251699320865e-03	9.42050147464498e-01	-5.17761426610442e-02	-5.96423733562768e-03
9.57888519234997e-01	-7.25185542747517e-02	-1.12763628154500e-02	9.76344188444599e-01	-1.11555944231230e-01	-2.73132910160441e-02
1.00000000000000e+00	0.00000000000000e+00	0.00000000000000e+00
71	6.93856787873719e+04	8.48714285714286e-01
0.00000000000000e+00	1.15027386431679e-02	-1.57454290021786e-05	2.20294822524033e-02	1.13252644136586e-02	-1.61769155908598e-05
4.35655751582671e-02	1.11504536136537e-02	-1.66493764723885e-05	6.46266922099400e-02	1.09780967409137e-02	-1.71428641193572e-05
8.52304113079301e-02	1.08080189359179e-02	-1.76586457754091e-05	1.05393524655006e-01	1.06400476941662e-02	-1.81980853093400e-05
1.25132085539387e-01	1.04740122686180e-02	-1.87626533585394e-05	1.44461452046778e-01	1.03097430636094e-02	-1.93539355022310e-05
1.63396327952636e-01	1.01470710261291e-02	-1.99736454247201e-05	1.81950801024702e-01	9.98582701900852e-03	-2.06236364905799e-05
2.00138378946838e-01	9.82584117499918e-03	-2.13059146836336e-05	2.17972023058125e-01	9.66694223111242e-03	-2.20226562874792e-05
2.35464180085897e-01	9.50895682428521e-03	-2.27762224540573e-05	2.52626812037872e-01	9.35170875940639e-03	-2.35691822159101e-05
2.69471424406301e-01	9.19501822090796e-03	-2.44043307315867e-05	2.86009092826457e-01	9.03870094304882e-03	-2.52847180055582e-05
3.02250488322170e-01	8.88256730235293e-03	-2.62136713058414e-05	3.18205901262961e-01	8.72642135527801e-03	-2.71948330123895e-05
3.33885264149946e-01	8.57005977426106e-03	-2.82321924554019e-05	3.49298173341749e-01	8.41327069011033e-03	-2.93301261511392e-05
3.64453909826393e-01	8.25583242492267e-03	-3.04934471384577e-05	3.79361459141023e-01	8.09751208352294e-03	-3.17274556111968e-05
3.94029530538249e-01	7.93806399917441e-03	-3.30380025534982e-05	4.08466575495656e-01	7.77722798007807e-03	-3.44315494253955e-05
4.22680805664089e-01	7.61472739087465e-03	-3.59152650746264e-05	4.36680210350011e-01	7.45026694226336e-03	-3.74971027272686e-05
4.50472573628842e-01	7.28353023293682e-03	-3.91859123212157e-05	4.64065491188292e-01	7.11417697126482e-03	-4.09915744346012e-05
4.77466387004712e-01	6.94183975781293e-03	-4.29251188098778e-05	4.90682529961350e-01	6.76612051681902e-03	-4.49989294004638e-05
5.03721050524178e-01	6.58658629978737e-03	-4.72269149165427e-05	5.16588957601462e-01	6.40276452461386e-03	-4.96247517662862e-05
5.29293155724885e-01	6.21413747633315e-03	-5.22101689013343e-05	5.41840462705672e-01	6.02013590676398e-03	-5.50032685615598e-05
5.54237627938489e-01	5.82013159521733e-03	-5.80269144312417e-05	5.66491351549545e-01	5.61342867587311e-03	-6.13072097830347e-05
5.78608304614770e-01	5.39925345636227e-03	-6.48740706694628e-05	5.90595150710460e-01	5.17674237306043e-03	-6.87618921737521e-05
6.02458569104228e-01	4.94492777452238e-03	-7.30103912942592e-05	6.14205279949975e-01	4.70272100999458e-03	-7.76656443999268e-05
6.25842071920918e-01	4.44889211441080e-03	-8.27813110246822e-05	6.37375832803115e-01	4.18204542611700e-03	-8.84201874482571e-05
6.48813583682352e-01	3.90059020340527e-03	-9.46562209258595e-05	6.60162517497740e-01	3.60270456169642e-03	-1.01576848121399e-04
6.71430042916456e-01	3.28629151781423e-03	-1.09286110827833e-04	6.82623834713461e-01	2.94892480718123e-03	-1.17908666889877e-04
6.93751892140181e-01	2.58778127629444e-03	-1.27594786937468e-04	7.04822607159273e-01	2.19955636139058e-03	-1.38526979435394e-04
7.15844844939062e-01	1.78035724294334e-03	-1.50928673593897e-04	7.26828039692883e-01	1.32556655135785e-03	-1.65075744889442e-04
7.37782309881240e-01	8.29666782247607e-04	-1.81312014910340e-04	7.48718598068856e-01	2.86011633669148e-04	-2.00070377172290e-04
7.59648842492861e-01	-3.13475324511425e-04	-2.21902007952801e-04	7.70586189876719e-01	-9.78702922033725e-04	-2.47517397620856e-04
7.81545262562107e-01	-1.72195710790124e-03	-2.77845005158373e-04	7.92542498170016e-01	-2.55865024275892e-03	-3.14116751919613e-04
8.03596587614287e-01	-3.50836992426273e-03	-3.57995378323706e-04	8.14729048811934e-01	-4.59637589540185e-03	-4.11768902820908e-04
8.25964991299215e-01	-5.85578361420047e-03	-4.78655965832298e-04	8.37334155428672e-01	-7.33083207544249e-03	-5.63298901638420e-04
8.48872356619565e-01	-9.08190525553720e-03	-6.72596233405320e-04	8.60623544787112e-01	-1.11935241341702e-02	-8.17154786289409e-04
8.72642830524313e-01	-1.37875304639478e-02	-1.01397530397018e-03	8.85001092887186e-01	-1.70458592280787e-02	-1.29170794831523e-03
8.97792303239358e-01	-2.12520227715043e-02	-1.70174525841937e-03	9.11145799068502e-01	-2.68717128672979e-02	-2.34397154337418e-03
9.25248280620734e-01	-3.47223636159268e-02	-3.43436760397808e-03	9.40386864862497e-01	-4.63658266518676e-02	-5.51567941916797e-03
9.57044268340888e-01	-6.51177730705601e-02	-1.03055919411696e-02	9.76151185488327e-01	-9.99846904257338e-02	-2.45606326085928e-02
1.00000000000000e+00	0.00000000000000e+00	0.00000000000000e+00
61	6.93856787873719e+04	9.19357142857143e-01
0.00000000000000e+00	1.33396276848652e-02	-2.09408526172794e-05	2.58214087920115e-02	1.31020581349899e-02	-2.16244773620922e-05
5.09749449708373e-02	1.28685831105906e-02	-2.23615894288098e-05	7.54893298249232e-02	1.26388579768297e-02	-2.31371081143017e-05
9.93917861575720e-02	1.24125703068052e-02	-2.39537515751564e-05	1.22708141366663e-01	1.21894120708517e-02	-2.48144826699992e-05
1.45462922863793e-01	1.19690781873592e-02	-2.57225359485691e-05	1.67679446347371e-01	1.17512650557323e-02	-2.66814487652756e-05
1.89379897601014e-01	1.15356690524331e-02	-2.76950950737209e-05	2.10585408424200e-01	1.13219849773818e-02	-2.87677253016927e-05
2.31316127245554e-01	1.11099044290115e-02	-2.99040109954518e-05	2.51591284919397e-01	1.08991140880872e-02	-3.11090954809856e-05
2.71429256162696e-01	1.06892938894698e-02	-3.23886527637818e-05	2.90847617051454e-01	1.04801150549163e-02	-3.37489551451853e-05
3.09863198962657e-01	1.02712379541943e-02	-3.51969488567860e-05	3.28492139319478e-01	1.00623097673933e-02	-3.67403435979075e-05
3.46749929473275e-01	9.85296191032226e-03	-3.83877185683446e-05	3.64651460035815e-01	9.64280715997767e-03	-4.01486367163084e-05
3.82211063959001e-01	9.43143645883859e-03	-4.20337904341039e-05	3.99442557646719e-01	9.21841529551370e-03	-4.40551579825588e-05
4.16359280374955e-01	9.00327962820668e-03	-4.62262013976034e-05	4.32974132291335e-01	8.78553122647951e-03	-4.85620898866834e-05
4.49299611264732e-01	8.56463232766469e-03	-5.10799587432054e-05	4.65347848859405e-01	8.33999951791808e-03	-5.37992380471586e-05
4.81130645716679e-01	8.11099661937642e-03	-5.67420246524453e-05	4.96659506641958e-01	7.87692640673754e-03	-5.99335223052666e-05
5.11945675715883e-01	7.63702098303787e-03	-6.34026104355812e-05	5.27000171777075e-01	7.39043037653020e-03	-6.71824731768300e-05
5.41833824663107e-01	7.13620914983104e-03	-7.13114168877649e-05	5.56457312645835e-01	6.87330044031298e-03	-7.58338348509913e-05
5.70881201562590e-01	6.60051696343156e-03	-8.08014357975839e-05	5.85115986227388e-01	6.31651807702793e-03	-8.62746896952427e-05
5.99172134813721e-01	6.01978219655952e-03	-9.23247153790108e-05	6.13060137036212e-01	5.70857318984364e-03	-9.90356103069967e-05
6.26790557135167e-01	5.38089919574314e-03	-1.06507369960207e-04	6.40374092895661e-01	5.03446194436097e-03	-1.14859669206879e-04
6.53821642228454e-01	4.66659380093737e-03	-1.24236721269266e-04	6.67144379228580e-01	4.27417882545833e-03	-1.34813512521870e-04
6.80353842141304e-01	3.85355321694170e-03	-1.46804071437856e-04	6.93462036349281e-01	3.40037846246966e-03	-1.60472462666039e-04
7.06481556419283e-01	2.90947789210549e-03	-1.76147451665276e-04	7.19425732509246e-01	2.37462412217093e-03	-1.94242547515655e-04
7.32308808179819e-01	1.78825917722114e-03	-2.15283665569332e-04	7.45146159101685e-01	1.14112122600263e-03	-2.39947936221174e-04
7.57954565635622e-01	4.21739611329963e-04	-2.69119060219536e-04	7.70752557315261e-01	-3.84258977256247e-04	-3.03967857327336e-04
7.83560854728320e-01	-1.29512018411115e-03	-3.46072227280780e-04	7.96402945560339e-01	-2.33434432111057e-03	-3.97599724513809e-04
8.09305848988669e-01	-3.53269982990112e-03	-4.61593480922673e-04	8.22301150281721e-01	-4.93122900891718e-03	-5.42434276555426e-04
8.35426432762454e-01	-6.58586294885499e-03	-6.46614647868082e-04	8.48727311123478e-01	-8.57473913771967e-03	-7.84092330777364e-04
8.62260405761152e-01	-1.10102527287104e-02	-9.70775559097969e-04	8.76097849124580e-01	-1.40597960372308e-02	-1.23337505537768e-03
8.90334407743120e-01	-1.79834002040558e-02	-1.61959444602577e-03	9.05099338439306e-01	-2.32065403697091e-02	-2.22164876576092e-03
9.20577465351783e-01	-3.04724449310178e-02	-3.23757084282006e-03	9.37050016301309e-01	-4.11923492940828e-02	-5.16048200892527e-03
9.54983697521103e-01	-5.83384064938960e-02	-9.53042428978845e-03	9.75262396916952e-01	-8.99040661502594e-02	-2.22760612094692e-02
1.00000000000000e+00	0.00000000000000e+00	0.00000000000000e+00
53	6.93856787873719e+04	9.90000000000000e-01
0.00000000000000e+00	1.52985888093515e-02	-2.72001114860476e-05	2.99179809399793e-02	1.49877250021599e-02	-2.82339103678808e-05
5.89524064466466e-02	1.46829649707902e-02	-2.93445227479427e-05	8.71465547898992e-02	1.43837423599404e-02	-3.05221371956765e-05
1.14541138345781e-01	1.40895239089434e-02	-3.17722611691273e-05	1.41174504310729e-01	1.37997839929194e-02	-3.31009808576255e-05
1.67082818288503e-01	1.35140013436272e-02	-3.45150348837198e-05	1.92300232382214e-01	1.32316557017058e-02	-3.60219004040818e-05
2.16859039443747e-01	1.29522243509024e-02	-3.76298934052777e-05	2.40789814955907e-01	1.26751784755188e-02	-3.93482825584712e-05
2.64121547870117e-01	1.23999792900999e-02	-4.11874251782240e-05	2.86881761591224e-01	1.21260738639357e-02	-4.31589229519247e-05
3.09096626188844e-01	1.18528905704800e-02	-4.52758070188519e-05	3.30791062819295e-01	1.15798340639122e-02	-4.75527536085707e-05
3.51988841262340e-01	1.13062796841368e-02	-5.00063422967933e-05	3.72712671411197e-01	1.10315671468248e-02	-5.26553554884845e-05
3.92984289502147e-01	1.07549933935775e-02	-5.55211472041961e-05	4.12824539830653e-01	1.04758043748217e-02	-5.86280684198304e-05
4.32253452674943e-01	1.01931855856079e-02	-6.20039946501727e-05	4.51290319134985e-01	9.90625103647758e-03	-6.56809524051116e-05
4.69953763596602e-01	9.61403034221342e-03	-6.96958888328769e-05	4.88261814547943e-01	9.31545346364238e-03	-7.40915976877865e-05
5.06231974511579e-01	9.00933261992698e-03	-7.89178826741121e-05	5.23881289912632e-01	8.69434061580132e-03	-8.42329719683566e-05
5.41226421787464e-01	8.36898475483894e-03	-9.01052880715181e-05	5.58283718353504e-01	8.03157522141351e-03	-9.66156772521654e-05
5.75069290618314e-01	7.68018646272739e-03	-1.03860225154184e-04	5.91599092416928e-01	7.31260961314573e-03	-1.11953805722154e-04
6.07889006547451e-01	6.92629365794040e-03	-1.21034743834070e-04	6.23954939047261e-01	6.51827166854679e-03	-1.31270730426181e-04
6.39812924152440e-01	6.08506795255326e-03	-1.42866692211419e-04	6.55479243150892e-01	5.62257976350344e-03	-1.56075157779600e-04
6.70970561247300e-01	5.12592535765477e-03	-1.71210258058219e-04	6.86304087796447e-01	4.58924617563938e-03	-1.88666534056914e-04
7.01497766978498e-01	4.00544719712093e-03	-2.08945193664434e-04	7.16570508389957e-01	3.36585068659123e-03	-2.32690611963404e-04
7.31542470448363e-01	2.65972860966990e-03	-2.60742442879103e-04	7.46435414456129e-01	1.87366115084320e-03	-2.94211315134296e-04
7.61273154466086e-01	9.90641383156632e-04	-3.34591139319329e-04	7.76082139075726e-01	-1.11985276630699e-05	-3.83929783262849e-04
7.90892218205054e-01	-1.16043906898433e-03	-4.45095522273453e-04	8.05737674701088e-01	-2.49513116596012e-03	-5.22206396323055e-04
8.20658644294432e-01	-4.06701920632035e-03	-6.21346949290391e-04	8.35703121169994e-01	-5.94821764483067e-03	-7.51815532744171e-04
8.50929875943274e-01	-8.24216475195938e-03	-9.28405264394749e-04	8.66412851262495e-01	-1.11023986856875e-02	-1.17582735658850e-03
8.82248064293796e-01	-1.47664503679088e-02	-1.53794325133672e-03	8.98565011421749e-01	-1.96210088694918e-02	-2.09886691854488e-03
9.15546757854020e-01	-2.63371692892737e-02	-3.03735261879989e-03	9.33468408445144e-01	-3.61785529004260e-02	-4.79195089191631e-03
9.52779706212700e-01	-5.17789283474455e-02	-8.70082941196482e-03	9.74314935575823e-01	-8.01699611696566e-02	-1.96589122215167e-02
1.00000000000000e+00	0.00000000000000e+00	0.00000000000000e+00
