98	1.20050805774841e+00	1.00000000000000e-03
0.00000000000000e+00	5.18456341950468e-04	8.91803107139211e-07	1.06254591792409e-02	5.20864607332472e-04	9.16571446296643e-07
2.12398550475174e-02	5.23341763432383e-04	9.39279814926586e-07	3.18431465836004e-02	5.25884429706580e-04	9.61797668508346e-07
4.24352915420910e-02	5.28491951892196e-04	9.84067980436265e-07	5.30162464634175e-02	5.31163507754506e-04	1.00602932007199e-06
6.35859666975996e-02	5.33898090959939e-04	1.02761560483167e-06	7.41444064318292e-02	5.36694494753021e-04	1.04875540574145e-06
8.46915187221992e-02	5.39551299321483e-04	1.06936952415371e-06	9.52272555298967e-02	5.42466849746015e-04	1.08937301424028e-06
1.05751567762225e-01	5.45439235664857e-04	1.10867419433891e-06	1.16264405318838e-01	5.48466272862536e-04	1.12717265698947e-06
1.26765717143586e-01	5.51545478151061e-04	1.14475975254713e-06	1.37255451282450e-01	5.54674046591930e-04	1.16131760996563e-06
1.47733554947991e-01	5.57848819486506e-04	1.17671978616674e-06	1.58199974590875e-01	5.61066261963505e-04	1.19082791583125e-06
1.68654655979008e-01	5.64322427391351e-04	1.20349271448550e-06	1.79097544284872e-01	5.67612924519678e-04	1.21455208812460e-06
1.89528584181732e-01	5.70932883526498e-04	1.22382942568944e-06	1.99947719949375e-01	5.74276910245364e-04	1.23113520278384e-06
2.10354895590173e-01	5.77639046999479e-04	1.23626371950625e-06	2.20750054956253e-01	5.81012725280883e-04	1.23899195558774e-06
2.31133141888672e-01	5.84390714991279e-04	1.23907771565346e-06	2.41504100369550e-01	5.87765071403346e-04	1.23625820391826e-06
2.51862874688179e-01	5.91127069341058e-04	1.23025030429602e-06	2.62209409622255e-01	5.94467145141220e-04	1.22074470843003e-06
2.72543650635434e-01	5.97774822251096e-04	1.20740741438308e-06	2.82865544092534e-01	6.01038634063245e-04	1.18987490071998e-06
2.93175037493836e-01	6.04246041666534e-04	1.16775302150263e-06	3.03472079730048e-01	6.07383339225609e-04	1.14061395273257e-06
3.13756621359640e-01	6.10435557568567e-04	1.10799202357459e-06	3.24028614910411e-01	6.13386351322354e-04	1.06938114241562e-06
3.34288015207358e-01	6.16217881293513e-04	1.02423104231253e-06	3.44534779729049e-01	6.18910681227436e-04	9.71942032745865e-07
3.54768868994966e-01	6.21443516557907e-04	9.11860795982378e-07	3.64990246986504e-01	6.23793223005542e-04	8.43274471584721e-07
3.75198881604581e-01	6.25934532607952e-04	7.65407107583549e-07	3.85394745167123e-01	6.27839884029147e-04	6.77409090155123e-07
3.95577814949978e-01	6.29479209979023e-04	5.78352664204473e-07	4.05748073775250e-01	6.30819702343022e-04	4.67221932920481e-07
4.15905510651431e-01	6.31825556269283e-04	3.42904256878107e-07	4.26050121470160e-01	6.32457678940712e-04	2.04180415908084e-07
4.36181909765032e-01	6.32673374992065e-04	4.97115498765410e-08	4.46300887538424e-01	6.32425993399854e-04	-1.21974564004645e-07
4.56407076163027e-01	6.31664530999165e-04	-3.12497823617974e-07	4.66500507365541e-01	6.30333194991506e-04	-5.23644045236082e-07
4.76581224300880e-01	6.28370910595644e-04	-7.57383735505712e-07	4.86649282726242e-01	6.25710769564414e-04	-1.01589505741018e-06
4.96704752285561e-01	6.22279413618809e-04	-1.30158912137190e-06	5.06747717916195e-01	6.17996337813009e-04	-1.61714029478510e-06
5.16778281391217e-01	6.12773109203602e-04	-1.96551983000504e-06	5.26796563012461e-01	6.06512475575638e-04	-2.35003351201080e-06
5.36802703471511e-01	5.99107366687779e-04	-2.77436846007895e-06	5.46796865898187e-01	5.90439750688621e-04	-3.24264446027733e-06
5.56779238118838e-01	5.80379338661174e-04	-3.75947554109857e-06	5.66750035149983e-01	5.68782097108977e-04	-4.33003832189804e-06
5.76709501956615e-01	5.55488555128214e-04	-4.96015793327587e-06	5.86657916508887e-01	5.40321852573911e-04	-5.65640366878561e-06
5.96595593176162e-01	5.23085492750930e-04	-6.42620325730370e-06	6.06522886503574e-01	5.03560747231901e-04	-7.27797877875247e-06
6.16440195423595e-01	4.81503643343428e-04	-8.22130673383548e-06	6.26347967963900e-01	4.56641463127294e-04	-9.26711116999712e-06
6.36246706523275e-01	4.28668649299357e-04	-1.04278921859713e-05	6.46136973800005e-01	3.97242006091370e-04	-1.17180019350016e-05
6.56019399472403e-01	3.61975049802732e-04	-1.31539776957457e-05	6.65894687749743e-01	3.22431324653261e-04	-1.47549448437090e-05
6.75763625934459e-01	2.78116476596146e-04	-1.65431149954376e-05	6.85627094164264e-01	2.28468781652058e-04	-1.85443899765048e-05
6.95486076537156e-01	1.72847796027220e-04	-2.07891143118033e-05	7.05341673864853e-01	1.10520667937042e-04	-2.33130050684149e-05
7.15195118353381e-01	4.06455407631068e-05	-2.61583171137225e-05	7.25047790576479e-01	-3.77486865149601e-05	-2.93753110498507e-05
7.34901239192231e-01	-1.25787216513906e-04	-3.30241084132155e-05	7.44757203961614e-01	-2.24780039008499e-04	-3.71770866161025e-05
7.54617642766792e-01	-3.36260138518174e-04	-4.19219626730527e-05	7.64484763507889e-01	-4.62031439081301e-04	-4.73658025936796e-05
7.74361061993955e-01	-6.04229443201487e-04	-5.36403061803803e-05	7.84249367257418e-01	-7.65398633563619e-04	-6.09088418859205e-05
7.94152896141032e-01	-9.48592242136281e-04	-6.93759232190949e-05	8.04075319574664e-01	-1.15750221804800e-03	-7.93001430636764e-05
8.14020843738670e-01	-1.39663050800520e-03	-9.10120813144566e-05	8.23994310394654e-01	-1.67151766146645e-03	-1.04939491607503e-04
8.34001322195374e-01	-1.98905223764090e-03	-1.21643347236411e-04	8.44048400984522e-01	-2.35789610449033e-03	-1.41870436972669e-04
8.54143190315252e-01	-2.78907918944193e-03	-1.66631803010908e-04	8.64294718225151e-01	-3.29684740335145e-03	-1.97322657975008e-04
8.74513743661388e-01	-3.89989802895330e-03	-2.35911090751495e-04	8.84813221504380e-01	-4.62322448469388e-03	-2.85245289504577e-04
8.95208939846191e-01	-5.50095447687660e-03	-3.49571345123811e-04	9.05720414568560e-01	-6.58085813970044e-03	-4.35453127689778e-04
9.16372181100428e-01	-7.93180797359971e-03	-5.53497437882466e-04	9.27195724005049e-01	-9.65672271825746e-03	-7.21845521214126e-04
9.38232481761145e-01	-1.19164074679982e-02	-9.73972239348031e-04	9.49538779404566e-01	-1.49767976166267e-02	-1.37880954781866e-03
9.61194515185017e-01	-1.93109568079941e-02	-2.10588266100720e-03	9.73320087112821e-01	-2.58206159000853e-02	-3.74705037410905e-03
9.86115457068961e-01	-3.34312917418215e-02	-1.33769394739227e-02	1.00000000000000e+00	0.00000000000000e+00	0.00000000000000e+00
42	1.20050805774841e+00	7.16428571428571e-02
0.00000000000000e+00	1.37214922890094e-03	4.90016790433145e-06	2.53484747031034e-02	1.38495200313482e-03	5.17526063981144e-06
5.06268271378586e-02	1.39854313341736e-03	5.44032548233098e-06	7.58345663378186e-02	1.41289141919743e-03	5.69145570350482e-06
1.00971168608419e-01	1.42795279465102e-03	5.92294078383127e-06	1.26036080208426e-01	1.44366619058756e-03	6.12788795140151e-06
1.51028720871679e-01	1.45995005443578e-03	6.29799033757816e-06	1.75948488317866e-01	1.47669819180374e-03	6.42324586386245e-06
2.00794763941218e-01	1.49377478563151e-03	6.49161503119000e-06	2.25566919902048e-01	1.51100841425922e-03	6.48860241347915e-06
2.50264327889902e-01	1.52818484484751e-03	6.39674189850670e-06	2.74886369880647e-01	1.54503832022035e-03	6.19496008302800e-06
2.99432451275846e-01	1.56124098104904e-03	5.85778425232775e-06	3.23902016894499e-01	1.57638996700893e-03	5.35434948001345e-06
3.48294570389365e-01	1.58999160435092e-03	4.64714662928856e-06	3.72609697788712e-01	1.60144191556499e-03	3.69042866465996e-06
3.96847096027593e-01	1.61000244127840e-03	2.42816667683776e-06	4.21006607542102e-01	1.61477003826815e-03	7.91404684785668e-07
4.45088262271007e-01	1.61463886747404e-03	-1.30519968388754e-06	4.69092328763490e-01	1.60825214835403e-03	-3.96794526191790e-06
4.93019376560406e-01	1.59394036247695e-03	-7.33019433529769e-06	5.16870352643560e-01	1.56964130490933e-03	-1.15606344490704e-05
5.40646675597380e-01	1.53279551610730e-03	-1.68746054003410e-05	5.64350352294577e-01	1.48020787420178e-03	-2.35498571068415e-05
5.87984123543982e-01	1.40786198490361e-03	-3.19488167987991e-05	6.11551647441369e-01	1.31066766581500e-03	-4.25505917820423e-05
6.35057732479681e-01	1.18211204779772e-03	-5.59979065091198e-05	6.58508637338444e-01	1.01376888429905e-03	-7.31672948366402e-05
6.81912461557203e-01	7.94595308775792e-04	-9.52767772737229e-05	7.05279662457062e-01	5.09901704586646e-04	-1.24055258033495e-04
7.28623751222018e-01	1.39806233464213e-04	-1.62017530433989e-04	7.51962249445652e-01	-3.43148528249126e-04	-2.12926387409773e-04
7.75318034955407e-01	-9.77788301826377e-04	-2.82601408427841e-04	7.98721288307376e-01	-1.82056534082287e-03	-3.80404545068158e-04
8.22212401475471e-01	-2.95633471350609e-03	-5.22130514116537e-04	8.45846498145710e-01	-4.51787071930287e-03	-7.36044618466769e-04
8.69700803823458e-01	-6.72342548082572e-03	-1.07667810616108e-03	8.93887408536906e-01	-9.95453027840754e-03	-1.66029547424751e-03
9.18577167550527e-01	-1.49319612329017e-02	-2.77242298423341e-03	9.44049509848798e-01	-2.31495084790652e-02	-5.28921891319656e-03
9.70813993140119e-01	-3.82488849639092e-02	-1.28848353443032e-02	1.00000000000000e+00	0.00000000000000e+00	0.00000000000000e+00
29	1.20050805774841e+00	1.42285714285714e-01
0.00000000000000e+00	2.33121958086979e-03	1.02238846406699e-05	3.75791126130319e-02	2.35640782481850e-03	1.09812167995438e-05
7.49815120616586e-02	2.38374957931864e-03	1.16777432594972e-05	1.12205996307075e-01	2.41305392920199e-03	1.22786995484514e-05
1.49251244384129e-01	2.44402618123396e-03	1.27380068970506e-05	1.86115841405331e-01	2.47623558027554e-03	1.29957041045126e-05
2.22798313175766e-01	2.50907475349782e-03	1.29737963848742e-05	2.59297173092516e-01	2.54170708816615e-03	1.25707134155384e-05
2.95610984787229e-01	2.57299799885846e-03	1.16538271295319e-05	3.31738445005180e-01	2.60142443448719e-03	1.00492217014470e-05
3.67678492616390e-01	2.62495460922763e-03	7.52750828181270e-06	4.03430451583965e-01	2.64088639574045e-03	3.78384215571348e-06
4.38994218415849e-01	2.64562739736429e-03	-1.59072561078943e-06	4.74370508477937e-01	2.63439125102805e-03	-9.15112518007355e-06
5.09561181152386e-01	2.60077122677438e-03	-1.96608314073643e-05	5.44569672166900e-01	2.53613009767872e-03	-3.41876089586801e-05
5.79401574140569e-01	2.42870819246921e-03	-5.42540699466354e-05	6.14065426313215e-01	2.26228734746470e-03	-8.20817714775046e-05
6.48573806569191e-01	2.01413351480628e-03	-1.21000979614871e-04	6.82944872497621e-01	1.65172704804251e-03	-1.76166787910548e-04
7.17204591189009e-01	1.12737400333862e-03	-2.55870773347988e-04	7.51390065864489e-01	3.68942716915455e-04	-3.74081923689040e-04
7.85554688756689e-01	-7.36870765425723e-04	-5.55715415029079e-04	8.19776502305652e-01	-2.37661555836499e-03	-8.48525732410677e-04
8.54172582169385e-01	-4.87609341797202e-03	-1.35305744045033e-03	8.88925716086435e-01	-8.84832199225194e-03	-2.31007487347856e-03
9.24339164520118e-01	-1.55580435198257e-02	-4.41657404067919e-03	9.60966578797702e-01	-2.81484110507302e-02	-1.01370334953206e-02
1.00000000000000e+00	0.00000000000000e+00	0.00000000000000e+00
21	1.20050805774841e+00	2.12928571428571e-01
0.00000000000000e+00	3.83056808535021e-03	1.98917599850690e-05	5.33716879829304e-02	3.87543971227444e-03	2.17199916792143e-05
1.06331209382733e-01	3.92546136405003e-03	2.32634043304536e-05	1.58876507553494e-01	3.97975194532540e-03	2.43197773949211e-05
2.11005190330847e-01	4.03683700521962e-03	2.46004055727278e-05	2.62714700905523e-01	4.09439903088382e-03	2.36939922751978e-05
3.14002570902768e-01	4.14892332980366e-03	2.10123538889606e-05	3.64866788143327e-01	4.19518788762885e-03	1.57079388053427e-05
4.15306325665382e-01	4.22551622381706e-03	6.54523937948515e-06	4.65321900210519e-01	4.22866064539873e-03	-8.30579508659390e-06
5.14917062622573e-01	4.18809139689613e-03	-3.16133894122661e-05	5.64099778814881e-01	4.07929716572797e-03	-6.76789528184507e-05
6.12884756001174e-01	3.86537392440633e-03	-1.23416634810081e-04	6.61296940644739e-01	3.48951259299501e-03	-2.10422709136848e-04
7.09376938273889e-01	2.86156515506475e-03	-3.49212557954282e-04	7.57189753961515e-01	1.83258870988046e-03	-5.78627467476833e-04
8.04839651898863e-01	1.43152349718845e-04	-9.78980679505081e-04	8.52497244117885e-01	-2.69067797293898e-03	-1.73732388220516e-03
9.00453749610702e-01	-7.65358175569941e-03	-3.37041590833853e-03	9.49245113501803e-01	-1.71071220554249e-02	-7.58746227673401e-03
1.00000000000000e+00	0.00000000000000e+00	0.00000000000000e+00
16	1.20050805774841e+00	2.83571428571429e-01
0.00000000000000e+00	5.99512520524614e-03	3.62645582612231e-05	7.22570835486819e-02	6.06766924136626e-03	4.02541705871728e-05
1.43642348853667e-01	6.15136627137713e-03	4.33041201947093e-05	2.14154589211228e-01	6.24334058901177e-03	4.45776767187267e-05
2.83791810825721e-01	6.33829481690951e-03	4.27638250042328e-05	3.52552047418579e-01	6.42715840944241e-03	3.57992112633987e-05
4.20434658684053e-01	6.49495075833117e-03	2.03942534569013e-05	4.87442371838061e-01	6.51731006152523e-03	-8.80961911420286e-06
5.53584488943781e-01	6.45465650811894e-03	-6.08202229712695e-05	6.18881981195330e-01	6.24193887944213e-03	-1.51452918790040e-04
6.83375772096966e-01	5.76962051521313e-03	-3.10151713314832e-04	7.47140728176370e-01	4.84601158943909e-03	-5.96212552407938e-04
8.10310661616626e-01	3.11647243358526e-03	-1.14248837460851e-03	8.73126776920921e-01	-1.26660506580167e-04	-2.29498496015923e-03
9.36043124885952e-01	-6.50256191440746e-03	-5.11547932181600e-03	1.00000000000000e+00	0.00000000000000e+00	0.00000000000000e+00
12	1.20050805774841e+00	3.54214285714286e-01
0.00000000000000e+00	9.52683418322087e-03	7.18379716333484e-05	9.99722691374372e-02	9.65077186959384e-03	8.17720035041214e-05
1.98032570849530e-01	9.80239601719823e-03	8.86554650669780e-05	2.94188669134890e-01	9.97248524833838e-03	8.88171765788259e-05
3.88446202773262e-01	1.01414136987238e-02	7.57108929866357e-05	4.80812819953602e-01	1.02711808685289e-02	3.74613591470618e-05
5.71305481592398e-01	1.02907868499578e-02	-4.82745204528623e-05	6.59963370214453e-01	1.00678841065540e-02	-2.26118319902824e-04
7.46871295117446e-01	9.34969015656817e-03	-5.93557770117492e-04	8.32204499589336e-01	7.62825476622475e-03	-1.39374344756171e-03
9.16322775116248e-01	3.78594937855126e-03	-3.35122484118333e-03	1.00000000000000e+00	0.00000000000000e+00	0.00000000000000e+00
11	1.20050805774841e+00	4.24857142857143e-01
0.00000000000000e+00	1.20598030765805e-02	9.30509166935378e-05	1.11640621482462e-01	1.21921601053641e-02	1.07259228462109e-04
2.20590497485792e-01	1.23639734349043e-02	1.19074448541423e-04	3.26878294937289e-01	1.25675642912186e-02	1.24831601402198e-04
4.30527596881213e-01	1.27848899075153e-02	1.17942337133470e-04	5.31561430014041e-01	1.29795035578615e-02	8.64270645475340e-05
6.30010158080712e-01	1.30818941355836e-02	7.77398594753453e-06	7.25925256452162e-01	1.29612478381465e-02	-1.62841116097656e-04
8.19403965175319e-01	1.23668840764013e-02	-5.23033254016481e-04	9.10635905936852e-01	1.08095384842226e-02	-1.33016164364497e-03
1.00000000000000e+00	0.00000000000000e+00	0.00000000000000e+00
11	1.20050805774841e+00	4.95500000000000e-01
0.00000000000000e+00	1.36405272105173e-02	9.79864401813302e-05	1.13267840298027e-01	1.37469427524444e-02	1.12838217509292e-04
2.23462417032476e-01	1.38946643051944e-02	1.27310946517301e-04	3.30635556081610e-01	1.40815775591341e-02	1.39782724705606e-04
4.34831433817914e-01	1.43009033246362e-02	1.47484217964289e-04	5.36088914382978e-01	1.45380230047139e-02	1.45727805123341e-04
6.34445263360510e-01	1.47652220987248e-02	1.26504114476789e-04	7.29942034585182e-01	1.49326717517256e-02	7.57503755085542e-05
8.22634490022253e-01	1.49521493754334e-02	-3.24227251331521e-05	9.12607064575049e-01	1.46968944657861e-02	-2.80620457580927e-04
1.00000000000000e+00	0.00000000000000e+00	0.00000000000000e+00
11	1.20050805774841e+00	5.66142857142857e-01
0.00000000000000e+00	1.50937035137712e-02	9.92001766880746e-05	1.14616858626346e-01	1.51622946230777e-02	1.13262826583749e-04
2.25808697604925e-01	1.52704772207124e-02	1.27955298349525e-04	3.33654513744968e-01	1.54189606130732e-02	1.42726109327418e-04
4.38223989482020e-01	1.56068012371172e-02	1.56666055288190e-04	5.39578724792073e-01	1.58304040799571e-02	1.68327379124644e-04
6.37773921515995e-01	1.60820370719726e-02	1.75439365743046e-04	7.32860717848456e-01	1.63475853825045e-02	1.74441844621787e-04
8.24889456328956e-01	1.66030640344073e-02	1.59676558574962e-04	9.13914313610752e-01	1.68483739746227e-02	8.23398158514843e-05
1.00000000000000e+00	0.00000000000000e+00	0.00000000000000e+00
11	1.20050805774841e+00	6.36785714285714e-01
0.00000000000000e+00	1.62597070019932e-02	9.38908244476622e-05	1.15558066521238e-01	1.62765710525191e-02	1.05564197578567e-04
2.27413642061282e-01	1.63273739915963e-02	1.18038348503990e-04	3.35674310790698e-01	1.64134015417523e-02	1.31177570743546e-04
4.40437557749516e-01	1.65354882277854e-02	1.44755548348141e-04	5.41791620884543e-01	1.66937589469063e-02	1.58423483346937e-04
6.39816447556969e-01	1.68872853570700e-02	1.71667041745871e-04	7.34584798411280e-01	1.71136294540764e-02	1.83747732283690e-04
8.26163548335832e-01	1.73682352325143e-02	1.93620396139127e-04	9.14615243315764e-01	1.76858296019395e-02	1.57416911548136e-04
1.00000000000000e+00	0.00000000000000e+00	0.00000000000000e+00
11	1.20050805774841e+00	7.07428571428571e-01
0.00000000000000e+00	1.69584249057652e-02	8.09790063894811e-05	1.15971647447916e-01	1.69144227222419e-02	8.92485305769020e-05
2.28084746180243e-01	1.68962835024299e-02	9.80706425485200e-05	3.36471580483316e-01	1.69047811154011e-02	1.07420956913851e-04
4.41254195485115e-01	1.69405927314590e-02	1.17254430195501e-04	5.42545172286722e-01	1.70042375510085e-02	1.27501012864406e-04
6.40448391453716e-01	1.70960038008152e-02	1.38060249081029e-04	7.35059797004666e-01	1.72158621390608e-02	1.48795263891222e-04
8.26468172362811e-01	1.73633644166779e-02	1.59526109884900e-04	9.14755938792265e-01	1.75793674911396e-02	1.28009872725765e-04
1.00000000000000e+00	0.00000000000000e+00	0.00000000000000e+00
11	1.20050805774841e+00	7.78071428571429e-01
0.00000000000000e+00	1.70110143673300e-02	6.19733485464069e-05	1.15758505810402e-01	1.69092520244409e-02	6.68248652102577e-05
2.27667022650124e-01	1.68251869676356e-02	7.19351659256295e-05	3.35871781686500e-01	1.67589831144213e-02	7.72992335473788e-05
4.40509212468982e-01	1.67107915568806e-02	8.29072436013822e-05	5.41706673240583e-01	1.66807356257428e-02	8.87443276089694e-05
6.39583134712255e-01	1.66688950390248e-02	9.47899064787094e-05	7.34249823965287e-01	1.66752885475163e-02	1.01017047713370e-04
8.25810834397579e-01	1.66998552175185e-02	1.07391878132579e-04	9.14363706869277e-01	1.67818588548089e-02	7.42878062190977e-05
1.00000000000000e+00	0.00000000000000e+00	0.00000000000000e+00
11	1.20050805774841e+00	8.48714285714286e-01
0.00000000000000e+00	1.62681218813545e-02	4.06944340025639e-05	1.14849562089135e-01	1.61278280261079e-02	4.29531041308273e-05
2.26053271385248e-01	1.59986560094590e-02	4.52945556489448e-05	3.33754689448779e-01	1.58804664654726e-02	4.77172127570924e-05
4.38088782901380e-01	1.57731272288271e-02	5.02183149910795e-05	5.39182537147601e-01	1.56765093566610e-02	5.27942252163127e-05
6.37155522876744e-01	1.55904836415958e-02	5.54403579068330e-05	7.32120420122070e-01	1.55149170478778e-02	5.81511130598455e-05
8.24183504146575e-01	1.54496690857867e-02	6.09198178810333e-05	9.13445096949683e-01	1.54301750699838e-02	2.80081759497230e-05
1.00000000000000e+00	0.00000000000000e+00	0.00000000000000e+00
11	1.20050805774841e+00	9.19357142857143e-01
0.00000000000000e+00	1.46374403355877e-02	2.17747486807029e-05	1.13211672668218e-01	1.44906594695329e-02	2.25517996037539e-05
2.23189171724676e-01	1.43503692572403e-02	2.33455160535412e-05	3.30054875779192e-01	1.42163961173968e-02	2.41557035413065e-05
4.33924666059579e-01	1.40885754657737e-02	2.49817651923889e-05	5.34908348750985e-01	1.39667503337173e-02	2.58230079981381e-05
6.33110045616580e-01	1.38507704942892e-02	2.66786382943085e-05	7.28628555695095e-01	1.37404916258307e-02	2.75477578238759e-05
8.21557690607873e-01	1.36357745108225e-02	2.84293599889240e-05	9.11986585757884e-01	1.35670822946912e-02	-1.39684988531563e-06
1.00000000000000e+00	0.00000000000000e+00	0.00000000000000e+00
11	1.20050805774841e+00	9.90000000000000e-01
0.00000000000000e+00	1.21013732762874e-02	8.63463502676076e-06	1.10848858689707e-01	1.19822763008713e-02	8.80692859628329e-06
2.19072731402898e-01	1.18665100765508e-02	8.98085224576572e-06	3.24758250108648e-01	1.17539747742939e-02	9.15656855471347e-06
4.27988185718151e-01	1.16445752471042e-02	9.33401617952967e-06	5.28841660534255e-01	1.15382204411552e-02	9.51312918884284e-06
6.27394346903073e-01	1.14348231519924e-02	9.69383699056525e-06	7.23718653094443e-01	1.13342997956708e-02	9.87606419367015e-06
8.17883897361953e-01	1.12365701934297e-02	1.00597306030847e-05	9.09956471053173e-01	1.11660890948597e-02	-1.43816597972801e-05
1.00000000000000e+00	0.00000000000000e+00	0.00000000000000e+00
