121	7.74263682681127e+03	1.00000000000000e-03
0.00000000000000e+00	7.00413841912662e-03	-6.39471941821235e-06	1.15566411617168e-02	6.93645263110310e-03	-6.45046544844874e-06
2.29540631174911e-02	6.86945184150112e-03	-6.56340242688458e-06	3.41959655978508e-02	6.80302880957173e-03	-6.67932124120973e-06
4.52859439451898e-02	6.73715803976194e-03	-6.79832832384264e-06	5.62274927304669e-02	6.67181428220442e-03	-6.92053401074588e-06
6.70240095203210e-02	6.60697250388531e-03	-7.04605449608486e-06	7.76787984871319e-02	6.54260785098004e-03	-7.17500910973889e-06
8.81950738701437e-02	6.47869562402081e-03	-7.30752524824574e-06	9.85759632952677e-02	6.41521123754019e-03	-7.44373360395123e-06
1.08824510960849e-01	6.35213019619552e-03	-7.58377366127938e-06	1.18943680696194e-01	6.28942805347821e-03	-7.72778956759090e-06
1.28936358899397e-01	6.22708038437580e-03	-7.87593306439405e-06	1.38805357360594e-01	6.16506274791795e-03	-8.02836271662777e-06
1.48553415976487e-01	6.10335065494971e-03	-8.18524469980986e-06	1.58183205361681e-01	6.04191953542221e-03	-8.34675554806097e-06
1.67697329362100e-01	5.98074469376875e-03	-8.51307637939058e-06	1.77098327475527e-01	5.91980128523173e-03	-8.68440221957201e-06
1.86388677183973e-01	5.85906426184146e-03	-8.86093214669259e-06	1.95570796202523e-01	5.79850835044393e-03	-9.04288085235017e-06
2.04647044648898e-01	5.73810800110408e-03	-9.23047200029892e-06	2.13619727137975e-01	5.67783734694527e-03	-9.42393991221202e-06
2.22491094805186e-01	5.61767016155335e-03	-9.62353162980989e-06	2.31263347262628e-01	5.55757981674421e-03	-9.82950872141508e-06
2.39938634491510e-01	5.49753923254803e-03	-1.00421473996359e-05	2.48519058674490e-01	5.43752081493554e-03	-1.02617305854924e-05
2.57006675971302e-01	5.37749644085839e-03	-1.04885735350280e-05	2.65403498240799e-01	5.31743734871970e-03	-1.07229886521232e-05
2.73711494712851e-01	5.25731413433794e-03	-1.09653221855854e-05	2.81932593612836e-01	5.19709665746415e-03	-1.12159336067563e-05
2.90068683741956e-01	5.13675398260305e-03	-1.14752011193264e-05	2.98121616016191e-01	5.07625431920777e-03	-1.17435273172539e-05
3.06093204966702e-01	5.01556494381217e-03	-1.20213385301771e-05	3.13985230204516e-01	4.95465212626689e-03	-1.23090871309017e-05
3.21799437852228e-01	4.89348103896314e-03	-1.26072489399220e-05	3.29537541945430e-01	4.83201567736757e-03	-1.29163289321887e-05
3.37201225806549e-01	4.77021878173400e-03	-1.32368739620414e-05	3.44792143393713e-01	4.70805169959565e-03	-1.35694499454608e-05
3.52311920627491e-01	4.64547430718287e-03	-1.39146632507359e-05	3.59762156697995e-01	4.58244489854009e-03	-1.42731649315220e-05
3.67144425355155e-01	4.51892004988697e-03	-1.46456465304201e-05	3.74460276184920e-01	4.45485446678662e-03	-1.50328289443280e-05
3.81711235874238e-01	4.39020090284514e-03	-1.54355065382639e-05	3.88898809467469e-01	4.32490995019652e-03	-1.58545141391020e-05
3.96024481617473e-01	4.25892988530552e-03	-1.62907396195067e-05	4.03089717834268e-01	4.19220650256036e-03	-1.67451359831539e-05
4.10095965734438e-01	4.12468291539358e-03	-1.72187249261047e-05	4.17044656294631e-01	4.05629934539475e-03	-1.77126009652806e-05
4.23937205112658e-01	3.98699288962168e-03	-1.82279361418125e-05	4.30775013679837e-01	3.91669726728527e-03	-1.87659833195131e-05
4.37559470668521e-01	3.84534255515523e-03	-1.93280879834390e-05	4.44291953238910e-01	3.77285491654722e-03	-1.99157122189320e-05
4.50973828369554e-01	3.69915626400230e-03	-2.05304343303681e-05	4.57606454216401e-01	3.62416380018815e-03	-2.11738895454783e-05
4.64191181505746e-01	3.54778988907700e-03	-2.18479483877765e-05	4.70729354965831e-01	3.46994133398404e-03	-2.25545352623424e-05
4.77222314804365e-01	3.39051914974675e-03	-2.32957960173419e-05	4.83671398237410e-01	3.30941787177919e-03	-2.40739964767478e-05
4.90077941077742e-01	3.22652521455780e-03	-2.48916843403890e-05	4.96443279389754e-01	3.14172109488542e-03	-2.57514764534506e-05
5.02768751220874e-01	3.05487740325949e-03	-2.66563788349217e-05	5.09055698417438e-01	2.96585690056217e-03	-2.76095872662196e-05
5.15305468537366e-01	2.87451240452952e-03	-2.86145332821786e-05	5.21519416870801e-01	2.78068605240134e-03	-2.96750445654137e-05
5.27698908581607e-01	2.68420812411629e-03	-3.07952916964727e-05	5.33845320985224e-01	2.58489588032096e-03	-3.19798264600824e-05
5.39960045979255e-01	2.48255227820482e-03	-3.32336353539020e-05	5.46044492645439e-01	2.37696453051894e-03	-3.45621974009447e-05
5.52100090044112e-01	2.26790248860143e-03	-3.59715496887070e-05	5.58128290224965e-01	2.15511680924130e-03	-3.74683521124908e-05
5.64130571481186e-01	2.03833688839361e-03	-3.90599601853836e-05	5.70108441877706e-01	1.91726853709118e-03	-4.07545162139922e-05
5.76063443088605e-01	1.79159135467244e-03	-4.25610547567512e-05	5.81997154583769e-01	1.66095573674108e-03	-4.44896186806432e-05
5.87911198210842e-01	1.52497946726182e-03	-4.65513908345372e-05	5.93807243225435e-01	1.38324384964794e-03	-4.87588580473375e-05
5.99687011830746e-01	1.23528927618333e-03	-5.11260012516779e-05	6.05552285297423e-01	1.08061014676353e-03	-5.36685178778029e-05
6.11404910746067e-01	9.18649022562779e-04	-5.64040843185065e-05	6.17246808688469e-01	7.48789874672084e-04	-5.93526639596220e-05
6.23079981440135e-01	5.70350256769103e-04	-6.25368676039351e-05	6.28906522536417e-01	3.82572057288311e-04	-6.59822825044287e-05
6.34728627308721e-01	1.84610969408361e-04	-6.97180401256769e-05	6.40548604805464e-01	-2.44757851753930e-05	-7.37775324441969e-05
6.46368891278028e-01	-2.45744177379881e-04	-7.81990841309810e-05	6.52192065495857e-01	-4.80380658336554e-04	-8.30268329399253e-05
6.58020866207450e-01	-7.29722714728487e-04	-8.83117709613579e-05	6.63858212130242e-01	-9.95283477762343e-04	-9.41129483540415e-05
6.69707224934789e-01	-1.27878060484554e-03	-1.00499357193140e-04	6.75571255790497e-01	-1.58217159373675e-03	-1.07551904298342e-04
6.81453916172465e-01	-1.90769657434708e-03	-1.15365857964234e-04	6.87359113793982e-01	-2.25793032300770e-03	-1.24054004345009e-04
6.93291094741499e-01	-2.63584603119149e-03	-1.33750645038067e-04	6.99254493163685e-01	-3.04489401636121e-03	-1.44616701899247e-04
7.05254390224156e-01	-3.48909960142585e-03	-1.56846273561495e-04	7.11296384498507e-01	-3.97318580123529e-03	-1.70675119802954e-04
7.17386676622205e-01	-4.50272837372678e-03	-1.86391754628978e-04	7.23532171836511e-01	-5.08435340314284e-03	-2.04352187383128e-04
7.29740605221482e-01	-5.72599103599269e-03	-2.25000049352442e-04	7.36020695975017e-01	-6.43720609066512e-03	-2.48893442283515e-04
7.42382339289417e-01	-7.22963841187474e-03	-2.76738115464470e-04	7.48836847486880e-01	-8.11756995849533e-03	-3.09446758363530e-04
7.55397256481537e-01	-9.11872333201713e-03	-3.48200054335335e-04	7.62078720252720e-01	-1.02553140448516e-02	-3.94562792396913e-04
7.68899025596129e-01	-1.15555569887744e-02	-4.50624733367544e-04	7.75879274378411e-01	-1.30557646563512e-02	-5.19235704057319e-04
7.83044803471867e-01	-1.48033954264650e-02	-6.04352152799859e-04	7.90426449606748e-01	-1.68615601369217e-02	-7.11574662639380e-04
7.98062327331696e-01	-1.93157964389470e-02	-8.49039150362163e-04	8.06000392078463e-01	-2.22846571331071e-02	-1.02884487498445e-03
8.14302244486456e-01	-2.59366085921334e-02	-1.26952352192000e-03	8.23048971892388e-01	-3.05180211551477e-02	-1.60035693653637e-03
8.32350483263514e-01	-3.64013754683096e-02	-2.06903435536798e-03	8.42361152097961e-01	-4.41715441381009e-02	-2.75528024381511e-03
8.53307565263098e-01	-5.47873746826206e-02	-3.79236013444251e-03	8.65541242115550e-01	-6.98968824666846e-02	-5.38038262181706e-03
8.79647304902997e-01	-9.24677912300351e-02	-7.62116126345203e-03	8.96689483055029e-01	-1.27886445992924e-01	-9.00006217637617e-03
9.18797759776149e-01	-1.80726387669972e-01	-1.65660365758757e-03	9.50408033901601e-01	-2.17656792662978e-01	-1.46037179296887e-03
1.00000000000000e+00	0.00000000000000e+00	0.00000000000000e+00
78	7.74263682681127e+03	7.16428571428571e-02
0.00000000000000e+00	1.08726412550630e-02	-1.54336397031329e-05	1.81103496321695e-02	1.07099472085164e-02	-1.58198402935295e-05
3.58368899646000e-02	1.05495045723636e-02	-1.62569884867292e-05	5.31933240966362e-02	1.03911142122417e-02	-1.67124503260840e-05
7.01927644213780e-02	1.02346295717302e-02	-1.71872609604495e-05	8.68477662206238e-02	1.00799058188357e-02	-1.76825296509531e-05
1.03170359413220e-01	9.92679939105479e-03	-1.81994459951262e-05	1.19172078318747e-01	9.77516753833951e-03	-1.87392873187697e-05
1.34863989592063e-01	9.62486785954875e-03	-1.93034265743020e-05	1.50256718471676e-01	9.47575782818388e-03	-1.98933402830725e-05
1.65360473473605e-01	9.32769430759617e-03	-2.05106190034332e-05	1.80185069652206e-01	9.18053304899558e-03	-2.11569785815158e-05
1.94739950540324e-01	9.03412816288052e-03	-2.18342689983775e-05	2.09034208872954e-01	8.88833157753277e-03	-2.25444923525053e-05
2.23076606191176e-01	8.74299245152499e-03	-2.32898123238012e-05	2.36875591416703e-01	8.59795656586382e-03	-2.40725749220960e-05
2.50439318481434e-01	8.45306566092319e-03	-2.48953224215587e-05	2.63775663091389e-01	8.30815674340557e-03	-2.57608208746873e-05
2.76892238699742e-01	8.16306131468170e-03	-2.66720755053296e-05	2.89796411759985e-01	8.01760455255640e-03	-2.76323598533690e-05
3.02495316326736e-01	7.87160441283996e-03	-2.86452438629237e-05	3.14995868069071e-01	7.72487066425698e-03	-2.97146366816659e-05
3.27304777758958e-01	7.57720377526971e-03	-3.08448011869800e-05	3.39428564295990e-01	7.42839376614435e-03	-3.20404215221615e-05
3.51373567328089e-01	7.27821887098656e-03	-3.33066363651380e-05	3.63145959527827e-01	7.12644409022811e-03	-3.46491018448081e-05
3.74751758583830e-01	6.97281954048368e-03	-3.60740400184856e-05	3.86196838967761e-01	6.81707867027836e-03	-3.75883338104011e-05
3.97486943538552e-01	6.65893617353075e-03	-3.91995818636026e-05	4.08627695048381e-01	6.49808573510668e-03	-4.09162228576232e-05
4.19624607617508e-01	6.33419739276797e-03	-4.27476199422738e-05	4.30483098249955e-01	6.16691460674557e-03	-4.47041969411366e-05
4.41208498466963e-01	5.99585093245580e-03	-4.67975991871317e-05	4.51806066142145e-01	5.82058615651326e-03	-4.90408366615736e-05
4.62280997630960e-01	5.64066195879853e-03	-5.14485061919867e-05	4.72638440297035e-01	5.45557688014009e-03	-5.40370190320605e-05
4.82883505550974e-01	5.26478057370339e-03	-5.68249016876798e-05	4.93021282532494e-01	5.06766703821637e-03	-5.98330747261233e-05
5.03056852586193e-01	4.86356691712775e-03	-6.30852843936935e-05	5.12995304703464e-01	4.65173844271782e-03	-6.66085630274260e-05
5.22841752131973e-01	4.43135682106299e-03	-7.04337674206634e-05	5.32601350388528e-01	4.20150178853040e-03	-7.45962447101789e-05
5.42279316953479e-01	3.96114303301709e-03	-7.91367051580227e-05	5.51880952976982e-01	3.70912271529522e-03	-8.41021529205399e-05
5.61411667393341e-01	3.44413461392490e-03	-8.95470009250054e-05	5.70877003920353e-01	3.16469978346956e-03	-9.55348509577014e-05
5.80282671519968e-01	2.86913608666217e-03	-1.02139921797528e-04	5.89634579030003e-01	2.55552255681790e-03	-1.09449649527305e-04
5.98938874832427e-01	2.22165539465013e-03	-1.17567539552610e-04	6.08201992636623e-01	1.86499364902493e-03	-1.26616509288136e-04
6.17430704723802e-01	1.48259317761545e-03	-1.36743796924188e-04	6.26632184343097e-01	1.07102396478731e-03	-1.48126854254027e-04
6.35814079410781e-01	6.26266558308775e-04	-1.60980981197767e-04	6.44984600267489e-01	1.43581426938932e-04	-1.75569422471655e-04
6.54152625057125e-01	-3.82657604623748e-04	-1.92216670314549e-04	6.63327827386974e-01	-9.59177424191160e-04	-2.11326440854753e-04
6.72520832427798e-01	-1.59408414616269e-03	-2.33405925966768e-04	6.81743409696526e-01	-2.29722928531151e-03	-2.59099196618262e-04
6.91008713696629e-01	-3.08069741444961e-03	-2.89233747693407e-04	7.00331587788748e-01	-3.95946559972571e-03	-3.24885693636201e-04
7.09728952777780e-01	-4.95230280827308e-03	-3.67476660151356e-04	7.19220310754195e-01	-6.08302827901941e-03	-4.18912613460387e-04
7.28828408494373e-01	-7.38229208310670e-03	-4.81796028950043e-04	7.38580126021503e-01	-8.89015652684788e-03	-5.59750924874480e-04
7.48507689918721e-01	-1.06599153420778e-02	-6.57941907973303e-04	7.58650366717511e-01	-1.27639052065714e-02	-7.83920037598973e-04
7.69056886365733e-01	-1.53025975630932e-02	-9.49062806654855e-04	7.79789012798231e-01	-1.84193299110753e-02	-1.17111386741353e-03
7.90926987048347e-01	-2.23250891921049e-02	-1.47890547816321e-03	8.02578168297225e-01	-2.73422095695417e-02	-1.92158939868881e-03
8.14891441410089e-01	-3.39855786059388e-02	-2.58793018800541e-03	8.28082736559725e-01	-4.31236811995578e-02	-3.64948178802882e-03
8.42483816620721e-01	-5.63237973024285e-02	-5.46428014997891e-03	8.58645251664579e-01	-7.66704478199709e-02	-8.83041075732605e-03
8.77584481655949e-01	-1.11047578418344e-01	-1.53577773829012e-02	9.01500408621026e-01	-1.79296428686214e-01	-2.20560919004891e-02
9.36305375923307e-01	-3.08183236212193e-01	7.47442673111931e-03	1.00000000000000e+00	0.00000000000000e+00	0.00000000000000e+00
93	7.74263682681127e+03	1.42285714285714e-01
0.00000000000000e+00	9.05992288595137e-03	-1.07326696836552e-05	1.53363747974665e-02	8.94672729303347e-03	-1.09364046054772e-05
3.04007633205997e-02	8.83487556585361e-03	-1.11870575854045e-05	4.52012997988327e-02	8.72423762330876e-03	-1.14464005307457e-05
5.97458239310494e-02	8.61474222652658e-03	-1.17148384781718e-05	7.40418947940617e-02	8.50631891290443e-03	-1.19928013591064e-05
8.80968042877180e-02	8.39889784018255e-03	-1.22807437294981e-05	1.01917589868382e-01	8.29240963614630e-03	-1.25791484903992e-05
1.15511046617690e-01	8.18678524072891e-03	-1.28885265293643e-05	1.28883738690330e-01	8.08195575621062e-03	-1.32094228910695e-05
1.42042010181527e-01	7.97785228101544e-03	-1.35424142548857e-05	1.54991995452358e-01	7.87440575339393e-03	-1.38881151592329e-05
1.67739628948358e-01	7.77154678166569e-03	-1.42471785720133e-05	1.80290654544767e-01	7.66920547642491e-03	-1.46203012731938e-05
1.92650634449585e-01	7.56731126883992e-03	-1.50082245804484e-05	2.04824957693765e-01	7.46579273047021e-03	-1.54117409532084e-05
2.16818848236123e-01	7.36457737494778e-03	-1.58316946887727e-05	2.28637372708989e-01	7.26359145764532e-03	-1.62689878413502e-05
2.40285447829170e-01	7.16275976574332e-03	-1.67245873734512e-05	2.51767847497528e-01	7.06200538554058e-03	-1.71995261641911e-05
2.63089209609337e-01	6.96124946897392e-03	-1.76949129666593e-05	2.74254042596507e-01	6.86041096911016e-03	-1.82119332114983e-05
2.85266731721902e-01	6.75940637808292e-03	-1.87518633201211e-05	2.96131545145102e-01	6.65814942780885e-03	-1.93160746875254e-05
3.06852639778359e-01	6.55655077167050e-03	-1.99060405947638e-05	3.17434066950882e-01	6.45451764250904e-03	-2.05233449295239e-05
3.27879777899120e-01	6.35195350543305e-03	-2.11697064642635e-05	3.38193629100257e-01	6.24875762065580e-03	-2.18469669870380e-05
3.48379387466195e-01	6.14482463611754e-03	-2.25571223224641e-05	3.58440735414754e-01	6.04004410783898e-03	-2.33023339231142e-05
3.68381275835113e-01	5.93429997233930e-03	-2.40849399284482e-05	3.78204536964577e-01	5.82746998679440e-03	-2.49074794960169e-05
3.87913977193902e-01	5.71942509876955e-03	-2.57727102319638e-05	3.97512989818976e-01	5.61002873286509e-03	-2.66836155067285e-05
4.07004907757183e-01	5.49913611291464e-03	-2.76434832946482e-05	4.16393008247152e-01	5.38659328551083e-03	-2.86558484299260e-05
4.25680517552568e-01	5.27223632534279e-03	-2.97246143172725e-05	4.34870615690344e-01	5.15589021594764e-03	-3.08540369278187e-05
4.43966441206400e-01	5.03736770715602e-03	-3.20487747718090e-05	4.52971096023070e-01	4.91646804240675e-03	-3.33139473605026e-05
4.61887650384459e-01	4.79297550906321e-03	-3.46551850942678e-05	4.70719147928572e-01	4.66665780915299e-03	-3.60786842212857e-05
4.79468610917897e-01	4.53726425070666e-03	-3.75912848498139e-05	4.88139045663397e-01	4.40452374551481e-03	-3.92005838554255e-05
4.96733448180865e-01	4.26814234890482e-03	-4.09149360440786e-05	5.05254810123955e-01	4.12780081178066e-03	-4.27436772965084e-05
5.13706125042383e-01	3.98315146102579e-03	-4.46971605332358e-05	5.22090395022099e-01	3.83381494079638e-03	-4.67869908387097e-05
5.30410637770479e-01	3.67937609891267e-03	-4.90260429828471e-05	5.38669894220627e-01	3.51937984940109e-03	-5.14288599362533e-05
5.46871236737390e-01	3.35332585705883e-03	-5.40117507359383e-05	5.55017778023768e-01	3.18066266885575e-03	-5.67930780552839e-05
5.63112680840159e-01	3.00078094004719e-03	-5.97936075570349e-05	5.71159168668401e-01	2.81300553647812e-03	-6.30368995326869e-05
5.79160537475548e-01	2.61658629665495e-03	-6.65497516962876e-05	5.87120168760046e-01	2.41068725828053e-03	-7.03627498928050e-05
5.95041544096515e-01	2.19437400956446e-03	-7.45109319644222e-05	6.02928261436636e-01	1.96659874732186e-03	-7.90345730301567e-05
6.10784053474328e-01	1.72618258650203e-03	-8.39801453491607e-05	6.18612808445970e-01	1.47179455214452e-03	-8.94015207659749e-05
6.26418593814054e-01	1.20192643855632e-03	-9.53614374545886e-05	6.34205683380125e-01	9.14862588737630e-04	-1.01933316454028e-04
6.41978588495207e-01	6.08643236970074e-04	-1.09203440959549e-04	6.49742094191494e-01	2.81019815145278e-04	-1.17273613077895e-04
6.57501301257276e-01	-7.05990204800111e-05	-1.26264988896452e-04	6.65261675530046e-01	-4.49214529168351e-04	-1.36322518865750e-04
6.73029106016853e-01	-8.58321251290262e-04	-1.47620606809618e-04	6.80809973883372e-01	-1.30201137473418e-03	-1.60370350239081e-04
6.88611234926730e-01	-1.78510523745112e-03	-1.74829717453751e-04	6.96440518910139e-01	-2.31331821233172e-03	-1.91316361316973e-04
7.04306250176936e-01	-2.89347500902271e-03	-2.10224712792861e-04	7.12217795375632e-01	-3.53378739955834e-03	-2.32049273380719e-04
7.20185646088658e-01	-4.24421846603873e-03	-2.57416565379698e-04	7.28221646915424e-01	-5.03696628769534e-03	-2.87129510562423e-04
7.36339283497449e-01	-5.92711492291620e-03	-3.22229988342970e-04	7.44554050690904e-01	-6.93352292958593e-03	-3.64088898846315e-04
7.52883929550687e-01	-8.08005406864643e-03	-4.14539412023851e-04	7.61350014564908e-01	-9.39732410357685e-03	-4.76070341554502e-04
7.69977352362640e-01	-1.09251982553025e-02	-5.52135194893610e-04	7.78796084387027e-01	-1.27164947032259e-02	-6.47620310991970e-04
7.87843037296722e-01	-1.48425483705206e-02	-7.69622320151875e-04	7.97163991066025e-01	-1.74018712531308e-02	-9.28735439101214e-04
8.06817006083973e-01	-2.05340247365843e-02	-1.14130038574811e-03	8.16877467074398e-01	-2.44426973076235e-02	-1.43348669647314e-03
8.27446033724695e-01	-2.94357733037923e-02	-1.84906326054612e-03	8.38661773928463e-01	-3.59983948237153e-02	-2.46501740746785e-03
8.50725134948662e-01	-4.49342800980403e-02	-3.42453581331359e-03	8.63941088640820e-01	-5.76586326072378e-02	-5.00880826525774e-03
8.78807847352209e-01	-7.68605813156595e-02	-7.77816771398054e-03	8.96221903246070e-01	-1.08211276454202e-01	-1.25568672287204e-02
9.18027548413270e-01	-1.65803522877871e-01	-1.59215380055433e-02	9.48716757682180e-01	-2.63212736419036e-01	6.18250167655054e-03
1.00000000000000e+00	0.00000000000000e+00	0.00000000000000e+00
105	7.74263682681127e+03	2.12928571428571e-01
0.00000000000000e+00	7.97734077782342e-03	-8.33150331813748e-06	1.37166575437247e-02	7.88947308486088e-03	-8.45485182265904e-06
2.72185756216745e-02	7.80255093312632e-03	-8.62514910426881e-06	4.05114266594677e-02	7.71646781134372e-03	-8.80062816732696e-06
5.36007014285571e-02	7.63118066659074e-03	-8.98150134442943e-06	6.64917165140591e-02	7.54664687950046e-03	-9.16799122085976e-06
7.91896217034572e-02	7.46282419505118e-03	-9.36033287257665e-06	9.16994070276984e-02	7.37967064741363e-03	-9.55877230435220e-06
1.04025909475026e-01	7.29714449318708e-03	-9.76357055360033e-06	1.16173819396583e-01	7.21520413296806e-03	-9.97500064858770e-06
1.28147686621740e-01	7.13380804341646e-03	-1.01933519573993e-05	1.39951926299953e-01	7.05291470051872e-03	-1.04189296166179e-05
1.51590824485035e-01	6.97248250090632e-03	-1.06520537244137e-05	1.63068543476779e-01	6.89246969401780e-03	-1.08930666693485e-05
1.74389126933986e-01	6.81283428777957e-03	-1.11423248587705e-05	1.85556504772296e-01	6.73353398138432e-03	-1.14002095099597e-05
1.96574497859308e-01	6.65452607135353e-03	-1.16671221432885e-05	2.07446822518999e-01	6.57576736594367e-03	-1.19434876117985e-05
2.18177094856709e-01	6.49721409722126e-03	-1.22297580464892e-05	2.28768834915446e-01	6.41882181764442e-03	-1.25264096224598e-05
2.39225470673765e-01	6.34054530938633e-03	-1.28339505498509e-05	2.49550341894941e-01	6.26233846994895e-03	-1.31529172944234e-05
2.59746703836816e-01	6.18415421236529e-03	-1.34838839542795e-05	2.69817730831193e-01	6.10594433705058e-03	-1.38274576946262e-05
2.79766519741451e-01	6.02765941341166e-03	-1.41842851570928e-05	2.89596093306581e-01	5.94924864621427e-03	-1.45550542860473e-05
2.99309403379706e-01	5.87065973977974e-03	-1.49405005245296e-05	3.08909334068785e-01	5.79183874665112e-03	-1.53414094237192e-05
3.18398704787113e-01	5.71272989064275e-03	-1.57586099049922e-05	3.27780273221033e-01	5.63327543042913e-03	-1.61930013165001e-05
3.37056738221977e-01	5.55341544361099e-03	-1.66455380781194e-05	3.46230742630186e-01	5.47308763321053e-03	-1.71172383323093e-05
3.55304876037111e-01	5.39222712774245e-03	-1.76091990289340e-05	3.64281677493565e-01	5.31076623704929e-03	-1.81225943405305e-05
3.73163638170793e-01	5.22863420542841e-03	-1.86586853447857e-05	3.81953203981607e-01	5.14575693934272e-03	-1.92188278320682e-05
3.90652778168860e-01	5.06205669242776e-03	-1.98044687049759e-05	3.99264723868778e-01	4.97745179012443e-03	-2.04171857622892e-05
4.07791366656603e-01	4.89185622837374e-03	-2.10586662119372e-05	4.16234997082749e-01	4.80517931236846e-03	-2.17307332839312e-05
4.24597873207527e-01	4.71732522160795e-03	-2.24353500282160e-05	4.32882223143224e-01	4.62819259345748e-03	-2.31746628382989e-05
4.41090247612492e-01	4.53767394226690e-03	-2.39509697541607e-05	4.49224122533125e-01	4.44565515138473e-03	-2.47667707571342e-05
4.57286001639260e-01	4.35201485586290e-03	-2.56247864920400e-05	4.65278019150337e-01	4.25662374869340e-03	-2.65279715299105e-05
4.73202292499918e-01	4.15934383436278e-03	-2.74795431784991e-05	4.81060925137481e-01	4.06002760231705e-03	-2.84830145003134e-05
4.88856009417537e-01	3.95851707647754e-03	-2.95422104068521e-05	4.96589629591959e-01	3.85464278783676e-03	-3.06613058522753e-05
5.04263864922867e-01	3.74822269893693e-03	-3.18449146801125e-05	5.11880792935230e-01	3.63906083425203e-03	-3.30980804619241e-05
5.19442492831084e-01	3.52694577847257e-03	-3.44262878011481e-05	5.26951049089438e-01	3.41164936483196e-03	-3.58357193690484e-05
5.34408555277937e-01	3.29292437227768e-03	-3.73330066263389e-05	5.41817118108750e-01	3.17050302881650e-03	-3.89256671835536e-05
5.49178861770613e-01	3.04409426434060e-03	-4.06219114148509e-05	5.56495932578602e-01	2.91338124359886e-03	-4.24308461803857e-05
5.63770503984905e-01	2.77801855678805e-03	-4.43627037474137e-05	5.71004782001647e-01	2.63762859984618e-03	-4.64288297754578e-05
5.78201011095448e-01	2.49179773213637e-03	-4.86418629026542e-05	5.85361480620791e-01	2.34007199753949e-03	-5.10160236670831e-05
5.92488531870200e-01	2.18195195975812e-03	-5.35672870327630e-05	5.99584565832752e-01	2.01688683236045e-03	-5.63136394626795e-05
6.06652051766804e-01	1.84426771709800e-03	-5.92753983061911e-05	6.13693536711115e-01	1.66341975516038e-03	-6.24755866120985e-05
6.20711656080316e-01	1.47359298657301e-03	-6.59403767528932e-05	6.27709145517110e-01	1.27395166822963e-03	-6.96996200626465e-05
6.34688854205576e-01	1.06356174171718e-03	-7.37874824865425e-05	6.41653759889055e-01	8.41376071168520e-04	-7.82432124786236e-05
6.48606985884076e-01	6.06216977505181e-04	-8.31120730284685e-05	6.55551820441001e-01	3.56755477823434e-04	-8.84464786601313e-05
6.62491738875541e-01	9.14864877562538e-05	-9.43073904025038e-05	6.69430428987050e-01	-1.91300951715490e-04	-1.00766037346878e-04
6.76371820394875e-01	-4.93559617261941e-04	-1.07906054798157e-04	6.83320118569969e-01	-8.17527746306501e-04	-1.15826158315402e-04
6.90279844525097e-01	-1.16578235611553e-03	-1.24643513091494e-04	6.97255881366068e-01	-1.54130481359993e-03	-1.34498011995943e-04
7.04253529216219e-01	-1.94756203613855e-03	-1.45557753193026e-04	7.11278570431373e-01	-2.38860781332972e-03	-1.58026110962384e-04
7.18337347556949e-01	-2.86921025679898e-03	-1.72150949340200e-04	7.25436857191528e-01	-3.39501350086413e-03	-1.88236754941062e-04
7.32584863881801e-01	-3.97274471126752e-03	-2.06660834236816e-04	7.39790039484176e-01	-4.61048153189558e-03	-2.27895353673180e-04
7.47062135238512e-01	-5.31800260396698e-03	-2.52536889639776e-04	7.54412196339502e-01	-6.10725314086158e-03	-2.81346181940645e-04
7.61852832404701e-01	-6.99295961478352e-03	-3.15310395069046e-04	7.69398562435516e-01	-7.99348431335423e-03	-3.55719238813501e-04
7.77066260625742e-01	-9.13198007946248e-03	-4.04293242440623e-04	7.84875740848598e-01	-1.04380397991869e-02	-4.63355543372401e-04
7.92850535554220e-01	-1.19500351372525e-02	-5.36109156162867e-04	8.01018952750617e-01	-1.37185492188033e-02	-6.27060715234329e-04
8.09415540274926e-01	-1.58115245978596e-02	-7.42695716696273e-04	8.18083162638799e-01	-1.83221570362389e-02	-8.92614353601884e-04
8.27076027621144e-01	-2.13814609785422e-02	-1.09144640130898e-03	8.36464238545020e-01	-2.51788719882544e-02	-1.36228628557644e-03
8.46340900553960e-01	-2.99974632009535e-02	-1.74307234487725e-03	8.56833717053149e-01	-3.62769916338597e-02	-2.29895191601859e-03
8.68124958391937e-01	-4.47328615538249e-02	-3.14721308400023e-03	8.80488199180800e-01	-5.65949780936066e-02	-4.50760025812258e-03
8.94361736232394e-01	-7.41240947292680e-02	-6.78648008915350e-03	9.10511438111093e-01	-1.01846002963254e-01	-1.04904238993031e-02
9.30440906635005e-01	-1.49886040877415e-01	-1.32457037266471e-02	9.57550464017340e-01	-2.30146529592096e-01	3.37378906799368e-03
1.00000000000000e+00	0.00000000000000e+00	0.00000000000000e+00
110	7.74263682681127e+03	2.83571428571429e-01
0.00000000000000e+00	7.57462027537836e-03	-7.51120999709087e-06	1.32206378662634e-02	7.49537626898245e-03	-7.61047848496510e-06
2.62445635194036e-02	7.41695232564665e-03	-7.75610883940736e-06	3.90767162921675e-02	7.33924950650078e-03	-7.90594808930400e-06
5.17218851011969e-02	7.26223272708193e-03	-8.06015904353252e-06	6.41847142777961e-02	7.18586724569548e-03	-8.21891383329110e-06
7.64697094034774e-02	7.11011860657251e-03	-8.38239166589538e-06	8.85812428839931e-02	7.03495259122033e-03	-8.55078195249881e-06
1.00523559276372e-01	6.96033516244099e-03	-8.72428279330428e-06	1.12300780382688e-01	6.88623241312336e-03	-8.90310283030438e-06
1.23916910123449e-01	6.81261051250148e-03	-9.08746183037046e-06	1.35375839202781e-01	6.73943564831458e-03	-9.27758913182863e-06
1.46681349576917e-01	6.66667397780607e-03	-9.47372843240757e-06	1.57837118736791e-01	6.59429156651647e-03	-9.67613546221102e-06
1.68846723815053e-01	6.52225433130882e-03	-9.88507931243277e-06	1.79713645527202e-01	6.45052798150858e-03	-1.01008436086403e-05
1.90441271956030e-01	6.37907795787562e-03	-1.03237275146384e-05	2.01032902188138e-01	6.30786937385563e-03	-1.05540495725087e-05
2.11491749810798e-01	6.23686693573622e-03	-1.07921395733346e-05	2.21820946277124e-01	6.16603489629708e-03	-1.10383537150760e-05
2.32023544146976e-01	6.09533696496256e-03	-1.12930637510278e-05	2.42102520210905e-01	6.02473624172006e-03	-1.15566636420539e-05
2.52060778503929e-01	5.95419514051287e-03	-1.18295718387618e-05	2.61901153215766e-01	5.88367530442269e-03	-1.21122310068333e-05
2.71626411503845e-01	5.81313751642387e-03	-1.24051078820298e-05	2.81239256215208e-01	5.74254162101706e-03	-1.27087033849893e-05
2.90742328523124e-01	5.67184640957508e-03	-1.30235430493286e-05	3.00138210484218e-01	5.60100953581499e-03	-1.33501908101685e-05
3.09429427521523e-01	5.52998738639476e-03	-1.36892383302278e-05	3.18618450838971e-01	5.45873498972504e-03	-1.40413237483816e-05
3.27707699772460e-01	5.38720587244046e-03	-1.44071220651298e-05	3.36699544082791e-01	5.31535193277755e-03	-1.47873523050901e-05
3.45596306195519e-01	5.24312329834542e-03	-1.51827810797034e-05	3.54400263392794e-01	5.17046817428790e-03	-1.55942270840814e-05
3.63113649962200e-01	5.09733268737755e-03	-1.60225708103479e-05	3.71738659307627e-01	5.02366067758331e-03	-1.64687390946661e-05
3.80277446027346e-01	4.94939354886625e-03	-1.69337374054113e-05	3.88732127964191e-01	4.87447003153996e-03	-1.74186356232120e-05
3.97104788233273e-01	4.79882598154169e-03	-1.79245893523472e-05	4.05397477232388e-01	4.72239409458886e-03	-1.84528192073152e-05
4.13612214640791e-01	4.64510370360860e-03	-1.90046582080328e-05	4.21750991411731e-01	4.56688044567399e-03	-1.95815307477698e-05
4.29815771764922e-01	4.48764595834339e-03	-2.01849682326394e-05	4.37808495185017e-01	4.40731754166679e-03	-2.08166221737915e-05
4.45731078432605e-01	4.32580778118230e-03	-2.14782738880981e-05	4.53585417574669e-01	4.24302413574296e-03	-2.21718458486286e-05
4.61373390041857e-01	4.15886849369196e-03	-2.28994197797316e-05	4.69096856720441e-01	4.07323669491322e-03	-2.36632631409606e-05
4.76757664087423e-01	3.98601791029818e-03	-2.44657972756634e-05	4.84357646398229e-01	3.89709413010508e-03	-2.53096746498649e-05
4.91898627936559e-01	3.80633950744902e-03	-2.61978051325773e-05	4.99382425337522e-01	3.71361946856719e-03	-2.71332792787238e-05
5.06810849996435e-01	3.61879014779842e-03	-2.81195577069848e-05	5.14185710575492e-01	3.52169726140716e-03	-2.91603573350230e-05
5.21508815624045e-01	3.42217517655508e-03	-3.02597349302047e-05	5.28781976327992e-01	3.32004589461632e-03	-3.14221948520821e-05
5.36007009406258e-01	3.21511764666660e-03	-3.26526347003142e-05	5.43185740175185e-01	3.10718352439832e-03	-3.39564177040952e-05
5.50320005803084e-01	2.99601998160903e-03	-3.53394792247386e-05	5.57411658780385e-01	2.88138501847102e-03	-3.68083618704773e-05
5.64462570634537e-01	2.76301618696895e-03	-3.83702898041349e-05	5.71474635922296e-01	2.64062834736878e-03	-4.00332600658526e-05
5.78449776536601e-01	2.51391112359434e-03	-4.18061446270102e-05	5.85389946370584e-01	2.38252601592914e-03	-4.36988088188262e-05
5.92297136387370e-01	2.24610311582074e-03	-4.57222488126074e-05	5.99173380151631e-01	2.10423736182141e-03	-4.78887544237416e-05
6.06020759887394e-01	1.95648424752926e-03	-5.02120938690176e-05	6.12841413136786e-01	1.80235482344804e-03	-5.27076825558304e-05
6.19637540106595e-01	1.64131009613722e-03	-5.53928832622841e-05	6.26411411803429e-01	1.47275452769957e-03	-5.82873383629945e-05
6.33165379075802e-01	1.29602846534116e-03	-6.14133380727466e-05	6.39901882702210e-01	1.11039910487398e-03	-6.47961048061418e-05
6.46623464689694e-01	9.15050160418707e-04	-6.84642800463653e-05	6.53332780976798e-01	7.09070283132274e-04	-7.24508555565162e-05
6.60032615770985e-01	4.91438582781445e-04	-7.67937254213535e-05	6.66725897798758e-01	2.61007182854378e-04	-8.15361380162027e-05
6.73415718801718e-01	1.64823069385145e-05	-8.67284477490404e-05	6.80105354676347e-01	-2.43599594297539e-04	-9.24293736837001e-05
6.86798289747651e-01	-5.20901448845756e-04	-9.87069006346264e-05	6.93498244774828e-01	-8.17318969544845e-04	-1.05640932458462e-04
7.00209209416970e-01	-1.13502192105197e-03	-1.13326075381837e-04	7.06935480066421e-01	-1.47650599189042e-03	-1.21874107141373e-04
7.13681704182481e-01	-1.84465521687405e-03	-1.31417964994940e-04	7.20452932540971e-01	-2.24281788310432e-03	-1.42117675771436e-04
7.27254681190495e-01	-2.67490331201481e-03	-1.54166461285188e-04	7.34093005408470e-01	-3.14550252815915e-03	-1.67799234243482e-04
7.40974588602477e-01	-3.66004078235938e-03	-1.83303909388144e-04	7.47906849988209e-01	-4.22497219855500e-03	-2.01036547909705e-04
7.54898076078572e-01	-4.84803111403365e-03	-2.21441540682932e-04	7.61957582676603e-01	-5.53855990567476e-03	-2.45078999294046e-04
7.69095916378732e-01	-6.30794158453063e-03	-2.72662438148163e-04	7.76325107874512e-01	-7.17017826720256e-03	-3.05111165901373e-04
7.83658994054088e-01	-8.14267143077907e-03	-3.43627094483656e-04	7.91113632853187e-01	-9.24729825328596e-03	-3.89803741483785e-04
7.98707845139122e-01	-1.05119208242611e-02	-4.45784718316578e-04	8.06463933783248e-01	-1.19725238220629e-02	-5.14511822270247e-04
8.14408654831648e-01	-1.36763354999685e-02	-6.00100851626095e-04	8.22574555652741e-01	-1.56864710084984e-02	-7.08441196632492e-04
8.31001861159581e-01	-1.80890151734134e-02	-8.48186747605562e-04	8.39741203003901e-01	-2.10041952711063e-02	-1.03241722333225e-03
8.48857690282493e-01	-2.46045121779246e-02	-1.28159874956069e-03	8.58437201278250e-01	-2.91454575587010e-02	-1.62897567646181e-03
8.68596529181257e-01	-3.50197312033981e-02	-2.13094949339943e-03	8.79500600115092e-01	-4.28581159018195e-02	-2.88771103170293e-03
8.91393581727560e-01	-5.37284180433755e-02	-4.08482152029155e-03	9.04659642790605e-01	-6.95561683089140e-02	-6.06709274804307e-03
9.19953829525527e-01	-9.40979902946852e-02	-9.33765252105512e-03	9.38520022259598e-01	-1.35504650099672e-01	-1.28541928679167e-02
9.63062658935488e-01	-2.08827375771422e-01	-9.56517265143564e-04	1.00000000000000e+00	0.00000000000000e+00	0.00000000000000e+00
106	7.74263682681127e+03	3.54214285714286e-01
0.00000000000000e+00	7.82389048829746e-03	-7.99823469632699e-06	1.38512221234117e-02	7.73940320272937e-03	-8.11522735610914e-06
2.74896911653138e-02	7.65580654061604e-03	-8.27608313191952e-06	4.09209203269660e-02	7.57300128792138e-03	-8.44175734449060e-06
5.41502495801706e-02	7.49094752800583e-03	-8.61244340155665e-06	6.71828526543914e-02	7.40960573673544e-03	-8.78834527684447e-06
8.00237439585245e-02	7.32893671769275e-03	-8.96967768038159e-06	9.26777851830594e-02	7.24890153567892e-03	-9.15666519030189e-06
1.05149691600984e-01	7.16946145724973e-03	-9.34954615927630e-06	1.17444038084638e-01	7.09057787933909e-03	-9.54856926926873e-06
1.29565264854784e-01	7.01221226984838e-03	-9.75399836766755e-06	1.41517682977089e-01	6.93432609664635e-03	-9.96611049619567e-06
1.53305479620469e-01	6.85688076193203e-03	-1.01851982605705e-05	1.64932723090801e-01	6.77983753326883e-03	-1.04115710872765e-05
1.76403367652864e-01	6.70315746735173e-03	-1.06455530595184e-05	1.87721258152596e-01	6.62680134596338e-03	-1.08874900157652e-05
1.98890134451121e-01	6.55072959256220e-03	-1.11377458393846e-05	2.09913635681447e-01	6.47490219597335e-03	-1.13967052082220e-05
2.20795304338136e-01	6.39927862956635e-03	-1.16647755581401e-05	2.31538590209750e-01	6.32381776449664e-03	-1.19423876225877e-05
2.42146854163440e-01	6.24847778769211e-03	-1.22300016558441e-05	2.52623371790552e-01	6.17321609196786e-03	-1.25280987821608e-05
2.62971336921872e-01	6.09798920149895e-03	-1.28371983036946e-05	2.73193865020543e-01	6.02275264260999e-03	-1.31578435942359e-05
2.83293996460682e-01	5.94746085292708e-03	-1.34906166808779e-05	2.93274699699116e-01	5.87206705730936e-03	-1.38361359791617e-05
3.03138874347641e-01	5.79652314575774e-03	-1.41950602678964e-05	3.12889354152878e-01	5.72077953920158e-03	-1.45680903704815e-05
3.22528909890637e-01	5.64478504297883e-03	-1.49559690181267e-05	3.32060252181543e-01	5.56848672431776e-03	-1.53595027734266e-05
3.41486034234455e-01	5.49182969715156e-03	-1.57795318618259e-05	3.50808854524433e-01	5.41475701115934e-03	-1.62169751511954e-05
3.60031259411366e-01	5.33720941567339e-03	-1.66728036896657e-05	3.69155745706039e-01	5.25912517527649e-03	-1.71480575390515e-05
3.78184763189860e-01	5.18043985678540e-03	-1.76438552208502e-05	3.87120717094777e-01	5.10108608647974e-03	-1.81613962983995e-05
3.95965970549966e-01	5.02099329440098e-03	-1.87019692086121e-05	4.04722847001964e-01	4.94008742423935e-03	-1.92669520495681e-05
4.13393632615125e-01	4.85829064962973e-03	-1.98578342618383e-05	4.21980578659376e-01	4.77552105355050e-03	-2.04762331572628e-05
4.30485903892649e-01	4.69169218709564e-03	-2.11238534326696e-05	4.38911796945896e-01	4.60671281478664e-03	-2.18025903360175e-05
4.47260418718144e-01	4.52048632582303e-03	-2.25144428684931e-05	4.55533904790929e-01	4.43291036632765e-03	-2.32615989164131e-05
4.63734367870485e-01	4.34387628735666e-03	-2.40464336613844e-05	4.71863900267749e-01	4.25326854562247e-03	-2.48715138524425e-05
4.79924576426665e-01	4.16096408263611e-03	-2.57396291192258e-05	4.87918455511990e-01	4.06683162359101e-03	-2.66538174455988e-05
4.95847584068991e-01	3.97073089280697e-03	-2.76173886395448e-05	5.03713998768518e-01	3.87251174378811e-03	-2.86339513158040e-05
5.11519729252278e-01	3.77201319993925e-03	-2.97074485930970e-05	5.19266801094655e-01	3.66906240567166e-03	-3.08422113592943e-05
5.26957238899155e-01	3.56347341328389e-03	-3.20429909324016e-05	5.34593069549751e-01	3.45504573598809e-03	-3.33149377111930e-05
5.42176325639961e-01	3.34356312790662e-03	-3.46638402575206e-05	5.49709049103980e-01	3.22879154381162e-03	-3.60959581908737e-05
5.57193295079973e-01	3.11047755793004e-03	-3.76183026014054e-05	5.64631136036129e-01	2.98834593122232e-03	-3.92385306808851e-05
5.72024666197546e-01	2.86209755528311e-03	-4.09652833166518e-05	5.79376006313996e-01	2.73140618701917e-03	-4.28079595269359e-05
5.86687308818343e-01	2.59591586746621e-03	-4.47772032017291e-05	5.93960763427655e-01	2.45523706865325e-03	-4.68848654266996e-05
6.01198603251833e-01	2.30894251467384e-03	-4.91441131613701e-05	6.08403111481959e-01	2.15656274441534e-03	-5.15697911871449e-05
6.15576628741719e-01	1.99758066178690e-03	-5.41786170944469e-05	6.22721561200610e-01	1.83142528078850e-03	-5.69894348432243e-05
6.29840389563368e-01	1.65746454843796e-03	-6.00235588525955e-05	6.36935679069803e-01	1.47499700159215e-03	-6.33051806719909e-05
6.44010090663259e-01	1.28324202681451e-03	-6.68618480224037e-05	6.51066393514915e-01	1.08132845782816e-03	-7.07250401210668e-05
6.58107479126409e-01	8.68281170588903e-04	-7.49308606358134e-05	6.65136377276440e-01	6.43005244171269e-04	-7.95208681272364e-05
6.72156274130138e-01	4.04267186132623e-04	-8.45430936184943e-05	6.79170532895699e-01	1.50672558131948e-04	-9.00532846312974e-05
6.86182717494596e-01	-1.19360818762071e-04	-9.61164379111867e-05	6.93196619814132e-01	-4.07635127780526e-04	-1.02808696851753e-04
7.00216291240360e-01	-7.16211622655116e-04	-1.10219718034488e-04	7.07246079333485e-01	-1.04745821704200e-03	-1.18455642571957e-04
7.14290670717905e-01	-1.40410782813227e-03	-1.27642855144217e-04	7.21355141529985e-01	-1.78933039330176e-03	-1.37932778270233e-04
7.28445017119254e-01	-2.20682241415582e-03	-1.49508039664514e-04	7.35566343161744e-01	-2.66091914692512e-03	-1.62590492261749e-04
7.42725770958330e-01	-3.15673630263857e-03	-1.77451777610083e-04	7.49930660514153e-01	-3.70035062524188e-03	-1.94427394803576e-04
7.57189206111587e-01	-4.29903372920826e-03	-2.13934673711336e-04	7.64510590625540e-01	-4.96155433143675e-03	-2.36498582180777e-04
7.71905176955980e-01	-5.69857432506871e-03	-2.62788383844414e-04	7.79384747964113e-01	-6.52318715007794e-03	-2.93661738977047e-04
7.86962810650022e-01	-7.45162549088796e-03	-3.30240806005522e-04	7.94654986555136e-01	-8.50425729817372e-03	-3.74004812688122e-04
8.02479519867645e-01	-9.70694910151471e-03	-4.26944270226937e-04	8.10457948896348e-01	-1.10930215357397e-02	-4.91780006971698e-04
8.18616008937476e-01	-1.27060754480099e-02	-5.72307630349878e-04	8.26984870129889e-01	-1.46041804626938e-02	-6.73946407090620e-04
8.35602872635701e-01	-1.68662684340681e-02	-8.04625038639317e-04	8.44518021747287e-01	-1.96021204301626e-02	-9.76305878448658e-04
8.53791683186364e-01	-2.29685815603272e-02	-1.20764884495617e-03	8.63504249018511e-01	-2.71968639697333e-02	-1.52891962150714e-03
8.73764190448654e-01	-3.26405854580111e-02	-1.99150160738393e-03	8.84723259320089e-01	-3.98649106486110e-02	-2.68720676329592e-03
8.96603621804491e-01	-4.98222173220119e-02	-3.78933089515776e-03	9.09750135260966e-01	-6.42246963057828e-02	-5.63922928288396e-03
9.24741364492092e-01	-8.64140371650808e-02	-8.87461420098568e-03	9.42656616641615e-01	-1.23755082225750e-01	-1.37719862420091e-02
9.65820139342264e-01	-1.95713723936834e-01	-7.70676455227082e-03	1.00000000000000e+00	0.00000000000000e+00	0.00000000000000e+00
63	7.74263682681127e+03	4.24857142857143e-01
0.00000000000000e+00	1.31820717944102e-02	-2.27004299306888e-05	2.35480503775333e-02	1.29433869188444e-02	-2.34395579767899e-05
4.64943111709386e-02	1.27085798322226e-02	-2.42399154639639e-05	6.88646667280383e-02	1.24772955667751e-02	-2.50818789317986e-05
9.06836638797753e-02	1.22492175883471e-02	-2.59683775782893e-05	1.11974603873374e-01	1.20240328563390e-02	-2.69026039396714e-05
1.32759627599143e-01	1.18014303380931e-02	-2.78880399668946e-05	1.53059794503371e-01	1.15810995050609e-02	-2.89284921157762e-05
1.72895155781888e-01	1.13627287780005e-02	-3.00281256278012e-05	1.92284822392752e-01	1.11460039168640e-02	-3.11915071067315e-05
2.11247028377013e-01	1.09306063302899e-02	-3.24236524111843e-05	2.29799189933223e-01	1.07162112806940e-02	-3.37300790798079e-05
2.47957960653495e-01	1.05024859693381e-02	-3.51168694663340e-05	2.65739283295913e-01	1.02890874629127e-02	-3.65907385706521e-05
2.83158438439688e-01	1.00756604496857e-02	-3.81591197426978e-05	3.00230090344974e-01	9.86183476141966e-03	-3.98302522095495e-05
3.16968330318950e-01	9.64722265701079e-03	-4.16132955778359e-05	3.33386717872724e-01	9.43141577543938e-03	-4.35184459064430e-05
3.49498319940561e-01	9.21398175799326e-03	-4.55570914346115e-05	3.65315748422880e-01	8.99446041467455e-03	-4.77419747941799e-05
3.80851196308501e-01	8.77235940116883e-03	-5.00873944271341e-05	3.96116472628910e-01	8.54714928746425e-03	-5.26094350403739e-05
4.11123036498799e-01	8.31825792414409e-03	-5.53262455440517e-05	4.25882030502813e-01	8.08506395732911e-03	-5.82583646111523e-05
4.40404313699055e-01	7.84688931883148e-03	-6.14290987768218e-05	4.54700494526119e-01	7.60299054852553e-03	-6.48650024925868e-05
4.68780963922818e-01	7.35254860438994e-03	-6.85964141355910e-05	4.82655929000717e-01	7.09465694691103e-03	-7.26581253536196e-05
4.96335447649115e-01	6.82830750873165e-03	-7.70902012567909e-05	5.09829464503710e-01	6.55237404148967e-03	-8.19389593442743e-05
5.23147848776383e-01	6.26559227833101e-03	-8.72581663333705e-05	5.36300434527656e-01	5.96653620026499e-03	-9.31105270820520e-05
5.49297064070662e-01	5.65358947083427e-03	-9.95695424343968e-05	5.62147635332581e-01	5.32491078296493e-03	-1.06721799389975e-04
5.74862154175569e-01	4.97839161208158e-03	-1.14669852499194e-04	5.87450792905458e-01	4.61160435513963e-03	-1.23535868821190e-04
5.99923956489998e-01	4.22173846312979e-03	-1.33466436983420e-04	6.12292358390405e-01	3.80552031800896e-03	-1.44638381341711e-04
6.24567108417262e-01	3.35911339341122e-03	-1.57266822035762e-04	6.36759815686505e-01	2.87799132690369e-03	-1.71615435090366e-04
6.48882710653968e-01	2.35677577917270e-03	-1.88010148229667e-04	6.60948791424145e-01	1.78902724210439e-03	-2.06857650232317e-04
6.72972001203004e-01	1.16697197136939e-03	-2.28670580231460e-04	6.84967446096144e-01	4.81141363407600e-04	-2.54102346318952e-04
6.96951665746198e-01	-2.80110463947492e-04	-2.83996030808753e-04	7.08942974030398e-01	-1.13126123854068e-03	-3.19454271416220e-04
7.20961893947097e-01	-2.09052266572352e-03	-3.61941033850233e-04	7.33031721115207e-01	-3.18110547532680e-03	-4.13432997589780e-04
7.45179265992927e-01	-4.43302805873480e-03	-4.76650052900318e-04	7.57435849401922e-01	-5.88575864772356e-03	-5.55415858158881e-04
7.69838665218619e-01	-7.59216882394798e-03	-6.55240344949792e-04	7.82432689097096e-01	-9.62462267134090e-03	-7.84289047417008e-04
7.95273423618988e-01	-1.20846429081009e-02	-9.55073443341226e-04	8.08430969524664e-01	-1.51188532015936e-02	-1.18752368688724e-03
8.21996286509550e-01	-1.89464013500389e-02	-1.51491565583561e-03	8.36091249116746e-01	-2.39086338654065e-02	-1.99607044901806e-03
8.50885681673159e-01	-3.05647152799807e-02	-2.74264571960936e-03	8.66628209626525e-01	-3.98899731121112e-02	-3.98671913785043e-03
8.83707178291465e-01	-5.37269870853138e-02	-6.27120423808569e-03	9.02785800802896e-01	-7.59393267245276e-02	-1.10777585492798e-02
9.25156044772558e-01	-1.15964003447852e-01	-2.31455417800470e-02	9.53932992943726e-01	-2.14700575055454e-01	-4.28886592987476e-02
1.00000000000000e+00	0.00000000000000e+00	0.00000000000000e+00
67	7.74263682681127e+03	4.95500000000000e-01
0.00000000000000e+00	1.23178221054818e-02	-1.97171637652538e-05	2.23349204088929e-02	1.21095445694814e-02	-2.03116851038576e-05
4.41353847342944e-02	1.19044547262241e-02	-2.09585557495728e-05	6.54229134883310e-02	1.17022729927017e-02	-2.16367643284254e-05
8.62179841038752e-02	1.15027578052829e-02	-2.23483658927659e-05	1.06540098082805e-01	1.13056702753009e-02	-2.30955855224924e-05
1.26407843610830e-01	1.11107732076126e-02	-2.38808372889920e-05	1.45838953804510e-01	1.09178301013821e-02	-2.47067430496628e-05
1.64850360976219e-01	1.07266041275611e-02	-2.55761538787702e-05	1.83458247268343e-01	1.05368570734214e-02	-2.64921746904179e-05
2.01678091977363e-01	1.03483482448452e-02	-2.74581933703555e-05	2.19524715861470e-01	1.01608333054126e-02	-2.84779091570542e-05
2.37012322701443e-01	9.97406305684834e-03	-2.95553718450137e-05	2.54154538363444e-01	9.78778212110298e-03	-3.06950166404363e-05
2.70964447594021e-01	9.60172754008570e-03	-3.19017157237589e-05	2.87454628761460e-01	9.41562723646294e-03	-3.31808235090048e-05
3.03637186743958e-01	9.22919835721703e-03	-3.45382435531505e-05	3.19523784153207e-01	9.04214542830006e-03	-3.59804886056470e-05
3.35125671072495e-01	8.85415834220837e-03	-3.75147666649145e-05	3.50453713480426e-01	8.66491008936321e-03	-3.91490593572019e-05
3.65518420525844e-01	8.47405426579306e-03	-4.08922391490485e-05	3.80329970815322e-01	8.28122223481498e-03	-4.27541791832020e-05
3.94898237873112e-01	8.08601995363145e-03	-4.47458990135985e-05	4.09232814933501e-01	7.88802435205693e-03	-4.68797183632574e-05
4.23343039228340e-01	7.68677924222816e-03	-4.91694571063128e-05	4.37238015937535e-01	7.48179061980037e-03	-5.16306552331702e-05
4.50926641978596e-01	7.27252127472688e-03	-5.42808355064039e-05	4.64417629822756e-01	7.05838455603769e-03	-5.71398005255741e-05
4.77719531540677e-01	6.83873722780337e-03	-6.02300341325801e-05	4.90840763300433e-01	6.61287105511454e-03	-6.35771118522310e-05
5.03789630566889e-01	6.38000304452246e-03	-6.72102372805128e-05	5.16574354283495e-01	6.13926397344078e-03	-7.11628752880777e-05
5.29203098358792e-01	5.88968491246145e-03	-7.54735463630585e-05	5.41683998831156e-01	5.63018112128177e-03	-8.01867024069480e-05
5.54025195150636e-01	5.35953311960213e-03	-8.53539553244964e-05	5.66234864096551e-01	5.07636371989295e-03	-9.10353835288369e-05
5.78321256954076e-01	4.77911071832171e-03	-9.73013642000531e-05	5.90292740700571e-01	4.46599360449329e-03	-1.04234700644801e-04
6.02157844119737e-01	4.13497313412736e-03	-1.11933366903294e-04	6.13925309972407e-01	3.78370174009324e-03	-1.20513954661616e-04
6.25604154626698e-01	3.40946225110006e-03	-1.30116017795334e-04	6.37203736905997e-01	3.00909208794442e-03	-1.40907917225208e-04
6.48733838377919e-01	2.57888754900470e-03	-1.53093934796233e-04	6.60204757928819e-01	2.11448366622946e-03	-1.66924153523151e-04
6.71627424289295e-01	1.61070019000298e-03	-1.82707038793639e-04	6.83013531298916e-01	1.06134421484194e-03	-2.00826991017644e-04
6.94375702222411e-01	4.58951603348634e-04	-2.21767121361349e-04	7.05727691561485e-01	-2.05551343233301e-04	-2.46142152102280e-04
7.17084635782180e-01	-9.43301140993058e-04	-2.74743139604627e-04	7.28463368665321e-01	-1.76810983848363e-03	-3.08601398021802e-04
7.39882823202288e-01	-2.69730435009563e-03	-3.49082704861114e-04	7.51364551181116e-01	-3.75290348233337e-03	-3.98023741540632e-04
7.62933405621867e-01	-4.96328733370888e-03	-4.57943138470585e-04	7.74618452906466e-01	-6.36563174227722e-03	-5.32364892309234e-04
7.86454216127578e-01	-8.00952561322743e-03	-6.26342015515924e-04	7.98482408072885e-01	-9.96251114503210e-03	-7.47320353415848e-04
8.10754409200407e-01	-1.23188215056069e-02	-9.06631286675008e-04	8.23334917555110e-01	-1.52136748785991e-02	-1.12218326842073e-03
8.36307516092846e-01	-1.88476442251394e-02	-1.42359411528359e-03	8.49783527352898e-01	-2.35303237165650e-02	-1.86262293069728e-03
8.63916833835304e-01	-2.97633275502535e-02	-2.53613548545628e-03	8.78930315540210e-01	-3.84098088560373e-02	-3.64190152577670e-03
8.95167039451766e-01	-5.10727379804428e-02	-5.63220143850818e-03	9.13200852532887e-01	-7.10385993334085e-02	-9.70835123599012e-03
9.34115189253109e-01	-1.06040903741616e-01	-1.96767395740720e-02	9.60390826086718e-01	-1.84505095561726e-01	-4.18026234147255e-02
1.00000000000000e+00	0.00000000000000e+00	0.00000000000000e+00
74	7.74263682681127e+03	5.66142857142857e-01
0.00000000000000e+00	1.10765069443048e-02	-1.58317120673157e-05	2.03885716733388e-02	1.09082254061781e-02	-1.62519687822993e-05
4.03371389875737e-02	1.07422918958990e-02	-1.67156943480240e-05	5.98616769281298e-02	1.05785093313273e-02	-1.71995227016275e-05
7.89774603697473e-02	1.04167195827236e-02	-1.77046314409068e-05	9.76991047023407e-02	1.02567662625082e-02	-1.82322852597672e-05
1.16040604072387e-01	1.00984942093727e-02	-1.87838451353173e-05	1.34015367198951e-01	9.94174896244604e-03	-1.93607752916325e-05
1.51636250958022e-01	9.78637623004230e-03	-1.99646534728704e-05	1.68915591912946e-01	9.63222134711939e-03	-2.05971834654761e-05
1.85865235954554e-01	9.47912870754264e-03	-2.12602040254861e-05	2.02496566201876e-01	9.32694118125199e-03	-2.19557037752782e-05
2.18820529302873e-01	9.17549950435870e-03	-2.26858378595818e-05	2.34847660264397e-01	9.02464162766359e-03	-2.34529409899320e-05
2.50588105931584e-01	8.87420203373868e-03	-2.42595474724272e-05	2.66051647228688e-01	8.72401101146258e-03	-2.51084157396608e-05
2.81247720266259e-01	8.57389385838903e-03	-2.60025439622336e-05	2.96185436413419e-01	8.42367004644040e-03	-2.69452049537211e-05
3.10873601428353e-01	8.27315229373315e-03	-2.79399708722483e-05	3.25320733735719e-01	8.12214556088464e-03	-2.89907468995487e-05
3.39535081935713e-01	7.97044595684437e-03	-3.01018130548503e-05	3.53524641626395e-01	7.81783952318049e-03	-3.12778644384615e-05
3.67297171618638e-01	7.66410089797342e-03	-3.25240621195100e-05	3.80860209621381e-01	7.50899183088194e-03	-3.38460899287352e-05
3.94221087474120e-01	7.35225952277285e-03	-3.52502157916490e-05	4.07386946003633e-01	7.19363478070822e-03	-3.67433697519015e-05
4.20364749582784e-01	7.03282994003396e-03	-3.83332292543948e-05	4.33161300471264e-01	6.86953652424038e-03	-4.00283178811911e-05
4.45783253021043e-01	6.70342258584689e-03	-4.18381108708843e-05	4.58237127833672e-01	6.53412972685641e-03	-4.37731812743536e-05
4.70529325961903e-01	6.36126965942196e-03	-4.58453393048508e-05	4.82666143255760e-01	6.18442033036470e-03	-4.80678294909609e-05
4.94653784961881e-01	6.00312141872039e-03	-5.04555229936532e-05	5.06498380696857e-01	5.81686920199642e-03	-5.30251738000143e-05
5.18205999928987e-01	5.62511063596216e-03	-5.57957258817687e-05	5.29782668120355e-01	5.42723641885523e-03	-5.87886293537121e-05
5.41234383702792e-01	5.22257302929829e-03	-6.20282871497402e-05	5.52567136086802e-01	5.01037332019916e-03	-6.55425209084015e-05
5.63786924935417e-01	4.78980560838949e-03	-6.93632116497422e-05	5.74899780973739e-01	4.55994065968213e-03	-7.35269688745266e-05
5.85911788654763e-01	4.31973642383876e-03	-7.80760346439369e-05	5.96829111061677e-01	4.06801982212146e-03	-8.30593490117604e-05
6.07658017502818e-01	3.80346496789774e-03	-8.85338519245327e-05	6.18404914349751e-01	3.52456704067339e-03	-9.45661219380334e-05
6.29076379787464e-01	3.22961075776251e-03	-1.01234442385412e-04	6.39679203296129e-01	2.91663168236300e-03	-1.08631150335325e-04
6.50220430877137e-01	2.58336966525619e-03	-1.16866114717729e-04	6.60707417278959e-01	2.22721054912256e-03	-1.26070528706057e-04
6.71147886803224e-01	1.84511476131921e-03	-1.36402383880796e-04	6.81550004683114e-01	1.43352705182198e-03	-1.48052899226592e-04
6.91922461582788e-01	9.88264160692642e-04	-1.61255895817947e-04	7.02274574492963e-01	5.04369921271897e-04	-1.76298833578503e-04
7.12616408297764e-01	-2.40687046272337e-05	-1.93538990197917e-04	7.22958923624827e-01	-6.04161366653422e-04	-2.13424672566909e-04
7.33314158463753e-01	-1.24452991892532e-03	-2.36523709857384e-04	7.43695453651613e-01	-1.95572518491860e-03	-2.63564913862258e-04
7.54117736032287e-01	-2.75079058129013e-03	-2.95495261532164e-04	7.64597878494968e-01	-3.64603276139097e-03	-3.33562374786656e-04
7.75155164035952e-01	-4.66208934613799e-03	-3.79438255813769e-04	7.85811892941116e-01	-5.82544566599252e-03	-4.35402023918341e-04
7.96594190657211e-01	-7.17062181955774e-03	-5.04625339926790e-04	8.07533103074944e-01	-8.74340779166793e-03	-5.91625240033755e-04
8.18666113506317e-01	-1.06057748433500e-02	-7.03007218572083e-04	8.30039295736196e-01	-1.28435530048733e-02	-8.48734956438779e-04
8.41710457734749e-01	-1.55788638488669e-02	-1.04438966787046e-03	8.53753887336590e-01	-1.89910559849300e-02	-1.31542073561985e-03
8.66267806433421e-01	-2.33537002402004e-02	-1.70562753288794e-03	8.79386658113217e-01	-2.91037237192538e-02	-2.29544153661299e-03
8.93302609666617e-01	-3.69797568907486e-02	-3.24518367879034e-03	9.08306171211394e-01	-4.83232187288440e-02	-4.91027178252734e-03
9.24871081963979e-01	-6.58058846546812e-02	-8.19787961796403e-03	9.43858428536909e-01	-9.54527000928943e-02	-1.58773347681957e-02
9.67121139986238e-01	-1.56390552652016e-01	-3.48034718961776e-02	1.00000000000000e+00	0.00000000000000e+00	0.00000000000000e+00
76	7.74263682681127e+03	6.36785714285714e-01
0.00000000000000e+00	1.07216384623179e-02	-1.47192870689761e-05	2.00116351656537e-02	1.05642526669310e-02	-1.50951081394624e-05
3.96048764123402e-02	1.04090054878827e-02	-1.55117694837781e-05	5.87944293140102e-02	1.02557200245885e-02	-1.59459039896781e-05
7.75943747477885e-02	1.01042577590631e-02	-1.63985011547574e-05	9.60182039838909e-02	9.95448169899760e-03	-1.68706226011395e-05
1.14078851810026e-01	9.80625595023144e-03	-1.73634062861083e-05	1.31788727616361e-01	9.65944529057960e-03	-1.78780746382667e-05
1.49159744598806e-01	9.51391473491237e-03	-1.84159421128260e-05	1.66203347225875e-01	9.36952908893196e-03	-1.89784226529710e-05
1.82930537103086e-01	9.22615249337833e-03	-1.95670403910775e-05	1.99351897358660e-01	9.08364794579142e-03	-2.01834377953070e-05
2.15477615665186e-01	8.94187680906833e-03	-2.08293897001610e-05	2.31317506003640e-01	8.80069828828889e-03	-2.15068142912500e-05
2.46881029268866e-01	8.65996888230924e-03	-2.22177882804875e-05	2.62177312809000e-01	8.51954179663483e-03	-2.29645611484752e-05
2.77215168985518e-01	8.37926632180186e-03	-2.37495749733085e-05	2.92003112835404e-01	8.23898716241156e-03	-2.45754846857071e-05
3.06549378912440e-01	8.09854370312890e-03	-2.54451749959195e-05	3.20861937380772e-01	7.95776923825198e-03	-2.63617962235063e-05
3.34948509430421e-01	7.81649009552932e-03	-2.73287813961076e-05	3.48816582081951e-01	7.67452470631880e-03	-2.83498847404307e-05
3.62473422445060e-01	7.53168256753312e-03	-2.94292150992970e-05	3.75926091494448e-01	7.38776311351375e-03	-3.05712851422779e-05
3.89181457425152e-01	7.24255442784849e-03	-3.17810428600573e-05	4.02246208649392e-01	7.09583186076035e-03	-3.30639395300647e-05
4.15126866496827e-01	6.94735645508016e-03	-3.44259871012387e-05	4.27829797681368e-01	6.79687318268596e-03	-3.58738233177114e-05
4.40361226599278e-01	6.64410897752332e-03	-3.74147956896387e-05	4.52727247525755e-01	6.48877052226626e-03	-3.90570604340557e-05
4.64933836780681e-01	6.33054172438485e-03	-4.08096831647775e-05	4.76986864938907e-01	6.16908086167944e-03	-4.26827614268266e-05
4.88892109166136e-01	6.00401735126321e-03	-4.46875786914713e-05	5.00655265768691e-01	5.83494802537765e-03	-4.68367617594279e-05
5.12281963054682e-01	5.66143291853827e-03	-4.91445002901436e-05	5.23777774614809e-01	5.48299034941602e-03	-5.16267566406103e-05
5.35148233145010e-01	5.29909131727568e-03	-5.43015599177021e-05	5.46398844949222e-01	5.10915294023251e-03	-5.71893072942586e-05
5.57535105281100e-01	4.91253093683919e-03	-6.03131937371160e-05	5.68562514707528e-01	4.70851072201173e-03	-6.36996407381574e-05
5.79486596707632e-01	4.49629705512278e-03	-6.73788651333052e-05	5.90312916757185e-01	4.27500184723617e-03	-7.13855585581236e-05
6.01047103193958e-01	4.04362976189998e-03	-7.57597206093585e-05	6.11694870215566e-01	3.80106095265353e-03	-8.05475700571545e-05
6.22262043431598e-01	3.54603083228189e-03	-8.58029080514910e-05	6.32754588476953e-01	3.27710534709635e-03	-9.15885018593077e-05
6.43178643305000e-01	2.99265150246542e-03	-9.79780404148922e-05	6.53540554914569e-01	2.69080126533017e-03	-1.05058363472743e-04
6.63846921442231e-01	2.36940803212926e-03	-1.12932633462792e-04	6.74104640773269e-01	2.02599232435441e-03	-1.21723838017340e-04
6.84320967119303e-01	1.65767518799220e-03	-1.31579697912443e-04	6.94503577384711e-01	1.26109501645910e-03	-1.42678942977925e-04
7.04660649643672e-01	8.32302705755072e-04	-1.55239342991331e-04	7.14800956711517e-01	3.66628794567614e-04	-1.69528405215003e-04
7.24933978681218e-01	-1.41486696321969e-04	-1.85877642938870e-04	7.35070039503308e-01	-6.98714481084828e-04	-2.04701816044928e-04
7.45220474349198e-01	-1.31312410697682e-03	-2.26525288329782e-04	7.55397836816473e-01	-1.99456545682697e-03	-2.52018666074161e-04
7.65616158320411e-01	-2.75518074446768e-03	-2.82050518502164e-04	7.75891276749756e-01	-3.61010149582597e-03	-3.17761865929800e-04
7.86241258409691e-01	-4.57841460382202e-03	-3.60674361323365e-04	7.96686947680832e-01	-5.68452053205815e-03	-4.12854392793927e-04
8.07252694737629e-01	-6.96008820540883e-03	-4.77163349107190e-04	8.17967336701868e-01	-8.44692735848462e-03	-5.57654053909618e-04
8.28865548024773e-01	-1.02013220528948e-02	-6.60216036753924e-04	8.39989743387443e-01	-1.23007535077406e-02	-7.93670901014343e-04
8.51392833305546e-01	-1.48547006503763e-02	-9.71701400581448e-04	8.63142344147624e-01	-1.80226517148617e-02	-1.21644636699436e-03
8.75326816629629e-01	-2.20455975730860e-02	-1.56558139043361e-03	8.88066210454863e-01	-2.73041170377735e-02	-2.08738906284656e-03
9.01529812591326e-01	-3.44329185031976e-02	-2.91583640617143e-03	9.15969367334735e-01	-4.45655893082881e-02	-4.34250565005834e-03
9.31786466171633e-01	-5.99127738620855e-02	-7.09743491043913e-03	9.49688785299581e-01	-8.53087356376787e-02	-1.34004646500396e-02
9.71129485037078e-01	-1.34859237592609e-01	-3.01136329602716e-02	1.00000000000000e+00	0.00000000000000e+00	0.00000000000000e+00
72	7.74263682681127e+03	7.07428571428571e-01
0.00000000000000e+00	1.12619078454521e-02	-1.61018470339336e-05	2.12894646072263e-02	1.10887571289797e-02	-1.65402351077759e-05
4.21119622997893e-02	1.09180704450675e-02	-1.70209457204251e-05	6.24846900635729e-02	1.07496443199557e-02	-1.75229083938522e-05
8.24240796312373e-02	1.05833110999904e-02	-1.80473941293613e-05	1.01945842563990e-01	1.04189050075438e-02	-1.85957703693340e-05
1.21065012606722e-01	1.02562615721349e-02	-1.91695093481048e-05	1.39795985318073e-01	1.00952170574133e-02	-1.97701986566212e-05
1.58152555196095e-01	9.93560787678560e-03	-2.03995523802014e-05	1.76147950501934e-01	9.77726999237971e-03	-2.10594225944494e-05
1.93794865967565e-01	9.62003829537106e-03	-2.17518133549532e-05	2.11105493558927e-01	9.46374596064836e-03	-2.24788963172351e-05
2.28091551452690e-01	9.30822376785434e-03	-2.32430269502260e-05	2.44764311373224e-01	9.15329938565734e-03	-2.40467637151465e-05
2.61134624425874e-01	8.99879661281089e-03	-2.48928909474255e-05	2.77212945553448e-01	8.84453455880663e-03	-2.57844400346485e-05
2.93009356734749e-01	8.69032677320458e-03	-2.67247206899857e-05	3.08533589036779e-01	8.53598028569147e-03	-2.77173452778445e-05
3.23795043626316e-01	8.38129458651027e-03	-2.87662727058713e-05	3.38802811841138e-01	8.22606048050911e-03	-2.98758387431430e-05
3.53565694417191e-01	8.07005884836931e-03	-3.10508042882240e-05	3.68092219964364e-01	7.91305928192587e-03	-3.22964124970238e-05
3.82390662781150e-01	7.75481853663895e-03	-3.36184326787947e-05	3.96469060097042e-01	7.59507885882726e-03	-3.50232433847797e-05
4.10335228830583e-01	7.43356606925527e-03	-3.65178985199943e-05	4.23996781951733e-01	7.26998744305596e-03	-3.81102238211639e-05
4.37461144538450e-01	7.10402928025000e-03	-3.98089026152348e-05	4.50735569620347e-01	6.93535423077352e-03	-4.16236220381894e-05
4.63827153905881e-01	6.76359816963235e-03	-4.35651862427111e-05	4.76742853495774e-01	6.58836669479523e-03	-4.56456862214516e-05
4.89489499692171e-01	6.40923110402691e-03	-4.78786865119041e-05	5.02073815022760e-01	6.22572380876107e-03	-5.02794645118598e-05
5.14502429610811e-01	6.03733294047037e-03	-5.28652215099346e-05	5.26781898037485e-01	5.84349631273762e-03	-5.56554612225479e-05
5.38918716859961e-01	5.64359419648008e-03	-5.86722996502864e-05	5.50919342973162e-01	5.43694104224457e-03	-6.19409283675321e-05
5.62790213029552e-01	5.22277574143759e-03	-6.54901368741800e-05	5.74537764166644e-01	5.00025017397987e-03	-6.93529390556336e-05
5.86168456334302e-01	4.76841576472253e-03	-7.35673831326888e-05	5.97688796566410e-01	4.52620731806430e-03	-7.81773967943877e-05
6.09105365608192e-01	4.27242411253581e-03	-8.32340629062234e-05	6.20424847390334e-01	4.00570676786138e-03	-8.87968792875338e-05
6.31654061946923e-01	3.72450990050055e-03	-9.49356717283578e-05	6.42800002500698e-01	3.42706852464714e-03	-1.01732682361799e-04
6.53869877607513e-01	3.11135730742995e-03	-1.09285352211330e-04	6.64871159461165e-01	2.77504052109823e-03	-1.17709831010337e-04
6.75811639733127e-01	2.41541014207192e-03	-1.27145447170296e-04	6.86699494676495e-01	2.02930874818041e-03	-1.37760476353277e-04
6.97543361688906e-01	1.61303271993241e-03	-1.49759668111038e-04	7.08352430146355e-01	1.16220965455982e-03	-1.63394166182718e-04
7.19136550146619e-01	6.71641642133514e-04	-1.78974714915014e-04	7.29906363921668e-01	1.35102700549616e-04	-1.96889351089524e-04
7.40673466216805e-01	-4.54925562162423e-04	-2.17627675652476e-04	7.51450602072624e-01	-1.10760300733526e-03	-2.41814656600337e-04
7.62251913466022e-01	-1.83419877290003e-03	-2.70257917359906e-04	7.73093250603999e-01	-2.64872659271831e-03	-3.04015587873074e-04
7.83992569997425e-01	-3.56882148114768e-03	-3.44495548760815e-04	7.94970450884428e-01	-4.61697104625292e-03	-3.93603776158047e-04
8.06050775962559e-01	-5.82227964073712e-03	-4.53971352843530e-04	8.17261644867859e-01	-7.22305297284298e-03	-5.29311374740438e-04
8.28636624947960e-01	-8.87067855991652e-03	-6.24999787420588e-04	8.40216503737455e-01	-1.08356241562685e-02	-7.49053275885370e-04
8.52051810490371e-01	-1.32170191756642e-02	-9.13848342166235e-04	8.64206558742585e-01	-1.61585575786466e-02	-1.13929862058670e-03
8.76764009786385e-01	-1.98761059650544e-02	-1.45909490358087e-03	8.89835952378254e-01	-2.47082914336798e-02	-1.93388689223961e-03
9.03578487514295e-01	-3.12154166703379e-02	-2.68182343329104e-03	9.18220813635994e-01	-4.03888597873564e-02	-3.95828475709425e-03
9.34122739815817e-01	-5.41399027955467e-02	-6.40024156206564e-03	9.51905002124514e-01	-7.65794435043978e-02	-1.19675043842853e-02
9.72804950540861e-01	-1.19187923271214e-01	-2.75398211862241e-02	1.00000000000000e+00	0.00000000000000e+00	0.00000000000000e+00
67	7.74263682681127e+03	7.78071428571429e-01
0.00000000000000e+00	1.20455641332073e-02	-1.82399635491048e-05	2.30505297868716e-02	1.18481590476154e-02	-1.87792043406798e-05
4.55612457958061e-02	1.16537484209847e-02	-1.93646369373024e-05	6.75533405080729e-02	1.14620810792234e-02	-1.99778772633774e-05
8.90470016229843e-02	1.12729392346635e-02	-2.06207146946635e-05	1.10061475192704e-01	1.10861075844790e-02	-2.12950844571402e-05
1.30615124581640e-01	1.09013724646956e-02	-2.20030825179851e-05	1.50725485398121e-01	1.07185209934060e-02	-2.27469826197257e-05
1.70409316745581e-01	1.05373401912632e-02	-2.35292530543774e-05	1.89682649110066e-01	1.03576160792123e-02	-2.43525786527421e-05
2.08560829173771e-01	1.01791327351530e-02	-2.52198823300631e-05	2.27058561820315e-01	1.00016713105082e-02	-2.61343532792502e-05
2.45189949576128e-01	9.82500898114669e-03	-2.70994728623908e-05	2.62968529713549e-01	9.64891784205402e-03	-2.81190520756702e-05
2.80407309224559e-01	9.47316370576456e-03	-2.91972643684524e-05	2.97518797859725e-01	9.29750481944280e-03	-3.03386933422356e-05
3.14315039414182e-01	9.12169045469335e-03	-3.15483779838033e-05	3.30807641431923e-01	8.94545937135249e-03	-3.28318695625995e-05
3.47007803490489e-01	8.76853812359135e-03	-3.41952955780211e-05	3.62926344220868e-01	8.59063918243730e-03	-3.56454322842925e-05
3.78573727211718e-01	8.41145884378269e-03	-3.71897871691562e-05	3.93960085942965e-01	8.23067490543439e-03	-3.88367053203442e-05
4.09095247891377e-01	8.04794401559872e-03	-4.05954669802089e-05	4.23988757950464e-01	7.86289872917068e-03	-4.24764332416228e-05
4.38649901307949e-01	7.67514412111647e-03	-4.44911851096297e-05	4.53087725927972e-01	7.48425398477770e-03	-4.66527218636603e-05
4.67311064790510e-01	7.28976640399281e-03	-4.89756430332999e-05	4.81328558049585e-01	7.09117875874332e-03	-5.14764217365293e-05
4.95148675282649e-01	6.88794189986375e-03	-5.41736860797393e-05	5.08779738019446e-01	6.67945340932352e-03	-5.70885585355896e-05
5.22229942757932e-01	6.46504980297835e-03	-6.02450881468375e-05	5.35507384699564e-01	6.24399735836056e-03	-6.36707278998117e-05
5.48620082467938e-01	6.01548142125141e-03	-6.73969553315334e-05	5.61576004113481e-01	5.77859372189393e-03	-7.14599740463395e-05
5.74383094756492e-01	5.53231741076088e-03	-7.59016077704899e-05	5.87049306281790e-01	5.27550924989151e-03	-8.07703993763731e-05
5.99582629575457e-01	5.00687813861034e-03	-8.61228608377562e-05	6.11991129891996e-01	4.72495964202313e-03	-9.20252655731701e-05
6.24282986060930e-01	4.42808460929101e-03	-9.85555262089655e-05	6.36466534401603e-01	4.11434150737211e-03	-1.05805921828850e-04
6.48550318410848e-01	3.78152986711755e-03	-1.13886304944355e-04	6.60543145549295e-01	3.42710293137438e-03	-1.22928280488210e-04
6.72454152785369e-01	3.04809632718062e-03	-1.33090596908580e-04	6.84292882995465e-01	2.64103862911247e-03	-1.44566156579096e-04
6.96069374899728e-01	2.20183827017473e-03	-1.57591239830834e-04	7.07794269989455e-01	1.72563900478373e-03	-1.72457638028645e-04
7.19478940952961e-01	1.20663388174247e-03	-1.89529185826709e-04	7.31135647542080e-01	6.37822858746029e-04	-2.09264334257719e-04
7.42777727815395e-01	1.06922903516660e-05	-2.32246798569369e-04	7.54419835503246e-01	-6.85212154021175e-04	-2.59229376465608e-04
7.66078238245286e-01	-1.46286443158061e-03	-2.91196453150011e-04	7.77771197295387e-01	-2.33855653297421e-03	-3.29454134336160e-04
7.89519457962840e-01	-3.33301465536273e-03	-3.75766007987943e-04	8.01346893196546e-01	-4.47299473707319e-03	-4.32559384783815e-04
8.13281363166921e-01	-5.79361186469540e-03	-5.03248636582798e-04	8.25355886342200e-01	-7.34182541672412e-03	-5.92758788411363e-04
8.37610271341870e-01	-9.18180313811601e-03	-7.08403972582872e-04	8.50093450689251e-01	-1.14034489391766e-02	-8.61424790081555e-04
8.62866920988254e-01	-1.41364862410774e-02	-1.06981253301752e-03	8.76009999212437e-01	-1.75747586627156e-02	-1.36382580850980e-03
8.89628208377886e-01	-2.20204620369332e-02	-1.79756395276454e-03	9.03867386391988e-01	-2.79699331516167e-02	-2.47560829269000e-03
9.18939074529491e-01	-3.62936238277430e-02	-3.62205879128541e-03	9.35170405370296e-01	-4.86514609487770e-02	-5.79100184132941e-03
9.53114724802639e-01	-6.85620959376471e-02	-1.06794817831142e-02	9.73844809509369e-01	-1.05640296042880e-01	-2.43763595788615e-02
1.00000000000000e+00	0.00000000000000e+00	0.00000000000000e+00
60	7.74263682681127e+03	8.48714285714286e-01
0.00000000000000e+00	1.33959857876429e-02	-2.23158842220794e-05	2.59273613091809e-02	1.31528721638068e-02	-2.30617754171103e-05
5.11815430264538e-02	1.29138366217616e-02	-2.38649373509592e-05	7.57917888089986e-02	1.26785178899007e-02	-2.47108233624171e-05
9.97858103382064e-02	1.24465861542504e-02	-2.56025190998876e-05	1.23189893801336e-01	1.22177154140635e-02	-2.65433939494741e-05
1.46028998427662e-01	1.19915818877936e-02	-2.75371330846763e-05	1.68326847631194e-01	1.17678623869810e-02	-2.85877727792538e-05
1.90106013463684e-01	1.15462326455964e-02	-2.96997434205970e-05	2.11387995014217e-01	1.13263655727101e-02	-3.08779133684212e-05
2.32193291332774e-01	1.11079294246559e-02	-3.21276459227526e-05	2.52541469403301e-01	1.08905858505202e-02	-3.34548567382242e-05
2.72451227646899e-01	1.06739878060480e-02	-3.48660870821416e-05	2.91940455396438e-01	1.04577772879615e-02	-3.63685837800887e-05
3.11026288750270e-01	1.02415828578488e-02	-3.79703907771312e-05	3.29725163183951e-01	1.00250169205198e-02	-3.96804583284727e-05
3.48052863274794e-01	9.80767270619420e-03	-4.15087708536266e-05	3.66024569874467e-01	9.58912088654507e-03	-4.34664882977831e-05
3.83654905049656e-01	9.36890577884197e-03	-4.55661180798206e-05	4.00957975099754e-01	9.14654105829582e-03	-4.78217220283295e-05
4.17947411953942e-01	8.92150484785770e-03	-5.02491417908590e-05	4.34636413248301e-01	8.69323412292067e-03	-5.28662824104131e-05
4.51037781386335e-01	8.46111827680018e-03	-5.56934528610498e-05	4.67163961894932e-01	8.22449162609806e-03	-5.87537414615813e-05
4.83027081402835e-01	7.98262476311185e-03	-6.20735109919668e-05	4.98638985590229e-01	7.73471436629447e-03	-6.56829449070528e-05
5.14011277489428e-01	7.47987131700367e-03	-6.96167683342797e-05	5.29155356556954e-01	7.21710653571939e-03	-7.39150466326777e-05
5.44082458992202e-01	6.94531428640066e-03	-7.86242469141829e-05	5.58803699846531e-01	6.66325212122310e-03	-8.37984730213126e-05
5.73330117557500e-01	6.36951685389997e-03	-8.95010406709584e-05	5.87672721657565e-01	6.06251548897974e-03	-9.58064228775424e-05
6.01842544555187e-01	5.74042986647028e-03	-1.02802697171223e-04	6.15850698477285e-01	5.40117333998280e-03	-1.10594623913496e-04
6.29708438909573e-01	5.04233739731696e-03	-1.19307602459706e-04	6.43427236193397e-01	4.66112531572160e-03	-1.29092747219062e-04
6.57018857361109e-01	4.25426915352212e-03	-1.40133536858045e-04	6.70495460851577e-01	3.81792454397756e-03	-1.52654313322564e-04
6.83869707497727e-01	3.34753729240833e-03	-1.66932039991963e-04	6.97154892184451e-01	2.83767068412866e-03	-1.83311488962445e-04
7.10365101962969e-01	2.28178141361512e-03	-2.02226387501225e-04	7.23515408314269e-01	1.67192423779938e-03	-2.24228449431374e-04
7.36622103943150e-01	9.98357859879562e-04	-2.50028018960347e-04	7.49702998315536e-01	2.49011811838562e-04	-2.80552152973623e-04
7.62777791712008e-01	-5.91246196899653e-04	-3.17029094014432e-04	7.75868555799627e-01	-1.54163465167267e-03	-3.61113809028479e-04
7.89000361162460e-01	-2.62691832784701e-03	-4.15079111017125e-04	8.02202111488549e-01	-3.87953519893480e-03	-4.82114496688890e-04
8.15507674740767e-01	-5.34277086514745e-03	-5.66808560438892e-04	8.28957451865456e-01	-7.07562974525133e-03	-6.75956570844294e-04
8.42600608894238e-01	-9.16055985409436e-03	-8.19965733538597e-04	8.56498349193490e-01	-1.17161545181749e-02	-1.01543442672170e-03
8.70728882419372e-01	-1.49189933818314e-02	-1.29016032525042e-03	8.85395296038188e-01	-1.90432022007123e-02	-1.69360721758438e-03
9.00638689844454e-01	-2.45367776892669e-02	-2.32086974768886e-03	9.16661576754906e-01	-3.21806752775969e-02	-3.37445226367628e-03
9.33773300408432e-01	-4.34531200486894e-02	-5.35162137498424e-03	9.52489157121266e-01	-6.14572513518612e-02	-9.76597984565797e-03
9.73787542131092e-01	-9.45577904661392e-02	-2.20606711298799e-02	1.00000000000000e+00	0.00000000000000e+00	0.00000000000000e+00
53	7.74263682681127e+03	9.19357142857143e-01
0.00000000000000e+00	1.51089842935610e-02	-2.80492462343407e-05	2.95572680218619e-02	1.48012329955090e-02	-2.91199445237034e-05
5.82523372126845e-02	1.44992723969515e-02	-3.02698926410994e-05	8.61271922369426e-02	1.42025435549309e-02	-3.14894133734978e-05
1.13221357195717e-01	1.39105190875395e-02	-3.27842380738463e-05	1.39572087080827e-01	1.36226776405064e-02	-3.41607009228806e-05
1.65214543102127e-01	1.33385006191924e-02	-3.56258170401968e-05	1.90181953408988e-01	1.30574688297134e-02	-3.71873714910542e-05
2.14505760760544e-01	1.27790589823678e-02	-3.88540232385548e-05	2.38215758535492e-01	1.25027400028119e-02	-4.06354267903364e-05
2.61340216331277e-01	1.22279690823508e-02	-4.25423703220851e-05	2.83905996281435e-01	1.19541874107267e-02	-4.45869424587908e-05
3.05938661116467e-01	1.16808154940304e-02	-4.67827222139228e-05	3.27462574906415e-01	1.14072479760037e-02	-4.91450058781595e-05
3.48500997350464e-01	1.11328478487842e-02	-5.16910766210632e-05	3.69076172419828e-01	1.08569399121612e-02	-5.44405209412790e-05
3.89209412114083e-01	1.05788033219287e-02	-5.74156037820295e-05	4.08921176057773e-01	1.02976630530167e-02	-6.06417286150851e-05
4.28231147643460e-01	1.00126799984188e-02	-6.41479744585283e-05	4.47158307420722e-01	9.72293946090863e-03	-6.79677628241393e-05
4.65721004437945e-01	9.42743762122999e-03	-7.21396494869353e-05	4.83937026268181e-01	9.12506558987070e-03	-7.67083147128478e-05
5.01823668493147e-01	8.81459040006405e-03	-8.17257530343340e-05	5.19397804485648e-01	8.49463229651515e-03	-8.72527708142279e-05
5.36675956423889e-01	8.16363735594061e-03	-9.33608438333788e-05	5.53674368599557e-01	7.81984424575954e-03	-1.00134433916432e-04
5.70409084254000e-01	7.46124363136724e-03	-1.07673933821273e-04	5.86896027406040e-01	7.08552822637998e-03	-1.16099431368477e-04
6.03151091439495e-01	6.69003075013697e-03	-1.25555497217711e-04	6.19190236623507e-01	6.27164644510803e-03	-1.36217471262245e-04
6.35029599277511e-01	5.82673527037225e-03	-1.48299667492413e-04	6.50685616017899e-01	5.35099728428134e-03	-1.62066202161082e-04
6.66175167504766e-01	4.83931261262183e-03	-1.77845679082855e-04	6.81515747447767e-01	4.28553300318302e-03	-1.96050893192412e-04
6.96725664491192e-01	3.68220810998832e-03	-2.17206310385132e-04	7.11824287201683e-01	3.02022035165139e-03	-2.41986244518877e-04
7.26832346099730e-01	2.28829182440626e-03	-2.71269435801136e-04	7.41772312052814e-01	1.47230757697447e-03	-3.06218235462286e-04
7.56668878290160e-01	5.54370923811165e-04	-3.48396049142163e-04	7.71549585268053e-01	-4.88540718706187e-04	-3.99945754160136e-04
7.86445646085808e-01	-1.68652989818519e-03	-4.63868137427603e-04	8.01393059424156e-01	-3.07968954988402e-03	-5.44470015306997e-04
8.16434144784099e-01	-4.72255925628129e-03	-6.48111506910576e-04	8.31619715622651e-01	-6.69116857816177e-03	-7.84504837787248e-04
8.47012248174707e-01	-9.09458755056813e-03	-9.69085021120142e-04	8.62690665905983e-01	-1.20947125507984e-02	-1.22759553609741e-03
8.78757870542136e-01	-1.59419458120558e-02	-1.60562728592928e-03	8.95353215985858e-01	-2.10436946263659e-02	-2.19032137855302e-03
9.12674536429457e-01	-2.81062586772221e-02	-3.16592550838735e-03	9.31020431425302e-01	-3.84573101204010e-02	-4.98076535047853e-03
9.50881234962355e-01	-5.48593392026002e-02	-8.98290400647284e-03	9.73170329949197e-01	-8.46791626058980e-02	-1.99315980196695e-02
1.00000000000000e+00	0.00000000000000e+00	0.00000000000000e+00
46	7.74263682681127e+03	9.90000000000000e-01
0.00000000000000e+00	1.73538535035040e-02	-3.65241777215974e-05	3.42857547621899e-02	1.69501589765770e-02	-3.81415532870744e-05
6.74285973553741e-02	1.65551335636320e-02	-3.98832820021067e-05	9.94919580317600e-02	1.61678365329381e-02	-4.17473315430517e-05
1.30535042062949e-01	1.57873629050163e-02	-4.37454430886053e-05	1.60613203543447e-01	1.54128173487409e-02	-4.58908022202831e-05
1.89778283369693e-01	1.50433066909785e-02	-4.81982577307249e-05	2.18078915542153e-01	1.46779321267230e-02	-5.06845799852496e-05
2.45560805624936e-01	1.43157809709489e-02	-5.33687666812721e-05	2.72266984748978e-01	1.39559177785442e-02	-5.62724097279421e-05
2.98238042167979e-01	1.35973746149538e-02	-5.94201301595820e-05	3.23512339061844e-01	1.32391402429257e-02	-6.28401038345050e-05
3.48126206023119e-01	1.28801479308973e-02	-6.65646980793078e-05	3.72114126452669e-01	1.25192615155778e-02	-7.06312394316289e-05
3.95508907928176e-01	1.21552592958944e-02	-7.50829566653621e-05	4.18341843490720e-01	1.17868152082488e-02	-7.99701409555098e-05
4.40642864720975e-01	1.14124765826202e-02	-8.53515722807341e-05	4.62440688449341e-01	1.10306376337728e-02	-9.12963034429559e-05
4.83762958967460e-01	1.06395075619345e-02	-9.78858956954820e-05	5.04636387689711e-01	1.02370718094016e-02	-1.05217232989618e-04
5.25086892363469e-01	9.82104464579492e-03	-1.13406129466531e-04	5.45139738161683e-01	9.38881052657514e-03	-1.22591929739624e-04
5.64819683335710e-01	8.93735103486026e-03	-1.32943511391037e-04	5.84151132591781e-01	8.46315290246946e-03	-1.44667125655529e-04
6.03158302031812e-01	7.96209112454194e-03	-1.58016785997805e-04	6.21865400436858e-01	7.42927889070422e-03	-1.73308202978006e-04
6.40296832972798e-01	6.85887271557473e-03	-1.90937680821346e-04	6.58477435215484e-01	6.24381647096417e-03	-2.11408174128680e-04
6.76432747954554e-01	5.57550067991386e-03	-2.35365696033218e-04	6.94189346894690e-01	4.84330271782585e-03	-2.63651149784661e-04
7.11775246676913e-01	4.03395644734639e-03	-2.97375408572220e-04	7.29220406469389e-01	3.13067346986950e-03	-3.38030633280084e-04
7.46557376156802e-01	2.11189403557177e-03	-3.87658895852461e-04	7.63822140305285e-01	9.49474088587143e-04	-4.49115123847044e-04
7.81055245760747e-01	-3.94011399453831e-04	-5.26489044036182e-04	7.98303345450751e-01	-1.96938995018114e-03	-6.25807384890376e-04
8.15621369644774e-01	-3.84739278598412e-03	-7.56251206035508e-04	8.33075673819521e-01	-6.12929257350747e-03	-9.32370541707694e-04
8.50748765331573e-01	-8.96507504933364e-03	-1.17835409980649e-03	8.68746701686270e-01	-1.25861049602034e-02	-1.53687136290714e-03
8.87211269523844e-01	-1.73675909422288e-02	-2.08908998213664e-03	9.06341339541169e-01	-2.39573583626105e-02	-3.00558312496113e-03
9.26433504153464e-01	-3.35667673871241e-02	-4.69803179454087e-03	9.47968519476936e-01	-4.86992202700581e-02	-8.38976284067772e-03
9.71827644586036e-01	-7.59495531963439e-02	-1.83406324210429e-02	1.00000000000000e+00	0.00000000000000e+00	0.00000000000000e+00
