1.00000000e-06	1.79532106e+01	9.96304258e-01	1.85557191e+00
1.35935639e-06	1.90494002e+01	9.95063859e-01	1.88314794e+00
1.84784980e-06	1.99754188e+01	9.93435156e-01	1.90775475e+00
2.51188643e-06	2.06427808e+01	9.91315600e-01	1.93450343e+00
3.41454887e-06	2.09927558e+01	9.88585956e-01	1.96841047e+00
4.64158883e-06	2.09973723e+01	9.85111943e-01	2.01119958e+00
6.30957344e-06	2.06352064e+01	9.80750166e-01	2.06007147e+00
8.57695899e-06	1.98663586e+01	9.75363195e-01	2.10994431e+00
1.16591440e-05	1.86521640e+01	9.68842048e-01	2.15783788e+00
1.58489319e-05	1.70168320e+01	9.61120254e-01	2.20461895e+00
2.15443469e-05	1.50776690e+01	9.52164395e-01	2.25233377e+00
2.92864456e-05	1.30052172e+01	9.41949473e-01	2.30128460e+00
3.98107171e-05	1.09632653e+01	9.30439439e-01	2.35021292e+00
5.41169527e-05	9.08104938e+00	9.17580449e-01	2.39817556e+00
7.35642254e-05	7.44820712e+00	9.03321218e-01	2.44532880e+00
1.00000000e-04	6.10917651e+00	8.87700990e-01	2.49226572e+00
1.21441818e-04	5.41668373e+00	8.77221166e-01	2.52197686e+00
1.45311983e-04	4.87229012e+00	8.67294348e-01	2.54942392e+00
1.72106431e-04	4.43695676e+00	8.57868845e-01	2.57522345e+00
2.02475553e-04	4.08319488e+00	8.48931279e-01	2.59980982e+00
2.37292126e-04	3.79163880e+00	8.40493587e-01	2.62350756e+00
2.77759703e-04	3.54854838e+00	8.32587893e-01	2.64657221e+00
3.25593478e-04	3.34407078e+00	8.25267023e-01	2.66921648e+00
3.83338850e-04	3.17109442e+00	8.18609954e-01	2.69163178e+00
4.54971620e-04	3.02455704e+00	8.12733441e-01	2.71401433e+00
5.47130977e-04	2.89944604e+00	8.07830828e-01	2.73651084e+00
6.71962865e-04	2.79151842e+00	8.04214721e-01	2.75921142e+00
8.54845697e-04	2.70267786e+00	8.02382199e-01	2.78294726e+00
1.16151357e-03	2.62907734e+00	8.03482440e-01	2.80802687e+00
1.85302501e-03	2.53108603e+00	8.11086705e-01	2.83698823e+00
5.05888921e-02	2.59121181e+00	8.83279497e-01	2.91659461e+00
