1.00000000e-06	7.93574013e+00	9.96893441e-01	2.10175901e+00
1.35935639e-06	7.79582331e+00	9.95979578e-01	2.13543122e+00
1.84784980e-06	7.44712916e+00	9.94841283e-01	2.16559045e+00
2.51188643e-06	6.90215207e+00	9.93438487e-01	2.19688716e+00
3.41454887e-06	6.21622839e+00	9.91719697e-01	2.23197087e+00
4.64158883e-06	5.46693642e+00	9.89615689e-01	2.27080254e+00
6.30957344e-06	4.72737634e+00	9.87038375e-01	2.31150207e+00
8.57695899e-06	4.04875982e+00	9.83887336e-01	2.35178364e+00
1.16591440e-05	3.45778021e+00	9.80059735e-01	2.39008194e+00
1.58489319e-05	2.96277616e+00	9.75456325e-01	2.42590948e+00
2.15443469e-05	2.56080293e+00	9.69981766e-01	2.45958412e+00
2.92864456e-05	2.24258401e+00	9.63545217e-01	2.49176807e+00
3.98107171e-05	1.99579948e+00	9.56069403e-01	2.52313749e+00
5.41169527e-05	1.80745056e+00	9.47513432e-01	2.55424318e+00
7.35642254e-05	1.66545136e+00	9.37910122e-01	2.58547789e+00
1.00000000e-04	1.55945412e+00	9.27413793e-01	2.61705838e+00
1.21441818e-04	1.50535317e+00	9.20463077e-01	2.63722399e+00
1.45311983e-04	1.46439659e+00	9.13936857e-01	2.65592392e+00
1.72106431e-04	1.43238947e+00	9.07799785e-01	2.67354651e+00
2.02475553e-04	1.40669088e+00	9.02033263e-01	2.69036068e+00
2.37292126e-04	1.38564776e+00	8.96631100e-01	2.70656327e+00
2.77759703e-04	1.36820133e+00	8.91598792e-01	2.72230849e+00
3.25593478e-04	1.35368206e+00	8.86954470e-01	2.73772629e+00
3.83338850e-04	1.34170457e+00	8.82732024e-01	2.75293797e+00
4.54971620e-04	1.30064958e+00	8.79338029e-01	2.76811314e+00
5.47130977e-04	1.29598371e+00	8.76135960e-01	2.78326051e+00
6.71962865e-04	1.29582280e+00	8.73636112e-01	2.79853264e+00
8.54845697e-04	1.29801046e+00	8.72155840e-01	2.81454006e+00
1.16151357e-03	1.29924164e+00	8.72353999e-01	2.83163046e+00
1.85302501e-03	1.30067946e+00	8.76033693e-01	2.85183822e+00
5.05888921e-02	1.31157890e+00	9.13713229e-01	2.91508297e+00
