1.00000000e-06	1.39426021e+01	9.96432596e-01	1.91570073e+00
1.35935639e-06	1.45420242e+01	9.95270529e-01	1.95688781e+00
1.84784980e-06	1.50321567e+01	9.93761224e-01	2.00313224e+00
2.51188643e-06	1.53521875e+01	9.91819284e-01	2.04770949e+00
3.41454887e-06	1.54024340e+01	9.89352269e-01	2.08648457e+00
4.64158883e-06	1.50888810e+01	9.86267750e-01	2.12116542e+00
6.30957344e-06	1.43777699e+01	9.82478263e-01	2.15671761e+00
8.57695899e-06	1.33111654e+01	9.77901290e-01	2.19643636e+00
1.16591440e-05	1.19795579e+01	9.72455587e-01	2.23987688e+00
1.58489319e-05	1.04885316e+01	9.66054753e-01	2.28453885e+00
2.15443469e-05	8.94792250e+00	9.58592695e-01	2.32860271e+00
2.92864456e-05	7.46938115e+00	9.49920530e-01	2.37188503e+00
3.98107171e-05	6.14847745e+00	9.39842459e-01	2.41491211e+00
5.41169527e-05	5.04125097e+00	9.28169674e-01	2.45791586e+00
7.35642254e-05	4.15858284e+00	9.14833573e-01	2.50073016e+00
1.00000000e-04	3.47989462e+00	9.00011239e-01	2.54315765e+00
1.21441818e-04	3.14056852e+00	8.90079042e-01	2.56974729e+00
1.45311983e-04	2.87885588e+00	8.80727320e-01	2.59415634e+00
1.72106431e-04	2.67223841e+00	8.71925183e-01	2.61699601e+00
2.02475553e-04	2.50577748e+00	8.63661419e-01	2.63869390e+00
2.37292126e-04	2.36941394e+00	8.55939430e-01	2.65955946e+00
2.77759703e-04	2.25624520e+00	8.48776686e-01	2.67982653e+00
3.25593478e-04	2.16144477e+00	8.42207323e-01	2.69968253e+00
3.83338850e-04	2.08160897e+00	8.36287802e-01	2.71929228e+00
4.54971620e-04	2.01439748e+00	8.31107173e-01	2.73882431e+00
5.47130977e-04	1.95689886e+00	8.26824309e-01	2.75840491e+00
6.71962865e-04	1.90637064e+00	8.23701316e-01	2.77811770e+00
8.54845697e-04	1.86549710e+00	8.22140473e-01	2.79870207e+00
1.16151357e-03	1.77520621e+00	8.23758608e-01	2.82067827e+00
1.85302501e-03	1.78242697e+00	8.29588407e-01	2.84575083e+00
5.05888921e-02	1.80463279e+00	8.92335459e-01	2.91785324e+00
