1.00000000e-06	1.62451454e+01	9.96356860e-01	1.85865989e+00
1.35935639e-06	1.69586651e+01	9.95152676e-01	1.88569941e+00
1.84784980e-06	1.74952172e+01	9.93582609e-01	1.92147709e+00
2.51188643e-06	1.78362214e+01	9.91553216e-01	1.96647304e+00
3.41454887e-06	1.79557660e+01	9.88956274e-01	2.01704354e+00
4.64158883e-06	1.77952007e+01	9.85674236e-01	2.06723704e+00
6.30957344e-06	1.72705964e+01	9.81592275e-01	2.11332283e+00
8.57695899e-06	1.63280116e+01	9.76611140e-01	2.15641264e+00
1.16591440e-05	1.49960131e+01	9.70650800e-01	2.19997963e+00
1.58489319e-05	1.33811011e+01	9.63642313e-01	2.24578913e+00
2.15443469e-05	1.16210280e+01	9.55514735e-01	2.29286578e+00
2.92864456e-05	9.84870838e+00	9.46180567e-01	2.33947669e+00
3.98107171e-05	8.18192388e+00	9.35518716e-01	2.38500450e+00
5.41169527e-05	6.71366674e+00	9.23378338e-01	2.42989711e+00
7.35642254e-05	5.49577987e+00	9.09649277e-01	2.47468225e+00
1.00000000e-04	4.53430933e+00	8.94404478e-01	2.51947886e+00
1.21441818e-04	4.04799659e+00	8.84137570e-01	2.54772998e+00
1.45311983e-04	3.67033633e+00	8.74420677e-01	2.57371988e+00
1.72106431e-04	3.37083625e+00	8.65224001e-01	2.59805813e+00
2.02475553e-04	3.12882449e+00	8.56542789e-01	2.62118237e+00
2.37292126e-04	2.93014807e+00	8.48389301e-01	2.64341877e+00
2.77759703e-04	2.76497963e+00	8.40790812e-01	2.66501970e+00
3.25593478e-04	2.62638515e+00	8.33791854e-01	2.68619043e+00
3.83338850e-04	2.50942635e+00	8.27460230e-01	2.70711191e+00
4.54971620e-04	2.41064304e+00	8.21898285e-01	2.72796755e+00
5.47130977e-04	2.32625648e+00	8.17281286e-01	2.74889345e+00
6.71962865e-04	2.25287792e+00	8.13895559e-01	2.76997573e+00
8.54845697e-04	2.19286021e+00	8.12187643e-01	2.79199654e+00
1.16151357e-03	2.14233307e+00	8.13220207e-01	2.81526270e+00
1.85302501e-03	2.07343743e+00	8.20234186e-01	2.84220109e+00
5.05888921e-02	2.10954627e+00	8.87581909e-01	2.91755167e+00
