1.00000000e-06	1.22431968e+01	9.96592739e-01	1.91282842e+00
1.35935639e-06	1.21640830e+01	9.95538040e-01	1.95889400e+00
1.84784980e-06	1.18879758e+01	9.94201045e-01	2.01269324e+00
2.51188643e-06	1.14140628e+01	9.92525697e-01	2.06951474e+00
3.41454887e-06	1.07359824e+01	9.90452525e-01	2.12459227e+00
4.64158883e-06	9.85400218e+00	9.87920098e-01	2.17536897e+00
6.30957344e-06	8.80003654e+00	9.84860657e-01	2.22224672e+00
8.57695899e-06	7.64945215e+00	9.81186608e-01	2.26715550e+00
1.16591440e-05	6.50228230e+00	9.76774456e-01	2.31154536e+00
1.58489319e-05	5.44763753e+00	9.71461822e-01	2.35551993e+00
2.15443469e-05	4.53905103e+00	9.65067771e-01	2.39830306e+00
2.92864456e-05	3.79277207e+00	9.57429711e-01	2.43916261e+00
3.98107171e-05	3.20014975e+00	9.48440840e-01	2.47796355e+00
5.41169527e-05	2.74090964e+00	9.38080978e-01	2.51514826e+00
7.35642254e-05	2.39164536e+00	9.26447095e-01	2.55140996e+00
1.00000000e-04	2.13005098e+00	9.13790632e-01	2.58735884e+00
1.21441818e-04	1.99955333e+00	9.05456578e-01	2.61008690e+00
1.45311983e-04	1.89988629e+00	8.97682824e-01	2.63108269e+00
1.72106431e-04	1.82166667e+00	8.90419652e-01	2.65082385e+00
2.02475553e-04	1.75884109e+00	8.83639317e-01	2.66963521e+00
2.37292126e-04	1.70744833e+00	8.77330448e-01	2.68775036e+00
2.77759703e-04	1.66485113e+00	8.71496464e-01	2.70534820e+00
3.25593478e-04	1.62926314e+00	8.66156814e-01	2.72257663e+00
3.83338850e-04	1.59949590e+00	8.61350609e-01	2.73957110e+00
4.54971620e-04	1.57482390e+00	8.57144455e-01	2.75647685e+00
5.47130977e-04	1.55355512e+00	8.53664449e-01	2.77340890e+00
6.71962865e-04	1.51533174e+00	8.51338143e-01	2.79052900e+00
8.54845697e-04	1.48398521e+00	8.50227342e-01	2.80840872e+00
1.16151357e-03	1.48627705e+00	8.50774873e-01	2.82727293e+00
1.85302501e-03	1.48918196e+00	8.55579838e-01	2.84941588e+00
5.05888921e-02	1.49849174e+00	9.06159385e-01	2.91633609e+00
