1.00000000e-06	1.39304657e+01	9.96440108e-01	1.91083803e+00
1.35935639e-06	1.45092446e+01	9.95282669e-01	1.95779183e+00
1.84784980e-06	1.49792862e+01	9.93780371e-01	2.00575509e+00
2.51188643e-06	1.52582852e+01	9.91850254e-01	2.04863702e+00
3.41454887e-06	1.52396525e+01	9.89403876e-01	2.08520171e+00
4.64158883e-06	1.48449341e+01	9.86353005e-01	2.11951133e+00
6.30957344e-06	1.40642951e+01	9.82612850e-01	2.15658476e+00
8.57695899e-06	1.29539135e+01	9.78101411e-01	2.19831038e+00
1.16591440e-05	1.16041685e+01	9.72736418e-01	2.24304787e+00
1.58489319e-05	1.01154875e+01	9.66428475e-01	2.28813389e+00
2.15443469e-05	8.59569990e+00	9.59063679e-01	2.33225095e+00
2.92864456e-05	7.15515919e+00	9.50480515e-01	2.37560936e+00
3.98107171e-05	5.88367947e+00	9.40473853e-01	2.41874461e+00
5.41169527e-05	4.82834137e+00	9.28858848e-01	2.46173934e+00
7.35642254e-05	3.99266439e+00	9.15584801e-01	2.50436055e+00
1.00000000e-04	3.35263894e+00	9.00850131e-01	2.54645850e+00
1.21441818e-04	3.03312775e+00	8.90993589e-01	2.57280623e+00
1.45311983e-04	2.78695571e+00	8.81725033e-01	2.59698566e+00
1.72106431e-04	2.59274468e+00	8.73011540e-01	2.61960877e+00
2.02475553e-04	2.43635543e+00	8.64839729e-01	2.64110080e+00
2.37292126e-04	2.30828391e+00	8.57210983e-01	2.66176800e+00
2.77759703e-04	2.20202060e+00	8.50140895e-01	2.68184096e+00
3.25593478e-04	2.11302057e+00	8.43661808e-01	2.70150437e+00
3.83338850e-04	2.03808468e+00	8.37828329e-01	2.72092073e+00
4.54971620e-04	1.97502960e+00	8.32727312e-01	2.74025651e+00
5.47130977e-04	1.92105462e+00	8.28514937e-01	2.75963681e+00
6.71962865e-04	1.87351418e+00	8.25449078e-01	2.77914515e+00
8.54845697e-04	1.83518587e+00	8.23924604e-01	2.79951496e+00
1.16151357e-03	1.75074766e+00	8.25502100e-01	2.82125366e+00
1.85302501e-03	1.75741026e+00	8.31288225e-01	2.84609643e+00
5.05888921e-02	1.77774633e+00	8.93257587e-01	2.91778798e+00
