1.00000000e-06	1.77695664e+01	9.96310424e-01	1.86409862e+00
1.35935639e-06	1.88291105e+01	9.95074049e-01	1.88624840e+00
1.84784980e-06	1.96973280e+01	9.93452367e-01	1.90837031e+00
2.51188643e-06	2.03010571e+01	9.91344378e-01	1.93558719e+00
3.41454887e-06	2.05965500e+01	9.88632583e-01	1.97172342e+00
4.64158883e-06	2.05621003e+01	9.85184743e-01	2.01675918e+00
6.30957344e-06	2.01704132e+01	9.80860719e-01	2.06656965e+00
8.57695899e-06	1.93721490e+01	9.75528607e-01	2.11604363e+00
1.16591440e-05	1.81304209e+01	9.69085739e-01	2.16323416e+00
1.58489319e-05	1.64829904e+01	9.61468045e-01	2.20979018e+00
2.15443469e-05	1.45572541e+01	9.52637503e-01	2.25761993e+00
2.92864456e-05	1.25214364e+01	9.42559182e-01	2.30653853e+00
3.98107171e-05	1.05307451e+01	9.31184305e-01	2.35514179e+00
5.41169527e-05	8.70737001e+00	9.18443890e-01	2.40268407e+00
7.35642254e-05	7.13554956e+00	9.04273193e-01	2.44949343e+00
1.00000000e-04	5.85414878e+00	8.88709324e-01	2.49615672e+00
1.21441818e-04	5.19400815e+00	8.78254689e-01	2.52569343e+00
1.45311983e-04	4.67617981e+00	8.68348853e-01	2.55296397e+00
1.72106431e-04	4.26272755e+00	8.58944884e-01	2.57858038e+00
2.02475553e-04	3.92710698e+00	8.50031940e-01	2.60297670e+00
2.37292126e-04	3.65071042e+00	8.41622960e-01	2.62647829e+00
2.77759703e-04	3.42038645e+00	8.33750027e-01	2.64934129e+00
3.25593478e-04	3.22673132e+00	8.26465206e-01	2.67177838e+00
3.83338850e-04	3.06297815e+00	8.19846085e-01	2.69398026e+00
4.54971620e-04	2.92430816e+00	8.14007570e-01	2.71614204e+00
5.47130977e-04	2.80590689e+00	8.09140438e-01	2.73840908e+00
6.71962865e-04	2.70365795e+00	8.05553596e-01	2.76087100e+00
8.54845697e-04	2.61954287e+00	8.03736649e-01	2.78435213e+00
1.16151357e-03	2.54966839e+00	8.04826485e-01	2.80916046e+00
1.85302501e-03	2.45605068e+00	8.12348422e-01	2.83781948e+00
5.05888921e-02	2.51179256e+00	8.83850357e-01	2.91676983e+00
