1.00000000e-06	1.74227191e+01	9.96327536e-01	1.84544755e+00
1.35935639e-06	1.82603524e+01	9.95105034e-01	1.86734560e+00
1.84784980e-06	1.88954240e+01	9.93506876e-01	1.89627150e+00
2.51188643e-06	1.92954670e+01	9.91436202e-01	1.93482142e+00
3.41454887e-06	1.94406524e+01	9.88780239e-01	1.98232335e+00
4.64158883e-06	1.93000128e+01	9.85413472e-01	2.03438135e+00
6.30957344e-06	1.88123967e+01	9.81207912e-01	2.08544644e+00
8.57695899e-06	1.79109286e+01	9.76049683e-01	2.13303078e+00
1.16591440e-05	1.65854053e+01	9.69851511e-01	2.17885296e+00
1.58489319e-05	1.49168946e+01	9.62549883e-01	2.22563566e+00
2.15443469e-05	1.30481493e+01	9.54089640e-01	2.27395153e+00
2.92864456e-05	1.11303350e+01	9.44407346e-01	2.32241675e+00
3.98107171e-05	9.29535236e+00	9.33416480e-01	2.36980976e+00
5.41169527e-05	7.64861488e+00	9.21002669e-01	2.41613769e+00
7.35642254e-05	6.25798106e+00	9.07068870e-01	2.46203053e+00
1.00000000e-04	5.14450552e+00	8.91661784e-01	2.50789169e+00
1.21441818e-04	4.57706944e+00	8.81289425e-01	2.53686630e+00
1.45311983e-04	4.13459954e+00	8.71462959e-01	2.56355802e+00
1.72106431e-04	3.78275362e+00	8.62146726e-01	2.58857795e+00
2.02475553e-04	3.49793242e+00	8.53334813e-01	2.61236476e+00
2.37292126e-04	3.26382023e+00	8.45040998e-01	2.63524756e+00
2.77759703e-04	3.06901091e+00	8.37295572e-01	2.65748347e+00
3.25593478e-04	2.90540472e+00	8.30147144e-01	2.67928376e+00
3.83338850e-04	2.76720811e+00	8.23668466e-01	2.70083582e+00
4.54971620e-04	2.65033451e+00	8.17967976e-01	2.72232974e+00
5.47130977e-04	2.55051661e+00	8.13228481e-01	2.74390661e+00
6.71962865e-04	2.46401205e+00	8.09747279e-01	2.76565452e+00
8.54845697e-04	2.39301976e+00	8.07991464e-01	2.78837676e+00
1.16151357e-03	2.33358433e+00	8.09060038e-01	2.81238081e+00
1.85302501e-03	2.25331050e+00	8.16329437e-01	2.84014000e+00
5.05888921e-02	2.29773712e+00	8.85714203e-01	2.91720317e+00
