1.00000000e-06	1.77168776e+01	9.96313083e-01	1.86394670e+00
1.35935639e-06	1.87473731e+01	9.95078731e-01	1.88459719e+00
1.84784980e-06	1.95792888e+01	9.93460594e-01	1.90663621e+00
2.51188643e-06	2.01472833e+01	9.91358407e-01	1.93499588e+00
3.41454887e-06	2.04140711e+01	9.88655487e-01	1.97280297e+00
4.64158883e-06	2.03592898e+01	9.85220607e-01	2.01918278e+00
6.30957344e-06	1.99512610e+01	9.80915376e-01	2.06948574e+00
8.57695899e-06	1.91361049e+01	9.75610778e-01	2.11877451e+00
1.16591440e-05	1.78791301e+01	9.69207122e-01	2.16569988e+00
1.58489319e-05	1.62253307e+01	9.61641112e-01	2.21224423e+00
2.15443469e-05	1.43063244e+01	9.52872141e-01	2.26018093e+00
2.92864456e-05	1.22884126e+01	9.42860413e-01	2.30908750e+00
3.98107171e-05	1.03225758e+01	9.31550938e-01	2.35752787e+00
5.41169527e-05	8.52781323e+00	9.18867167e-01	2.40487328e+00
7.35642254e-05	6.98572367e+00	9.04738007e-01	2.45152816e+00
1.00000000e-04	5.73231822e+00	8.89200498e-01	2.49806528e+00
1.21441818e-04	5.08782532e+00	8.78758232e-01	2.52751733e+00
1.45311983e-04	4.58280632e+00	8.68863412e-01	2.55470046e+00
1.72106431e-04	4.17987938e+00	8.59471310e-01	2.58022552e+00
2.02475553e-04	3.85296935e+00	8.50572187e-01	2.60452700e+00
2.37292126e-04	3.58384212e+00	8.42179341e-01	2.62793092e+00
2.77759703e-04	3.35963405e+00	8.34324729e-01	2.65069378e+00
3.25593478e-04	3.17115996e+00	8.27059962e-01	2.67302826e+00
3.83338850e-04	3.01181899e+00	8.20461893e-01	2.69512467e+00
4.54971620e-04	2.87691413e+00	8.14644447e-01	2.71717747e+00
5.47130977e-04	2.76172317e+00	8.09797150e-01	2.73933137e+00
6.71962865e-04	2.66219235e+00	8.06227076e-01	2.76167577e+00
8.54845697e-04	2.58034155e+00	8.04420205e-01	2.78503159e+00
1.16151357e-03	2.51225899e+00	8.05507423e-01	2.80970671e+00
1.85302501e-03	2.42083985e+00	8.12990439e-01	2.83821694e+00
5.05888921e-02	2.47459032e+00	8.84144076e-01	2.91684963e+00
