1.00000000e-06	1.49503200e+01	9.96392934e-01	1.88879407e+00
1.35935639e-06	1.55945259e+01	9.95209263e-01	1.92047951e+00
1.84784980e-06	1.60951004e+01	9.93669262e-01	1.96149612e+00
2.51188643e-06	1.64313496e+01	9.91682637e-01	2.00897976e+00
3.41454887e-06	1.65502118e+01	9.89146827e-01	2.05676380e+00
4.64158883e-06	1.63614856e+01	9.85954886e-01	2.10009042e+00
6.30957344e-06	1.57825444e+01	9.82006094e-01	2.13942347e+00
8.57695899e-06	1.47979487e+01	9.77212147e-01	2.17877534e+00
1.16591440e-05	1.34747603e+01	9.71494539e-01	2.22106554e+00
1.58489319e-05	1.19280585e+01	9.64776288e-01	2.26594946e+00
2.15443469e-05	1.02818970e+01	9.56971053e-01	2.31136296e+00
2.92864456e-05	8.65541485e+00	9.47965515e-01	2.35597944e+00
3.98107171e-05	7.15654026e+00	9.37602433e-01	2.39987195e+00
5.41169527e-05	5.86393776e+00	9.25703290e-01	2.44358571e+00
7.35642254e-05	4.81126782e+00	9.12164026e-01	2.48733634e+00
1.00000000e-04	3.99093642e+00	8.97099373e-01	2.53099968e+00
1.21441818e-04	3.57852890e+00	8.86966985e-01	2.55846537e+00
1.45311983e-04	3.25935886e+00	8.77395463e-01	2.58370434e+00
1.72106431e-04	3.00680714e+00	8.68356855e-01	2.60732674e+00
2.02475553e-04	2.80303339e+00	8.59844811e-01	2.62976676e+00
2.37292126e-04	2.63592131e+00	8.51868307e-01	2.65134424e+00
2.77759703e-04	2.49710842e+00	8.44450485e-01	2.67230379e+00
3.25593478e-04	2.38072230e+00	8.37631206e-01	2.69284267e+00
3.83338850e-04	2.28259946e+00	8.31473014e-01	2.71313426e+00
4.54971620e-04	2.19984584e+00	8.26071992e-01	2.73335471e+00
5.47130977e-04	2.12912621e+00	8.21595712e-01	2.75363508e+00
6.71962865e-04	2.06737848e+00	8.18319246e-01	2.77405990e+00
8.54845697e-04	2.01709118e+00	8.16668486e-01	2.79539044e+00
1.16151357e-03	1.97452983e+00	8.17668331e-01	2.81793363e+00
1.85302501e-03	1.91586186e+00	8.24422195e-01	2.84407239e+00
5.05888921e-02	1.94492259e+00	8.89654169e-01	2.91779731e+00
