1.00000000e-06	1.32582020e+01	9.96493828e-01	1.96422678e+00
1.35935639e-06	1.37846231e+01	9.95365236e-01	1.99875208e+00
1.84784980e-06	1.40736108e+01	9.93911974e-01	2.02701154e+00
2.51188643e-06	1.40478112e+01	9.92065320e-01	2.05530561e+00
3.41454887e-06	1.36784835e+01	9.89752561e-01	2.08910614e+00
4.64158883e-06	1.29850613e+01	9.86898226e-01	2.13005896e+00
6.30957344e-06	1.20153898e+01	9.83424887e-01	2.17591980e+00
8.57695899e-06	1.08280463e+01	9.79253296e-01	2.22293268e+00
1.16591440e-05	9.49491785e+00	9.74296516e-01	2.26864358e+00
1.58489319e-05	8.11130187e+00	9.68441373e-01	2.31281448e+00
2.15443469e-05	6.78501363e+00	9.61526144e-01	2.35624322e+00
2.92864456e-05	5.60508753e+00	9.53342720e-01	2.39935753e+00
3.98107171e-05	4.61837784e+00	9.43684140e-01	2.44190833e+00
5.41169527e-05	3.83030202e+00	9.32426032e-01	2.48348739e+00
7.35642254e-05	3.22073504e+00	9.19609710e-01	2.52401174e+00
1.00000000e-04	2.75987553e+00	9.05503546e-01	2.56375407e+00
1.21441818e-04	2.53060590e+00	8.96144746e-01	2.58863256e+00
1.45311983e-04	2.35464776e+00	8.87389921e-01	2.61150074e+00
1.72106431e-04	2.21617013e+00	8.79195731e-01	2.63293254e+00
2.02475553e-04	2.10481516e+00	8.71539442e-01	2.65331799e+00
2.37292126e-04	2.01368895e+00	8.64414165e-01	2.67293429e+00
2.77759703e-04	1.93811460e+00	8.57827959e-01	2.69198949e+00
3.25593478e-04	1.87486758e+00	8.51805693e-01	2.71065105e+00
3.83338850e-04	1.82170508e+00	8.46393973e-01	2.72906860e+00
4.54971620e-04	1.77715481e+00	8.41669896e-01	2.74739812e+00
5.47130977e-04	1.73897951e+00	8.37776356e-01	2.76575875e+00
6.71962865e-04	1.70496458e+00	8.34950836e-01	2.78423466e+00
8.54845697e-04	1.67812546e+00	8.33553634e-01	2.80353010e+00
1.16151357e-03	1.61722510e+00	8.34917160e-01	2.82411473e+00
1.85302501e-03	1.62272700e+00	8.40373524e-01	2.84780654e+00
5.05888921e-02	1.63713373e+00	8.98142302e-01	2.91740947e+00
