1.00000000e-06	1.51988304e+01	9.96385444e-01	1.88222267e+00
1.35935639e-06	1.58535229e+01	9.95197632e-01	1.91289641e+00
1.84784980e-06	1.63575377e+01	9.93651665e-01	1.95294596e+00
2.51188643e-06	1.66924385e+01	9.91656613e-01	2.00027667e+00
3.41454887e-06	1.68122540e+01	9.89108617e-01	2.04908252e+00
4.64158883e-06	1.66323306e+01	9.85898409e-01	2.09405175e+00
6.30957344e-06	1.60670272e+01	9.81922516e-01	2.13468783e+00
8.57695899e-06	1.50916573e+01	9.77090867e-01	2.17460064e+00
1.16591440e-05	1.37664594e+01	9.71325046e-01	2.21702371e+00
1.58489319e-05	1.22062399e+01	9.64549744e-01	2.26207182e+00
2.15443469e-05	1.05380355e+01	9.56681674e-01	2.30782252e+00
2.92864456e-05	8.88317851e+00	9.47612935e-01	2.35281253e+00
3.98107171e-05	7.35140753e+00	9.37193502e-01	2.39698830e+00
5.41169527e-05	6.02454012e+00	9.25249300e-01	2.44090606e+00
7.35642254e-05	4.93999627e+00	9.11673327e-01	2.48485266e+00
1.00000000e-04	4.09273226e+00	8.96570921e-01	2.52874310e+00
1.21441818e-04	3.66631538e+00	8.86409118e-01	2.55636701e+00
1.45311983e-04	3.33609284e+00	8.76805557e-01	2.58175646e+00
1.72106431e-04	3.07468752e+00	8.67732249e-01	2.60552141e+00
2.02475553e-04	2.86371209e+00	8.59183369e-01	2.62809703e+00
2.37292126e-04	2.69066039e+00	8.51168668e-01	2.64980465e+00
2.77759703e-04	2.54689108e+00	8.43712182e-01	2.67089062e+00
3.25593478e-04	2.42633036e+00	8.36854732e-01	2.69155390e+00
3.83338850e-04	2.32466820e+00	8.30659918e-01	2.71196942e+00
4.54971620e-04	2.23890361e+00	8.25225065e-01	2.73231479e+00
5.47130977e-04	2.16561777e+00	8.20719266e-01	2.75272202e+00
6.71962865e-04	2.10168679e+00	8.17419830e-01	2.77327592e+00
8.54845697e-04	2.04957259e+00	8.15756720e-01	2.79474182e+00
1.16151357e-03	2.00551051e+00	8.16762404e-01	2.81742654e+00
1.85302501e-03	1.94490441e+00	8.23567685e-01	2.84372151e+00
5.05888921e-02	1.97526749e+00	8.89224953e-01	2.91775908e+00
