1.00000000e-06	1.17375823e+01	9.96623908e-01	1.90897617e+00
1.35935639e-06	1.15900643e+01	9.95588057e-01	1.96611252e+00
1.84784980e-06	1.12753498e+01	9.94277554e-01	2.02650608e+00
2.51188643e-06	1.07792314e+01	9.92638733e-01	2.08534761e+00
3.41454887e-06	1.00844272e+01	9.90615407e-01	2.13928553e+00
4.64158883e-06	9.19329172e+00	9.88148629e-01	2.18797960e+00
6.30957344e-06	8.15091016e+00	9.85169131e-01	2.23342038e+00
8.57695899e-06	7.04320716e+00	9.81582763e-01	2.27781413e+00
1.16591440e-05	5.96766212e+00	9.77259046e-01	2.32204262e+00
1.58489319e-05	4.99983104e+00	9.72036080e-01	2.36561134e+00
2.15443469e-05	4.17819719e+00	9.65744794e-01	2.40755116e+00
2.92864456e-05	3.50929370e+00	9.58241181e-01	2.44728966e+00
3.98107171e-05	2.98080827e+00	9.49434238e-01	2.48494460e+00
5.41169527e-05	2.57250931e+00	9.39309741e-01	2.52111917e+00
7.35642254e-05	2.26256927e+00	9.27959299e-01	2.55654307e+00
1.00000000e-04	2.03067170e+00	9.15619866e-01	2.59178994e+00
1.21441818e-04	1.91479301e+00	9.07495400e-01	2.61412075e+00
1.45311983e-04	1.82637500e+00	8.99914016e-01	2.63476701e+00
1.72106431e-04	1.75701512e+00	8.92826972e-01	2.65418925e+00
2.02475553e-04	1.70130788e+00	8.86207147e-01	2.67270164e+00
2.37292126e-04	1.65572973e+00	8.80043460e-01	2.69053100e+00
2.77759703e-04	1.61794550e+00	8.74339275e-01	2.70785179e+00
3.25593478e-04	1.58638194e+00	8.69113594e-01	2.72480887e+00
3.83338850e-04	1.56000182e+00	8.64404567e-01	2.74153547e+00
4.54971620e-04	1.53819297e+00	8.60277040e-01	2.75817483e+00
5.47130977e-04	1.51575078e+00	8.56896092e-01	2.77485457e+00
6.71962865e-04	1.45595796e+00	8.54876970e-01	2.79179168e+00
8.54845697e-04	1.45868457e+00	8.53378190e-01	2.80926812e+00
1.16151357e-03	1.46068361e+00	8.53889040e-01	2.82786654e+00
1.85302501e-03	1.46342049e+00	8.58542951e-01	2.84971873e+00
5.05888921e-02	1.47192131e+00	9.07614270e-01	2.91612565e+00
