1.00000000e-06	1.29058833e+01	9.96523434e-01	1.98394440e+00
1.35935639e-06	1.33036764e+01	9.95414245e-01	2.00290933e+00
1.84784980e-06	1.34162542e+01	9.93994105e-01	2.02564431e+00
2.51188643e-06	1.32170398e+01	9.92199513e-01	2.05680094e+00
3.41454887e-06	1.27165263e+01	9.89962261e-01	2.09708191e+00
4.64158883e-06	1.19463667e+01	9.87210538e-01	2.14347837e+00
6.30957344e-06	1.09446656e+01	9.83870446e-01	2.19151817e+00
8.57695899e-06	9.76021993e+00	9.79864333e-01	2.23810757e+00
1.16591440e-05	8.46899657e+00	9.75098453e-01	2.28272017e+00
1.58489319e-05	7.17333903e+00	9.69441094e-01	2.32629114e+00
2.15443469e-05	5.97378524e+00	9.62710645e-01	2.36952296e+00
2.92864456e-05	4.93767134e+00	9.54697005e-01	2.41225777e+00
3.98107171e-05	4.08915442e+00	9.45218293e-01	2.45393790e+00
5.41169527e-05	3.42000141e+00	9.34190646e-01	2.49426384e+00
7.35642254e-05	2.90602628e+00	9.21688499e-01	2.53342288e+00
1.00000000e-04	2.51890034e+00	9.07989279e-01	2.57188051e+00
1.21441818e-04	2.32632425e+00	8.98930422e-01	2.59602061e+00
1.45311983e-04	2.17875914e+00	8.90470144e-01	2.61824745e+00
1.72106431e-04	2.06273442e+00	8.82561296e-01	2.63910377e+00
2.02475553e-04	1.96947515e+00	8.75178121e-01	2.65895703e+00
2.37292126e-04	1.89317255e+00	8.68311148e-01	2.67806845e+00
2.77759703e-04	1.82990440e+00	8.61966055e-01	2.69663511e+00
3.25593478e-04	1.77697779e+00	8.56165282e-01	2.71481691e+00
3.83338850e-04	1.73254774e+00	8.50952390e-01	2.73275782e+00
4.54971620e-04	1.69542973e+00	8.46400515e-01	2.75060945e+00
5.47130977e-04	1.66360283e+00	8.42646773e-01	2.76848904e+00
6.71962865e-04	1.63500309e+00	8.39919441e-01	2.78648200e+00
8.54845697e-04	1.55954971e+00	8.39203235e-01	2.80551601e+00
1.16151357e-03	1.56161858e+00	8.39804052e-01	2.82533160e+00
1.85302501e-03	1.56582129e+00	8.45073120e-01	2.84849713e+00
5.05888921e-02	1.57841966e+00	9.00651196e-01	2.91714791e+00
