51	3.34048498351324e+04	9.90000000000000e-01
0.00000000000000e+00	1.58613922426243e-02	-2.94692476723313e-05	3.10746008018441e-02	1.55267363710230e-02	-3.06370910949649e-05
6.11989893259631e-02	1.51988437202788e-02	-3.18918666590839e-05	9.04213848665420e-02	1.48770622647585e-02	-3.32255136501480e-05
1.18787050250824e-01	1.45607738264919e-02	-3.46447925330118e-05	1.46338531296818e-01	1.42493687511001e-02	-3.61572040468161e-05
1.73115875124766e-01	1.39422417925827e-02	-3.77710899883699e-05	1.99156829466477e-01	1.36387878907136e-02	-3.94957477354296e-05
2.24497025071154e-01	1.33383977795989e-02	-4.13415653635063e-05	2.49170143075354e-01	1.30404533514461e-02	-4.33201799698857e-05
2.73208069006846e-01	1.27443226861683e-02	-4.54446601974023e-05	2.96641034923240e-01	1.24493546613411e-02	-4.77297248564490e-05
3.19497751042830e-01	1.21548730226533e-02	-5.01919990754107e-05	3.41805528104725e-01	1.18601697885854e-02	-5.28503193892860e-05
3.63590391595759e-01	1.15644978252316e-02	-5.57260933984338e-05	3.84877188901552e-01	1.12670624234164e-02	-5.88437394908325e-05
4.05689690377373e-01	1.09670116132499e-02	-6.22312007476644e-05	4.26050685291265e-01	1.06634249868469e-02	-6.59205853017486e-05
4.45982073566720e-01	1.03553006257686e-02	-6.99489242279583e-05	4.65504954247344e-01	1.00415397488853e-02	-7.43591101908248e-05
4.84639711621928e-01	9.72092853140150e-03	-7.92010555856759e-05	5.03406099989233e-01	9.39211637422521e-03	-8.45331047438780e-05
5.21823328111737e-01	9.05358982056526e-03	-9.04238183518924e-05	5.39910144511998e-01	8.70364093407305e-03	-9.69541887310132e-05
5.57684924914209e-01	8.34032873417678e-03	-1.04220448582604e-04	5.75165763337510e-01	7.96143182143583e-03	-1.12337671676066e-04
5.92370568624079e-01	7.56438957989247e-03	-1.21444341067534e-04	6.09317168557950e-01	7.14622883252924e-03	-1.31708356373661e-04
6.26023424230125e-01	6.70347130331050e-03	-1.43334854024735e-04	6.42507357982130e-01	6.23201581219712e-03	-1.56576536256559e-04
6.58787299177964e-01	5.72698710055164e-03	-1.71747680520085e-04	6.74882053310281e-01	5.18253907273292e-03	-1.89242954956592e-04
6.90811101691196e-01	4.59159637090023e-03	-2.09563514378397e-04	7.06594841419243e-01	3.94551013283650e-03	-2.33353453382046e-04
7.22254878794027e-01	3.23359323224892e-03	-2.61451801295332e-04	7.37814394382977e-01	2.44248263095970e-03	-2.94967843034177e-04
7.53298605366899e-01	1.55524988988009e-03	-3.35392913191734e-04	7.68735361957786e-01	5.50136318369310e-04	-3.84770240107635e-04
7.84155931887767e-01	-6.01284971141092e-04	-4.45959810511320e-04	7.99596054183074e-01	-1.93684522936499e-03	-5.23064428465281e-04
8.15097387789958e-01	-3.50796581805080e-03	-6.22141048348457e-04	8.30709555420933e-01	-5.38627289370897e-03	-7.52435341252244e-04
8.46493114301236e-01	-7.67443651992927e-03	-9.28637347376915e-04	8.62524026888601e-01	-1.05247280813422e-02	-1.17524667006585e-03
8.78900673835652e-01	-1.41724720921891e-02	-1.53565759345931e-03	8.95755426559385e-01	-1.90002388880074e-02	-2.09286057444813e-03
9.13274999412138e-01	-2.56707638560720e-02	-3.02255921560612e-03	9.31739336378943e-01	-3.54288955533522e-02	-4.75345388495718e-03
9.51604827757084e-01	-5.08616580113758e-02	-8.58206495215841e-03	9.73714652567630e-01	-7.88544903203208e-02	-1.91631695917669e-02
1.00000000000000e+00	0.00000000000000e+00	0.00000000000000e+00
33	3.34048498351324e+04	1.21580645161290e+00
0.00000000000000e+00	2.42920746393809e-02	-6.57477407766116e-05	4.89657211107428e-02	2.35234444444172e-02	-6.98233351539290e-05
9.56807482907322e-02	2.27781957174789e-02	-7.43017367461629e-05	1.40315061045742e-01	2.20530164151975e-02	-7.92272217786660e-05
1.83023279238601e-01	2.13446866351625e-02	-8.46615078835544e-05	2.23946496483522e-01	2.06500156545468e-02	-9.06773620981127e-05
2.63213877991662e-01	1.99657892119229e-02	-9.73610662553526e-05	3.00944061043624e-01	1.92887124774632e-02	-1.04815549612836e-04
3.37246390405662e-01	1.86153462815806e-02	-1.13164401975840e-04	3.72222016238054e-01	1.79420335956464e-02	-1.22557066883688e-04
4.05964878360009e-01	1.72648123938524e-02	-1.33175623305171e-04	4.38562597988621e-01	1.65793098045639e-02	-1.45243738590040e-04
4.70097296174320e-01	1.58806107043075e-02	-1.59038636468489e-04	5.00646357088267e-01	1.51630912809486e-02	-1.74907271382141e-04
5.30283154125188e-01	1.44202044021045e-02	-1.93288535059732e-04	5.59077757601449e-01	1.36441978843544e-02	-2.14744164161784e-04
5.87097644913641e-01	1.28257383034154e-02	-2.40002513466342e-04	6.14408437821834e-01	1.19533997621886e-02	-2.70021695701450e-04
6.41074697778833e-01	1.10129562882508e-02	-3.06082575676658e-04	6.67160820179030e-01	9.98638280088082e-03	-3.49928843110359e-04
6.92732084136835e-01	8.85041415328880e-03	-4.03983723223256e-04	7.17855939523137e-01	7.57441627957367e-03	-4.71695207099110e-04
7.42603653897230e-01	6.11715522948741e-03	-5.58105055625813e-04	7.67052510472380e-01	4.42174123079186e-03	-6.70824782051271e-04
7.91288867042088e-01	2.40743082411021e-03	-8.21788763986309e-04	8.15412600765362e-01	-4.42254132690945e-05	-1.03058458534333e-03
8.39543873200368e-01	-3.11396692751242e-03	-1.33122203000591e-03	8.63833980266761e-01	-7.09109500430893e-03	-1.78710742442156e-03
8.88483870174675e-01	-1.24670173166802e-02	-2.52798489104755e-03	9.13778303861227e-01	-2.01415227285465e-02	-3.85549159076448e-03
9.40155697755649e-01	-3.19255359101773e-02	-6.61572792755383e-03	9.68373376691505e-01	-5.24318158545400e-02	-1.34506512792387e-02
1.00000000000000e+00	0.00000000000000e+00	0.00000000000000e+00
22	3.34048498351324e+04	1.44161290322581e+00
0.00000000000000e+00	3.62542269553359e-02	-1.36974596573136e-04	7.47061539802266e-02	3.45894621046887e-02	-1.49773322919433e-04
1.44417229268528e-01	3.29989596962563e-02	-1.64471936639154e-04	2.09674802057876e-01	3.14674700074700e-02	-1.81459956158703e-04
2.70951094800466e-01	2.99801212184128e-02	-2.01240624847054e-04	3.28660709547061e-01	2.85218817480815e-02	-2.24463834013422e-04
3.83170289818373e-01	2.70769636067889e-02	-2.51980666025942e-04	4.34806592571392e-01	2.56281011946111e-02	-2.84923196132381e-04
4.83863355306273e-01	2.41556234349891e-02	-3.24823888120607e-04	5.30607279846234e-01	2.26361953107759e-02	-3.73798762271393e-04
5.75283419786247e-01	2.10410325093400e-02	-4.34836529539684e-04	6.18120253722047e-01	1.93332649084832e-02	-5.12270123037339e-04
6.59334758356983e-01	1.74638912081235e-02	-6.12575298455154e-04	6.99137882635056e-01	1.53653238858174e-02	-7.45784391005033e-04
7.37741005809586e-01	1.29406414948963e-02	-9.28124226710514e-04	7.75364324908824e-01	1.00448093657739e-02	-1.18726203097275e-03
8.12248856007884e-01	6.44995968059114e-03	-1.57359367981957e-03	8.48675327354098e-01	1.77670757730519e-03	-2.18710270667466e-03
8.84996980409086e-01	-4.65330682210352e-03	-3.25038155717716e-03	9.21703131594656e-01	-1.41659918349119e-02	-5.34803482722190e-03
9.59560721507915e-01	-2.99341488060574e-02	-1.01688999326506e-02	1.00000000000000e+00	0.00000000000000e+00	0.00000000000000e+00
16	3.34048498351324e+04	1.66741935483871e+00
0.00000000000000e+00	4.96725876927144e-02	-2.35002873017143e-04	1.04199811519814e-01	4.66508524284202e-02	-2.64974736609025e-04
1.99111674517647e-01	4.38128644014386e-02	-3.01118146300183e-04	2.86057022145929e-01	4.11096421787112e-02	-3.45253264778966e-04
3.66137625495516e-01	3.84932911295168e-02	-3.99933045697631e-04	4.40283743165270e-01	3.59137642881295e-02	-4.68820852322249e-04
5.09291616893350e-01	3.33148368744760e-02	-5.57326193428853e-04	5.73853595427125e-01	3.06284717263656e-02	-6.73710370898473e-04
6.34583457626283e-01	2.77661517073242e-02	-8.31106180033681e-04	6.92039229209216e-01	2.46044743981484e-02	-1.05143160019483e-03
7.46746005958573e-01	2.09594756359068e-02	-1.37354270353507e-03	7.99222320904377e-01	1.65374733789330e-02	-1.87183758212561e-03
8.50016349077930e-01	1.08331354714111e-02	-2.70406066378670e-03	8.99765506772313e-01	2.89764324833108e-03	-4.25582706095340e-03
9.49314247143714e-01	-9.37164304335547e-03	-7.56540441721798e-03	1.00000000000000e+00	0.00000000000000e+00	0.00000000000000e+00
12	3.34048498351324e+04	1.89322580645161e+00
0.00000000000000e+00	6.62355742512364e-02	-3.72569754925056e-04	1.40677308641512e-01	6.10740472252227e-02	-4.34905792808582e-04
2.65162240933657e-01	5.63315221330858e-02	-5.14433920506541e-04	3.76373635498164e-01	5.18705699842263e-02	-6.18134456195074e-04
4.76621918598707e-01	4.75564043234795e-02	-7.56943805728216e-04	5.67775724812388e-01	4.32407682300702e-02	-9.48784798354918e-04
6.51384244128935e-01	3.87390099917340e-02	-1.22471323103013e-03	7.28773184725963e-01	3.37912129577682e-02	-1.64246122919987e-03
8.01129106516624e-01	2.79869568341145e-02	-2.31966367441871e-03	8.69589282135511e-01	2.06023014687222e-02	-3.52801764820065e-03
9.35367950763917e-01	1.01797237056120e-02	-5.99414140777177e-03	1.00000000000000e+00	0.00000000000000e+00	0.00000000000000e+00
11	3.34048498351324e+04	2.11903225806452e+00
0.00000000000000e+00	7.11705471210062e-02	-3.67311648648894e-04	1.54379262420254e-01	6.54142920338181e-02	-4.29025626202728e-04
2.89803119650670e-01	6.01921771170462e-02	-5.07820149731941e-04	4.09852891799235e-01	5.53416879805710e-02	-6.10652403202128e-04
5.17317034619904e-01	5.07101743012488e-02	-7.48433583842800e-04	6.14415753837145e-01	4.61366683734821e-02	-9.39066846582071e-04
7.02961263427843e-01	4.14276798672470e-02	-1.21361778215379e-03	7.84479177274327e-01	3.63175773297724e-02	-1.62993470347783e-03
8.60310358685827e-01	3.03929861272025e-02	-2.30613772550958e-03	9.31713291703511e-01	2.29639254246565e-02	-3.55024028609430e-03
1.00000000000000e+00	0.00000000000000e+00	0.00000000000000e+00
11	3.34048498351324e+04	2.34483870967742e+00
0.00000000000000e+00	6.94361378491826e-02	-2.88048762558502e-04	1.54504350178763e-01	6.41202580821294e-02	-3.30672981635249e-04
2.90389561344647e-01	5.93254218904606e-02	-3.83563035061263e-04	4.11056398486445e-01	5.49186740115004e-02	-4.50306080160834e-04
5.19162151109051e-01	5.07821680525005e-02	-5.36211924156316e-04	6.16822832888769e-01	4.68021129961278e-02	-6.49406239464190e-04
7.05756553597457e-01	4.28566431601909e-02	-8.02835799118551e-04	7.87389068531723e-01	3.87994133382452e-02	-1.01816415448241e-03
8.62935810465748e-01	3.44332334766755e-02	-1.33391123936644e-03	9.33471643774306e-01	2.95321232630945e-02	-1.89483131333446e-03
1.00000000000000e+00	0.00000000000000e+00	0.00000000000000e+00
11	3.34048498351324e+04	2.57064516129032e+00
0.00000000000000e+00	6.76485554470680e-02	-2.19372905539084e-04	1.54226619330456e-01	6.27458789596975e-02	-2.47481705929253e-04
2.90241757002065e-01	5.83430684109179e-02	-2.81385092649522e-04	4.11261281266853e-01	5.43299712813226e-02	-3.22792154294316e-04
5.19809592715868e-01	5.06131861647510e-02	-3.74096455182604e-04	6.17901118226923e-01	4.71087894439537e-02	-4.38729180886055e-04
7.07169147314282e-01	4.37356961976907e-02	-5.21750276311517e-04	7.88959721401718e-01	4.04084597578951e-02	-6.30873721444436e-04
8.64402201188621e-01	3.70279433215257e-02	-7.78333998914249e-04	9.34464603211949e-01	3.35586042875482e-02	-1.07633039791599e-03
1.00000000000000e+00	0.00000000000000e+00	0.00000000000000e+00
11	3.34048498351324e+04	2.79645161290323e+00
0.00000000000000e+00	6.58012080204677e-02	-1.62616440181118e-04	1.53604129310787e-01	6.12809111901647e-02	-1.80395902300345e-04
2.89468957298219e-01	5.72325242336151e-02	-2.01270097189399e-04	4.10623869461751e-01	5.35633963917930e-02	-2.25999189733095e-04
5.19460000954494e-01	5.01971602722540e-02	-2.55595463030334e-04	6.17892520907732e-01	4.70684809692399e-02	-2.91426942150119e-04
7.07476483784707e-01	4.41188419732392e-02	-3.35378775776940e-04	7.89491280124878e-01	4.12927834845009e-02	-3.90107018552799e-04
8.65003511239688e-01	3.85340558346223e-02	-4.59450658011118e-04	9.34914911139580e-01	3.58841112217467e-02	-6.52748663980685e-04
1.00000000000000e+00	0.00000000000000e+00	0.00000000000000e+00
11	3.34048498351324e+04	3.02225806451613e+00
0.00000000000000e+00	6.38942349231593e-02	-1.17659316795082e-04	1.52698019811037e-01	5.97250173287835e-02	-1.28500971780188e-04
2.88183749990612e-01	5.59951219918402e-02	-1.40918760442421e-04	4.09300688615778e-01	5.26255919058163e-02	-1.55231256742105e-04
5.18307152999735e-01	4.95522833960904e-02	-1.71844803336096e-04	6.17020715578752e-01	4.67218040406303e-02	-1.91280870879940e-04
7.06922142913421e-01	4.40884529775112e-02	-2.14217555244200e-04	7.89231568920456e-01	4.16117883651186e-02	-2.41549640985994e-04
8.64965283087229e-01	3.92545475181088e-02	-2.74477371854820e-04	9.34978779816621e-01	3.70896701010608e-02	-4.24221594894858e-04
1.00000000000000e+00	0.00000000000000e+00	0.00000000000000e+00
11	3.34048498351324e+04	3.24806451612903e+00
0.00000000000000e+00	6.19350489690871e-02	-8.33435143285932e-05	1.51568498868467e-01	5.80872298454840e-02	-8.97494572638102e-05
2.86494808197728e-01	5.46437587124997e-02	-9.69267405668273e-05	4.07439026625599e-01	5.15367388389087e-02	-1.05001975093000e-04
5.16527848593964e-01	4.87112772840117e-02	-1.14131530599693e-04	6.15482473800585e-01	4.61222239765073e-02	-1.24507369351656e-04
7.05711496703088e-01	4.37317665256542e-02	-1.36367232171031e-04	7.88379496848898e-01	4.15076038600175e-02	-1.50008395639389e-04
8.64458463685456e-01	3.94215110569200e-02	-1.65806507324895e-04	9.34766900623006e-01	3.75594146028171e-02	-2.96106628355330e-04
1.00000000000000e+00	0.00000000000000e+00	0.00000000000000e+00
11	3.34048498351324e+04	3.47387096774194e+00
0.00000000000000e+00	5.99371325540841e-02	-5.79675723104689e-05	1.50271682966651e-01	5.63836321353886e-02	-6.16526577843501e-05
2.84501702435613e-01	5.31990131941642e-02	-6.57031344346581e-05	4.05170993647387e-01	5.03245969938522e-02	-7.01667121769667e-05
5.14276689544491e-01	4.77128964251354e-02	-7.51015589808279e-05	6.13444840499790e-01	4.53249592005323e-02	-8.05764555724675e-05
7.04013060131880e-01	4.31284112308128e-02	-8.66732071826970e-05	7.87092066448315e-01	4.10959866940295e-02	-9.34897197146789e-05
8.63612156932791e-01	3.92044019483806e-02	-1.01143958261662e-04	9.34358760898567e-01	3.75446892775415e-02	-2.21601073949529e-04
1.00000000000000e+00	0.00000000000000e+00	0.00000000000000e+00
11	3.34048498351324e+04	3.69967741935484e+00
0.00000000000000e+00	5.79178851602797e-02	-3.96977015757471e-05	1.48857531196157e-01	5.46343924687325e-02	-4.17703910053913e-05
2.82291886287769e-01	5.16852085250312e-02	-4.40118571005677e-05	4.02610683524970e-01	4.90195164803959e-02	-4.64388418062178e-05
5.11684538574378e-01	4.65960227158582e-02	-4.90724029786893e-05	6.11045954593183e-01	4.43807843473809e-02	-5.19366737494753e-05
7.01962534939146e-01	4.23455999261213e-02	-5.50594177346486e-05	7.85491976206347e-01	4.04667973577495e-02	-5.84727046117894e-05
8.62523922870712e-01	3.87243075437842e-02	-6.22137373833542e-05	9.33812207707995e-01	3.72106654498494e-02	-1.76638573420318e-04
1.00000000000000e+00	0.00000000000000e+00	0.00000000000000e+00
11	3.34048498351324e+04	3.92548387096774e+00
0.00000000000000e+00	5.58963003674229e-02	-2.68343973894858e-05	1.47368821351686e-01	5.28610005027856e-02	-2.79784050023490e-05
2.79939516894043e-01	5.01272311522563e-02	-2.91990678791265e-05	3.99853641899117e-01	4.76509699695105e-02	-3.05014356198896e-05
5.08859340828827e-01	4.53962431358046e-02	-3.18929675144908e-05	6.08397771603300e-01	4.33333503571851e-02	-3.33819939970503e-05
6.99667710744312e-01	4.14375391117832e-02	-3.49778416830482e-05	7.83674507035864e-01	3.96879992641748e-02	-3.66909799112136e-05
8.61267636342185e-01	3.80670908580705e-02	-3.85331927839072e-05	9.33169839102667e-01	3.66670645969223e-02	-1.48413013542958e-04
1.00000000000000e+00	0.00000000000000e+00	0.00000000000000e+00
11	3.34048498351324e+04	4.15129032258065e+00
0.00000000000000e+00	5.38909856630310e-02	-1.79436620562079e-05	1.45840953609096e-01	5.10841395259416e-02	-1.85651577677692e-05
2.77505601142228e-01	4.85483539224747e-02	-1.92212872078823e-05	3.96977820167580e-01	4.62455107555844e-02	-1.99128381295210e-05
5.05888240602090e-01	4.41442652869621e-02	-2.06424071826916e-05	6.05589540179478e-01	4.22185989248227e-02	-2.14128333724251e-05
6.97213269813052e-01	4.04467286326298e-02	-2.22272257983658e-05	7.81713287193415e-01	3.88102731507427e-02	-2.30889949899282e-05
8.59899341592548e-01	3.72936080600756e-02	-2.40018887938120e-05	9.32463320629987e-01	3.59877448848276e-02	-1.29905957337639e-04
1.00000000000000e+00	0.00000000000000e+00	0.00000000000000e+00
11	3.34048498351324e+04	4.37709677419355e+00
0.00000000000000e+00	5.19187516734598e-02	-1.18915268525477e-05	1.44302322429919e-01	4.93222996098295e-02	-1.22246199254494e-05
2.75038973201444e-01	4.69689821429624e-02	-1.25735803753191e-05	3.94045346850351e-01	4.48258151052663e-02	-1.29377030402278e-05
5.02840254011599e-01	4.28654994449471e-02	-1.33178792542932e-05	6.02691367896805e-01	4.10652436356134e-02	-1.37150668901853e-05
6.94665080530509e-01	3.94058683118705e-02	-1.41302962712864e-05	7.79664936046595e-01	3.78711159994058e-02	-1.45646769800223e-05
8.58461582172695e-01	3.64471131267234e-02	-1.50194052237484e-05	9.31716346288262e-01	3.52230945247234e-02	-1.17172897031947e-04
1.00000000000000e+00	0.00000000000000e+00	0.00000000000000e+00
11	3.34048498351324e+04	4.60290322580645e+00
0.00000000000000e+00	4.99937910176929e-02	-7.82281326605627e-06	1.42775024289873e-01	4.75910504554200e-02	-7.99919788940784e-06
2.72577710897818e-01	4.54061122395713e-02	-8.18320049722487e-06	3.91104646585472e-01	4.34104481254745e-02	-8.37362698447031e-06
4.99769044805700e-01	4.15802942780772e-02	-8.57077992266753e-06	5.99757541474558e-01	3.98956944240878e-02	-8.77497986406794e-06
6.92073857350518e-01	3.83397659597438e-02	-8.98656677716936e-06	7.77572738597742e-01	3.68981294536692e-02	-9.20590129882548e-06
8.56986610603091e-01	3.55584606179074e-02	-9.43336635605974e-06	9.30946707142359e-01	3.44079095848733e-02	-1.07949087726711e-04
1.00000000000000e+00	0.00000000000000e+00	0.00000000000000e+00
11	3.34048498351324e+04	4.82870967741935e+00
0.00000000000000e+00	4.81273484348521e-02	-5.11526996671563e-06	1.41275719153858e-01	4.59028133757453e-02	-5.20759087474509e-06
2.70150709545917e-01	4.38732739330336e-02	-5.30393810094232e-06	3.88192602888985e-01	4.20140585823199e-02	-5.40298449402954e-06
4.96715548158394e-01	4.03044860045108e-02	-5.50483181394057e-06	5.96829457084793e-01	3.87270881170985e-02	-5.60958669582057e-06
6.89478198536998e-01	3.72670091179099e-02	-5.71736084675756e-06	7.75469530718008e-01	3.59115345245704e-02	-5.82827146078380e-06
8.55498783766756e-01	3.46497185432930e-02	-5.94244141760569e-06	9.30167763915300e-01	3.35664552137511e-02	-1.00910342602845e-04
1.00000000000000e+00	0.00000000000000e+00	0.00000000000000e+00
11	3.34048498351324e+04	5.05451612903226e+00
0.00000000000000e+00	4.63277457290845e-02	-3.32843855344045e-06	1.39816521474298e-01	4.42669671512190e-02	-3.37613967693606e-06
2.67779235303532e-01	4.23807646982002e-02	-3.42630404426281e-06	3.85336591608556e-01	4.06477954537421e-02	-3.47759494423450e-06
4.93710321457632e-01	3.90500585861902e-02	-3.53004636455267e-06	5.93938126118383e-01	3.75722643803251e-02	-3.58369357211785e-06
6.86907070823302e-01	3.62013422672995e-02	-3.63857320850869e-06	7.73379961710830e-01	3.49260522283443e-02	-3.69472331263054e-06
8.54016367876150e-01	3.37366750882735e-02	-3.75218341197581e-06	9.29389515327447e-01	3.27157637370625e-02	-9.52700836405196e-05
1.00000000000000e+00	0.00000000000000e+00	0.00000000000000e+00
11	3.34048498351324e+04	5.28032258064516e+00
0.00000000000000e+00	4.46006271606614e-02	-2.15717080576106e-06	1.38405841995727e-01	4.26901463886298e-02	-2.18139761742897e-06
2.65478353149254e-01	4.09360332235733e-02	-2.20739662748493e-06	3.82556294520678e-01	3.93198105043440e-02	-2.23386326236863e-06
4.90775575137528e-01	3.78258023080977e-02	-2.26080880505464e-06	5.91106270677285e-01	3.64406211315376e-02	-2.28824487669144e-06
6.84381820982652e-01	3.51527649748227e-02	-2.31618347590334e-06	7.71322268610576e-01	3.39522966568895e-02	-2.34463692283526e-06
8.52552910610127e-01	3.28305864268659e-02	-2.37361795818458e-06	9.28619386104523e-01	3.18678177652305e-02	-9.05543431566347e-05
1.00000000000000e+00	0.00000000000000e+00	0.00000000000000e+00
11	3.34048498351324e+04	5.50612903225806e+00
0.00000000000000e+00	4.29493244960302e-02	-1.39360748252493e-06	1.37049143941067e-01	4.11766345812061e-02	-1.40557956540555e-06
2.63258188329872e-01	3.95441217405841e-02	-1.41900413308527e-06	3.79865270330270e-01	3.80357714551285e-02	-1.43262194884919e-06
4.87926894133845e-01	3.66379200770528e-02	-1.44643675747957e-06	5.88350059348851e-01	3.53388374321293e-02	-1.46045237436887e-06
6.81917802779627e-01	3.41283964982380e-02	-1.47467270239510e-06	7.69309676860984e-01	3.29978085661322e-02	-1.48910174257999e-06
8.51118298331608e-01	3.19394092220195e-02	-1.50374358676153e-06	9.27862819676780e-01	3.10310225186357e-02	-8.64735394765503e-05
1.00000000000000e+00	0.00000000000000e+00	0.00000000000000e+00
11	3.34048498351324e+04	5.73193548387097e+00
0.00000000000000e+00	4.13752554549880e-02	-8.98041105257263e-07	1.35749588601613e-01	3.97287736065552e-02	-9.03661860229832e-07
2.61124993106277e-01	3.82081002980075e-02	-9.10572682366606e-07	3.77272267342971e-01	3.67993346462514e-02	-9.17563090840900e-07
4.85174656295244e-01	3.54905520719981e-02	-9.24634303123284e-07	5.85680515393585e-01	3.42714638868682e-02	-9.31787585090049e-07
6.79525675084433e-01	3.31331460636008e-02	-9.39024204837935e-07	7.67351498582233e-01	3.20678202379538e-02	-9.46345454222453e-07
8.49719570321604e-01	3.10686755722629e-02	-9.53752655519224e-07	9.27123726425897e-01	3.02112126458751e-02	-8.28481134185211e-05
1.00000000000000e+00	0.00000000000000e+00	0.00000000000000e+00
11	3.34048498351324e+04	5.95774193548387e+00
0.00000000000000e+00	3.98783176093784e-02	-5.77565586468154e-07	1.34508577747353e-01	3.83473577371258e-02	-5.79919997800715e-07
2.59082038665243e-01	3.69294695811178e-02	-5.83468881876215e-07	3.74782313242722e-01	3.56125652677375e-02	-5.87050450029380e-07
4.82525199418050e-01	3.43862218345519e-02	-5.90665091060316e-07	5.83104663213208e-01	3.32414029158794e-02	-5.94313228186039e-07
6.77212446313166e-01	3.21702355842808e-02	-5.97995262197060e-07	7.65454004969388e-01	3.11658289462473e-02	-6.01711642511660e-07
8.48361556841616e-01	3.02221256528541e-02	-6.05462745717489e-07	9.26404830021642e-01	2.94123563253614e-02	-7.95648017599682e-05
1.00000000000000e+00	0.00000000000000e+00	0.00000000000000e+00
11	3.34048498351324e+04	6.18354838709677e+00
0.00000000000000e+00	3.84572455102850e-02	-3.70920665737628e-07	1.33326196382309e-01	3.70319857894019e-02	-3.71611713845255e-07
2.57130342357300e-01	3.57085133080419e-02	-3.73430523836760e-07	3.72397600938698e-01	3.44762953094566e-02	-3.75262712459801e-07
4.79981765378226e-01	3.33262050073735e-02	-3.77108427596085e-07	5.80626450084600e-01	3.22502933903190e-02	-3.78967779823824e-07
6.74982307887918e-01	3.12416051749120e-02	-3.80840948333017e-07	7.63621116571465e-01	3.02940282253432e-02	-3.82728015280165e-07
8.47047379297665e-01	2.94021695488942e-02	-3.84629147642812e-07	9.25707936197399e-01	2.86370549642618e-02	-7.65506224669199e-05
1.00000000000000e+00	0.00000000000000e+00	0.00000000000000e+00
11	3.34048498351324e+04	6.40935483870968e+00
0.00000000000000e+00	3.71099168714335e-02	-2.37986026885295e-07	1.32201566076812e-01	3.57813609311837e-02	-2.37842525008247e-07
2.55269249039771e-01	3.45445945063820e-02	-2.38773154803695e-07	3.70118196626324e-01	3.33904194134960e-02	-2.39709262883636e-07
4.77545253526065e-01	3.23108279318896e-02	-2.40650872562753e-07	5.78247479463407e-01	3.12988151075320e-02	-2.41598052008740e-07
6.72837294535958e-01	3.03482265531867e-02	-2.42550814322229e-07	7.61854947315957e-01	2.94536331532143e-02	-2.43509254094221e-07
8.45778842043751e-01	2.86102272825104e-02	-2.44473379318322e-07	9.25034141867317e-01	2.78869025098913e-02	-7.37572536522180e-05
1.00000000000000e+00	0.00000000000000e+00	0.00000000000000e+00
11	3.34048498351324e+04	6.63516129032258e+00
0.00000000000000e+00	3.58336095137091e-02	-1.52629200611543e-07	1.31133125769556e-01	3.45935415693073e-02	-1.52077713977405e-07
2.53496894961272e-01	3.34364016115742e-02	-1.52553255139409e-07	3.67942606113108e-01	3.23541378405341e-02	-1.53031034955120e-07
4.75214823790836e-01	3.13397093175114e-02	-1.53511057199296e-07	5.75967597750600e-01	3.03869310523102e-02	-1.53993349627513e-07
6.70777811810545e-01	2.94903477702673e-02	-1.54477915570439e-07	7.60156238020491e-01	2.86451293791286e-02	-1.54964778342759e-07
8.44556743520394e-01	2.78469839048463e-02	-1.55453940386963e-07	9.24384000492409e-01	2.71627495430959e-02	-7.11515950790886e-05
1.00000000000000e+00	0.00000000000000e+00	0.00000000000000e+00
11	3.34048498351324e+04	6.86096774193548e+00
0.00000000000000e+00	3.46252062359154e-02	-9.79029834979883e-08	1.30118848256165e-01	3.34661418746436e-02	-9.71619555922842e-08
2.51810567607864e-01	3.23821448305053e-02	-9.74046960866559e-08	3.65868216073174e-01	3.13661493273076e-02	-9.76483347514545e-08
4.72988367974662e-01	3.04119505082949e-02	-9.78929071138168e-08	5.73785353587460e-01	2.95140761195971e-02	-9.81383934117730e-08
6.68803049249370e-01	2.86676814879150e-02	-9.83848005287058e-08	7.58524695793021e-01	2.78684620611309e-02	-9.86321404550239e-08
8.43381119550129e-01	2.71125801782557e-02	-9.88804096380136e-08	9.23757651135531e-01	2.64648976221462e-02	-6.87100285772235e-05
1.00000000000000e+00	0.00000000000000e+00	0.00000000000000e+00
11	3.34048498351324e+04	7.08677419354839e+00
0.00000000000000e+00	3.34813584398588e-02	-6.28556400261715e-08	1.29156408466214e-01	3.23964926826545e-02	-6.20362532455232e-08
2.50206987661480e-01	3.13797138410208e-02	-6.21600446670811e-08	3.63891641958476e-01	3.04248056079210e-02	-6.22842117881106e-08
4.70862883125711e-01	2.95262871524280e-02	-6.24087506118087e-08	5.71698363005508e-01	2.86793064361917e-02	-6.25336595838633e-08
6.66911309645803e-01	2.78795525542432e-02	-6.26589533592181e-08	7.56959264923140e-01	2.71231823424785e-02	-6.27846070688776e-08
8.42251437649410e-01	2.64067586147292e-02	-6.29106504668187e-08	9.23154921523671e-01	2.57932461545829e-02	-6.64149218096988e-05
1.00000000000000e+00	0.00000000000000e+00	0.00000000000000e+00
11	3.34048498351324e+04	7.31258064516129e+00
0.00000000000000e+00	3.23986092343718e-02	-4.04298665657166e-08	1.28243308772836e-01	3.13817638020808e-02	-3.95881576409352e-08
2.48682521161988e-01	3.04267983991771e-02	-3.96512438438634e-08	3.62008991961675e-01	2.95282299112101e-02	-3.97144843677921e-08
4.68834756684383e-01	2.86812055038563e-02	-3.97778736616061e-08	5.69703589736098e-01	2.78814135856362e-02	-3.98414274904724e-08
6.65100262826853e-01	2.71250103978076e-02	-3.99051154342800e-08	7.55458336290877e-01	2.64085582371041e-02	-3.99689683572291e-08
8.41166747559174e-01	2.57289732154964e-02	-4.00329649430375e-08	9.22575407998993e-01	2.51474018017637e-02	-6.42524852418891e-05
1.00000000000000e+00	0.00000000000000e+00	0.00000000000000e+00
11	3.34048498351324e+04	7.53838709677419e+00
0.00000000000000e+00	3.13734878077605e-02	-2.60883397107392e-08	1.27376974232167e-01	3.04190588879831e-02	-2.52521061838706e-08
2.47233342722457e-01	2.95209826007905e-02	-2.52842409231846e-08	3.60216072086265e-01	2.86744099688587e-02	-2.53164362806757e-08
4.66899989799474e-01	2.78750338507470e-02	-2.53486858170504e-08	5.67797566194391e-01	2.71190143426885e-02	-2.53810072958771e-08
6.63367146808539e-01	2.64029170941016e-02	-2.54133876165241e-08	7.54019914088315e-01	2.57236611441034e-02	-2.54458272230806e-08
8.40125801517314e-01	2.50784746073567e-02	-2.54783250053237e-08	9.22018539578341e-01	2.45267627487005e-02	-6.22114616455338e-05
1.00000000000000e+00	0.00000000000000e+00	0.00000000000000e+00
11	3.34048498351324e+04	7.76419354838710e+00
0.00000000000000e+00	3.04025761172046e-02	-1.69192857502054e-08	1.26554820565601e-01	2.95054839122442e-02	-1.61018933741985e-08
2.45855553976626e-01	2.86598139145406e-02	-1.61182494018419e-08	3.58508536934529e-01	2.78612668242890e-02	-1.61346318527933e-08
4.65054363282112e-01	2.71060106139318e-02	-1.61510456120340e-08	5.65976559128960e-01	2.63906177834956e-02	-1.61674869048056e-08
6.61708919660789e-01	2.57120133532056e-02	-1.61839281975773e-08	7.52641742430878e-01	2.50674306786076e-02	-1.62004067938426e-08
8.39127146039541e-01	2.44543737486740e-02	-1.62169182527094e-08	9.21483627032198e-01	2.39305815687432e-02	-6.02823158106780e-05
1.00000000000000e+00	0.00000000000000e+00	0.00000000000000e+00
11	3.34048498351324e+04	7.99000000000000e+00
0.00000000000000e+00	2.94825582101803e-02	-1.10568671995992e-08	1.25774304817449e-01	2.86381989007707e-02	-1.02643324950691e-08
2.44545273433584e-01	2.78408561243009e-02	-1.02726578354861e-08	3.56882005734168e-01	2.70867081539481e-02	-1.02809896151967e-08
4.63293566793355e-01	2.63723374945330e-02	-1.02893276121563e-08	5.64236699823558e-01	2.56946779020735e-02	-1.02976840388180e-08
6.60122379849201e-01	2.50509703871189e-02	-1.03060580070036e-08	7.51321406383428e-01	2.44387256695562e-02	-1.03144295326985e-08
8.38169195587372e-01	2.38556920075803e-02	-1.03228121606236e-08	9.20969902477884e-01	2.33580145260914e-02	-5.84567377774903e-05
1.00000000000000e+00	0.00000000000000e+00	0.00000000000000e+00
