25	5.57226479550718e+01	9.90000000000000e-01
0.00000000000000e+00	2.61957586613069e-02	-1.18537742358704e-04	5.95159243015844e-02	2.51806764689411e-02	-1.28467877220428e-04
1.16108391518236e-01	2.41864324216525e-02	-1.39694374314381e-04	1.70028238742833e-01	2.32063109618226e-02	-1.52445750968289e-04
2.21502608537441e-01	2.22333209543859e-02	-1.67010786273680e-04	2.70738257417542e-01	2.12599857094979e-02	-1.83749944304479e-04
3.17924451527573e-01	2.02780981652779e-02	-2.03117829166377e-04	3.63235538421334e-01	1.92784142439650e-02	-2.25694295501899e-04
4.06833274271417e-01	1.82502568598646e-02	-2.52228248869057e-04	4.48868980959771e-01	1.71809905280247e-02	-2.83700409688281e-04
4.89485607855842e-01	1.60553068077192e-02	-3.21415044687745e-04	5.28819779798570e-01	1.48542291105604e-02	-3.67137021673791e-04
5.67003928173152e-01	1.35536931617468e-02	-4.23301691109268e-04	6.04168630298424e-01	1.21224710723602e-02	-4.93345464018136e-04
6.40445331433773e-01	1.05190524873422e-02	-5.82243443765007e-04	6.75969708061088e-01	8.68681650666048e-03	-6.97416835495845e-04
7.10886078400940e-01	6.54629955644204e-03	-8.50332189158420e-04	7.45353531732774e-01	3.98231813679506e-03	-1.05946871127283e-03
7.79554948701992e-01	8.21514802970547e-04	-1.35617599638249e-03	8.13711083101103e-01	-3.20899529567509e-03	-1.79715658992152e-03
8.48104011963937e-01	-8.56298431959857e-03	-2.49377402287765e-03	8.83119258916584e-01	-1.60485986505751e-02	-3.69023477340447e-03
9.19329024448563e-01	-2.72358191947344e-02	-6.01262526143165e-03	9.57679321625531e-01	-4.58883672406857e-02	-1.11268930602977e-02
1.00000000000000e+00	0.00000000000000e+00	0.00000000000000e+00
18	5.57226479550718e+01	1.21580645161290e+00
0.00000000000000e+00	3.64622461988569e-02	-2.11524292572207e-04	8.46237493193950e-02	3.45677739406345e-02	-2.36010053160873e-04
1.63593253142990e-01	3.27290807539256e-02	-2.64982174943418e-04	2.37558391524941e-01	3.09230193641656e-02	-2.99602518233577e-04
3.07087582207393e-01	2.91249004471210e-02	-3.41441223431715e-04	3.72682968134728e-01	2.73070672834037e-02	-3.92654906020473e-04
4.34793225691698e-01	2.54369920325599e-02	-4.56270860097474e-04	4.93824733819420e-01	2.34745678192572e-02	-5.36646120365303e-04
5.50151784738775e-01	2.13680574615038e-02	-6.40236239366709e-04	6.04126552543454e-01	1.90477473930335e-02	-7.76938154456230e-04
6.56089705955802e-01	1.64155437137099e-02	-9.62555834033596e-04	7.06382952555401e-01	1.33270642206851e-02	-1.22360763526808e-03
7.55365658536559e-01	9.55906670981199e-03	-1.60741748043547e-03	8.03439546472925e-01	4.74623681119946e-03	-2.20536694319562e-03
8.51089775548268e-01	-1.75143779981135e-03	-3.21342806712388e-03	8.98961736213285e-01	-1.11541171859867e-02	-5.11861975557393e-03
9.48025564106763e-01	-2.62477077381422e-02	-9.22559155338054e-03	1.00000000000000e+00	0.00000000000000e+00	0.00000000000000e+00
14	5.57226479550718e+01	1.44161290322581e+00
0.00000000000000e+00	4.69030650163407e-02	-3.14512873698325e-04	1.10967542694092e-01	4.39016113442958e-02	-3.60371451490593e-04
2.12603396996211e-01	4.10213876927901e-02	-4.17003573328412e-04	3.06231915848651e-01	3.82057733087064e-02	-4.88071094187026e-04
3.92972899174389e-01	3.53932525605161e-02	-5.78943347943506e-04	4.73788388201844e-01	3.25116041968605e-02	-6.97745650932280e-04
5.49520868804529e-01	2.94692839538511e-02	-8.57253305830641e-04	6.20926448209118e-01	2.61414597251812e-02	-1.07850240121676e-03
6.88706539454396e-01	2.23456175117951e-02	-1.39816229079814e-03	7.53542560373963e-01	1.77957468188514e-02	-1.88493664687783e-03
8.16141095620358e-01	1.20092848666693e-02	-2.68032414956521e-03	8.77304788926190e-01	4.10031872678718e-03	-4.11627740857368e-03
9.38066555347995e-01	-7.82377443703786e-03	-7.04044414871685e-03	1.00000000000000e+00	0.00000000000000e+00	0.00000000000000e+00
11	5.57226479550718e+01	1.66741935483871e+00
0.00000000000000e+00	5.98300407256243e-02	-4.49474574102826e-04	1.43722713038295e-01	5.51826211301434e-02	-5.30588006964594e-04
2.72417030601629e-01	5.07922506814737e-02	-6.35776503192798e-04	3.88676017269777e-01	4.65284908896046e-02	-7.75635316349055e-04
4.94606142685697e-01	4.22470723651955e-02	-9.67325928461049e-04	5.91961471899761e-01	3.77682679542062e-02	-1.24015297440683e-03
6.82249698590233e-01	3.28405939729208e-02	-1.64759531531611e-03	7.66825931818527e-01	2.70716709605554e-02	-2.29601732656404e-03
8.46992729753163e-01	1.97814278145236e-02	-3.42305185511882e-03	9.24138988969745e-01	9.63422758414878e-03	-5.63483720429137e-03
1.00000000000000e+00	0.00000000000000e+00	0.00000000000000e+00
11	5.57226479550718e+01	1.89322580645161e+00
0.00000000000000e+00	5.85400985667406e-02	-3.61335847096855e-04	1.44520344684874e-01	5.42800263347860e-02	-4.19725371703539e-04
2.74161770995388e-01	5.02933730067279e-02	-4.93490563142407e-04	3.91391154732635e-01	4.64791834813147e-02	-5.88562685161609e-04
4.98212479856126e-01	4.27333853909591e-02	-7.14048696893066e-04	5.96285928900134e-01	3.89370662854276e-02	-8.84514883540799e-04
6.87019149621112e-01	3.49391172442677e-02	-1.12445649647630e-03	7.71642120930239e-01	3.05268111773984e-02	-1.47771748389580e-03
8.51275942929226e-01	2.53702923054364e-02	-2.02931013705276e-03	9.27008459672045e-01	1.89331739835206e-02	-2.98882432819458e-03
1.00000000000000e+00	0.00000000000000e+00	0.00000000000000e+00
11	5.57226479550718e+01	2.11903225806452e+00
0.00000000000000e+00	5.71126024069872e-02	-2.82044828249450e-04	1.44807074439414e-01	5.32272742236943e-02	-3.22192573073643e-04
2.74979101821294e-01	4.96207810825602e-02	-3.71560400448390e-04	3.92845414077622e-01	4.62148676737717e-02	-4.33211377941944e-04
5.00301584115515e-01	4.29340835228731e-02	-5.11601916395099e-04	5.98914697189368e-01	3.96994686562533e-02	-6.13415378954540e-04
6.90002769938601e-01	3.64205479432347e-02	-7.49047948654491e-04	7.74697091507910e-01	3.29835725524339e-02	-9.35397217938005e-04
8.53994224114097e-01	2.92321452129618e-02	-1.20144684228540e-03	9.28803849091472e-01	2.49874459676718e-02	-1.65593403960851e-03
1.00000000000000e+00	0.00000000000000e+00	0.00000000000000e+00
11	5.57226479550718e+01	2.34483870967742e+00
0.00000000000000e+00	5.55512845589248e-02	-2.14084844372353e-04	1.44640923144267e-01	5.20195843626523e-02	-2.40526363553206e-04
2.74978122457293e-01	4.87619898843459e-02	-2.72183617778143e-04	3.93196256336260e-01	4.57170876092827e-02	-3.10526263408883e-04
5.01079217213289e-01	4.28288722875378e-02	-3.57584811921718e-04	6.00102740016345e-01	4.00431564983263e-02	-4.16225410026838e-04
6.91503965461282e-01	3.73037402819560e-02	-4.90600078737913e-04	7.76334993761808e-01	3.45476850847977e-02	-5.86908159863286e-04
8.55505457213717e-01	3.16986884861357e-02	-7.14741906635785e-04	9.29817985332367e-01	2.87295359543556e-02	-9.62699665372879e-04
1.00000000000000e+00	0.00000000000000e+00	0.00000000000000e+00
11	5.57226479550718e+01	2.57064516129032e+00
0.00000000000000e+00	5.38663245450972e-02	-1.58356399951431e-04	1.44089854732487e-01	5.06623359472980e-02	-1.75099887000707e-04
2.74283901827933e-01	4.77196423804558e-02	-1.94643399565653e-04	3.92618567893290e-01	4.49891925558399e-02	-2.17647383316866e-04
5.00764647847633e-01	4.24279965730816e-02	-2.44982203340793e-04	6.00108264826378e-01	3.99968743876877e-02	-2.77810627207442e-04
6.91811857784076e-01	3.76583961742494e-02	-3.17714324144847e-04	7.76860927854312e-01	3.53747717321931e-02	-3.66889219900246e-04
8.56100561971273e-01	3.31054082085236e-02	-4.28456173618086e-04	9.30264644529651e-01	3.08863586943449e-02	-5.90007662891523e-04
1.00000000000000e+00	0.00000000000000e+00	0.00000000000000e+00
11	5.57226479550718e+01	2.79645161290323e+00
0.00000000000000e+00	5.20744537266213e-02	-1.14430930114651e-04	1.43225196292298e-01	4.91706000729875e-02	-1.24668162650554e-04
2.73025401849098e-01	4.65097112435326e-02	-1.36341150508867e-04	3.91288250855577e-01	4.40519383687841e-02	-1.49730011732574e-04
4.99571443106413e-01	4.17631748977230e-02	-1.65189163676249e-04	5.99172999508090e-01	3.96134992181532e-02	-1.83169618550805e-04
6.91184548784565e-01	3.75758852677999e-02	-2.04252424517604e-04	7.76532309846423e-01	3.56250611306599e-02	-2.29196448396696e-04
8.56009048110958e-01	3.37364113168070e-02	-2.59007990996984e-04	9.30299354795452e-01	3.19723727696601e-02	-3.83049248749989e-04
1.00000000000000e+00	0.00000000000000e+00	0.00000000000000e+00
11	5.57226479550718e+01	3.02225806451613e+00
0.00000000000000e+00	5.01977655001840e-02	-8.09923063933571e-05	1.42116366728230e-01	4.75669722762213e-02	-8.70621273820760e-05
2.71326320597136e-01	4.51577330263033e-02	-9.38397176375450e-05	3.89370678682310e-01	4.29372579398224e-02	-1.01437826517170e-04
4.97695306001497e-01	4.08777911331286e-02	-1.09994752629516e-04	5.97511606433654e-01	3.89554599431234e-02	-1.19679238842485e-04
6.89842808844305e-01	3.71493647802725e-02	-1.30698890661529e-04	7.75559814412541e-01	3.54408339562211e-02	-1.43311443146832e-04
8.55409277600653e-01	3.38127875000460e-02	-1.57840033450096e-04	9.30035846286250e-01	3.23384644807925e-02	-2.64448893896985e-04
1.00000000000000e+00	0.00000000000000e+00	0.00000000000000e+00
11	5.57226479550718e+01	3.24806451612903e+00
0.00000000000000e+00	4.82616911326357e-02	-5.62928988636635e-05	1.40827183278460e-01	4.58785751225363e-02	-5.97973642888494e-05
2.69299073089917e-01	4.36944928092300e-02	-6.36393953274972e-05	3.87013782874809e-01	4.16822538409678e-02	-6.78620622405202e-05
4.95307806951998e-01	3.98189043719057e-02	-7.25174639755188e-05	5.95307708239283e-01	3.80848490204522e-02	-7.76669337421154e-05
6.87970053044678e-01	3.64631655455492e-02	-8.33830766038268e-05	7.74112603128051e-01	3.49390590729837e-02	-8.97523516603105e-05
8.54438926647855e-01	3.34994185364588e-02	-9.68783720567412e-05	9.29558001300646e-01	3.22214231403906e-02	-1.94311588554541e-04
1.00000000000000e+00	0.00000000000000e+00	0.00000000000000e+00
11	5.57226479550718e+01	3.47387096774194e+00
0.00000000000000e+00	4.62927508265598e-02	-3.85143155388068e-05	1.39413705182290e-01	4.41340729231361e-02	-4.04920136234388e-05
2.67041580825084e-01	4.21522053288463e-02	-4.26264859900716e-05	3.84344902991965e-01	4.03245216332664e-02	-4.49331216860749e-05
4.92554395190722e-01	3.86318798674414e-02	-4.74309853379928e-05	5.92714087129250e-01	3.70579451049664e-02	-5.01418561267286e-05
6.85715541209538e-01	3.55886601514614e-02	-5.30907054818730e-05	7.72324829384450e-01	3.42118256867499e-02	-5.63062759135757e-05
8.53203992804310e-01	3.29167631328429e-02	-5.98217858889249e-05	9.28928259528675e-01	3.17813741185162e-02	-1.51446612274952e-04
1.00000000000000e+00	0.00000000000000e+00	0.00000000000000e+00
11	5.57226479550718e+01	3.69967741935484e+00
0.00000000000000e+00	4.43165165904527e-02	-2.59955912205179e-05	1.37923323843216e-01	4.23611956981516e-02	-2.70901297860782e-05
2.64636191653961e-01	4.05616530398270e-02	-2.82560845719093e-05	3.81470263532662e-01	3.88990462303549e-02	-2.94982846871239e-05
4.89555093625091e-01	3.73573598695083e-02	-3.08235411725644e-05	5.89855120849044e-01	3.59228824076163e-02	-3.22394427576533e-05
6.83198826745717e-01	3.45837947343710e-02	-3.37544650306221e-05	7.70301930019673e-01	3.33298422443897e-02	-3.53780978630258e-05
8.51785994291464e-01	3.21520709972409e-02	-3.71209947158668e-05	9.28193474120495e-01	3.11274863587796e-02	-1.24288146405416e-04
1.00000000000000e+00	0.00000000000000e+00	0.00000000000000e+00
11	5.57226479550718e+01	3.92548387096774e+00
0.00000000000000e+00	4.23560884962746e-02	-1.73429327885444e-05	1.36394772995412e-01	4.05850152241123e-02	-1.79386656584679e-05
2.62150072796362e-01	3.89503755862721e-02	-1.85666236762749e-05	3.78476118025135e-01	3.74364900349062e-02	-1.92277585517875e-05
4.86406698628842e-01	3.60299530632764e-02	-1.99244556864375e-05	5.86830217265094e-01	3.47192302746817e-02	-2.06593186304893e-05
6.80514401269957e-01	3.34943389386066e-02	-2.14351934211265e-05	7.68126141493531e-01	3.23465913768686e-02	-2.22551963027229e-05
8.50247543607684e-01	3.12683871605384e-02	-2.31227451066296e-05	9.27389009639344e-01	3.03349710312428e-02	-1.06369789196759e-04
1.00000000000000e+00	0.00000000000000e+00	0.00000000000000e+00
11	5.57226479550718e+01	4.15129032258065e+00
0.00000000000000e+00	4.04311840402987e-02	-1.14554443257919e-05	1.34858750318908e-01	3.88269832282360e-02	-1.17750357604418e-05
2.59636522725802e-01	3.73417752807816e-02	-1.21092608864615e-05	3.75430839519206e-01	3.59625294105810e-02	-1.24577104478885e-05
4.83185702894053e-01	3.46780339552282e-02	-1.28212061820676e-05	5.83717539908186e-01	3.34785870748160e-02	-1.32006299009557e-05
6.77736058412059e-01	3.23557494989883e-02	-1.35969288976856e-05	7.65861141632645e-01	3.13021441968668e-02	-1.40111218460692e-05
8.48636632330316e-01	3.03112928863083e-02	-1.44443053173848e-05	9.26541654776695e-01	2.94562035836303e-02	-9.39997568174533e-05
1.00000000000000e+00	0.00000000000000e+00	0.00000000000000e+00
11	5.57226479550718e+01	4.37709677419355e+00
0.00000000000000e+00	3.85577194673532e-02	-7.50198678445280e-06	1.33338830491350e-01	3.71045392015534e-02	-7.67124605527414e-06
2.57136672976840e-01	3.57548492345683e-02	-7.84737859560458e-06	3.72387327379882e-01	3.44978337785171e-02	-8.02953395750983e-06
4.79951318595920e-01	3.33241270107243e-02	-8.21799132544321e-06	5.80577516895032e-01	3.22255763300197e-02	-8.41304619569883e-06
6.74920682001311e-01	3.11950515959754e-02	-8.61501150595245e-06	7.63555800138929e-01	3.02262892294696e-02	-8.82421894776719e-06
8.46989877782218e-01	2.93137639583518e-02	-9.04102031196174e-06	9.25671703363000e-01	2.85279890452104e-02	-8.50317364917696e-05
1.00000000000000e+00	0.00000000000000e+00	0.00000000000000e+00
11	5.57226479550718e+01	4.60290322580645e+00
0.00000000000000e+00	3.67478390465183e-02	-4.87664376191965e-06	1.31852533833999e-01	3.54311853750731e-02	-4.96520700310477e-06
2.54681371914858e-01	3.42043824074472e-02	-5.05725738753071e-06	3.69385511475170e-01	3.30584611708493e-02	-5.15183074667469e-06
4.76748428941970e-01	3.19856058421313e-02	-5.24902082976730e-06	5.77456059434790e-01	3.09789729006309e-02	-5.34892577386259e-06
6.72111519777371e-01	3.00325443285230e-02	-5.45164834653278e-06	7.61247242942205e-01	2.91410066187525e-02	-5.55729612572442e-06
8.45335039783480e-01	2.82996504477433e-02	-5.66598192897061e-06	9.24794489679600e-01	2.75763681463455e-02	-7.81982799158421e-05
1.00000000000000e+00	0.00000000000000e+00	0.00000000000000e+00
11	5.57226479550718e+01	4.82870967741935e+00
0.00000000000000e+00	3.50101921544601e-02	-3.14961875358399e-06	1.30412371148050e-01	3.38168083507366e-02	-3.19537963533456e-06
2.52292977940149e-01	3.27013631492117e-02	-3.24315201205572e-06	3.66454660911172e-01	3.16564223787943e-02	-3.29197146653470e-06
4.73610214496618e-01	3.06754679118799e-02	-3.34186917849699e-06	5.74387320509977e-01	2.97527596496745e-02	-3.39287749873129e-06
6.69340884352577e-01	2.88832227430327e-02	-3.44502995774931e-06	7.58963286077661e-01	2.80623538755680e-02	-3.49836140256521e-06
8.43692946228864e-01	2.72861429525348e-02	-3.55290793607743e-06	9.23921521050901e-01	2.66198192021847e-02	-7.27404494433870e-05
1.00000000000000e+00	0.00000000000000e+00	0.00000000000000e+00
11	5.57226479550718e+01	5.05451612903226e+00
0.00000000000000e+00	3.33503716786616e-02	-2.02262777970752e-06	1.29026815387565e-01	3.22681484093605e-02	-2.04591796326703e-06
2.49986999857223e-01	3.12535155956399e-02	-2.07056608747536e-06	3.63615452509351e-01	3.03003107857758e-02	-2.09564517206218e-06
4.70560449927117e-01	2.94030990313316e-02	-2.12116551012720e-06	5.71396043821875e-01	2.85570675571436e-02	-2.14713768742492e-06
6.66632388720594e-01	2.77579391883542e-02	-2.17357264342688e-06	7.56724391947408e-01	2.70018998406267e-02	-2.20048155985531e-06
8.42078995479836e-01	2.62855374791142e-02	-2.22787602388586e-06	9.23061335650499e-01	2.56714312461781e-02	-6.81979122274523e-05
1.00000000000000e+00	0.00000000000000e+00	0.00000000000000e+00
11	5.57226479550718e+01	5.28032258064516e+00
0.00000000000000e+00	3.17714115394065e-02	-1.29226224898638e-06	1.27701154552026e-01	3.07893148918315e-02	-1.30386316721243e-06
2.47773523766902e-01	2.98658529852258e-02	-1.31651840096225e-06	3.60881748013906e-01	2.89959146018175e-02	-1.32934965924036e-06
4.67615447593266e-01	2.81749665772217e-02	-1.34236031912316e-06	5.68499517010686e-01	2.73989733378068e-02	-1.35555383584673e-06
6.64002769472940e-01	2.66643304435481e-02	-1.36893372237878e-06	7.54545232003580e-01	2.59678085048025e-02	-1.38250365067094e-06
8.40504330687545e-01	2.53065056310531e-02	-1.39626726802788e-06	9.22220158170151e-01	2.47404005448331e-02	-6.42878188432672e-05
1.00000000000000e+00	0.00000000000000e+00	0.00000000000000e+00
11	5.57226479550718e+01	5.50612903225806e+00
0.00000000000000e+00	3.02743015824367e-02	-8.21781203308447e-07	1.26438231114001e-01	2.93823079498121e-02	-8.27354014187875e-07
2.45658445037183e-01	2.85412183411322e-02	-8.33825687163170e-07	3.58262118043096e-01	2.77467890530581e-02	-8.40368722831997e-07
4.64785708716853e-01	2.69952362070955e-02	-8.46984234748049e-07	5.65709212050538e-01	2.62831741727263e-02	-8.53673341127958e-07
6.61463397692712e-01	2.56075645144385e-02	-8.60437190386421e-07	7.52435962559533e-01	2.49656725959237e-02	-8.67276935601069e-07
8.38976783143909e-01	2.43550305343900e-02	-8.74193770039611e-07	9.21402417559973e-01	2.38330904772974e-02	-6.08339111380918e-05
1.00000000000000e+00	0.00000000000000e+00	0.00000000000000e+00
11	5.57226479550718e+01	5.73193548387097e+00
0.00000000000000e+00	2.88584293168435e-02	-5.20321714381211e-07	1.25239026659143e-01	2.80474633968752e-02	-5.22814222803092e-07
2.43644441645727e-01	2.72807390302860e-02	-5.26113198784373e-07	3.55761042753200e-01	2.65547277182248e-02	-5.29440891128274e-07
4.62077218255831e-01	2.58662673509422e-02	-5.32797663765905e-07	5.63032063619645e-01	2.52125149635414e-02	-5.36183864641160e-07
6.59021447340741e-01	2.45909074628974e-02	-5.39599902316112e-07	7.50403202565035e-01	2.39991280144023e-02	-5.43046123624435e-07
8.37501588034225e-01	2.34350771597445e-02	-5.46522899158575e-07	9.20611135583315e-01	2.29537697999411e-02	-5.77244260016041e-05
1.00000000000000e+00	0.00000000000000e+00	0.00000000000000e+00
11	5.57226479550718e+01	5.95774193548387e+00
0.00000000000000e+00	2.75219821151793e-02	-3.28088218370937e-07	1.24103147092136e-01	2.67838539860092e-02	-3.29024287371027e-07
2.41731783513010e-01	2.60842304653299e-02	-3.30701976913872e-07	3.53379910223863e-01	2.54201725042420e-02	-3.32391116852904e-07
4.59492519802481e-01	2.47890336129988e-02	-3.34091846188045e-07	5.60471526802390e-01	2.41884234963017e-02	-3.35804269280260e-07
6.56680857356497e-01	2.36161777843429e-02	-3.37528497817985e-07	7.48450833843458e-01	2.30703319562153e-02	-3.39264659032779e-07
8.36081965957080e-01	2.25490987935408e-02	-3.41012882154601e-07	9.19848239864817e-01	2.21051545988564e-02	-5.48869276228992e-05
1.00000000000000e+00	0.00000000000000e+00	0.00000000000000e+00
11	5.57226479550718e+01	6.18354838709677e+00
0.00000000000000e+00	2.62623061175444e-02	-2.06048825779348e-07	1.23029226060343e-01	2.55896457772387e-02	-2.06211134612388e-07
2.39919008556976e-01	2.49505512447170e-02	-2.07063035384536e-07	3.51117853000113e-01	2.43425694053110e-02	-2.07919454542349e-07
4.57031617683287e-01	2.37634813338303e-02	-2.08780448041068e-07	5.58028464965969e-01	2.32112741970401e-02	-2.09646029203370e-07
6.54443138437644e-01	2.26841178696238e-02	-2.10516285958917e-07	7.46580670634932e-01	2.21803446630231e-02	-2.11391221638380e-07
8.34719607841642e-01	2.16984316948872e-02	-2.12270853561236e-07	9.19114823793929e-01	2.12888202615598e-02	-5.22731676535493e-05
1.00000000000000e+00	0.00000000000000e+00	0.00000000000000e+00
11	5.57226479550718e+01	6.40935483870968e+00
0.00000000000000e+00	2.50761511404385e-02	-1.28895847550936e-07	1.22015200852497e-01	2.44623439285709e-02	-1.28683858235945e-07
2.38203387848434e-01	2.38778496321448e-02	-1.29116206615265e-07	3.48972326085667e-01	2.33206160485855e-02	-1.29550321803507e-07
4.54692601877924e-01	2.27887789646233e-02	-1.29986209573829e-07	5.55701765601316e-01	2.22806403521474e-02	-1.30423902566790e-07
6.52307932681005e-01	2.17946502535331e-02	-1.30863365477296e-07	7.44792923609058e-01	2.13293909862347e-02	-1.31304660477838e-07
8.33415010399700e-01	2.08835633266915e-02	-1.31747794673842e-07	9.18411325853994e-01	2.05054789217887e-02	-4.98498106542566e-05
1.00000000000000e+00	0.00000000000000e+00	0.00000000000000e+00
11	5.57226479550718e+01	6.63516129032258e+00
0.00000000000000e+00	2.39599207341377e-02	-8.03182609310227e-08	1.21058572136812e-01	2.33990414809182e-02	-7.99344865853868e-08
2.36581366681518e-01	2.28638103871144e-02	-8.01540447348259e-08	3.46939658508799e-01	2.23525064157353e-02	-8.03742761235071e-08
4.52472247670135e-01	2.18635598909860e-02	-8.05951860805010e-08	5.53488934034931e-01	2.13955354961093e-02	-8.08167790466996e-08
6.50273555184010e-01	2.09471181986807e-02	-8.10390459182742e-08	7.43086650260780e-01	2.05171009089529e-02	-8.12620160051125e-08
8.32167802429493e-01	2.01043736270619e-02	-8.14856964126420e-08	9.17737704287511e-01	1.97552232555558e-02	-4.75928914698276e-05
1.00000000000000e+00	0.00000000000000e+00	0.00000000000000e+00
11	5.57226479550718e+01	6.86096774193548e+00
0.00000000000000e+00	2.29098064780433e-02	-4.98557879424766e-08	1.20156551204598e-01	2.23965569665137e-02	-4.94020220287439e-08
2.35048817955238e-01	2.19057943648278e-02	-4.95137364442400e-08	3.45015373355665e-01	2.14360716233983e-02	-4.96257051008087e-08
4.50366366154384e-01	2.09860639539472e-02	-4.97379191166658e-08	5.51386442298437e-01	2.05545555024345e-02	-4.98504073576100e-08
6.48337313427412e-01	2.01404283776714e-02	-4.99631207517837e-08	7.41460021076189e-01	1.97426529801128e-02	-5.00760970467695e-08
8.30976937829927e-01	1.93602794538257e-02	-5.01893420157273e-08	9.17093540407431e-01	1.90376727993526e-02	-4.54843193748999e-05
1.00000000000000e+00	0.00000000000000e+00	0.00000000000000e+00
11	5.57226479550718e+01	7.08677419354839e+00
0.00000000000000e+00	2.19219468438221e-02	-3.08318861552692e-08	1.19306219146200e-01	2.14515944335458e-02	-3.03586287220270e-08
2.33601317457455e-01	2.10009984426840e-02	-3.04156866359762e-08	3.43194537409048e-01	2.05689389280748e-02	-3.04728251521169e-08
4.48370189421211e-01	2.01542950332676e-02	-3.05300573710809e-08	5.49390114811003e-01	1.97560344832584e-02	-3.05873801842438e-08
6.46495862458320e-01	1.93732050032918e-02	-3.06447844877766e-08	7.39910617247075e-01	1.90049267162857e-02	-3.07022911538724e-08
8.29840912690758e-01	1.86503853909377e-02	-3.07598861937208e-08	9.16478155404168e-01	1.83521238455355e-02	-4.35098457034488e-05
1.00000000000000e+00	0.00000000000000e+00	0.00000000000000e+00
11	5.57226479550718e+01	7.31258064516129e+00
0.00000000000000e+00	2.09925046031658e-02	-1.90024118662535e-08	1.18504610167952e-01	2.05608251333673e-02	-1.85341855196697e-08
2.32234291620371e-01	2.01465400363730e-02	-1.85634960736536e-08	3.41471952503565e-01	1.97486180149631e-02	-1.85928277218750e-08
4.46478584607210e-01	1.93661083530381e-02	-1.86221980058576e-08	5.47495345291641e-01	1.89981325854205e-02	-1.86515916045238e-08
6.44745406538445e-01	1.86438777623679e-02	-1.86809980817770e-08	7.38435600935465e-01	1.83025904537972e-02	-1.87104522986203e-08
8.28757890146363e-01	1.79735713999136e-02	-1.87399247231212e-08	9.15890677805744e-01	1.76976371128743e-02	-4.16577455775169e-05
1.00000000000000e+00	0.00000000000000e+00	0.00000000000000e+00
11	5.57226479550718e+01	7.53838709677419e+00
0.00000000000000e+00	2.01177353232467e-02	-1.16801082139517e-08	1.17748783066920e-01	1.97209599403738e-02	-1.12283244924072e-08
2.30943145589305e-01	1.93395321130025e-02	-1.12434994647970e-08	3.39842322919049e-01	1.89725776044816e-02	-1.12586915346213e-08
4.44686242707292e-01	1.86192879390332e-02	-1.12738889335162e-08	5.45697289556412e-01	1.82789137550845e-02	-1.12890883308125e-08
6.43081879629440e-01	1.79507594993618e-02	-1.13042941674024e-08	7.37031868651867e-01	1.76341786823606e-02	-1.13194962292340e-08
8.27725813516090e-01	1.73285696272598e-02	-1.13347329300240e-08	9.15330104944654e-01	1.70731141272804e-02	-3.99180308296998e-05
1.00000000000000e+00	0.00000000000000e+00	0.00000000000000e+00
11	5.57226479550718e+01	7.76419354838710e+00
0.00000000000000e+00	1.92940344748922e-02	-7.16991599425398e-09	1.17035871479658e-01	1.89288006995945e-02	-6.73940903084258e-09
2.29723355347185e-01	1.85771375447983e-02	-6.74735689543127e-09	3.38300378016157e-01	1.82383018581904e-02	-6.75530742455521e-09
4.42987818996059e-01	1.79116043432370e-02	-6.76325728754534e-09	5.43991010721738e-01	1.75964042210037e-02	-6.77119871284049e-09
6.41501082791584e-01	1.72921050352612e-02	-6.77916078828389e-09	7.35696169105160e-01	1.69981508852339e-02	-6.78710687651574e-09
8.26742493941196e-01	1.67140230364864e-02	-6.79506961809295e-09	9.14795350907159e-01	1.64773556215687e-02	-3.82819637103626e-05
1.00000000000000e+00	0.00000000000000e+00	0.00000000000000e+00
11	5.57226479550718e+01	7.99000000000000e+00
0.00000000000000e+00	1.85179668730424e-02	-4.40661862555203e-09	1.16363116901569e-01	1.81812740503444e-02	-3.99897293057450e-09
2.28570530358686e-01	1.78566062011341e-02	-4.00319133397886e-09	3.36840957819170e-01	1.75433298575434e-02	-4.00741995143505e-09
4.41378033049285e-01	1.72408558134729e-02	-4.01163591234877e-09	5.42371584368040e-01	1.69486348083787e-02	-4.01585054099485e-09
6.39998785082127e-01	1.66661541984887e-02	-4.02008049071867e-09	7.34425190765166e-01	1.63929349553888e-02	-4.02428579349134e-09
8.25805676156693e-01	1.61285289553246e-02	-4.02849287262086e-09	9.14285282834073e-01	1.59091051065579e-02	-3.67417510065415e-05
1.00000000000000e+00	0.00000000000000e+00	0.00000000000000e+00
