11	1.20050805774841e+00	9.90000000000000e-01
0.00000000000000e+00	1.21013732762880e-02	8.63463502631667e-06	1.10848858689707e-01	1.19822763008709e-02	8.80692859672738e-06
2.19072731402898e-01	1.18665100765498e-02	8.98085224632084e-06	3.24758250108648e-01	1.17539747742939e-02	9.15656855471347e-06
4.27988185718151e-01	1.16445752471044e-02	9.33401617930762e-06	5.28841660534255e-01	1.15382204411557e-02	9.51312918850977e-06
6.27394346903073e-01	1.14348231519932e-02	9.69383699001014e-06	7.23718653094443e-01	1.13342997956721e-02	9.87606419278197e-06
8.17883897361953e-01	1.12365701934313e-02	1.00597306021966e-05	9.09956471053173e-01	1.11660890948608e-02	-1.43816597979463e-05
1.00000000000000e+00	0.00000000000000e+00	0.00000000000000e+00
0	1.20050805774841e+00	1.21580645161290e+00
0	1.20050805774841e+00	1.44161290322581e+00
0	1.20050805774841e+00	1.66741935483871e+00
0	1.20050805774841e+00	1.89322580645161e+00
0	1.20050805774841e+00	2.11903225806452e+00
0	1.20050805774841e+00	2.34483870967742e+00
0	1.20050805774841e+00	2.57064516129032e+00
0	1.20050805774841e+00	2.79645161290323e+00
0	1.20050805774841e+00	3.02225806451613e+00
0	1.20050805774841e+00	3.24806451612903e+00
0	1.20050805774841e+00	3.47387096774194e+00
0	1.20050805774841e+00	3.69967741935484e+00
0	1.20050805774841e+00	3.92548387096774e+00
0	1.20050805774841e+00	4.15129032258065e+00
0	1.20050805774841e+00	4.37709677419355e+00
0	1.20050805774841e+00	4.60290322580645e+00
0	1.20050805774841e+00	4.82870967741935e+00
0	1.20050805774841e+00	5.05451612903226e+00
0	1.20050805774841e+00	5.28032258064516e+00
0	1.20050805774841e+00	5.50612903225806e+00
0	1.20050805774841e+00	5.73193548387097e+00
0	1.20050805774841e+00	5.95774193548387e+00
0	1.20050805774841e+00	6.18354838709677e+00
0	1.20050805774841e+00	6.40935483870968e+00
0	1.20050805774841e+00	6.63516129032258e+00
0	1.20050805774841e+00	6.86096774193548e+00
0	1.20050805774841e+00	7.08677419354839e+00
0	1.20050805774841e+00	7.31258064516129e+00
0	1.20050805774841e+00	7.53838709677419e+00
0	1.20050805774841e+00	7.76419354838710e+00
0	1.20050805774841e+00	7.99000000000000e+00
