24	4.64158883361278e+01	9.90000000000000e-01
0.00000000000000e+00	2.64880137324015e-02	-1.24662957842414e-04	6.15477336563305e-02	2.54403484752219e-02	-1.35687162538867e-04
1.20041843332673e-01	2.44124548232272e-02	-1.48213255059870e-04	1.75748374551119e-01	2.33969278006672e-02	-1.62520178505154e-04
2.28908173906165e-01	2.23859687660803e-02	-1.78961789415233e-04	2.79740492553350e-01	2.13711297300379e-02	-1.97984232797710e-04
3.28446148445307e-01	2.03430062296295e-02	-2.20156395567273e-04	3.75210348556289e-01	1.92908447914399e-02	-2.46212755814712e-04
4.20205263102042e-01	1.82020258711313e-02	-2.77114747934570e-04	4.63592440612634e-01	1.70613641108750e-02	-3.14140388046669e-04
5.05525156677395e-01	1.58501371087001e-02	-3.59018070697159e-04	5.46150802368447e-01	1.45447034555521e-02	-4.14131287383546e-04
5.85613444881399e-01	1.31144854498717e-02	-4.82840716896860e-04	6.24056740459791e-01	1.15189430023921e-02	-5.70007448172927e-04
6.61627462454171e-01	9.70289556829607e-03	-6.82874744113882e-04	6.98480052724327e-01	7.58904100024349e-03	-8.32619557786796e-04
7.34782867038817e-01	5.06551541895139e-03	-1.03722529299644e-03	7.70727279374167e-01	1.96424036324050e-03	-1.32713866901168e-03
8.06541793506396e-01	-1.97886900647282e-03	-1.75728632970817e-03	8.42515408255432e-01	-7.20198317958176e-03	-2.43517390854775e-03
8.79039370221540e-01	-1.44832971895164e-02	-3.59543208811774e-03	9.16689213525458e-01	-2.53291950324644e-02	-5.83540679586947e-03
9.56407927912726e-01	-4.33246168460284e-02	-1.07332039894488e-02	1.00000000000000e+00	0.00000000000000e+00	0.00000000000000e+00
18	4.64158883361278e+01	1.21580645161290e+00
0.00000000000000e+00	3.53827970190286e-02	-2.03530202089075e-04	8.39940703374860e-02	3.35844099488292e-02	-2.27205950736442e-04
1.62530467468415e-01	3.18343480254113e-02	-2.55188008323914e-04	2.36221833252058e-01	3.01111545301813e-02	-2.88583260255271e-04
3.05606331510642e-01	2.83917685539830e-02	-3.28884072357871e-04	3.71161309737895e-01	2.66502039965948e-02	-3.78134753239223e-04
4.33314910920933e-01	2.48557759912487e-02	-4.39196131780673e-04	4.92456280742660e-01	2.29705746123949e-02	-5.16170968800855e-04
5.48944974132900e-01	2.09456907081811e-02	-6.15112591991096e-04	6.03120207389703e-01	1.87153241513245e-02	-7.45254959830133e-04
6.55310764978424e-01	1.61871729075789e-02	-9.21254303174690e-04	7.05846741234119e-01	1.32259961012218e-02	-1.16751997031206e-03
7.55075077352151e-01	9.62395487102419e-03	-1.52720238968640e-03	8.03382524423044e-01	5.04361234853512e-03	-2.08260271759064e-03
8.51233475107442e-01	-1.10023736491971e-03	-3.00727822677005e-03	8.99239703609533e-01	-9.90891413998385e-03	-4.72215578056434e-03
9.48306799364672e-01	-2.38636551161603e-02	-8.29527917129291e-03	1.00000000000000e+00	0.00000000000000e+00	0.00000000000000e+00
14	4.64158883361278e+01	1.44161290322581e+00
0.00000000000000e+00	4.55717421993000e-02	-3.01670896657891e-04	1.10185925293989e-01	4.27210341704689e-02	-3.45721973342039e-04
2.11344915329028e-01	3.99777099684180e-02	-4.00011214870766e-04	3.04729143285342e-01	3.72894596677373e-02	-4.67978507577405e-04
3.91402632393857e-01	3.45990574941781e-02	-5.54645980370472e-04	4.72283591847362e-01	3.18390443329077e-02	-6.67574667753579e-04
5.48179266707666e-01	2.89238297522711e-02	-8.18579614293657e-04	6.19816431430046e-01	2.57369364422153e-02	-1.02696937248359e-03
6.87870674925211e-01	2.21088691385676e-02	-1.32608487642227e-03	7.52998517423613e-01	1.77759400257000e-02	-1.77763559150557e-03
8.15879005085108e-01	1.22976317196619e-02	-2.50665159586605e-03	8.77278212200196e-01	4.87559524796288e-03	-3.79972943347995e-03
9.38168993585266e-01	-6.16768796888756e-03	-6.35911920774102e-03	1.00000000000000e+00	0.00000000000000e+00	0.00000000000000e+00
11	4.64158883361278e+01	1.66741935483871e+00
0.00000000000000e+00	5.81927866282779e-02	-4.29300865961713e-04	1.42766262504963e-01	5.37778814791503e-02	-5.06593180105597e-04
2.70964831234516e-01	4.95950032025176e-02	-6.06484532401863e-04	3.87054120140231e-01	4.55241929278916e-02	-7.38756284073272e-04
4.93042345112649e-01	4.14321173520642e-02	-9.19133079163581e-04	5.90609518647550e-01	3.71526160527933e-02	-1.17421668150097e-03
6.81204577345455e-01	3.24541976474424e-02	-1.55197903183146e-03	7.66131618352093e-01	2.69787635978511e-02	-2.14634300332972e-03
8.46641494052564e-01	2.01133378999176e-02	-3.16261933864848e-03	9.24056925540592e-01	1.06779311741876e-02	-5.11143032578754e-03
1.00000000000000e+00	0.00000000000000e+00	0.00000000000000e+00
11	4.64158883361278e+01	1.89322580645161e+00
0.00000000000000e+00	5.69844637825194e-02	-3.43358280271655e-04	1.43558284036930e-01	5.29391035719275e-02	-3.98544203748852e-04
2.72683484772313e-01	4.91441147406722e-02	-4.67994699610230e-04	3.89715273238783e-01	4.55072954371740e-02	-5.57102583726099e-04
4.96564177510556e-01	4.19332933508321e-02	-6.74081523848624e-04	5.94819821182522e-01	3.83132524571419e-02	-8.31941527229318e-04
6.85834411309878e-01	3.45095638186093e-02	-1.05229969744336e-03	7.70791450917180e-01	3.03303042386684e-02	-1.37326658733872e-03
8.50768683837844e-01	2.54817473553455e-02	-1.86729269427310e-03	9.26806338918378e-01	1.95013152056749e-02	-2.71654352491835e-03
1.00000000000000e+00	0.00000000000000e+00	0.00000000000000e+00
11	4.64158883361278e+01	2.11903225806452e+00
0.00000000000000e+00	5.56259269381503e-02	-2.66455661436682e-04	1.43837571094830e-01	5.19381629251447e-02	-3.04072339706751e-04
2.73472781657133e-01	4.85077111072827e-02	-3.50138691464164e-04	3.91115156216253e-01	4.52634762128938e-02	-4.07396660462078e-04
4.98571675383311e-01	4.21367711896377e-02	-4.79802770974036e-04	5.97342451173769e-01	3.90558231295657e-02	-5.73233405597673e-04
6.88693354699206e-01	3.59388490720804e-02	-6.96724456207942e-04	7.73713251338345e-01	3.26840070386807e-02	-8.64758306186708e-04
8.53361730944153e-01	2.91531021166105e-02	-1.10174896360959e-03	9.28512677148507e-01	2.51995932103637e-02	-1.50872138160918e-03
1.00000000000000e+00	0.00000000000000e+00	0.00000000000000e+00
11	4.64158883361278e+01	2.34483870967742e+00
0.00000000000000e+00	5.41214765291185e-02	-2.00956682269604e-04	1.43663015393745e-01	5.07710900511484e-02	-2.25509503513521e-04
2.73443527326737e-01	4.76745841296289e-02	-2.54782846736967e-04	3.91413568076621e-01	4.47763537371675e-02	-2.90071876263953e-04
4.99273178127310e-01	4.20256051636951e-02	-3.33151725995462e-04	5.98434554424950e-01	3.93732593497846e-02	-3.86504882597505e-04
6.90085653809073e-01	3.67686685958721e-02	-4.53689142290825e-04	7.75239391740914e-01	3.41556162028347e-02	-5.39950221730479e-04
8.54772846530539e-01	3.14668034142038e-02	-6.53284557971645e-04	9.29459859958588e-01	2.86884398801897e-02	-8.79725837435785e-04
1.00000000000000e+00	0.00000000000000e+00	0.00000000000000e+00
11	4.64158883361278e+01	2.57064516129032e+00
0.00000000000000e+00	5.24826459032357e-02	-1.47616491165348e-04	1.43103595084814e-01	4.94448699440644e-02	-1.63022639188881e-04
2.72722534003411e-01	4.66494032704605e-02	-1.80931192666378e-04	3.90787473236650e-01	4.40519213441295e-02	-2.01915162324928e-04
4.98889857237823e-01	4.16134989487187e-02	-2.26724068060014e-04	5.98355432162976e-01	3.92986732367679e-02	-2.56350600503774e-04
6.90299974482790e-01	3.70736792627437e-02	-2.92131976495469e-04	7.75672234013075e-01	3.49046616008257e-02	-3.35904279160415e-04
8.55287621036576e-01	3.27556401968405e-02	-3.90244009906837e-04	9.29855204563417e-01	3.06678747708746e-02	-5.41219315162378e-04
1.00000000000000e+00	0.00000000000000e+00	0.00000000000000e+00
11	4.64158883361278e+01	2.79645161290323e+00
0.00000000000000e+00	5.07279857422798e-02	-1.05879970077938e-04	1.42231541692687e-01	4.79765675643875e-02	-1.15213482356546e-04
2.71440177210682e-01	4.54503959002097e-02	-1.25813983986589e-04	3.89414253871803e-01	4.31135079437579e-02	-1.37920714067263e-04
4.97636344002687e-01	4.09350416091885e-02	-1.51834412749352e-04	5.97346958327493e-01	3.88878951541898e-02	-1.67934772508316e-04
6.89593177314584e-01	3.69476179265522e-02	-1.86706722590468e-04	7.75266263024103e-01	3.50914339862045e-02	-2.08777521718551e-04
8.55131128413443e-01	3.32973146694004e-02	-2.34970058679229e-04	9.29849738589585e-01	3.16293090766058e-02	-3.53112063090855e-04
1.00000000000000e+00	0.00000000000000e+00	0.00000000000000e+00
11	4.64158883361278e+01	3.02225806451613e+00
0.00000000000000e+00	4.88815486727967e-02	-7.43482413627650e-05	1.41116942666403e-01	4.63907975581046e-02	-7.98317673655902e-05
2.69721100395243e-01	4.41051948706535e-02	-8.59319678583326e-05	3.87460113117691e-01	4.19951856181375e-02	-9.27435729154436e-05
4.95708676228118e-01	4.00356700145872e-02	-1.00382243495956e-04	5.95623297204793e-01	3.82050130072000e-02	-1.08988100497642e-04
6.88184458604903e-01	3.64842586725336e-02	-1.18732217737838e-04	7.74229458683023e-01	3.48564870070431e-02	-1.29825217532131e-04
8.54478269062865e-01	3.33062671416160e-02	-1.42528785128215e-04	9.29554106811734e-01	3.19068169667256e-02	-2.45261207322489e-04
1.00000000000000e+00	0.00000000000000e+00	0.00000000000000e+00
11	4.64158883361278e+01	3.24806451612903e+00
0.00000000000000e+00	4.69706108874837e-02	-5.12392312546073e-05	1.39824018700971e-01	4.47164813649357e-02	-5.43764858216278e-05
2.67678205895133e-01	4.26463157602492e-02	-5.78041185443912e-05	3.85073258386782e-01	4.07356462137449e-02	-6.15576491551639e-05
4.93278231439413e-01	3.89637399107350e-02	-6.56800262388568e-05	5.93367214796338e-01	3.73128444210888e-02	-7.02214898260500e-05
6.86255621066027e-01	3.57675959910331e-02	-7.52411137130427e-05	7.72728691936224e-01	3.43145467258719e-02	-8.08087414969627e-05
8.53464107743732e-01	3.29417797896721e-02	-8.70074355239225e-05	9.29050082532161e-01	3.17256599810072e-02	-1.81443741167131e-04
1.00000000000000e+00	0.00000000000000e+00	0.00000000000000e+00
11	4.64158883361278e+01	3.47387096774194e+00
0.00000000000000e+00	4.50232654400260e-02	-3.47394771078591e-05	1.38408994681034e-01	4.29837384506127e-02	-3.64940285160209e-05
2.65409526102507e-01	4.11072748927048e-02	-3.83817222748828e-05	3.82380895969754e-01	3.93735581057340e-02	-4.04149255039954e-05
4.90489932745583e-01	3.77653311458459e-02	-4.26091313958654e-05	5.90730484087401e-01	3.62678163041148e-02	-4.49819383512295e-05
6.83954426851862e-01	3.48682591413889e-02	-4.75534051280757e-05	7.70896248120153e-01	3.35555650564459e-02	-5.03464769889828e-05
8.52192701853974e-01	3.23200063238509e-02	-5.33875006887286e-05	9.28398656643692e-01	3.12382505344486e-02	-1.42397605708666e-04
1.00000000000000e+00	0.00000000000000e+00	0.00000000000000e+00
11	4.64158883361278e+01	3.69967741935484e+00
0.00000000000000e+00	4.30663235403417e-02	-2.32184420205783e-05	1.36919244924104e-01	4.12213865334967e-02	-2.41808606773475e-05
2.62997250032663e-01	3.95197574064781e-02	-2.52031748788628e-05	3.79488851998926e-01	3.79445631979649e-02	-2.62890612439115e-05
4.87463099540184e-01	3.64814028752183e-02	-2.74439771916768e-05	5.87836452063571e-01	3.51179008715452e-02	-2.86739718537987e-05
6.81399108841041e-01	3.38433540676295e-02	-2.99857657137803e-05	7.68836072104860e-01	3.26484488906218e-02	-3.13868428885034e-05
8.50744133649682e-01	3.15250326123950e-02	-3.28855584006416e-05	9.27645677073875e-01	3.05486337168686e-02	-1.17604147905626e-04
1.00000000000000e+00	0.00000000000000e+00	0.00000000000000e+00
11	4.64158883361278e+01	3.92548387096774e+00
0.00000000000000e+00	4.11237938258699e-02	-1.53251295416101e-05	1.35393360997055e-01	3.94552507198667e-02	-1.58443871818292e-05
2.60508213501405e-01	3.79118764618294e-02	-1.63903659060605e-05	3.76482830987264e-01	3.64796752949932e-02	-1.69636072444579e-05
4.84293753319902e-01	3.51466309575823e-02	-1.75659965782060e-05	5.84783544367914e-01	3.39023644732108e-02	-1.81995816870284e-05
6.78683023916737e-01	3.27378613948486e-02	-1.88665903044782e-05	7.66629216059530e-01	3.16452514835732e-02	-1.95694498270615e-05
8.49179947097795e-01	3.06176293856328e-02	-2.03108095218063e-05	9.26825800740213e-01	2.97286109474879e-02	-1.01183450312625e-04
1.00000000000000e+00	0.00000000000000e+00	0.00000000000000e+00
11	4.64158883361278e+01	4.15129032258065e+00
0.00000000000000e+00	3.92160142777378e-02	-1.00041044890364e-05	1.33861824174647e-01	3.77072624878432e-02	-1.02803095156645e-05
2.57995289724923e-01	3.63073585866585e-02	-1.05685517104437e-05	3.73430590318857e-01	3.50047131478159e-02	-1.08682969310880e-05
4.81057608453458e-01	3.37893126525253e-02	-1.11801865549932e-05	5.81649024019200e-01	3.26524582205991e-02	-1.15049055398053e-05
6.75879001925939e-01	3.15865556759638e-02	-1.18431862314861e-05	7.64338415019787e-01	3.05849445060586e-02	-1.21958125793853e-05
8.47547329278390e-01	2.96417575511059e-02	-1.25636247525485e-05	9.25965309015402e-01	2.88282731226812e-02	-8.97816732510215e-05
1.00000000000000e+00	0.00000000000000e+00	0.00000000000000e+00
11	4.64158883361278e+01	4.37709677419355e+00
0.00000000000000e+00	3.73592936082556e-02	-6.46646153334984e-06	1.32347958904054e-01	3.59951352534738e-02	-6.61155601977548e-06
2.55499150078178e-01	3.47253495851680e-02	-6.76230203788819e-06	3.70384405227144e-01	3.35403552022264e-02	-6.91783078754504e-06
4.77813136700002e-01	3.24318204093750e-02	-7.07835801927459e-06	5.78492512981320e-01	3.13924644062056e-02	-7.24411082986265e-06
6.73043111625812e-01	3.04158963067156e-02	-7.41532863290928e-06	7.62011782116653e-01	2.94964828459237e-02	-7.59226391444656e-06
8.45882282122924e-01	2.86292389800895e-02	-7.77518331340765e-06	9.25084124224467e-01	2.78828790557353e-02	-8.14523033996206e-05
1.00000000000000e+00	0.00000000000000e+00	0.00000000000000e+00
11	4.64158883361278e+01	4.60290322580645e+00
0.00000000000000e+00	3.55659970016404e-02	-4.14244445723355e-06	1.30869026962278e-01	3.43324970613021e-02	-4.21778583903354e-06
2.53050182735068e-01	3.31806642198700e-02	-4.29603195617467e-06	3.67383603650562e-01	3.21025867862830e-02	-4.37623897431294e-06
4.74604534841437e-01	3.10913416139460e-02	-4.45847902419416e-06	5.75359205579596e-01	3.01408431668355e-02	-4.54282706385811e-06
6.70217906131337e-01	2.92457204426479e-02	-4.62936118106327e-06	7.59685825192213e-01	2.84012149710178e-02	-4.71816266789382e-06
8.44212082906980e-01	2.76030957934990e-02	-4.80931633539683e-06	9.24197300516842e-01	2.69174081841428e-02	-7.50487173402092e-05
1.00000000000000e+00	0.00000000000000e+00	0.00000000000000e+00
11	4.64158883361278e+01	4.82870967741935e+00
0.00000000000000e+00	3.38448806250478e-02	-2.63157331570341e-06	1.29437294645665e-01	3.27292665003787e-02	-2.67023153366353e-06
2.50670316985058e-01	3.16842508981408e-02	-2.71061268586337e-06	3.64456903792995e-01	3.07033053504397e-02	-2.75178629571826e-06
4.71464369438195e-01	2.97806822565569e-02	-2.79377649281543e-06	5.72282630375700e-01	2.89113004364758e-02	-2.83660807820496e-06
6.67435110603090e-01	2.80906512232122e-02	-2.88030657835670e-06	7.57387853759362e-01	2.73147199974590e-02	-2.92489829423204e-06
8.42557176750485e-01	2.65799202809287e-02	-2.97041034169609e-06	9.23316130174272e-01	2.59496010361104e-02	-6.98865311241637e-05
1.00000000000000e+00	0.00000000000000e+00	0.00000000000000e+00
11	4.64158883361278e+01	5.05451612903226e+00
0.00000000000000e+00	3.22015656994643e-02	-1.65841264121447e-06	1.28061010037862e-01	3.11921540454903e-02	-1.67796566352685e-06
2.48374668829071e-01	3.02437508897062e-02	-1.69872226196688e-06	3.61624482643407e-01	2.93509698566210e-02	-1.71979390239940e-06
4.68415865221880e-01	2.85090410939650e-02	-1.74118875850837e-06	5.69286981082408e-01	2.77137245066430e-02	-1.76291510922688e-06
6.64717830952419e-01	2.69612381837818e-02	-1.78498144975947e-06	7.55137903017922e-01	2.62481981234703e-02	-1.80739633770521e-06
8.40932647344056e-01	2.55715672287671e-02	-1.83016859778284e-06	9.22448979363264e-01	2.49920222279898e-02	-6.55522011845378e-05
1.00000000000000e+00	0.00000000000000e+00	0.00000000000000e+00
11	4.64158883361278e+01	5.28032258064516e+00
0.00000000000000e+00	3.06390723701182e-02	-1.03685825747490e-06	1.26745265421283e-01	2.97252093349392e-02	-1.04654331622989e-06
2.46172981176957e-01	2.88640780678739e-02	-1.05718959497736e-06	3.58899765508604e-01	2.80512326968250e-02	-1.06795851761987e-06
4.65474856550386e-01	2.72827142623064e-02	-1.07885292988108e-06	5.66389071208884e-01	2.65549848823816e-02	-1.08987568125940e-06
6.62082371699745e-01	2.58648732153526e-02	-1.10102965833470e-06	7.52950285785766e-01	2.52095281845062e-02	-1.11231775812293e-06
8.39349378329498e-01	2.45863795407397e-02	-1.12374289740202e-06	9.21601933775539e-01	2.40534899056239e-02	-6.17926928563328e-05
1.00000000000000e+00	0.00000000000000e+00	0.00000000000000e+00
11	4.64158883361278e+01	5.50612903225806e+00
0.00000000000000e+00	2.91583494031107e-02	-6.42989623544921e-07	1.25492732362465e-01	2.83303547470066e-02	-6.47615707949356e-07
2.44070847289967e-01	2.75479677056867e-02	-6.53075791445801e-07	3.56290937219824e-01	2.68075154356320e-02	-6.58582190116164e-07
4.62651421784961e-01	2.61057100133291e-02	-6.64135938022170e-07	5.63599954265438e-01	2.54395983953666e-02	-6.69738082548221e-07
6.59539724605407e-01	2.48065208403700e-02	-6.75389660198533e-07	7.50834846105160e-01	2.42040753755139e-02	-6.81091692600333e-07
8.37814977528206e-01	2.36300873066622e-02	-6.86845192721108e-07	9.20779304309732e-01	2.31400856067501e-02	-5.84509752175055e-05
1.00000000000000e+00	0.00000000000000e+00	0.00000000000000e+00
11	4.64158883361278e+01	5.73193548387097e+00
0.00000000000000e+00	2.77587364807759e-02	-3.95289902144214e-07	1.24304250643991e-01	2.70078477286331e-02	-3.97341691549258e-07
2.42070690728669e-01	2.62964450410483e-02	-4.00148403745249e-07	3.53802149836248e-01	2.56214902200389e-02	-4.02971742419211e-07
4.59951184080559e-01	2.49802498236598e-02	-4.05812130344074e-07	5.60926205863035e-01	2.43702570346231e-02	-4.08669994511612e-07
6.57096738145212e-01	2.37892799247419e-02	-4.11545702849736e-07	7.48797935694071e-01	2.32352941470975e-02	-4.14439690787916e-07
8.36334489898418e-01	2.27064593509292e-02	-4.17352283399453e-07	9.19984013029342e-01	2.22558654403935e-02	-5.54278298663391e-05
1.00000000000000e+00	0.00000000000000e+00	0.00000000000000e+00
11	4.64158883361278e+01	5.95774193548387e+00
0.00000000000000e+00	2.64383686570147e-02	-2.40690298802804e-07	1.23179305691679e-01	2.57566828121198e-02	-2.41443823378873e-07
2.40172561620633e-01	2.51092279066385e-02	-2.42893977375758e-07	3.51434504519039e-01	2.44934865405719e-02	-2.44349551259404e-07
4.57376367776910e-01	2.39071830828312e-02	-2.45810742649510e-07	5.58370962193477e-01	2.33482545190329e-02	-2.47277720299977e-07
6.54757060957225e-01	2.28148261866381e-02	-2.48750658959906e-07	7.46843197503827e-01	2.23051907589913e-02	-2.50229753806508e-07
8.34910965964078e-01	2.18177899816687e-02	-2.51715123855689e-07	9.19217898582312e-01	2.14033775426405e-02	-5.26590701286356e-05
1.00000000000000e+00	0.00000000000000e+00	0.00000000000000e+00
11	4.64158883361278e+01	6.18354838709677e+00
0.00000000000000e+00	2.51945486427729e-02	-1.44954894976124e-07	1.22116436339755e-01	2.45749596664939e-02	-1.45062379441896e-07
2.38374820365374e-01	2.39850917321487e-02	-1.45817970587103e-07	3.49186897836047e-01	2.34228548737616e-02	-1.46574947068601e-07
4.54926711136982e-01	2.28863513835329e-02	-1.47333413025308e-07	5.55934818266227e-01	2.23738534365499e-02	-1.48093452168041e-07
6.52521957730512e-01	2.18837844969915e-02	-1.48855152648508e-07	7.44972242400975e-01	2.14147031140504e-02	-1.49618571310128e-07
8.33545951479387e-01	2.09652887570555e-02	-1.50383831609702e-07	9.18481978361981e-01	2.05840658825538e-02	-5.01019273679848e-05
1.00000000000000e+00	0.00000000000000e+00	0.00000000000000e+00
11	4.64158883361278e+01	6.40935483870968e+00
0.00000000000000e+00	2.40239844473602e-02	-8.61703559618121e-08	1.21113499401483e-01	2.34601212293433e-02	-8.59639308625759e-08
2.36674583978514e-01	2.29221078620105e-02	-8.63624598501644e-08	3.47056576568814e-01	2.24082054284263e-02	-8.67610523425100e-08
4.52600066220017e-01	2.19168283115063e-02	-8.71597556351134e-08	5.53616418917900e-01	2.14465269423876e-02	-8.75586194659661e-08
6.50390845997211e-01	2.09959735154068e-02	-8.79576869117216e-08	7.43185093886072e-01	2.05639494660101e-02	-8.83570225873598e-08
8.32239808604082e-01	2.01493344626933e-02	-8.87566318219513e-08	9.17776619991593e-01	1.97985318232705e-02	-4.77267175231777e-05
1.00000000000000e+00	0.00000000000000e+00	0.00000000000000e+00
11	4.64158883361278e+01	6.63516129032258e+00
0.00000000000000e+00	2.29230504624969e-02	-5.04151307367806e-08	1.20167935296154e-01	2.24092125490345e-02	-5.00633867694944e-08
2.35068177632206e-01	2.19178994664198e-02	-5.02770411969777e-08	3.45039702948750e-01	2.14476609354062e-02	-5.04904027476272e-08
4.50393013974727e-01	2.09971692741771e-02	-5.07035060604011e-08	5.51413068317114e-01	2.05652060295365e-02	-5.09163979867111e-08
6.48361852521564e-01	2.01506509703389e-02	-5.11290554339183e-08	7.41480651030762e-01	1.97524723858873e-02	-5.13415550074114e-08
8.30992051414077e-01	1.93697185114863e-02	-5.15538955969674e-08	9.17101720951962e-01	1.90467786428576e-02	-4.55119378284241e-05
1.00000000000000e+00	0.00000000000000e+00	0.00000000000000e+00
11	4.64158883361278e+01	6.86096774193548e+00
0.00000000000000e+00	2.18879111096111e-02	-2.89042929590977e-08	1.19276903572854e-01	2.14190078540228e-02	-2.84924894788929e-08
2.33551368453473e-01	2.09697706807526e-02	-2.86093833068435e-08	3.43131650504194e-01	2.05389869929289e-02	-2.87259591669198e-08
4.48301188676679e-01	2.01255425465034e-02	-2.88422512539910e-08	5.49321053146189e-01	1.97284110325995e-02	-2.89582484658268e-08
6.46432109274398e-01	1.93466455707905e-02	-2.90740007624635e-08	7.39856935129419e-01	1.89793711708457e-02	-2.91895010384735e-08
8.29801524696952e-01	1.86257780372421e-02	-2.93047572874627e-08	9.16456804215451e-01	1.83283460590777e-02	-4.34411529586232e-05
1.00000000000000e+00	0.00000000000000e+00	0.00000000000000e+00
11	4.64158883361278e+01	7.08677419354839e+00
0.00000000000000e+00	2.09146879281528e-02	-1.61325823810898e-08	1.18437447426082e-01	2.04861782560339e-02	-1.57035637826652e-08
2.32119650282159e-01	2.00748736977545e-02	-1.57690620561368e-08	3.41327366109051e-01	1.96797577333530e-02	-1.58343131939631e-08
4.46319677239317e-01	1.92998930056825e-02	-1.58993185284118e-08	5.47336042893012e-01	1.89344131538469e-02	-1.59641053709692e-08
6.44598122491405e-01	1.85825162163649e-02	-1.60286568462453e-08	7.38311399380335e-01	1.82434587567142e-02	-1.60930171411167e-08
8.28666629996177e-01	1.79165506200569e-02	-1.61571505064018e-08	9.15841139982357e-01	1.76424634252401e-02	-4.15012448580221e-05
1.00000000000000e+00	0.00000000000000e+00	0.00000000000000e+00
11	4.64158883361278e+01	7.31258064516129e+00
0.00000000000000e+00	1.99995337396190e-02	-8.67320659736492e-09	1.17646572966428e-01	1.96073701635626e-02	-8.24822365963485e-09
2.30768384784687e-01	1.92302900013028e-02	-8.28590795975970e-09	3.39621553326475e-01	1.88674388204011e-02	-8.32340552037181e-09
4.44443224866086e-01	1.85180261222779e-02	-8.36074343091298e-09	5.45453298739387e-01	1.81813188988751e-02	-8.39789726647666e-09
6.42855967243379e-01	1.78566364997439e-02	-8.43489811330755e-09	7.36841093441657e-01	1.75433460391403e-02	-8.47172731965884e-09
8.27585446438782e-01	1.72408582785279e-02	-8.50841064270469e-09	9.15253811033960e-01	1.69881335652804e-02	-3.96812647314171e-05
1.00000000000000e+00	0.00000000000000e+00	0.00000000000000e+00
11	4.64158883361278e+01	7.53838709677419e+00
0.00000000000000e+00	1.91386962766340e-02	-4.40851244398743e-09	1.16901315616780e-01	1.87792729110203e-02	-3.99780875071087e-09
2.29492921048738e-01	1.84331006877461e-02	-4.02009248112734e-09	3.38008829402387e-01	1.80994594673194e-02	-4.04224453909308e-09
4.42666412769923e-01	1.77776809239201e-02	-4.06427802523979e-09	5.43667855578418e-01	1.74671434272502e-02	-4.08618960889839e-09
6.41201458260038e-01	1.71672680343791e-02	-4.10800460315386e-09	7.35442808904229e-01	1.68775148873015e-02	-4.12970146967950e-09
8.26555838230169e-01	1.65973799694623e-02	-4.15128709185808e-09	9.14693771214368e-01	1.63642048171408e-02	-3.79717544713998e-05
1.00000000000000e+00	0.00000000000000e+00	0.00000000000000e+00
11	4.64158883361278e+01	7.76419354838710e+00
0.00000000000000e+00	1.83285701303064e-02	-2.04020045302400e-09	1.16198793922802e-01	1.79986746575451e-02	-1.64838986904670e-09
2.28288693933851e-01	1.76804451320527e-02	-1.66191749251254e-09	3.36483855986704e-01	1.73732729466205e-02	-1.67536073902852e-09
4.40983807767763e-01	1.70765916325317e-02	-1.68872293926370e-09	5.41974676714484e-01	1.67898727650286e-02	-1.70201075455623e-09
6.39630296387713e-01	1.65126228222512e-02	-1.71522285263848e-09	7.34113205009426e-01	1.62443803503580e-02	-1.72836434053636e-09
8.25575548231856e-01	1.59847134004998e-02	-1.74142744668870e-09	9.14159896685317e-01	1.57694324255448e-02	-3.63643497671706e-05
1.00000000000000e+00	0.00000000000000e+00	0.00000000000000e+00
11	4.64158883361278e+01	7.99000000000000e+00
0.00000000000000e+00	1.75657184086582e-02	-7.79403652728661e-10	1.15536235383528e-01	1.72624886352815e-02	-4.08207689872597e-10
2.27151274493922e-01	1.69695507337964e-02	-4.16622736310046e-10	3.35041409416612e-01	1.66863889597466e-02	-4.24996704495584e-10
4.39390045650833e-01	1.64125219593672e-02	-4.33296731827681e-10	5.40368742521020e-01	1.61474994696762e-02	-4.41563008379831e-10
6.38138154409834e-01	1.58908998479774e-02	-4.49775994226798e-10	7.32848883652626e-01	1.56423278335129e-02	-4.57924809182941e-10
8.24642254617115e-01	1.54014125159154e-02	-4.66037874957692e-10	9.13651017336425e-01	1.52025161932494e-02	-3.48515125252469e-05
1.00000000000000e+00	0.00000000000000e+00	0.00000000000000e+00
