22	3.22059791872108e+01	9.90000000000000e-01
0.00000000000000e+00	2.66051898935089e-02	-1.29974088153517e-04	6.59162608949833e-02	2.55361433736274e-02	-1.43809541806039e-04
1.28550307822605e-01	2.44799288321558e-02	-1.59642061162257e-04	1.88191605505608e-01	2.34279174927625e-02	-1.77900148337296e-04
2.45102953939373e-01	2.23706645239099e-02	-1.99129704309353e-04	2.99524463795450e-01	2.12975328359712e-02	-2.24032241665784e-04
3.51677100592392e-01	2.01962043454968e-02	-2.53523452236060e-04	4.01765918772686e-01	1.90520213214043e-02	-2.88818108332478e-04
4.49983104519642e-01	1.78470761086178e-02	-3.31556352548112e-04	4.96510954049431e-01	1.65589206064731e-02	-3.83996426437605e-04
5.41524936133095e-01	1.51586882683326e-02	-4.49317178271791e-04	5.85197030959184e-01	1.36082846116370e-02	-5.32108165395062e-04
6.27699615770723e-01	1.18560556134486e-02	-6.39193186128706e-04	6.69210307188853e-01	9.82987996338736e-03	-7.81074189557751e-04
7.09918422949421e-01	7.42571864649744e-03	-9.74593454982076e-04	7.50034201217036e-01	4.48775872319507e-03	-1.24814836664933e-03
7.89802857399038e-01	7.72087717379688e-04	-1.65269585962036e-03	8.29527553446054e-01	-4.12418515907897e-03	-2.28726494142362e-03
8.69609959267242e-01	-1.09125061998099e-02	-3.36586137690409e-03	9.10628964829869e-01	-2.09597516257430e-02	-5.42542884920150e-03
9.53513724891541e-01	-3.74670272109223e-02	-9.86640245766068e-03	1.00000000000000e+00	0.00000000000000e+00	0.00000000000000e+00
16	3.22059791872108e+01	1.21580645161290e+00
0.00000000000000e+00	3.69423772920792e-02	-2.27121031844302e-04	9.30150196257779e-02	3.49699945430599e-02	-2.59886328661807e-04
1.79745854474956e-01	3.30362390763326e-02	-2.99260316650063e-04	2.60931259127586e-01	3.11122590698831e-02	-3.47255645326561e-04
3.37219660530892e-01	2.91653645143177e-02	-4.06675721699390e-04	4.09187111128232e-01	2.71565112251033e-02	-4.81532529325035e-04
4.77352859230571e-01	2.50366063771468e-02	-5.77741214640604e-04	5.42193571828811e-01	2.27408003531342e-02	-7.04323687322761e-04
6.04157322157604e-01	2.01792273895411e-02	-8.75600859180370e-04	6.63678772650092e-01	1.72212132396616e-02	-1.11542671642617e-03
7.21197744490063e-01	1.36668135293965e-02	-1.46597199028697e-03	7.77185060653157e-01	9.19214358361642e-03	-2.00765715635209e-03
8.32183469477424e-01	3.23608041791124e-03	-2.90998716245960e-03	8.86881355274108e-01	-5.25684752943123e-03	-4.58358835023320e-03
9.42265532981216e-01	-1.86315672448338e-02	-8.10267638438122e-03	1.00000000000000e+00	0.00000000000000e+00	0.00000000000000e+00
13	3.22059791872108e+01	1.44161290322581e+00
0.00000000000000e+00	4.56660889245761e-02	-3.04599877562817e-04	1.16863287363811e-01	4.27993864001994e-02	-3.56649335672587e-04
2.24136592142296e-01	4.00189789359173e-02	-4.21384240116840e-04	3.23157989243768e-01	3.72668761123376e-02	-5.03524065265770e-04
4.15068909112849e-01	3.44765838890067e-02	-6.10113296019454e-04	5.00859892749948e-01	3.15657499370221e-02	-7.52088209097890e-04
5.81409220200814e-01	2.84244759019980e-02	-9.47205149592456e-04	6.57518223465496e-01	2.48952944798564e-02	-1.22589180402688e-03
7.29947685535255e-01	2.07363210257365e-02	-1.64392247283973e-03	7.99461968442164e-01	1.55481084518261e-02	-2.31284006307075e-03
8.66893581223772e-01	8.61540409908179e-03	-3.48363366441418e-03	9.33257732127845e-01	-1.52871402509847e-03	-5.76704843577169e-03
1.00000000000000e+00	0.00000000000000e+00	0.00000000000000e+00
11	3.22059791872108e+01	1.66741935483871e+00
0.00000000000000e+00	5.40137582449292e-02	-3.62811078868930e-04	1.40388255697870e-01	5.02152565831135e-02	-4.31953590861012e-04
2.67355558381920e-01	4.65836936604138e-02	-5.20103181440357e-04	3.83025815473622e-01	4.30245926642145e-02	-6.35322203028199e-04
4.89161029845041e-01	3.94307197337522e-02	-7.90284530414409e-04	5.87254516677114e-01	3.56673798077578e-02	-1.00593517293146e-03
6.78606874465509e-01	3.15478779187379e-02	-1.31899638901767e-03	7.64394456401252e-01	2.67882023042414e-02	-1.79880549672573e-03
8.45741877350712e-01	2.09151624884043e-02	-2.58963612610974e-03	9.23818010302982e-01	1.30622835961798e-02	-4.03580205921927e-03
1.00000000000000e+00	0.00000000000000e+00	0.00000000000000e+00
11	3.22059791872108e+01	1.89322580645161e+00
0.00000000000000e+00	5.30421627065545e-02	-2.85320208383677e-04	1.41178909180507e-01	4.95587547800429e-02	-3.33712359514404e-04
2.69027809515624e-01	4.62666438972199e-02	-3.93701961712623e-04	3.85572992256594e-01	4.30946389527693e-02	-4.69569470340270e-04
4.92492804040496e-01	3.99679873669214e-02	-5.67670551043564e-04	5.91200510553247e-01	3.68009737702477e-02	-6.97820937116456e-04
6.82909453402228e-01	3.34860174642846e-02	-8.75864012608307e-04	7.68687322852060e-01	2.98757750564038e-02	-1.12875821611036e-03
8.49505768123980e-01	2.57509993169782e-02	-1.50548429129538e-03	9.26292780205427e-01	2.07957968830881e-02	-2.14108226330678e-03
1.00000000000000e+00	0.00000000000000e+00	0.00000000000000e+00
11	3.22059791872108e+01	2.11903225806452e+00
0.00000000000000e+00	5.18872301246245e-02	-2.16929733436455e-04	1.41452533785441e-01	4.87096487781173e-02	-2.49234098997242e-04
2.69766309606122e-01	4.57351645955428e-02	-2.88154805403007e-04	3.86858370415691e-01	4.29096583442523e-02	-3.35787556288825e-04
4.94317597990908e-01	4.01802896997283e-02	-3.95071301783734e-04	5.93478174982367e-01	3.74917597010214e-02	-4.70256771173405e-04
6.85476344787566e-01	3.47815979509318e-02	-5.67694479133296e-04	7.71295697773556e-01	3.19734626628629e-02	-6.97227629330444e-04
8.51805049707986e-01	2.89666415709551e-02	-8.74791792513818e-04	9.27792540052165e-01	2.56786368357638e-02	-1.18829610576654e-03
1.00000000000000e+00	0.00000000000000e+00	0.00000000000000e+00
11	3.22059791872108e+01	2.34483870967742e+00
0.00000000000000e+00	5.05539590485904e-02	-1.59709092554916e-04	1.41269647131846e-01	4.76654068019282e-02	-1.80356601235276e-04
2.69685324381285e-01	4.49807245926155e-02	-2.04549919230024e-04	3.87046722250194e-01	4.24579113380874e-02	-2.33244298390334e-04
4.94849385829880e-01	4.00582945360910e-02	-2.67707222956881e-04	5.94349492659069e-01	3.77444902753772e-02	-3.09662726345916e-04
6.86613664956864e-01	3.54782413451615e-02	-3.61512851522638e-04	7.72558029184100e-01	3.32178380212507e-02	-4.26690863978729e-04
8.52979598598451e-01	3.09146869895660e-02	-5.10246906299860e-04	9.28582347381793e-01	2.85817148097745e-02	-6.93624969045903e-04
1.00000000000000e+00	0.00000000000000e+00	0.00000000000000e+00
11	3.22059791872108e+01	2.57064516129032e+00
0.00000000000000e+00	4.90567553725301e-02	-1.14083913546059e-04	1.40701298311094e-01	4.64365439972561e-02	-1.26779970826663e-04
2.68915347740780e-01	4.40125518520953e-02	-1.41270074131006e-04	3.86319496858870e-01	4.17513849892091e-02	-1.57964191510152e-04
4.94313494051577e-01	3.96234977385588e-02	-1.77378409830453e-04	5.94076150161670e-01	3.76019293394614e-02	-2.00176165686683e-04
6.86609028427947e-01	3.56611513886529e-02	-2.27226488025423e-04	7.72770603662137e-01	3.37759205533019e-02	-2.59688561528026e-04
8.53303368657369e-01	3.19200187404958e-02	-2.99138516073993e-04	9.28855714144696e-01	3.01450458025598e-02	-4.28483640387833e-04
1.00000000000000e+00	0.00000000000000e+00	0.00000000000000e+00
11	3.22059791872108e+01	2.79645161290323e+00
0.00000000000000e+00	4.74184119382819e-02	-7.92319296765154e-05	1.39821649367041e-01	4.50447552745650e-02	-8.67823451105032e-05
2.67589813664781e-01	4.28540773885724e-02	-9.51933910844360e-05	3.84857301089944e-01	4.08192821743036e-02	-1.04632845162156e-04
4.92926863668501e-01	3.89169241169989e-02	-1.15301702136028e-04	5.92900282853034e-01	3.71263308213743e-02	-1.27445204586518e-04
6.85716466776068e-01	3.54288712168562e-02	-1.41367590539065e-04	7.72181356582223e-01	3.38073159963905e-02	-1.57451585129698e-04
8.52991664061517e-01	3.22452444122101e-02	-1.76185148667019e-04	9.28753924507809e-01	3.08097606451014e-02	-2.81922219885322e-04
1.00000000000000e+00	0.00000000000000e+00	0.00000000000000e+00
11	3.22059791872108e+01	3.02225806451613e+00
0.00000000000000e+00	4.56677644714689e-02	-5.36004200133444e-05	1.38702269455369e-01	4.35194926569145e-02	-5.79675307883498e-05
2.65835460216348e-01	4.15378632915133e-02	-6.27269816018128e-05	3.82828163126980e-01	3.97005995744266e-02	-6.79451763192507e-05
4.90886230908443e-01	3.79886058896730e-02	-7.36981160485151e-05	5.91034867867665e-01	3.63853157260630e-02	-8.00740079129891e-05
6.84151573699128e-01	3.48761674335158e-02	-8.71770472399280e-05	7.70992187348768e-01	3.34481729354827e-02	-9.51318708191096e-05
8.52211670455444e-01	3.20895531308847e-02	-1.04089151025111e-04	9.28380842094207e-01	3.08731808649292e-02	-1.98410574302255e-04
1.00000000000000e+00	0.00000000000000e+00	0.00000000000000e+00
11	3.22059791872108e+01	3.24806451612903e+00
0.00000000000000e+00	4.38367506657675e-02	-3.53708224962723e-05	1.37408320921227e-01	4.18941047358043e-02	-3.78415437389812e-05
2.63766314246990e-01	4.01005751631205e-02	-4.04820179937815e-05	3.80380910930486e-01	3.84377332271904e-02	-4.33180419523449e-05
4.88362501102704e-01	3.68898047607602e-02	-4.63780641248857e-05	5.88660671009605e-01	3.54431722767148e-02	-4.96934402220983e-05
6.82092434468756e-01	3.40859781447844e-02	-5.32995162800809e-05	7.69364737674737e-01	3.28078037861728e-02	-5.72367002336094e-05
8.51092550858285e-01	3.15994068848531e-02	-6.15516638702296e-05	9.27813527557161e-01	3.05350971973894e-02	-1.49299637001388e-04
1.00000000000000e+00	0.00000000000000e+00	0.00000000000000e+00
11	3.22059791872108e+01	3.47387096774194e+00
0.00000000000000e+00	4.19575711318150e-02	-2.27850559586518e-05	1.35996467732590e-01	4.02023968288339e-02	-2.41604052302336e-05
2.61480718896308e-01	3.85789274702542e-02	-2.56049198619213e-05	3.77642470904102e-01	3.70718988113554e-02	-2.71285470683225e-05
4.85499379510225e-01	3.56682080711830e-02	-2.87421213460703e-05	5.85927110871211e-01	3.43565318106700e-02	-3.04569071638561e-05
6.79683326518930e-01	3.31270206023315e-02	-3.22849931579938e-05	7.67426972120140e-01	3.19710521485059e-02	-3.42395984769261e-05
8.49733909441513e-01	3.08810299605213e-02	-3.63353616632534e-05	9.27109676247018e-01	2.99306268433881e-02	-1.19389364428457e-04
1.00000000000000e+00	0.00000000000000e+00	0.00000000000000e+00
11	3.22059791872108e+01	3.69967741935484e+00
0.00000000000000e+00	4.00603965652320e-02	-1.43246050889889e-05	1.34514127880140e-01	3.84760413365115e-02	-1.50825196154614e-05
2.59060582537730e-01	3.70068987838927e-02	-1.58664141374221e-05	3.74717801458807e-01	3.56403462772754e-02	-1.66800685150736e-05
4.82414569046817e-01	3.43654947010668e-02	-1.75278397669398e-05	5.82955124681938e-01	3.31728962331357e-02	-1.84139542405148e-05
6.77039382616185e-01	3.20543093881105e-02	-1.93426980314992e-05	7.65279338982083e-01	3.10025078659004e-02	-2.03185351237423e-05
8.48212479253724e-01	3.00111239755840e-02	-2.13461975944185e-05	9.26312807142607e-01	2.91521287168948e-02	-1.00413520147224e-04
1.00000000000000e+00	0.00000000000000e+00	0.00000000000000e+00
11	3.22059791872108e+01	3.92548387096774e+00
0.00000000000000e+00	3.81718158625683e-02	-8.77499234186452e-06	1.32999658449141e-01	3.67429368064620e-02	-9.19113806818750e-06
2.56572074464460e-01	3.54141338699201e-02	-9.61579199310059e-06	3.71691400587587e-01	3.41749990062701e-02	-1.00502719109219e-05
4.79202312360739e-01	3.30165004786600e-02	-1.04965034546378e-05	5.79840834373206e-01	3.19307607553936e-02	-1.09562138967956e-05
6.74251273013113e-01	3.09108766432398e-02	-1.14310434600196e-05	7.63000079249276e-01	2.99507717855485e-02	-1.19226062342825e-05
8.46587271724355e-01	2.90450749728219e-02	-1.24325297530259e-05	9.25455906798604e-01	2.82634836305391e-02	-8.77808881054598e-05
1.00000000000000e+00	0.00000000000000e+00	0.00000000000000e+00
11	3.22059791872108e+01	4.15129032258065e+00
0.00000000000000e+00	3.63140413034972e-02	-5.21855428536888e-06	1.31483134156645e-01	3.50264293983629e-02	-5.44776267630276e-06
2.54067183900722e-01	3.38253004803573e-02	-5.67897635961323e-06	3.68629663854072e-01	3.27020994712930e-02	-5.91247440451248e-06
4.75936534164283e-01	3.16493562489382e-02	-6.14921508645949e-06	5.76659382788626e-01	3.06605178502004e-02	-6.38999568125520e-06
6.71389527473417e-01	2.97298116193880e-02	-6.63552357127450e-06	7.60649662854072e-01	2.88521320337183e-02	-6.88645304625091e-06
8.44903537145899e-01	2.80229465997002e-02	-7.14340766694299e-06	9.24564036641228e-01	2.73093728439360e-02	-7.88964882012522e-05
1.00000000000000e+00	0.00000000000000e+00	0.00000000000000e+00
11	3.22059791872108e+01	4.37709677419355e+00
0.00000000000000e+00	3.45046774997615e-02	-2.99165151140812e-06	1.29987388945728e-01	3.33451370758231e-02	-3.11916730355577e-06
2.51585611739649e-01	3.22600599645808e-02	-3.24661021644523e-06	3.65583481275741e-01	3.12424340596096e-02	-3.37378821479994e-06
4.72674002536775e-01	3.02860981665249e-02	-3.50123492864896e-06	5.73468489643071e-01	2.93856158647248e-02	-3.62936910525136e-06
6.68508258576080e-01	2.85361719582102e-02	-3.75854187639746e-06	7.58274367673814e-01	2.77334861191529e-02	-3.88906028558900e-06
8.43195775838923e-01	2.69737405140007e-02	-4.02120159948005e-06	9.23656210406442e-01	2.63213221844585e-02	-7.22725267823243e-05
1.00000000000000e+00	0.00000000000000e+00	0.00000000000000e+00
11	3.22059791872108e+01	4.60290322580645e+00
0.00000000000000e+00	3.27569310168505e-02	-1.63096103578120e-06	1.28529163816516e-01	3.17132100543127e-02	-1.70308113456308e-06
2.49156762820972e-01	3.07334427900421e-02	-1.77470161810689e-06	3.62590836640703e-01	2.98118947418786e-02	-1.84540340431028e-06
4.69457329052080e-01	2.89434963727675e-02	-1.91550962402864e-06	5.70311650798380e-01	2.81237486138401e-02	-1.98526450789771e-06
6.65648341895643e-01	2.73486448620881e-02	-2.05486519178066e-06	7.55909188063330e-01	2.66146053927776e-02	-2.12447755632006e-06
8.41490072307209e-01	2.59184219620125e-02	-2.19424528191681e-06	9.22746785780921e-01	2.53216979209863e-02	-6.70461711740344e-05
1.00000000000000e+00	0.00000000000000e+00	0.00000000000000e+00
11	3.22059791872108e+01	4.82870967741935e+00
0.00000000000000e+00	3.10800827139681e-02	-8.22297627989244e-07	1.27120227771883e-01	3.01408363802846e-02	-8.63983613097474e-07
2.46801646496051e-01	2.92564301754152e-02	-9.05278890295236e-07	3.59679218115411e-01	2.84221818409469e-02	-9.45653526596146e-07
4.66317664201789e-01	2.76339274946016e-02	-9.85313853840708e-07	5.67220916604973e-01	2.68879510284827e-02	-1.02441242288975e-06
6.62840082374473e-01	2.61809255451353e-02	-1.06306976510595e-06	7.53580188426034e-01	2.55098637206652e-02	-1.10138506825841e-06
8.39805918611326e-01	2.48720755620360e-02	-1.13944220703210e-06	9.21846514528330e-01	2.43263908303324e-02	-6.27122984222517e-05
1.00000000000000e+00	0.00000000000000e+00	0.00000000000000e+00
11	3.22059791872108e+01	5.05451612903226e+00
0.00000000000000e+00	2.94800456720712e-02	-3.57836026143588e-07	1.25768365245787e-01	2.86348171472262e-02	-3.82537476806277e-07
2.44534529503630e-01	2.78365738565700e-02	-4.07074618458125e-07	3.56867680869670e-01	2.70814961215795e-02	-4.30867867384777e-07
4.63276960056462e-01	2.63661678247127e-02	-4.54053159515411e-07	5.64219174925306e-01	2.56875237007030e-02	-4.76729679066423e-07
6.60105355588201e-01	2.50428054642200e-02	-4.98974900065008e-07	7.51306348349782e-01	2.44295243385573e-02	-5.20851843210934e-07
8.38157608977105e-01	2.38454289329708e-02	-5.42413157722521e-07	9.20963325877035e-01	2.33466273067975e-02	-5.89726208524155e-05
1.00000000000000e+00	0.00000000000000e+00	0.00000000000000e+00
11	3.22059791872108e+01	5.28032258064516e+00
0.00000000000000e+00	2.79599932254642e-02	-1.03124021544332e-07	1.24478264772364e-01	2.71991954361954e-02	-1.18134679372162e-07
2.42364413698349e-01	2.64786430346171e-02	-1.33186591755319e-07	3.54168673240009e-01	2.57952208363572e-02	-1.47685179863188e-07
4.60349948550388e-01	2.51461276809313e-02	-1.61721810831850e-07	5.61322117539820e-01	2.45288370713139e-02	-1.75362441234839e-07
6.57459420918358e-01	2.39410643481075e-02	-1.88658255684260e-07	7.49101096111567e-01	2.33807384456302e-02	-2.01650656173058e-07
8.36555375964207e-01	2.28459775092873e-02	-2.14374008766782e-07	9.20102951544364e-01	2.23902472583999e-02	-5.56494009302799e-05
1.00000000000000e+00	0.00000000000000e+00	0.00000000000000e+00
11	3.22059791872108e+01	5.50612903225806e+00
0.00000000000000e+00	2.65209246961170e-02	2.70470924546018e-08	1.23252240913475e-01	2.58358170468740e-02	1.77167984727333e-08
2.40296233670731e-01	2.51851901541406e-02	8.19370560289912e-09	3.51589510037350e-01	2.45665026262505e-02	-9.33120469781556e-10
4.57545727154488e-01	2.39774574904841e-02	-9.72588853898060e-09	5.58539803289359e-01	2.34159727603824e-02	-1.82291295391934e-08
6.54912348758008e-01	2.28801568836499e-02	-2.64772117564149e-08	7.46973502307064e-01	2.23682874678861e-02	-3.44978152710951e-08
8.35006263984562e-01	2.18787927911746e-02	-4.23138837302162e-08	9.19269399944029e-01	2.14625931603269e-02	-5.26354305385723e-05
1.00000000000000e+00	0.00000000000000e+00	0.00000000000000e+00
11	3.22059791872108e+01	5.73193548387097e+00
0.00000000000000e+00	2.51621866781349e-02	8.55880850636481e-08	1.22090838754901e-01	2.45448424948289e-02	7.96864205732106e-08
2.38331860819371e-01	2.39570592911350e-02	7.34921289380353e-08	3.49133606937510e-01	2.33967621388194e-02	6.75767173330399e-08
4.54869084139587e-01	2.28620665276714e-02	6.18973251542698e-08	5.55877959096816e-01	2.23512563031857e-02	5.64235530520207e-08
6.52470201629435e-01	2.18627652955490e-02	5.11320714657870e-08	7.44929260646578e-01	2.13951612940815e-02	4.60041509331433e-08
8.33514841051307e-01	2.09471320298606e-02	4.10243157222823e-08	9.18465338900668e-01	2.05671599038431e-02	-4.98648726561246e-05
1.00000000000000e+00	0.00000000000000e+00	0.00000000000000e+00
11	3.22059791872108e+01	5.95774193548387e+00
0.00000000000000e+00	2.38818839963227e-02	1.04657170818534e-07	1.20993290594555e-01	2.33251503530452e-02	1.00885453324651e-07
2.36470863850342e-01	2.27937845669768e-02	9.67616344826894e-08	3.46801416304512e-01	2.22860905185159e-02	9.28327273941321e-08
4.52321502757636e-01	2.18005206537482e-02	8.90688760524228e-08	5.53338963932880e-01	2.13356593908812e-02	8.54491274404623e-08
6.50135924702462e-01	2.08902093600122e-02	8.19575239896508e-08	7.42971424333125e-01	2.04629793229660e-02	7.85812217518611e-08
8.32083730382275e-01	2.00528735417550e-02	7.53097139094550e-08	9.17692379760745e-01	1.97060495622743e-02	-4.72961002768724e-05
1.00000000000000e+00	0.00000000000000e+00	0.00000000000000e+00
11	3.22059791872108e+01	6.18354838709677e+00
0.00000000000000e+00	2.26772929518596e-02	1.03329264145025e-07	1.19957939300316e-01	2.21747407127284e-02	1.00915156675541e-07
2.34711219085164e-01	2.16939849839884e-02	9.81182833870164e-08	3.44591306764985e-01	2.12336371530986e-02	9.54575196665530e-08
4.49902109876893e-01	2.07924247433554e-02	9.29118194603618e-08	5.50922781982589e-01	2.03691788798822e-02	9.04666054291070e-08
6.47910192640785e-01	1.99628239668278e-02	8.81108527250873e-08	7.41101107427170e-01	1.95723685697246e-02	8.58357348532124e-08
8.30714116948706e-01	1.91968973445827e-02	8.36340113830047e-08	9.16951347933591e-01	1.88803580596064e-02	-4.49017581212185e-05
1.00000000000000e+00	0.00000000000000e+00	0.00000000000000e+00
11	3.22059791872108e+01	6.40935483870968e+00
0.00000000000000e+00	2.15450804880560e-02	9.25873747670281e-08	1.18982472439147e-01	2.10909527792833e-02	9.10568791478994e-08
2.33049705267716e-01	2.06555801034601e-02	8.91325447893720e-08	3.42500053426288e-01	2.02378235354860e-02	8.73034949888662e-08
4.47608205104505e-01	1.98366351441769e-02	8.55547533928913e-08	5.48627482706935e-01	1.94510484761740e-02	8.38760852994724e-08
6.45791880523186e-01	1.90801707963684e-02	8.22597621130683e-08	7.39317873567777e-01	1.87231761944340e-02	8.06996818258909e-08
8.29406027018090e-01	1.83792994493113e-02	7.91908185693302e-08	9.16242431432032e-01	1.80903930438556e-02	-4.26627351466369e-05
1.00000000000000e+00	0.00000000000000e+00	0.00000000000000e+00
11	3.22059791872108e+01	6.63516129032258e+00
0.00000000000000e+00	2.04815998717132e-02	7.85084282028947e-08	1.18064207391992e-01	2.00707549696201e-02	7.75618903547937e-08
2.31482389028581e-01	1.96760740104741e-02	7.62232758022563e-08	3.40523446692156e-01	1.92966209547463e-02	7.49516981812803e-08
4.45435924526078e-01	1.89315312440306e-02	7.37363685665571e-08	5.46449899694873e-01	1.85800045333320e-02	7.25700119996731e-08
6.43778666208380e-01	1.82412988443150e-02	7.14472165874724e-08	7.37620237811755e-01	1.79147253429647e-02	7.03636792165341e-08
8.28158692223732e-01	1.75996436667545e-02	6.93159070142002e-08	9.15565375924024e-01	1.73359231989683e-02	-4.05648712404894e-05
1.00000000000000e+00	0.00000000000000e+00	0.00000000000000e+00
11	3.22059791872108e+01	6.86096774193548e+00
0.00000000000000e+00	1.94829876648088e-02	6.42613307011430e-08	1.17200196136391e-01	1.91108447845095e-02	6.37044307305601e-08
2.30004806537095e-01	1.87526567964954e-02	6.27653443663334e-08	3.38656522813604e-01	1.84076527117001e-02	6.18737228119670e-08
4.43380493879364e-01	1.80751178537728e-02	6.10217114616063e-08	5.44385882832176e-01	1.77543882714453e-02	6.02040888253441e-08
6.41867260949765e-01	1.74448463215007e-02	5.94169882184303e-08	7.36005858317657e-01	1.71459167029469e-02	5.86573811744984e-08
8.26970688001076e-01	1.68570628909533e-02	5.79228164321322e-08	9.14919558430710e-01	1.66162797523222e-02	-3.85968234761780e-05
1.00000000000000e+00	0.00000000000000e+00	0.00000000000000e+00
11	3.22059791872108e+01	7.08677419354839e+00
0.00000000000000e+00	1.85453536979568e-02	5.13397339085842e-08	1.16387404249463e-01	1.82078375661574e-02	5.10438655787482e-08
2.28612273671963e-01	1.78823910353639e-02	5.03806020235587e-08	3.36893958930046e-01	1.75683775888669e-02	4.97511927211036e-08
4.41436665171652e-01	1.72652052079841e-02	4.91498529653356e-08	5.42430736998847e-01	1.69723220443345e-02	4.85727928989377e-08
6.40053814820235e-01	1.66892130733534e-02	4.80172477335117e-08	7.34471877339360e-01	1.64153970749954e-02	4.74810450956653e-08
8.25840183047987e-01	1.61504239058936e-02	4.69624465981866e-08	9.14304121957550e-01	1.59305181367082e-02	-3.67490544821436e-05
1.00000000000000e+00	0.00000000000000e+00	0.00000000000000e+00
11	3.22059791872108e+01	7.31258064516129e+00
0.00000000000000e+00	1.76648519432362e-02	4.03070200549749e-08	1.15622783390137e-01	1.73583409304631e-02	4.01857541687534e-08
2.27300015849712e-01	1.70622884736438e-02	3.97146358022127e-08	3.35230242688581e-01	1.67761678098036e-02	3.92678621841114e-08
4.39598907876575e-01	1.64994874502346e-02	3.88411275364930e-08	5.40579417113970e-01	1.62317878015751e-02	3.84316497514803e-08
6.38334099064295e-01	1.59726386227638e-02	3.80374202135769e-08	7.33015075933333e-01	1.57216367200032e-02	3.76568686233369e-08
8.24765053214019e-01	1.54784038548949e-02	3.72887672961397e-08	9.13718037219981e-01	1.52774936713873e-02	-3.50131516471119e-05
1.00000000000000e+00	0.00000000000000e+00	0.00000000000000e+00
11	3.22059791872108e+01	7.53838709677419e+00
0.00000000000000e+00	1.68377290513265e-02	3.12373992228387e-08	1.14903321767674e-01	1.65590072309966e-02	3.12320468376370e-08
2.26063260547364e-01	1.62893652150727e-02	3.08957132100218e-08	3.33659795382218e-01	1.60283659994740e-02	3.05770435637953e-08
4.37861549855722e-01	1.57756006347641e-02	3.02727835022054e-08	5.38826673722456e-01	1.55306855650766e-02	2.99808829984372e-08
6.36703643674803e-01	1.52932606896706e-02	2.96998522442138e-08	7.31631991751058e-01	1.50629875980525e-02	2.94285577018272e-08
8.23742968899589e-01	1.48395479616571e-02	2.91661167439727e-08	9.13160150335007e-01	1.46559187275612e-02	-3.33814429884782e-05
1.00000000000000e+00	0.00000000000000e+00	0.00000000000000e+00
11	3.22059791872108e+01	7.76419354838710e+00
0.00000000000000e+00	1.60603934781252e-02	2.39707569349434e-08	1.14226110852854e-01	1.58066055892765e-02	2.40412096896847e-08
2.24897358003096e-01	1.55607156212879e-02	2.37999485674933e-08	3.32177131410165e-01	1.53223601357333e-02	2.35716204333158e-08
4.36218959239205e-01	1.50911980821756e-02	2.33537350569080e-08	5.37167240817012e-01	1.48669086830990e-02	2.31447701004583e-08
6.35157915192528e-01	1.46491899516126e-02	2.29436285525964e-08	7.30319071791082e-01	1.44377573362662e-02	2.27494481030988e-08
8.22771508930237e-01	1.42323424809535e-02	2.25616135773876e-08	9.12629245317789e-01	1.40644346548064e-02	-3.18468574798114e-05
1.00000000000000e+00	0.00000000000000e+00	0.00000000000000e+00
11	3.22059791872108e+01	7.99000000000000e+00
0.00000000000000e+00	1.53294140161645e-02	1.82541589621721e-08	1.13588349554295e-01	1.50980253641622e-02	1.83729096381313e-08
2.23797794432191e-01	1.48735197069743e-02	1.81990358338879e-08	3.30776881478097e-01	1.46555940395356e-02	1.80347057288088e-08
4.34665575994538e-01	1.44439632838070e-02	1.78780147352953e-08	5.35595872592515e-01	1.42383585915464e-02	1.77278129953606e-08
6.33692354612481e-01	1.40385262071835e-02	1.75832529647479e-08	7.29072707082805e-01	1.38442264238945e-02	1.74437577715736e-08
8.21848187656146e-01	1.36552326252234e-02	1.73087982835440e-08	9.12124059485765e-01	1.35016302051383e-02	-3.04027671604867e-05
1.00000000000000e+00	0.00000000000000e+00	0.00000000000000e+00
