39	1.03722509540706e+03	9.90000000000000e-01
0.00000000000000e+00	1.97554237521507e-02	-5.14241559921302e-05	3.99322420648113e-02	1.92214589519324e-02	-5.41315104307660e-05
7.83583512501381e-02	1.86996545422833e-02	-5.70705021818441e-05	1.15373764343764e-01	1.81883568500429e-02	-6.02558267992492e-05
1.51066771001374e-01	1.76859466155659e-02	-6.37158230789581e-05	1.85519235241311e-01	1.71908056228360e-02	-6.74830268023729e-05
2.18807239814838e-01	1.67012975277570e-02	-7.15949412906092e-05	2.51001664005434e-01	1.62157472307720e-02	-7.60949747484752e-05
2.82168704195258e-01	1.57324181841334e-02	-8.10335932619477e-05	3.12370345379207e-01	1.52494868904489e-02	-8.64697446349982e-05
3.41664790875845e-01	1.47650136869324e-02	-9.24726292517164e-05	3.70106856753214e-01	1.42769086818866e-02	-9.91239175907044e-05
3.97748336938799e-01	1.37828914016918e-02	-1.06520546477862e-04	4.24638344608195e-01	1.32804423040700e-02	-1.14778280783545e-04
4.50823635247020e-01	1.27667437248848e-02	-1.24036280115147e-04	4.76348916767300e-01	1.22386070509610e-02	-1.34463007372743e-04
5.01257152257872e-01	1.16923818604389e-02	-1.46263971363636e-04	5.25589861400897e-01	1.11238411676469e-02	-1.59691943564022e-04
5.49387427362338e-01	1.05280348455927e-02	-1.75060645296599e-04	5.72689417165595e-01	9.89910006589323e-03	-1.92763276186891e-04
5.95534925344291e-01	9.23001308073701e-03	-2.13297968553405e-04	6.17962953282138e-01	8.51225987915893e-03	-2.37303321012128e-04
6.40012840456794e-01	7.73539275529855e-03	-2.65608743441170e-04	6.61724769393766e-01	6.88642413769980e-03	-2.99307270607452e-04
6.83140374430913e-01	5.94898361108021e-03	-3.39862996956652e-04	7.04303496913085e-01	4.90212314787186e-03	-3.89273203385887e-04
7.25261148719379e-01	3.71858825402360e-03	-4.50319846966085e-04	7.46064776451435e-01	2.36225583708638e-03	-5.26971090095030e-04
7.66771968011209e-01	7.84234067921386e-04	-6.25044936678920e-04	7.87448826167918e-01	-1.08325982978941e-03	-7.53350821465881e-04
8.08173378158832e-01	-3.33685898830982e-03	-9.25747364216578e-04	8.29040653685078e-01	-6.11893983481737e-03	-1.16506513164016e-03
8.50170569906947e-01	-9.64772965651606e-03	-1.51111442516627e-03	8.71720799869723e-01	-1.42742607195750e-02	-2.03848735935974e-03
8.93909103762853e-01	-2.05982105028850e-02	-2.90073843695615e-03	9.17055253045648e-01	-2.97253080103713e-02	-4.45756920982920e-03
9.41668509974466e-01	-4.39011602154623e-02	-7.72830515450695e-03	9.68660053963655e-01	-6.89221605218105e-02	-1.59223507654929e-02
1.00000000000000e+00	0.00000000000000e+00	0.00000000000000e+00
27	1.03722509540706e+03	1.21580645161290e+00
0.00000000000000e+00	2.83145932110305e-02	-9.96998815074868e-05	5.88471570080337e-02	2.72441802229724e-02	-1.07292112354163e-04
1.14572989673937e-01	2.62083889332068e-02	-1.15797058459322e-04	1.67452604331026e-01	2.52006716370550e-02	-1.25358776378315e-04
2.17732717009024e-01	2.42145537873213e-02	-1.36160300692856e-04	2.65635605732138e-01	2.32434715274079e-02	-1.48426148008252e-04
3.11362494019789e-01	2.22806023622355e-02	-1.62434147590762e-04	3.55096475338020e-01	2.13186688868416e-02	-1.78531407958982e-04
3.97005070078235e-01	2.03497017473211e-02	-1.97156160089085e-04	4.37242493398077e-01	1.93647428949397e-02	-2.18868089671309e-04
4.75951703474505e-01	1.83534622947694e-02	-2.44391154387236e-04	5.13266295173391e-01	1.73036489344351e-02	-2.74675121147983e-04
5.49312304117226e-01	1.62005175692070e-02	-3.10985829464316e-04	5.84209991583562e-01	1.50257412040011e-02	-3.55040587998401e-04
6.18075693561973e-01	1.37560674410560e-02	-4.09216522192279e-04	6.51023841312047e-01	1.23612884547715e-02	-4.76880574264094e-04
6.83169302640122e-01	1.08011790337217e-02	-5.62929803137546e-04	7.14630265393565e-01	9.02073368508138e-03	-6.74710641769272e-04
7.45532011484564e-01	6.94249405890979e-03	-8.23655036700677e-04	7.76012159614725e-01	4.45367829477994e-03	-1.02835324212669e-03
8.06228390900921e-01	1.38353665066737e-03	-1.32071329390193e-03	8.36370548341688e-01	-2.53882188616839e-03	-1.75934958539581e-03
8.66680897997337e-01	-7.76858134313330e-03	-2.46186266315118e-03	8.97490845249361e-01	-1.51278318090173e-02	-3.69420912186835e-03
9.29294493325204e-01	-2.62429160725954e-02	-6.17173818713712e-03	9.62917867338462e-01	-4.51199504305262e-02	-1.19935433891525e-02
1.00000000000000e+00	0.00000000000000e+00	0.00000000000000e+00
20	1.03722509540706e+03	1.44161290322581e+00
0.00000000000000e+00	3.79518824081841e-02	-1.65653184882597e-04	8.07920684401019e-02	3.60856663198255e-02	-1.82527910422836e-04
1.55956713499769e-01	3.43006826259380e-02	-2.02140521637695e-04	2.26136460775680e-01	3.25773369914903e-02	-2.25112661000448e-04
2.91888580145289e-01	3.08961652022173e-02	-2.52260824356698e-04	3.53700320719591e-01	2.92369927110374e-02	-2.84666205993434e-04
4.12001403731235e-01	2.75779448321818e-02	-3.23784997438015e-04	4.67174463765740e-01	2.58941808153934e-02	-3.71616380993478e-04
5.19563998050667e-01	2.41561694812296e-02	-4.30965538171346e-04	5.69484309081346e-01	2.23272131077485e-02	-5.05868552282740e-04
6.17226906421192e-01	2.03597241505367e-02	-6.02304211595683e-04	6.63067880592213e-01	1.81893788104879e-02	-7.29438014294148e-04
7.07275908694852e-01	1.57255229900688e-02	-9.01908089026682e-04	7.50121874327067e-01	1.28346546590927e-02	-1.14428724056737e-03
7.91891758657982e-01	9.31038308018350e-03	-1.50046444174623e-03	8.32905907474912e-01	4.81513601347250e-03	-2.05531197671238e-03
8.73551111153122e-01	-1.24213586416289e-03	-2.99128269225957e-03	9.14340436893811e-01	-9.98756159692848e-03	-4.76363599594065e-03
9.56040837022002e-01	-2.40247626976051e-02	-8.56918314834942e-03	1.00000000000000e+00	0.00000000000000e+00	0.00000000000000e+00
15	1.03722509540706e+03	1.66741935483871e+00
0.00000000000000e+00	5.03906952622570e-02	-2.64467192862661e-04	1.09300439212731e-01	4.72186260660961e-02	-2.99873724328714e-04
2.08745281663036e-01	4.42315582832085e-02	-3.42958350397771e-04	2.99767065876896e-01	4.13742968048854e-02	-3.96118351066121e-04
3.83558279979950e-01	3.85916996178224e-02	-4.62774580342273e-04	4.61125381567783e-01	3.58244962066636e-02	-5.47938541542559e-04
5.33330972342462e-01	3.30038105074795e-02	-6.59192733906133e-04	6.00928007682172e-01	3.00431026111232e-02	-8.08457658063810e-04
6.64589196462609e-01	2.68251757548159e-02	-1.01536109650335e-03	7.24934637340223e-01	2.31795449684120e-02	-1.31411913674384e-03
7.82561456882041e-01	1.88400062336596e-02	-1.76884844266945e-03	8.38081519499178e-01	1.33585606713682e-02	-2.51163392086062e-03
8.92179460508012e-01	5.91436023394221e-03	-3.85244815165287e-03	9.45720920189964e-01	-5.24897411657144e-03	-6.57785640513420e-03
1.00000000000000e+00	0.00000000000000e+00	0.00000000000000e+00
12	1.03722509540706e+03	1.89322580645161e+00
0.00000000000000e+00	6.26645435631124e-02	-3.60481243024680e-04	1.38204250571551e-01	5.79528710102060e-02	-4.18750406736113e-04
2.61269290333881e-01	5.35930877430384e-02	-4.92508812884873e-04	3.71817644004420e-01	4.94682149631835e-02	-5.87799630781483e-04
4.71949044987443e-01	4.54619921744366e-02	-7.13945074854117e-04	5.63378883225255e-01	4.14458113682188e-02	-8.85938374330486e-04
6.47541505983408e-01	3.72601326039010e-02	-1.12916445662514e-03	7.25672278842430e-01	3.26834901160171e-02	-1.48944904990200e-03
7.98880049978126e-01	2.73741063386324e-02	-2.05663597809536e-03	8.68223398712987e-01	2.07476760213319e-02	-3.02747185811914e-03
9.34813599667183e-01	1.16820503631365e-02	-4.89468280006644e-03	1.00000000000000e+00	0.00000000000000e+00	0.00000000000000e+00
11	1.03722509540706e+03	2.11903225806452e+00
0.00000000000000e+00	6.72529533700472e-02	-3.52817844291087e-04	1.51615166204075e-01	6.20243436508108e-02	-4.09937355809964e-04
2.85522780443562e-01	5.72460230157101e-02	-4.82259135308194e-04	4.04932190630939e-01	5.27813136075401e-02	-5.75719732683666e-04
5.12373038233277e-01	4.85001027975600e-02	-6.99478003183929e-04	6.09881010781376e-01	4.42643953070732e-02	-8.68266384065786e-04
6.99132593321545e-01	3.99090486491422e-02	-1.10703025312309e-03	7.81548461746969e-01	3.52107730925544e-02	-1.46080157400830e-03
8.58380623912230e-01	2.98306703805042e-02	-2.01785454383274e-03	9.30798781389264e-01	2.32342763372693e-02	-3.01115876018687e-03
1.00000000000000e+00	0.00000000000000e+00	0.00000000000000e+00
11	1.03722509540706e+03	2.34483870967742e+00
0.00000000000000e+00	6.55096848011032e-02	-2.75209480723682e-04	1.51635356068683e-01	6.07076270596489e-02	-3.14422884583276e-04
2.85914273608286e-01	5.63448267227118e-02	-3.62718042159038e-04	4.05869967261468e-01	5.23109795937353e-02	-4.23138948155488e-04
5.13901955584329e-01	4.85069426614464e-02	-5.00127687366403e-04	6.11941786979465e-01	4.48361413268896e-02	-6.00368702935894e-04
7.01572536977121e-01	4.11950312617668e-02	-7.34300842788027e-04	7.84118041950543e-01	3.74602825913506e-02	-9.18970086804416e-04
8.60712951013635e-01	3.34686149255108e-02	-1.18377877091058e-03	9.32362368088637e-01	2.90510241992388e-02	-1.65347775235425e-03
1.00000000000000e+00	0.00000000000000e+00	0.00000000000000e+00
11	1.03722509540706e+03	2.57064516129032e+00
0.00000000000000e+00	6.37007352251444e-02	-2.08842077472848e-04	1.51261166460385e-01	5.92970715819170e-02	-2.34617544831117e-04
2.85587876890163e-01	5.53136720331409e-02	-2.65507106379070e-04	4.05833811526158e-01	5.16603647844724e-02	-3.02959517724188e-04
5.14267200359645e-01	4.82595887215398e-02	-3.48979786404691e-04	6.12718163556588e-01	4.50408721033901e-02	-4.06402775933401e-04
7.02685096223782e-01	4.19356948833682e-02	-4.79342813696659e-04	7.85413367912171e-01	3.88718781834709e-02	-5.73955787381397e-04
8.61955229271360e-01	3.57663754157507e-02	-6.99789334896117e-04	9.33217218240890e-01	3.26025258797686e-02	-9.60670379509310e-04
1.00000000000000e+00	0.00000000000000e+00	0.00000000000000e+00
11	1.03722509540706e+03	2.79645161290323e+00
0.00000000000000e+00	6.18268740466921e-02	-1.54499255194285e-04	1.50554865886408e-01	5.77903283005941e-02	-1.70787528972260e-04
2.84658919628802e-01	5.41487648534567e-02	-1.89808587755858e-04	4.04985869142155e-01	5.08273338650007e-02	-2.12208269044112e-04
5.13672964891771e-01	4.77634528291131e-02	-2.38838449325707e-04	6.12451424536299e-01	4.49029152974791e-02	-2.70837770109278e-04
7.02741157598865e-01	4.21966997479732e-02	-3.09755887620167e-04	7.85720888685490e-01	3.95980735747319e-02	-3.57745431682543e-04
8.62381087339817e-01	3.70596110024879e-02	-4.17867406883099e-04	9.33564793385412e-01	3.46274669969462e-02	-5.92913405542683e-04
1.00000000000000e+00	0.00000000000000e+00	0.00000000000000e+00
11	1.03722509540706e+03	3.02225806451613e+00
0.00000000000000e+00	5.98946021332394e-02	-1.11710987179547e-04	1.49579883915857e-01	5.61936561286764e-02	-1.21651997888383e-04
2.83242904291671e-01	5.28583403383833e-02	-1.32988601616368e-04	4.03484709730161e-01	4.98256863320239e-02	-1.45992689492447e-04
5.12312889035443e-01	4.70438168289717e-02	-1.61008557971742e-04	6.11361844275010e-01	4.44690013256890e-02	-1.78474253191174e-04
7.01976910477010e-01	4.20633922968074e-02	-1.98953977370131e-04	7.85276979726878e-01	3.97931910025657e-02	-2.23184364680495e-04
8.62201855392875e-01	3.76270545523751e-02	-2.52141853684940e-04	9.33548612478028e-01	3.56372271157601e-02	-3.90339796914052e-04
1.00000000000000e+00	0.00000000000000e+00	0.00000000000000e+00
11	1.03722509540706e+03	3.24806451612903e+00
0.00000000000000e+00	5.79159931410695e-02	-7.91608349435258e-05	1.48397073786289e-01	5.45207665687948e-02	-8.50476500657837e-05
2.81448924973442e-01	5.14598990809436e-02	-9.16203850080954e-05	4.01477009865674e-01	4.86799158021560e-02	-9.89877243313675e-05
5.10361454720843e-01	4.61369854976965e-02	-1.07283251716384e-04	6.09641703774659e-01	4.37946030301988e-02	-1.16669865853458e-04
7.00590913607142e-01	4.16218470482594e-02	-1.27347856289539e-04	7.84271769735232e-01	3.95920328655603e-02	-1.39565700280286e-04
8.61578944642456e-01	3.76816359974554e-02	-1.53634680572612e-04	9.33271811994874e-01	3.59736719010610e-02	-2.74784781894910e-04
1.00000000000000e+00	0.00000000000000e+00	0.00000000000000e+00
11	1.03722509540706e+03	3.47387096774194e+00
0.00000000000000e+00	5.59073460689758e-02	-5.51240715378487e-05	1.47062000189710e-01	5.27904982841940e-02	-5.85212569490512e-05
2.79375286035368e-01	4.99765614331078e-02	-6.22451134331126e-05	3.99092664124616e-01	4.74198742325949e-02	-6.63368371893736e-05
5.07969895118223e-01	4.50829811008475e-02	-7.08465667218494e-05	6.07453436939384e-01	4.29347774762214e-02	-7.58332865407052e-05
6.98745937350512e-01	4.09491187603623e-02	-8.13667688950304e-05	7.82855797545195e-01	3.91037571989401e-02	-8.75300316940386e-05
8.60635157131006e-01	3.73795143515170e-02	-9.44224752474909e-05	9.32809345478653e-01	3.58634824454163e-02	-2.06575230672579e-04
1.00000000000000e+00	0.00000000000000e+00	0.00000000000000e+00
11	1.03722509540706e+03	3.69967741935484e+00
0.00000000000000e+00	5.38872748017363e-02	-3.78172512196517e-05	1.45623326750180e-01	5.10241952455150e-02	-3.97352753145341e-05
2.77107203594801e-01	4.84336353780448e-02	-4.18051058863611e-05	3.96442752443538e-01	4.60765086918740e-02	-4.40412581261818e-05
5.05265377416467e-01	4.39206252566311e-02	-4.64620519688985e-05	6.04930914352754e-01	4.19392004826256e-02	-4.90884017638749e-05
6.96573033550148e-01	4.01097305229634e-02	-5.19442700170902e-05	7.81147069456769e-01	3.84131309366904e-02	-5.50572166604368e-05
8.59463881459810e-01	3.68330681430489e-02	-5.84590671095508e-05	9.32216296462560e-01	3.54575800784589e-02	-1.64871546561418e-04
1.00000000000000e+00	0.00000000000000e+00	0.00000000000000e+00
11	1.03722509540706e+03	3.92548387096774e+00
0.00000000000000e+00	5.18747934791495e-02	-2.56185941915898e-05	1.44122161888254e-01	4.92433965979595e-02	-2.66816704423967e-05
2.74716161432447e-01	4.68559575546357e-02	-2.78141399432386e-05	3.93619546754690e-01	4.46789950396007e-02	-2.90203668542599e-05
5.02352231408218e-01	4.26847819902525e-02	-3.03069010776369e-05	6.02182331059950e-01	4.08501468718967e-02	-3.16810361966624e-05
6.94176280941028e-01	3.91555623214770e-02	-3.31509132416308e-05	7.79237445562568e-01	3.75844423840290e-02	-3.47256415269559e-05
8.58136190316380e-01	3.61225944012906e-02	-3.64154404175476e-05	9.31533539991781e-01	3.48574230050596e-02	-1.38387445330901e-04
1.00000000000000e+00	0.00000000000000e+00	0.00000000000000e+00
11	1.03722509540706e+03	4.15129032258065e+00
0.00000000000000e+00	4.98877535725508e-02	-1.71719610335686e-05	1.42592122500797e-01	4.74681269015111e-02	-1.77520287860666e-05
2.72260407878423e-01	4.52661399545540e-02	-1.83636549786481e-05	3.90697781672908e-01	4.32531179261089e-02	-1.90074775421323e-05
4.99314258878772e-01	4.14051659668333e-02	-1.96857973591147e-05	5.99293692245274e-01	3.97022072751603e-02	-2.04011245783509e-05
6.91637389360604e-01	3.81272453161969e-02	-2.11562019889477e-05	7.77198011854712e-01	3.66657902510206e-02	-2.19540312544897e-05
8.56706192416788e-01	3.53054083967035e-02	-2.27979028770697e-05	9.30791631760239e-01	3.41320206701452e-02	-1.20845378734025e-04
1.00000000000000e+00	0.00000000000000e+00	0.00000000000000e+00
11	1.03722509540706e+03	4.37709677419355e+00
0.00000000000000e+00	4.79417896412311e-02	-1.14090385616716e-05	1.41059875098078e-01	4.57158429503957e-02	-1.17213218835399e-05
2.69786149132056e-01	4.36836245236796e-02	-1.20481529759520e-05	3.87736602243609e-01	4.18205860854484e-02	-1.23888584397935e-05
4.96217487304437e-01	4.01061394416449e-02	-1.27442350692508e-05	5.96332335090629e-01	3.85228859476321e-02	-1.31151376772110e-05
6.89019820634684e-01	3.70560202874615e-02	-1.35024842535802e-05	7.75083448099183e-01	3.56928630324780e-02	-1.39072616991420e-05
8.55215044849293e-01	3.44224906405015e-02	-1.43305320432496e-05	9.30013520443131e-01	3.33288634301618e-02	-1.08672629990592e-04
1.00000000000000e+00	0.00000000000000e+00	0.00000000000000e+00
11	1.03722509540706e+03	4.60290322580645e+00
0.00000000000000e+00	4.60497560141027e-02	-7.52483701749185e-06	1.39545936124420e-01	4.40009370654686e-02	-7.69094833441564e-06
2.67329075577143e-01	4.21243406435530e-02	-7.86407745789752e-06	3.84781758737599e-01	4.03989568001943e-02	-8.04312288726905e-06
4.93112956460267e-01	3.88070516609764e-02	-8.22835736058458e-06	5.93350182207937e-01	3.73335509270198e-02	-8.42006950807495e-06
6.86372308690467e-01	3.59655587518808e-02	-8.61856494949187e-06	7.72935511397415e-01	3.46919773746912e-02	-8.82416762437721e-06
8.53693961806884e-01	3.35032037190002e-02	-9.03722099221405e-06	9.29216469456940e-01	3.24809696077655e-02	-9.97954412413904e-05
1.00000000000000e+00	0.00000000000000e+00	0.00000000000000e+00
11	1.03722509540706e+03	4.82870967741935e+00
0.00000000000000e+00	4.42215661975947e-02	-4.93307868021375e-06	1.38065575846125e-01	4.23346554641102e-02	-5.02041942507248e-06
2.64915981001403e-01	4.06007665942343e-02	-5.11147541737422e-06	3.81867790368667e-01	3.90019168509446e-02	-5.20503263223837e-06
4.90039323165741e-01	3.75228322690389e-02	-5.30118353636588e-06	5.90386608314634e-01	3.61504546185414e-02	-5.40002488813585e-06
6.83731794724725e-01	3.48735534792415e-02	-5.50165808088643e-06	7.70785795367830e-01	3.36824170464807e-02	-5.60618920641964e-06
8.52166485847208e-01	3.25686036361550e-02	-5.71372956970073e-06	9.28413443406457e-01	3.16114746027762e-02	-9.29895142340875e-05
1.00000000000000e+00	0.00000000000000e+00	0.00000000000000e+00
11	1.03722509540706e+03	5.05451612903226e+00
0.00000000000000e+00	4.24643157120694e-02	-3.21794132895903e-06	1.36629719454183e-01	4.07252870239605e-02	-3.26328479705040e-06
2.62566321679763e-01	3.91222282008512e-02	-3.31089462624057e-06	3.79020048754930e-01	3.76397403392179e-02	-3.35955445596170e-06
4.87025179995211e-01	3.62646647403171e-02	-3.40929541331469e-06	5.87470890953008e-01	3.49856884855795e-02	-3.46014973851005e-06
6.81125838376514e-01	3.37930316927459e-02	-3.51215094185342e-06	7.68657910494749e-01	3.26781962727942e-02	-3.56533375689416e-06
8.50650216633247e-01	3.16337625257475e-02	-3.61973425411222e-06	9.27614125882261e-01	3.07366594932525e-02	-8.75211699726819e-05
1.00000000000000e+00	0.00000000000000e+00	0.00000000000000e+00
11	1.03722509540706e+03	5.28032258064516e+00
0.00000000000000e+00	4.07825754771032e-02	-2.09059002309608e-06	1.35245780941015e-01	3.91785020913087e-02	-2.11374397318664e-06
2.60293629214793e-01	3.76953119639036e-02	-2.13851765362705e-06	3.76256487402624e-01	3.63198071103046e-02	-2.16372957262401e-06
4.84091051720199e-01	3.50406438314810e-02	-2.18939013740815e-06	5.84624261858871e-01	3.38480168520137e-02	-2.21551007162368e-06
6.78574578361532e-01	3.27334070464520e-02	-2.24210038535233e-06	7.66569206098583e-01	3.16893772304532e-02	-2.26917244439129e-06
8.49158137214504e-01	3.07094056613313e-02	-2.29673795559826e-06	9.26825678297856e-01	2.98679800137978e-02	-8.29446478964879e-05
1.00000000000000e+00	0.00000000000000e+00	0.00000000000000e+00
11	1.03722509540706e+03	5.50612903225806e+00
0.00000000000000e+00	3.91787655628373e-02	-1.35369171738731e-06	1.33918396516480e-01	3.76977528752716e-02	-1.36521459048744e-06
2.58106737519621e-01	3.63243105160778e-02	-1.37805450606265e-06	3.73589191737559e-01	3.50471124391278e-02	-1.39107645691361e-06
4.81251072003882e-01	3.38563696033489e-02	-1.40428391137704e-06	5.81861596287609e-01	3.27435766004300e-02	-1.41768040107237e-06
6.76092313754449e-01	3.17013079211954e-02	-1.43126960416851e-06	7.64532129398990e-01	3.07230518305412e-02	-1.44505514532156e-06
8.47699637932381e-01	2.98030739941204e-02	-1.45904087767157e-06	9.26053312827512e-01	2.90134470553451e-02	-7.89854031759685e-05
1.00000000000000e+00	0.00000000000000e+00	0.00000000000000e+00
11	1.03722509540706e+03	5.73193548387097e+00
0.00000000000000e+00	3.76535529480102e-02	-8.74200046130369e-07	1.32650051778153e-01	3.62846836043544e-02	-8.79671978371022e-07
2.56010824560477e-01	3.50116566031364e-02	-8.86305048242164e-07	3.71025665631153e-01	3.38247365909203e-02	-8.93013451408464e-07
4.78514376712198e-01	3.27154646046419e-02	-8.99798317188782e-07	5.79192797947240e-01	3.16764543706125e-02	-9.06660798216663e-07
6.73688781152869e-01	3.07012274901390e-02	-9.13602141716652e-07	7.62555305805968e-01	2.97840781063818e-02	-9.20623495881401e-07
8.46281316790045e-01	2.89199610791266e-02	-9.27726143684637e-07	9.25300732595240e-01	2.81785841335029e-02	-7.54718414746058e-05
1.00000000000000e+00	0.00000000000000e+00	0.00000000000000e+00
11	1.03722509540706e+03	5.95774193548387e+00
0.00000000000000e+00	3.62062326170436e-02	-5.63359130234531e-07	1.31441603742362e-01	3.49395152295024e-02	-5.65708390798392e-07
2.54008276918458e-01	3.37583181711916e-02	-5.69125804039672e-07	3.68569893698581e-01	3.26542573627575e-02	-5.72574279988913e-07
4.75886246407246e-01	3.16200110753579e-02	-5.76054196343989e-07	5.76623924928625e-01	3.06491557174355e-02	-5.79565943015226e-07
6.71370182727478e-01	2.97360322158440e-02	-5.83109911245216e-07	7.60644398928702e-01	2.88756355624089e-02	-5.86686482284549e-07
8.44907609031544e-01	2.80635229719937e-02	-5.90296076463659e-07	9.24570473562365e-01	2.73671031334117e-02	-7.22948536533430e-05
1.00000000000000e+00	0.00000000000000e+00	0.00000000000000e+00
11	1.03722509540706e+03	6.18354838709677e+00
0.00000000000000e+00	3.48350557306174e-02	-3.62460969904888e-07	1.30292694592503e-01	3.36613736353057e-02	-3.63215052479049e-07
2.52099375135182e-01	3.25641302393453e-02	-3.64971806776637e-07	3.66223181969747e-01	3.15360896218979e-02	-3.66741351287558e-07
4.73369007490872e-01	3.05709023310297e-02	-3.68523777716234e-07	5.74158073597482e-01	2.96629725901063e-02	-3.70319243270245e-07
6.69139988491468e-01	2.88073496940882e-02	-3.72127865189142e-07	7.58802777036960e-01	2.79996376595142e-02	-3.73949765375414e-07
8.43581271210578e-01	2.72359196461895e-02	-3.75785081940805e-07	9.23864165147383e-01	2.65813812914062e-02	-6.93835429899092e-05
1.00000000000000e+00	0.00000000000000e+00	0.00000000000000e+00
11	1.03722509540706e+03	6.40935483870968e+00
0.00000000000000e+00	3.35375277359762e-02	-2.32941056221847e-07	1.29202096220606e-01	3.24485848116924e-02	-2.32892582996413e-07
2.50282865924890e-01	3.14280888895984e-02	-2.33793998161147e-07	3.63984860430012e-01	3.04697803203324e-02	-2.34700652912423e-07
4.70962784810639e-01	2.95681412398421e-02	-2.35612600540946e-07	5.71796115305797e-01	2.87182878127465e-02	-2.36529866359803e-07
6.66999602800987e-01	2.79158817090672e-02	-2.37452515872150e-07	7.57032064315427e-01	2.71570560093999e-02	-2.38380549300032e-07
8.42303779435115e-01	2.64383528679837e-02	-2.39314050354267e-07	9.23182743302925e-01	2.58228169149259e-02	-6.66905906623327e-05
1.00000000000000e+00	0.00000000000000e+00	0.00000000000000e+00
11	1.03722509540706e+03	6.63516129032258e+00
0.00000000000000e+00	3.23106354288725e-02	-1.49606727672946e-07	1.28167965517355e-01	3.12989004905622e-02	-1.49164947504943e-07
2.48556388326487e-01	3.03485758003850e-02	-1.49626761869470e-07	3.61852807975372e-01	2.94542327708172e-02	-1.50090726069863e-07
4.68666065050466e-01	2.86110653926264e-02	-1.50556858091733e-07	5.69537248181018e-01	2.78148024702851e-02	-1.51025179029318e-07
6.64948863273435e-01	2.70616352426827e-02	-1.51495652245259e-07	7.55332552883415e-01	2.63481564489396e-02	-1.51968331918440e-07
8.41075626323246e-01	2.56713087815053e-02	-1.52443256018486e-07	9.22526608910821e-01	2.50920810361894e-02	-6.41833173193884e-05
1.00000000000000e+00	0.00000000000000e+00	0.00000000000000e+00
11	1.03722509540706e+03	6.86096774193548e+00
0.00000000000000e+00	3.11510463238043e-02	-9.60755339729502e-08	1.27188056495575e-01	3.02096957072182e-02	-9.54506120809384e-08
2.46916830062645e-01	2.93235536384708e-02	-9.56869123935888e-08	3.59823893558918e-01	2.84879000332463e-02	-9.59240877840273e-08
4.66476171900361e-01	2.76985389760001e-02	-9.61621513528854e-08	5.67379463666075e-01	2.69517269582698e-02	-9.64011019899402e-08
6.62986463228968e-01	2.62441135054399e-02	-9.66409305913629e-08	7.53703551823828e-01	2.55726909148950e-02	-9.68816693536212e-08
8.39896572459176e-01	2.49347515146947e-02	-9.71232978486114e-08	9.21895761746903e-01	2.43893144631087e-02	-6.18382508155157e-05
1.00000000000000e+00	0.00000000000000e+00	0.00000000000000e+00
11	1.03722509540706e+03	7.08677419354839e+00
0.00000000000000e+00	3.00552495670503e-02	-6.17329438679093e-08	1.26259870008231e-01	2.91781101991531e-02	-6.10320709526491e-08
2.45360581559316e-01	2.83507069994320e-02	-6.11528463423383e-08	3.57894293064158e-01	2.75689249787758e-02	-6.12739934346962e-08
4.64389609376573e-01	2.68290918899643e-02	-6.13954858064147e-08	5.65319885091435e-01	2.61279193123851e-02	-6.15173423312854e-08
6.61110259235806e-01	2.54624537815729e-02	-6.16395670061110e-08	7.52143641827478e-01	2.48300352002611e-02	-6.17621507270627e-08
8.38765830080279e-01	2.42282612958755e-02	-6.18851052625047e-08	9.21289898388932e-01	2.37142672858077e-02	-5.96377654453750e-05
1.00000000000000e+00	0.00000000000000e+00	0.00000000000000e+00
11	1.03722509540706e+03	7.31258064516129e+00
0.00000000000000e+00	2.90196719572222e-02	-3.97222730263991e-08	1.25380773668677e-01	2.82011653996883e-02	-3.89995538085941e-08
2.43883741396582e-01	2.74275592363189e-02	-3.90612322487272e-08	3.56059747660911e-01	2.66952563004961e-02	-3.91230514651397e-08
4.62402343611402e-01	2.60010346208945e-02	-3.91850305536678e-08	5.63355047099820e-01	2.53419988505053e-02	-3.92471442012265e-08
6.59317526071116e-01	2.47155399007237e-02	-3.93094083950274e-08	7.50650887060627e-01	2.41193004172147e-02	-3.93718253555164e-08
8.37682216338086e-01	2.35511451347057e-02	-3.94343968590505e-08	9.20708494078907e-01	2.30664094471951e-02	-5.75680284318203e-05
1.00000000000000e+00	0.00000000000000e+00	0.00000000000000e+00
11	1.03722509540706e+03	7.53838709677419e+00
0.00000000000000e+00	2.80407597480510e-02	-2.56251209140856e-08	1.24548086997586e-01	2.72758484937505e-02	-2.49073874858396e-08
2.42482264375470e-01	2.65515574940443e-02	-2.49388654172122e-08	3.54315752231198e-01	2.58647336964768e-02	-2.49703866472828e-08
4.60510010361268e-01	2.52125430570158e-02	-2.50019893677234e-08	5.61481103036987e-01	2.45924303270253e-02	-2.50336404938878e-08
6.57605147174682e-01	2.40020855936205e-02	-2.50653420241775e-08	7.49222994259832e-01	2.34394155257456e-02	-2.50971323723093e-08
8.36644268873701e-01	2.29025185714755e-02	-2.51289584696224e-08	9.20150864665628e-01	2.24450120844313e-02	-5.56177242241329e-05
1.00000000000000e+00	0.00000000000000e+00	0.00000000000000e+00
11	1.03722509540706e+03	7.76419354838710e+00
0.00000000000000e+00	2.71150429996716e-02	-1.66000329038241e-08	1.23759147859261e-01	2.63991794058889e-02	-1.59001511956802e-08
2.41152078674545e-01	2.57201410759966e-02	-1.59162021340364e-08	3.52657706185756e-01	2.50751567480414e-02	-1.59322823822805e-08
4.58708082709197e-01	2.44617272951486e-02	-1.59483768413793e-08	5.59693993942273e-01	2.38775922896135e-02	-1.59644930608493e-08
6.55969770935940e-01	2.33207021689015e-02	-1.59806412547425e-08	7.47857444081267e-01	2.27891942076690e-02	-1.59968238655495e-08
8.35650341739195e-01	2.22813717021142e-02	-1.60130106952039e-08	9.19616218246974e-01	2.18492129111310e-02	-5.37772739050979e-05
1.00000000000000e+00	0.00000000000000e+00	0.00000000000000e+00
11	1.03722509540706e+03	7.99000000000000e+00
0.00000000000000e+00	2.62391730369389e-02	-1.08226152484292e-08	1.23011353360241e-01	2.55682518313454e-02	-1.01463417667702e-08
2.39889160240702e-01	2.49307848016549e-02	-1.01545230002387e-08	3.51081011497568e-01	2.43243297026403e-02	-1.01627186666065e-08
4.56991982083790e-01	2.37466772029635e-02	-1.01709158872865e-08	5.57989562060161e-01	2.31958229641955e-02	-1.01791253204198e-08
6.54407916916066e-01	2.26699444044305e-02	-1.01873502966754e-08	7.46551581237672e-01	2.21673805525204e-02	-1.01955761611094e-08
8.34698671746851e-01	2.16866145238168e-02	-1.02038169025320e-08	9.19103691126148e-01	2.12780612650261e-02	-5.20383347284437e-05
1.00000000000000e+00	0.00000000000000e+00	0.00000000000000e+00
