11	2.07711392596646e+00	9.90000000000000e-01
0.00000000000000e+00	1.28583694826695e-02	3.64196586220333e-04	1.15397091531872e-01	1.37740001673280e-02	3.90177484031695e-04
2.27656705809494e-01	1.47417767518777e-02	4.14613834355149e-04	3.36653278325775e-01	1.57538341601758e-02	4.36719465094160e-04
4.42268042393646e-01	1.67999489789069e-02	4.55675638110109e-04	5.44392478996085e-01	1.78675878618206e-02	4.70661220802304e-04
6.42931802176320e-01	1.89420749074328e-02	4.80874733675418e-04	7.37808302933038e-01	2.00068485319543e-02	4.85537762915489e-04
8.28964372657377e-01	2.10437441294029e-02	4.83865363611224e-04	9.16365049599311e-01	2.20886095510876e-02	4.19338936257119e-04
1.00000000000000e+00	0.00000000000000e+00	0.00000000000000e+00
11	2.07711392596646e+00	1.21580645161290e+00
0.00000000000000e+00	1.55055893621292e-02	2.17500594256403e-04	1.16020956535065e-01	1.59114747162936e-02	2.27164731962715e-04
2.28407336066860e-01	1.63332104548949e-02	2.36267522094713e-04	3.37181306460181e-01	1.67682868819959e-02	2.44678033504031e-04
4.42367515667170e-01	1.72138531513969e-02	2.52272463727388e-04	5.43993807684724e-01	1.76667591244076e-02	2.58939690444326e-04
6.42091878709568e-01	1.81236133521311e-02	2.64586047580839e-04	7.36697852404688e-01	1.85808547641960e-02	2.69139525928108e-04
8.27852754884635e-01	1.90348353248098e-02	2.72553056419822e-04	9.15602872997944e-01	1.95294509385124e-02	2.27067865259611e-04
1.00000000000000e+00	0.00000000000000e+00	0.00000000000000e+00
11	2.07711392596646e+00	1.44161290322581e+00
0.00000000000000e+00	1.52016513098795e-02	9.02557322993713e-05	1.14387046844092e-01	1.52407695507318e-02	9.21121971112493e-05
2.25339848492644e-01	1.52842007981486e-02	9.38449881444647e-05	3.32952181585535e-01	1.53314466963991e-02	9.54439775383564e-05
4.37314774259491e-01	1.53819923024751e-02	9.68994671174395e-05	5.38515551108078e-01	1.54353085873934e-02	9.82027571497790e-05
6.36639857937107e-01	1.54908559703397e-02	9.93462938867484e-05	7.31770666756105e-01	1.55480882167210e-02	1.00323800955038e-04
8.23988761488276e-01	1.56064566340219e-02	1.01130390163906e-04	9.13372904920237e-01	1.57018499051873e-02	6.51803003519635e-05
1.00000000000000e+00	0.00000000000000e+00	0.00000000000000e+00
11	2.07711392596646e+00	1.66741935483871e+00
0.00000000000000e+00	1.17317394697277e-02	2.00997376386125e-05	1.10634813191324e-01	1.16553057351377e-02	2.02249013149247e-05
2.18720411063453e-01	1.15810040291275e-02	2.03425738132257e-05	3.24331227717211e-01	1.15087525820597e-02	2.04528092054845e-05
4.27538842414126e-01	1.14384722110776e-02	2.05554484629111e-05	5.28412121066890e-01	1.13700858969559e-02	2.06503448683115e-05
6.27017349415820e-01	1.13035187064978e-02	2.07373645038089e-05	7.23418358432274e-01	1.12386977224890e-02	2.08163867454481e-05
8.17676642460743e-01	1.11755519806831e-02	2.08873047080615e-05	9.09851470573221e-01	1.11385260711756e-02	-3.65813574454421e-06
1.00000000000000e+00	0.00000000000000e+00	0.00000000000000e+00
11	2.07711392596646e+00	1.89322580645161e+00
0.00000000000000e+00	5.83558653574801e-03	9.86455411133846e-07	1.05231276520694e-01	5.80467235925186e-03	9.87309927036328e-07
2.09247938435996e-01	5.77411746470735e-03	9.88086363062912e-07	3.12070288698494e-01	5.74391571516220e-03	9.88843720906019e-07
4.13718180209937e-01	5.71406119553386e-03	9.89581942500983e-07	5.14211028234000e-01	5.68454812032071e-03	9.90300988101822e-07
6.13567822403422e-01	5.65537083014789e-03	9.91000769001715e-07	7.11807138333982e-01	5.62652378814310e-03	9.91681272988210e-07
8.08947148860282e-01	5.59800157684609e-03	9.92342407246660e-07	9.05005634907589e-01	5.58140519702421e-03	-1.06555181211831e-05
1.00000000000000e+00	0.00000000000000e+00	0.00000000000000e+00
0	2.07711392596646e+00	2.11903225806452e+00
0	2.07711392596646e+00	2.34483870967742e+00
0	2.07711392596646e+00	2.57064516129032e+00
0	2.07711392596646e+00	2.79645161290323e+00
0	2.07711392596646e+00	3.02225806451613e+00
0	2.07711392596646e+00	3.24806451612903e+00
0	2.07711392596646e+00	3.47387096774194e+00
0	2.07711392596646e+00	3.69967741935484e+00
0	2.07711392596646e+00	3.92548387096774e+00
0	2.07711392596646e+00	4.15129032258065e+00
0	2.07711392596646e+00	4.37709677419355e+00
0	2.07711392596646e+00	4.60290322580645e+00
0	2.07711392596646e+00	4.82870967741935e+00
0	2.07711392596646e+00	5.05451612903226e+00
0	2.07711392596646e+00	5.28032258064516e+00
0	2.07711392596646e+00	5.50612903225806e+00
0	2.07711392596646e+00	5.73193548387097e+00
0	2.07711392596646e+00	5.95774193548387e+00
0	2.07711392596646e+00	6.18354838709677e+00
0	2.07711392596646e+00	6.40935483870968e+00
0	2.07711392596646e+00	6.63516129032258e+00
0	2.07711392596646e+00	6.86096774193548e+00
0	2.07711392596646e+00	7.08677419354839e+00
0	2.07711392596646e+00	7.31258064516129e+00
0	2.07711392596646e+00	7.53838709677419e+00
0	2.07711392596646e+00	7.76419354838710e+00
0	2.07711392596646e+00	7.99000000000000e+00
