17	1.29154966501488e+01	9.90000000000000e-01
0.00000000000000e+00	1.65595125483293e-02	7.39201376629195e-04	7.87099480284156e-02	1.83846675219805e-02	3.45861575889117e-04
1.54602762557245e-01	1.90520057143992e-02	1.78491151638482e-04	2.27669328485646e-01	1.92148299695338e-02	7.09219608865386e-05
2.97988348279274e-01	1.90592923682578e-02	-1.65471722293198e-05	3.65682889801779e-01	1.86542845305298e-02	-9.96332505758257e-05
4.30903386161925e-01	1.80210514460091e-02	-1.87801666037934e-04	4.93820153051477e-01	1.71521093062610e-02	-2.89419937703483e-04
5.54620912567590e-01	1.60149780234025e-02	-4.14398843047392e-04	6.13511980154605e-01	1.45480158358189e-02	-5.76827246769884e-04
6.70723147120763e-01	1.26483792060432e-02	-7.99135906597526e-04	7.26517445529784e-01	1.01475978700671e-02	-1.12026368394469e-03
7.81208714486593e-01	6.76303195649020e-03	-1.61386631365801e-03	8.35193428413728e-01	1.99639577079380e-03	-2.43429769165493e-03
8.89011835096475e-01	-5.09639089134906e-03	-3.95251947652553e-03	9.43477743831602e-01	-1.66163135388971e-02	-7.12205913101904e-03
1.00000000000000e+00	0.00000000000000e+00	0.00000000000000e+00
13	1.29154966501488e+01	1.21580645161290e+00
0.00000000000000e+00	2.37036860427706e-02	1.01754175177327e-03	1.06450933502672e-01	2.59911519592489e-02	4.16002040273589e-04
2.07558098498590e-01	2.65221580401374e-02	1.68731083789453e-04	3.03463230991927e-01	2.63230208859560e-02	-1.53982845718659e-06
3.94464078612297e-01	2.56434595084629e-02	-1.55865346116446e-04	4.80927472098593e-01	2.45511202414823e-02	-3.22554501251293e-04
5.63260230860263e-01	2.30281629268703e-02	-5.25960594322417e-04	6.41901695366294e-01	2.09850388479755e-02	-7.98364327440071e-04
7.17330296865612e-01	1.82395068109393e-02	-1.19399727251723e-03	7.90085257377639e-01	1.44555954619272e-02	-1.81846048598810e-03
8.60812480981406e-01	9.00151262252513e-03	-2.90759705930554e-03	9.30360260425913e-01	5.61044780218567e-04	-5.04439390621769e-03
1.00000000000000e+00	0.00000000000000e+00	0.00000000000000e+00
11	1.29154966501488e+01	1.44161290322581e+00
0.00000000000000e+00	3.01187235761360e-02	1.17390393441874e-03	1.29090843725681e-01	3.24745302064059e-02	4.52524554273359e-04
2.50132192383712e-01	3.27375191005779e-02	1.60402275943161e-04	3.63531427286616e-01	3.21590208923568e-02	-4.78131782042368e-05
4.69886096081226e-01	3.10203216897627e-02	-2.46385916738978e-04	5.69860172671989e-01	2.93792427960500e-02	-4.73979926611801e-04
6.64147988460750e-01	2.71776328879563e-02	-7.70585540879276e-04	7.53471617537983e-01	2.42422395551007e-02	-1.19865181952616e-03
8.38602498715407e-01	2.02253835403199e-02	-1.87938048023506e-03	9.20414663433529e-01	1.44597349750222e-02	-3.10176274985841e-03
1.00000000000000e+00	0.00000000000000e+00	0.00000000000000e+00
11	1.29154966501488e+01	1.66741935483871e+00
0.00000000000000e+00	3.13935794828818e-02	1.01955511982610e-03	1.30518388625031e-01	3.32571625444098e-02	4.30523705360120e-04
2.52694367259242e-01	3.34100597736264e-02	1.95994597732119e-04	3.66996523916651e-01	3.28914669718133e-02	3.94860098621441e-05
4.74035750084075e-01	3.19578159187826e-02	-9.72398991081480e-05	5.74458821552785e-01	3.06883959336268e-02	-2.39376523012202e-04
6.68914527637540e-01	2.90847127549505e-02	-4.06423044548188e-04	7.58044969982356e-01	2.70901110339445e-02	-6.21884580721765e-04
8.42490652182276e-01	2.45805815593434e-02	-9.22503776232597e-04	9.22907494724519e-01	2.13725813911161e-02	-1.41903175439273e-03
1.00000000000000e+00	0.00000000000000e+00	0.00000000000000e+00
11	1.29154966501488e+01	1.89322580645161e+00
0.00000000000000e+00	3.23209575078222e-02	8.76440721253480e-04	1.31382394775464e-01	3.37408090480310e-02	4.03053967518052e-04
2.54237189480700e-01	3.37865063721464e-02	2.16497283609951e-04	3.69082765877484e-01	3.33033169539155e-02	9.92144891668323e-05
4.76538332013694e-01	3.25156755435739e-02	5.07699780405435e-06	5.77235560108930e-01	3.15065382073378e-02	-8.36020009129523e-05
6.71789523310073e-01	3.03029166940463e-02	-1.77395777286371e-04	7.60789339912560e-01	2.88988656575158e-02	-2.85707730558471e-04
8.44797974224900e-01	2.72603988427693e-02	-4.19859856220173e-04	9.24357632073647e-01	2.53822305033744e-02	-6.57801670281399e-04
1.00000000000000e+00	0.00000000000000e+00	0.00000000000000e+00
11	1.29154966501488e+01	2.11903225806452e+00
0.00000000000000e+00	3.28632051726152e-02	7.44494255715322e-04	1.31719620064680e-01	3.38911081508572e-02	3.69178410538074e-04
2.54843256670527e-01	3.38325209932632e-02	2.21368319228143e-04	3.69925429015507e-01	3.33612097589604e-02	1.32743204220409e-04
4.77587018974391e-01	3.26668750168047e-02	6.65999071796097e-05	5.78444226953487e-01	3.18260058857140e-02	9.65554712561989e-06
6.73085206919944e-01	3.08724370623088e-02	-4.48145112634801e-05	7.62062349382418e-01	2.98182380139991e-02	-1.01369627902193e-04
8.45891302294713e-01	2.86611107469954e-02	-1.64071767721152e-04	9.25053381157888e-01	2.74566656115853e-02	-3.07897173283278e-04
1.00000000000000e+00	0.00000000000000e+00	0.00000000000000e+00
11	1.29154966501488e+01	2.34483870967742e+00
0.00000000000000e+00	3.30107588895076e-02	6.24254103078425e-04	1.31591406572572e-01	3.37014517385349e-02	3.30135580757562e-04
2.54633954734514e-01	3.35454932186244e-02	2.13169424823634e-04	3.69703116477868e-01	3.30699176336195e-02	1.45265889253565e-04
4.77413214131983e-01	3.24306431077678e-02	9.72955787258423e-05	5.78361915246393e-01	3.16934218239916e-02	5.88853117088339e-05
6.73112351404810e-01	3.08904731009370e-02	2.51711866712245e-05	7.62187604423549e-01	3.00379539475764e-02	-6.65367967100927e-06
8.46070339098802e-01	2.91427859574505e-02	-3.85460893523870e-05	9.25204805919777e-01	2.82794057020035e-02	-1.46261820324955e-04
1.00000000000000e+00	0.00000000000000e+00	0.00000000000000e+00
11	1.29154966501488e+01	2.57064516129032e+00
0.00000000000000e+00	3.27806041225268e-02	5.16523041296790e-04	1.31072470596844e-01	3.31903567430649e-02	2.88360208229088e-04
2.53748679160987e-01	3.29492269231813e-02	1.95873910242339e-04	3.68609584716055e-01	3.24624990411523e-02	1.43132929015466e-04
4.76253962209685e-01	3.18555483448201e-02	1.07195492092482e-04	5.77256125636463e-01	3.11825979858481e-02	7.98444040573942e-05
6.72152779560258e-01	3.04712795088193e-02	5.73214248902332e-05	7.61439520496796e-01	2.97367468059860e-02	3.75951175844991e-05
8.45571277684524e-01	2.89873542729653e-02	1.94131299244837e-05	9.24964482733295e-01	2.83015006965950e-02	-7.26352251243512e-05
1.00000000000000e+00	0.00000000000000e+00	0.00000000000000e+00
11	1.29154966501488e+01	2.79645161290323e+00
0.00000000000000e+00	3.22108673825464e-02	4.21921539844106e-04	1.30241419913961e-01	3.23951313799444e-02	2.46505605153047e-04
2.52328667352155e-01	3.20853477300912e-02	1.73496238255688e-04	3.66833809039472e-01	3.15884850613767e-02	1.32120647399092e-04
4.74331445762072e-01	3.10036369498830e-02	1.04495433909557e-04	5.75367230039212e-01	3.03743810384136e-02	8.41092735228699e-05
6.70448531736190e-01	2.97232661588891e-02	6.79908849423594e-05	7.60042523548878e-01	2.90630023189816e-02	5.45644312338611e-05
8.44577252760021e-01	2.84010261208308e-02	4.28981600394396e-05	9.24443974735217e-01	2.78143351350837e-02	-4.06145194919993e-05
1.00000000000000e+00	0.00000000000000e+00	0.00000000000000e+00
11	1.29154966501488e+01	3.02225806451613e+00
0.00000000000000e+00	3.13534241192306e-02	3.40577032221123e-04	1.29173778729557e-01	3.13642359922186e-02	2.06790461197315e-04
2.50506066726047e-01	3.10045199168183e-02	1.49323262084833e-04	3.64547842078589e-01	3.05036951833046e-02	1.16686075711137e-04
4.71842209353324e-01	2.99390051812951e-02	9.50935085590743e-05	5.72901423145668e-01	2.93448857643446e-02	7.94152283252192e-05
6.68200478670787e-01	2.87392628293689e-02	6.72943397660442e-05	7.58176330263296e-01	2.81323060479618e-02	5.74832706473627e-05
8.43229348333084e-01	2.75300425234841e-02	4.92517768542200e-05	9.23725687941446e-01	2.70060724940084e-02	-2.81723354160768e-05
1.00000000000000e+00	0.00000000000000e+00	0.00000000000000e+00
11	1.29154966501488e+01	3.24806451612903e+00
0.00000000000000e+00	3.02664434449098e-02	2.72031844098075e-04	1.27937601437284e-01	3.01502694412041e-02	1.70720944611125e-04
2.48397720427837e-01	2.97593241509365e-02	1.25665272441622e-04	3.61900856803061e-01	2.92630765090828e-02	9.98789712215453e-05
4.68953161108120e-01	2.87210512793997e-02	8.28532994835429e-05	5.70029965310804e-01	2.81601422793482e-02	7.05769522381106e-05
6.65571527798231e-01	2.75943891168874e-02	6.11872866843610e-05	7.55982997562576e-01	2.70317477039335e-02	5.36944922433502e-05
8.41636040886866e-01	2.64769211873717e-02	4.75192974247474e-05	9.22871120611284e-01	2.59993813537855e-02	-2.46664951502051e-05
1.00000000000000e+00	0.00000000000000e+00	0.00000000000000e+00
11	1.29154966501488e+01	3.47387096774194e+00
0.00000000000000e+00	2.90081573878745e-02	2.15323110847376e-04	1.26591241840286e-01	2.88045628953648e-02	1.39086043259073e-04
2.46102511457162e-01	2.83993533433057e-02	1.03921831417719e-04	3.59017392604673e-01	2.79164418082215e-02	8.35681519787412e-05
4.65801654187128e-01	2.74012540154198e-02	7.00995852849218e-05	5.66891634715453e-01	2.68746116964448e-02	6.04049673550433e-05
6.62691518625691e-01	2.63474108935576e-02	5.30205531504846e-05	7.53573745460063e-01	2.58258040873774e-02	4.71636151569976e-05
8.39880646029106e-01	2.53133993008205e-02	4.23747430287058e-05	9.21926543463553e-01	2.48753290692874e-02	-2.49227718329692e-05
1.00000000000000e+00	0.00000000000000e+00	0.00000000000000e+00
11	1.29154966501488e+01	3.69967741935484e+00
0.00000000000000e+00	2.76324928908076e-02	1.69152994665467e-04	1.25182774653155e-01	2.73736979175720e-02	1.12097152952684e-04
2.43701226444106e-01	2.69684320006167e-02	8.47828367578352e-05	3.55998318656351e-01	2.65064946337012e-02	6.87563004571068e-05
4.62497912713711e-01	2.60222596298375e-02	5.81011993981972e-05	5.63596695239670e-01	2.55317385906988e-02	5.04236038267880e-05
6.59662507237723e-01	2.50433384811845e-02	4.45800216554160e-05	7.51034981462470e-01	2.45617885088683e-02	3.99542204303494e-05
8.38027082193667e-01	2.40898354258717e-02	3.61830122438400e-05	9.20926976400396e-01	2.36882974055515e-02	-2.64514604755295e-05
1.00000000000000e+00	0.00000000000000e+00	0.00000000000000e+00
11	1.29154966501488e+01	3.92548387096774e+00
0.00000000000000e+00	2.61864919583832e-02	1.32069110097666e-04	1.23750421992286e-01	2.58976452741402e-02	8.95682728343505e-05
2.41257816370283e-01	2.55033903259269e-02	6.84496836541593e-05	3.52923122172510e-01	2.50682987460676e-02	5.58691200697181e-05
4.59128368693518e-01	2.46181866667308e-02	4.74528670970642e-05	5.60231140334786e-01	2.41652985698159e-02	4.13731021161601e-05
6.56563606572240e-01	2.37160957636361e-02	3.67416637997442e-05	7.48433241695321e-01	2.32742029644880e-02	3.30755224399182e-05
8.36124207417607e-01	2.28417056865600e-02	3.00885594117783e-05	9.19898973124988e-01	2.24752467623519e-02	-2.80991569834299e-05
1.00000000000000e+00	0.00000000000000e+00	0.00000000000000e+00
11	1.29154966501488e+01	4.15129032258065e+00
0.00000000000000e+00	2.47092331956200e-02	1.02614205736984e-04	1.22323573858445e-01	2.44091588127008e-02	7.10810181084875e-05
2.38821413139639e-01	2.40339185217081e-02	5.48238021710334e-05	3.49852814469678e-01	2.36296251009852e-02	4.49800716427751e-05
4.55759283593942e-01	2.32155361320228e-02	3.83466210596151e-05	5.56860789195440e-01	2.28009706271846e-02	3.35384915113313e-05
6.53455244023127e-01	2.23908812202799e-02	2.98697459993891e-05	7.45819216337677e-01	2.19880435064824e-02	2.69633416339898e-05
8.34209128397670e-01	2.15940416560125e-02	2.45945949497450e-05	9.18862627106286e-01	2.12615379818004e-02	-2.93795651875595e-05
1.00000000000000e+00	0.00000000000000e+00	0.00000000000000e+00
11	1.29154966501488e+01	4.37709677419355e+00
0.00000000000000e+00	2.32318206191248e-02	7.94285473367795e-05	1.20924069406023e-01	2.29339982377388e-02	5.61111055807917e-05
2.36428614497905e-01	2.25830632125686e-02	4.36463402407883e-05	3.46832952518486e-01	2.22117446540511e-02	3.59681099741938e-05
4.52440243688075e-01	2.18343177160037e-02	3.07516061793800e-05	5.53534988596384e-01	2.14578441360672e-02	2.69554375572634e-05
6.50382789348288e-01	2.10861125186123e-02	2.40528811324969e-05	7.43231002066013e-01	2.07212488197450e-02	2.17508317474913e-05
8.32309747551954e-01	2.03644594177532e-02	1.98733699445786e-05	9.17833048274889e-01	2.00646460706608e-02	-3.01350412423851e-05
1.00000000000000e+00	0.00000000000000e+00	0.00000000000000e+00
11	1.29154966501488e+01	4.60290322580645e+00
0.00000000000000e+00	2.17780171571549e-02	6.13068771218028e-05	1.19567510474279e-01	2.14916140538246e-02	4.41135933046954e-05
2.34105719628968e-01	2.11680353421122e-02	3.45916769630694e-05	3.43896468149404e-01	2.08303817648772e-02	2.86201938406450e-05
4.49207298393099e-01	2.04891722897463e-02	2.45267185522424e-05	5.50289805550316e-01	2.01497357898761e-02	2.15342715077504e-05
6.47379565105305e-01	1.98149653296831e-02	1.92408031829405e-05	7.40696702941047e-01	1.94864906912960e-02	1.74194305998521e-05
8.30446729010153e-01	1.91652340496389e-02	1.59328180651119e-05	9.16821464917856e-01	1.88965647139498e-02	-3.03635380596301e-05
1.00000000000000e+00	0.00000000000000e+00	0.00000000000000e+00
11	1.29154966501488e+01	4.82870967741935e+00
0.00000000000000e+00	2.03652099382398e-02	4.72204069620341e-05	1.18264491825641e-01	2.00960475530025e-02	3.45738328777490e-05
2.31870771371471e-01	1.98011305014884e-02	2.73246639482805e-05	3.41066188724618e-01	1.94966794695907e-02	2.26934657222566e-05
4.46085686559075e-01	1.91904009322865e-02	1.94875915040527e-05	5.47150730763691e-01	1.88862990749216e-02	1.71319644143297e-05
6.44469330968878e-01	1.85865789937051e-02	1.53216539503509e-05	7.38236522041474e-01	1.82924912859839e-02	1.38818535566632e-05
8.28635039504559e-01	1.80047439494198e-02	1.27056887935240e-05	9.15836065574804e-01	1.77654004727488e-02	-3.01300476746036e-05
1.00000000000000e+00	0.00000000000000e+00	0.00000000000000e+00
11	1.29154966501488e+01	5.05451612903226e+00
0.00000000000000e+00	1.90054937677681e-02	3.63155151271721e-05	1.17021695347515e-01	1.87568877128618e-02	2.70334717938914e-05
2.29735349295389e-01	1.84906461012847e-02	2.15322038731314e-05	3.38357020395086e-01	1.82181025696808e-02	1.79501182318020e-05
4.43092163944037e-01	1.79448707845233e-02	1.54440884381213e-05	5.44134951541429e-01	1.76739460635054e-02	1.35919991637312e-05
6.41668338976261e-01	1.74070053425271e-02	1.21641737006462e-05	7.35864462923622e-01	1.71450088118695e-02	1.10266328988695e-05
8.26885180115209e-01	1.68885023324592e-02	1.00965120493068e-05	9.14882660047350e-01	1.66764633382976e-02	-2.95219222765652e-05
1.00000000000000e+00	0.00000000000000e+00	0.00000000000000e+00
11	1.29154966501488e+01	5.28032258064516e+00
0.00000000000000e+00	1.77067344493310e-02	2.78989770720051e-05	1.15842826678499e-01	1.74801863021696e-02	2.10999835073000e-05
2.27706096276152e-01	1.72417282727687e-02	1.69380148352660e-05	3.35777795488040e-01	1.69992411784180e-02	1.41747996836861e-05
4.40236958911634e-01	1.67567905108766e-02	1.22195037844941e-05	5.41253246624498e-01	1.65166060227174e-02	1.07649641319929e-05
6.38987031927404e-01	1.62799593305775e-02	9.63948485577237e-06	7.33589722163281e-01	1.60475875346409e-02	8.74099049075205e-06
8.25204183887839e-01	1.58199129540586e-02	8.00551347013290e-06	9.13965208797402e-01	1.56330369925430e-02	-2.86272049183633e-05
1.00000000000000e+00	0.00000000000000e+00	0.00000000000000e+00
11	1.29154966501488e+01	5.50612903225806e+00
0.00000000000000e+00	1.64734182604652e-02	2.14163831385727e-05	1.14729289475529e-01	1.62691643362194e-02	1.64459225802105e-05
2.25785806875029e-01	1.60570047074450e-02	1.33068462379038e-05	3.33332576397220e-01	1.58423926013912e-02	1.11812146535994e-05
4.37525138081663e-01	1.56282546493088e-02	9.65866914925950e-06	5.38511294359489e-01	1.54162418056083e-02	8.51772037369081e-06
6.36431201830770e-01	1.52073147912726e-02	7.63106886947362e-06	7.31417627094022e-01	1.50020387639080e-02	6.92147624414829e-06
8.23596278636095e-01	1.48007411841896e-02	6.33982351205820e-06	9.13086169747113e-01	1.46368460926667e-02	-2.75249127485999e-05
1.00000000000000e+00	0.00000000000000e+00	0.00000000000000e+00
11	1.29154966501488e+01	5.73193548387097e+00
0.00000000000000e+00	1.53075646053649e-02	1.64303458680681e-05	1.13680891894432e-01	1.51249943641338e-02	1.28038928512986e-05
2.23974587234076e-01	1.49372929057715e-02	1.04437173115146e-05	3.31022067429316e-01	1.47482146689536e-02	8.81337274327709e-06
4.34958107398505e-01	1.45598532115777e-02	7.63044299312288e-06	5.35911131066690e-01	1.43734236633644e-02	6.73673755735571e-06
6.34003298649587e-01	1.41896485287895e-02	6.03871636772890e-06	7.29350708490622e-01	1.40089600665633e-02	5.47838805153855e-06
8.22063653971206e-01	1.38316123325511e-02	5.01827379684183e-06	9.12246903942014e-01	1.36885388142673e-02	-2.62816737390814e-05
1.00000000000000e+00	0.00000000000000e+00	0.00000000000000e+00
11	1.29154966501488e+01	5.95774193548387e+00
0.00000000000000e+00	1.42092820315866e-02	1.25985314977095e-05	1.12696228954600e-01	1.40472508456324e-02	9.95833002281898e-06
2.22270472168102e-01	1.38819905199254e-02	8.18961879778257e-06	3.28844353148475e-01	1.37160721209949e-02	6.94317878802142e-06
4.32534383368754e-01	1.35509832557754e-02	6.02647803593648e-06	5.33451886634880e-01	1.33876123556345e-02	5.32767028826875e-06
6.31703077765370e-01	1.32264997300847e-02	4.77868940496062e-06	7.27389220546634e-01	1.30679747164001e-02	4.33637627861305e-06
8.20606825231897e-01	1.29122341626887e-02	3.97234764626386e-06	9.11447863737144e-01	1.27878957504481e-02	-2.49513056680417e-05
1.00000000000000e+00	0.00000000000000e+00	0.00000000000000e+00
11	1.29154966501488e+01	6.18354838709677e+00
0.00000000000000e+00	1.31773828696781e-02	9.65513038087007e-06	1.11773128837621e-01	1.30344371690636e-02	7.73750200244727e-06
2.20670165998328e-01	1.28895495801461e-02	6.41669201362216e-06	3.26795809250374e-01	1.27444706670656e-02	5.46714342752885e-06
4.30250570329156e-01	1.26002498828832e-02	4.75889006179564e-06	5.31130741686971e-01	1.24575320130708e-02	4.21369225944712e-06
6.29528465039527e-01	1.23167184183216e-02	3.78254122923583e-06	7.25531854227291e-01	1.21780586838188e-02	3.43363121724227e-06
8.19225146184013e-01	1.20417048263092e-02	3.14565403158884e-06	9.10688865079343e-01	1.19341216964104e-02	-2.35760027986753e-05
1.00000000000000e+00	0.00000000000000e+00	0.00000000000000e+00
11	1.29154966501488e+01	6.40935483870968e+00
0.00000000000000e+00	1.22097147950522e-02	7.39454825948727e-06	1.10908860313944e-01	1.20842520602846e-02	6.00547425100295e-06
2.19169381358688e-01	1.19577045400355e-02	5.02291879966865e-06	3.24871512514395e-01	1.18312566308308e-02	4.30241723237135e-06
4.28101793027227e-01	1.17056429185000e-02	3.75714317868425e-06	5.28943343851758e-01	1.15813275267318e-02	3.33298190469122e-06
6.27475925975936e-01	1.14586062687240e-02	2.99504741574363e-06	7.23776035544774e-01	1.13376669925596e-02	2.72015571289863e-06
8.17917018727162e-01	1.12186264613590e-02	2.49246978545337e-06	9.09969196260071e-01	1.11259482061035e-02	-2.21878869059999e-05
1.00000000000000e+00	0.00000000000000e+00	0.00000000000000e+00
11	1.29154966501488e+01	6.63516129032258e+00
0.00000000000000e+00	1.13035518297746e-02	5.65848346911757e-06	1.10100409627233e-01	1.11939289190089e-02	4.65536883387241e-06
2.17763306681537e-01	1.10837797746246e-02	3.92751967837057e-06	3.23065824843012e-01	1.09739001447093e-02	3.38324567383808e-06
4.26082332702049e-01	1.08647998458260e-02	2.96517367681659e-06	5.26884439582489e-01	1.07568099190125e-02	2.63632264685398e-06
6.25541044305897e-01	1.06501464208548e-02	2.37216395038153e-06	7.22118408577817e-01	1.05449495417806e-02	2.15600080832878e-06
8.16680244055091e-01	1.04413082976090e-02	1.97619556818740e-06	9.09287806411052e-01	1.03618255206879e-02	-2.08108498429560e-05
1.00000000000000e+00	0.00000000000000e+00	0.00000000000000e+00
11	1.29154966501488e+01	6.86096774193548e+00
0.00000000000000e+00	1.04557856813714e-02	4.32523061721923e-06	1.09344593628803e-01	1.03603909402009e-02	3.60340189675679e-06
2.16446795989761e-01	1.02648232747997e-02	3.06674906513926e-06	3.21372628941386e-01	1.01696131446659e-02	2.65765032725351e-06
4.24185882069793e-01	1.00751110630183e-02	2.33863477638874e-06	5.24948125498157e-01	9.98155075916607e-03	2.08475232876815e-06
6.23718750092750e-01	9.88908841266034e-03	1.87898441450507e-06	7.20555023915390e-01	9.79782759560799e-03	1.70946424515872e-06
8.15512158011259e-01	9.70783552258114e-03	1.56774821735706e-06	9.08643377166569e-01	9.63998459716020e-03	-1.94621178406518e-05
1.00000000000000e+00	0.00000000000000e+00	0.00000000000000e+00
11	1.29154966501488e+01	7.08677419354839e+00
0.00000000000000e+00	9.66308197579180e-03	3.30133119519349e-06	1.08638154503618e-01	9.58038082304802e-03	2.78404803555343e-06
2.15214530615986e-01	9.49772060767662e-03	2.39043118577253e-06	3.19785532471796e-01	9.41545182694570e-03	2.08466143447605e-06
4.22405769690279e-01	9.33381296808178e-03	1.84257080837469e-06	5.23128072895127e-01	9.25296719165092e-03	1.64755583209608e-06
6.22003526474179e-01	9.17302607389214e-03	1.48797683408031e-06	7.19081511892652e-01	9.09406523340761e-03	1.35552079794099e-06
8.14409757266279e-01	9.01613483046171e-03	1.24414781088600e-06	9.08034390392598e-01	8.95849729055453e-03	-1.81536307184427e-05
1.00000000000000e+00	0.00000000000000e+00	0.00000000000000e+00
11	1.29154966501488e+01	7.31258064516129e+00
0.00000000000000e+00	8.92211977020962e-03	2.51518522409455e-06	1.07977939096122e-01	8.85067952895091e-03	2.14624022309984e-06
2.14061331798456e-01	8.77940073263728e-03	1.85921533246702e-06	3.18298270437829e-01	8.70851265859673e-03	1.63211118076045e-06
4.20735410786551e-01	8.63817569786418e-03	1.44954839353950e-06	5.21417987786683e-01	8.56850231442785e-03	1.30063942405112e-06
6.20389841959533e-01	8.49957116616129e-03	1.17754545914117e-06	7.17693452550978e-01	8.43143671331037e-03	1.07453390618684e-06
8.13369974792398e-01	8.36413587041540e-03	9.87351326031671e-07	9.07459279512959e-01	8.31543248636346e-03	-1.68934140198918e-05
1.00000000000000e+00	0.00000000000000e+00	0.00000000000000e+00
11	1.29154966501488e+01	7.53838709677419e+00
0.00000000000000e+00	8.22952354272666e-03	1.91178310859907e-06	1.07360812545156e-01	8.16802767378688e-03	1.65008148333978e-06
2.12982011774608e-01	8.10675250538873e-03	1.44215267783299e-06	3.16904515498339e-01	8.04584630461813e-03	1.27466640009732e-06
4.19168096466447e-01	7.98541553771692e-03	1.13797774436986e-06	5.19811396943163e-01	7.92553662635542e-03	1.02505994459268e-06
6.18871949782408e-01	7.86626419116288e-03	9.30721396397161e-07	7.16386203717149e-01	7.80763684205166e-03	8.51076150443220e-07
8.12389551294274e-01	7.74968130496079e-03	7.83179846419735e-07	9.06916358366760e-01	7.70876564982537e-03	-1.56862838194272e-05
1.00000000000000e+00	0.00000000000000e+00	0.00000000000000e+00
11	1.29154966501488e+01	7.76419354838710e+00
0.00000000000000e+00	7.58207996907900e-03	1.44897433040914e-06	1.06783832252031e-01	7.52933108608267e-03	1.26451328519295e-06
2.11971680420285e-01	7.47682306308428e-03	1.11498883825778e-06	3.15598276760324e-01	7.42465052026386e-03	9.92445651326612e-07
4.17697444919881e-01	7.37288308932582e-03	8.90930307306803e-07	5.18302112712298e-01	7.32157186982529e-03	8.05984993967890e-07
6.17444328767501e-01	7.27075414552958e-03	7.34232966315140e-07	7.15155281758891e-01	7.22045679934202e-03	6.73088637603847e-07
8.11465321287140e-01	7.17069881596810e-03	6.20551938723679e-07	9.06403979764492e-01	7.13654742649172e-03	-1.45348795335121e-05
1.00000000000000e+00	0.00000000000000e+00	0.00000000000000e+00
11	1.29154966501488e+01	7.99000000000000e+00
0.00000000000000e+00	6.97661216161372e-03	1.09432932071662e-06	1.06244121617521e-01	6.93153161405391e-03	9.65259688623377e-07
2.11025527717834e-01	6.88668813392201e-03	8.58626233668502e-07	3.14373622838691e-01	6.84214118068038e-03	7.69763548791325e-07
4.16317094018495e-01	6.79793552665797e-03	6.95060176636453e-07	5.16883921558835e-01	6.75410471465232e-03	6.31740535994574e-07
6.16101392044982e-01	6.71067369780776e-03	5.77651129374246e-07	7.13996112898967e-01	6.66766080707448e-03	5.31106150725158e-07
8.10594027939045e-01	6.62507923191769e-03	4.90774850203657e-07	9.05920433559212e-01	6.59678283694398e-03	-1.34399785103323e-05
1.00000000000000e+00	0.00000000000000e+00	0.00000000000000e+00
