40	1.24519708473503e+03	9.90000000000000e-01
0.00000000000000e+00	1.93367548633181e-02	-4.88045796807057e-05	3.89856715408461e-02	1.88263349287028e-02	-5.13063207574493e-05
7.65305785524883e-02	1.83274002134233e-02	-5.40178525525459e-05	1.12724082654810e-01	1.78384408386187e-02	-5.69504608136651e-05
1.47648981010458e-01	1.73579815635987e-02	-6.01288672859024e-05	1.81382155065803e-01	1.68845504006321e-02	-6.35813504412663e-05
2.13995151164143e-01	1.64166621078035e-02	-6.73403782114335e-05	2.45554702121297e-01	1.59528005241418e-02	-7.14433740407472e-05
2.76123197848810e-01	1.54913992600489e-02	-7.59336566575897e-05	3.05759112116311e-01	1.50308201350502e-02	-8.08615871841223e-05
3.34517391738982e-01	1.45693286639990e-02	-8.62859925405690e-05	3.62449813835344e-01	1.41050656897483e-02	-9.22759323482847e-05
3.89605316310074e-01	1.36360140478056e-02	-9.89129116581999e-05	4.16030306367368e-01	1.31599588410045e-02	-1.06293676368496e-04
4.41768951650984e-01	1.26744394612781e-02	-1.14533761396585e-04	4.66863458544448e-01	1.21766909750554e-02	-1.23772057428750e-04
4.91354342264148e-01	1.16635716232978e-02	-1.34176705682831e-04	5.15280693668885e-01	1.11314722060536e-02	-1.45952830363560e-04
5.38680448235608e-01	1.05762014716979e-02	-1.59352740592311e-04	5.61590663483715e-01	9.99283956795716e-03	-1.74689593550381e-04
5.84047812372164e-01	9.37554841439647e-03	-1.92355911142306e-04	6.06088102003494e-01	8.71732322318941e-03	-2.12848988867309e-04
6.27747829585464e-01	8.00966271207315e-03	-2.36806380962573e-04	6.49063791390389e-01	7.24212505661614e-03	-2.65056237016337e-04
6.70073765990550e-01	6.40172061401745e-03	-2.98690006012459e-04	6.90817101250413e-01	5.47206740015560e-03	-3.39169786179871e-04
7.11335446915640e-01	4.43219411729623e-03	-3.88490409592546e-04	7.31673693662835e-01	3.25480777357812e-03	-4.49430779747573e-04
7.51881209480873e-01	1.90372630255564e-03	-5.25955367475017e-04	7.72013512960186e-01	3.29970047558859e-04	-6.23877942033779e-04
7.92134604772611e-01	-1.53437433600545e-03	-7.52003658777589e-04	8.12320321044759e-01	-3.78613746600109e-03	-9.24188446628449e-04
8.32663331987757e-01	-6.56800381566869e-03	-1.16326728211735e-03	8.53280908457917e-01	-1.00987057651855e-02	-1.50907769258168e-03
8.74327603063567e-01	-1.47301614227729e-02	-2.03631154251993e-03	8.96017265534692e-01	-2.10637430131100e-02	-2.89886909386627e-03
9.18664392786256e-01	-3.02087993248429e-02	-4.45774517655129e-03	9.42770464831036e-01	-4.44196582875802e-02	-7.73815439908376e-03
9.69233809275631e-01	-6.95321991118804e-02	-1.59699930402113e-02	1.00000000000000e+00	0.00000000000000e+00	0.00000000000000e+00
27	1.24519708473503e+03	1.21580645161290e+00
0.00000000000000e+00	2.84421084669841e-02	-9.97908940836290e-05	5.89329969048876e-02	2.73645255157924e-02	-1.07401904781312e-04
1.14726675160379e-01	2.63221382061507e-02	-1.15929444176599e-04	1.67658618106663e-01	2.53083238717380e-02	-1.25518433407468e-04
2.17977644432348e-01	2.43165397798424e-02	-1.36353063144190e-04	2.65907823775042e-01	2.33401585404769e-02	-1.48659351188574e-04
3.11651911841610e-01	2.23722967099844e-02	-1.62717096557463e-04	3.55394317248187e-01	2.14056163070873e-02	-1.78876022343344e-04
3.97303693584931e-01	2.04320852253752e-02	-1.97577873922494e-04	4.37535236581318e-01	1.94426773419210e-02	-2.19387125773185e-04
4.76232757184201e-01	1.84269851078867e-02	-2.45034361422425e-04	5.13530596627336e-01	1.73727048920158e-02	-2.75478673280150e-04
5.49555449445938e-01	1.62649356011830e-02	-3.11999276879193e-04	5.84428165831428e-01	1.50851990936056e-02	-3.56333080199667e-04
6.18265617727734e-01	1.38100380176778e-02	-4.10886636085461e-04	6.51182737378098e-01	1.24089564601730e-02	-4.79072311283524e-04
6.83294879507748e-01	1.08413099633315e-02	-5.65859565706761e-04	7.14720731776523e-01	9.05146111250410e-03	-6.78714660324875e-04
7.45586127228741e-01	6.96096269010860e-03	-8.29276843774984e-04	7.76029346932204e-01	4.45541962267182e-03	-1.03651479536593e-03
8.06208946813082e-01	1.36132053557381e-03	-1.33307437743091e-03	8.36316041686523e-01	-2.59723218913022e-03	-1.77913329271218e-03
8.66594931525668e-01	-7.88515604180284e-03	-2.49598407177354e-03	8.97380612764226e-01	-1.53451606199231e-02	-3.75969738649262e-03
9.29174297451624e-01	-2.66518833867425e-02	-6.32005811097569e-03	9.62818400757720e-01	-4.59420780383036e-02	-1.24329965079970e-02
1.00000000000000e+00	0.00000000000000e+00	0.00000000000000e+00
20	1.24519708473503e+03	1.44161290322581e+00
0.00000000000000e+00	3.81215963034258e-02	-1.65921401847902e-04	8.09078834432950e-02	3.62424741578882e-02	-1.82858682453491e-04
1.56156642023391e-01	3.44458594386827e-02	-2.02550164611237e-04	2.26394503641240e-01	3.27119222026140e-02	-2.25622708136086e-04
2.92183342444234e-01	3.10209834750694e-02	-2.52900132680534e-04	3.54014152530611e-01	2.93526624176548e-02	-2.85474056627377e-04
4.12319724776801e-01	2.76848728636570e-02	-3.24815811719281e-04	4.67485232109704e-01	2.59925403240993e-02	-3.72947083564057e-04
5.19857294157363e-01	2.42458538851651e-02	-4.32707387290732e-04	5.69752015510239e-01	2.24077541745620e-02	-5.08186792111953e-04
6.17462471371230e-01	2.04301519983190e-02	-6.05452011923635e-04	6.63266161847806e-01	1.82479825192334e-02	-7.33817802555770e-04
7.07433105391928e-01	1.57694317908228e-02	-9.08188537273258e-04	7.50235571403566e-01	1.28590765183527e-02	-1.15364155395148e-03
7.91961141852369e-01	9.30714642174046e-03	-1.51509692497820e-03	8.32932277620325e-01	4.76970539455812e-03	-2.07974919970999e-03
8.73538997631928e-01	-1.35728842137062e-03	-3.03600927388681e-03	9.14300081187651e-01	-1.02291593797856e-02	-4.85753203841499e-03
9.55994356285898e-01	-2.45268770175573e-02	-8.81136997318266e-03	1.00000000000000e+00	0.00000000000000e+00	0.00000000000000e+00
15	1.24519708473503e+03	1.66741935483871e+00
0.00000000000000e+00	5.06162026294323e-02	-2.65097803407999e-04	1.09454465996162e-01	4.74213365286429e-02	-3.00681482200638e-04
2.08998991034903e-01	4.44142247806472e-02	-3.44003360128298e-04	3.00078673514462e-01	4.15389709443292e-02	-3.97486808604741e-04
3.83895540002503e-01	3.87397862668437e-02	-4.64593256614076e-04	4.61463395302369e-01	3.59567393085147e-02	-5.50399388435707e-04
5.33650597417925e-01	3.31201904533813e-02	-6.62596553941741e-04	6.01214719234110e-01	3.01425978365943e-02	-8.13295614255694e-04
6.64832313783606e-01	2.69052867181743e-02	-1.02247640449660e-03	7.25126886411174e-01	2.32353590524372e-02	-1.32505271346051e-03
7.82698913114624e-01	1.88622956852980e-02	-1.78665105359710e-03	8.38164110965342e-01	1.33296554659021e-02	-2.54302534316397e-03
8.92212538523958e-01	5.79838884654404e-03	-3.91461944198768e-03	9.45719372407484e-01	-5.53404233922927e-03	-6.72325269606633e-03
1.00000000000000e+00	0.00000000000000e+00	0.00000000000000e+00
12	1.24519708473503e+03	1.89322580645161e+00
0.00000000000000e+00	6.29475313359094e-02	-3.61611518844507e-04	1.38397205797272e-01	5.82004906544973e-02	-4.20243032045908e-04
2.61572846397396e-01	5.38103371380645e-02	-4.94511605662717e-04	3.72172365393569e-01	4.96585120348974e-02	-5.90539970724446e-04
4.72311932862194e-01	4.56272871546757e-02	-7.17786104097451e-04	5.63719004818618e-01	4.15864589496477e-02	-8.91486909093020e-04
6.47837071328115e-01	3.73744139214716e-02	-1.13749265589358e-03	7.25908793321674e-01	3.27664974065252e-02	-1.50258958641203e-03
7.99049407648730e-01	2.74152777500620e-02	-2.07881386064779e-03	8.68324076651518e-01	2.07251146852845e-02	-3.06864330570056e-03
9.34852730907369e-01	1.15470866467344e-02	-4.98173021501769e-03	1.00000000000000e+00	0.00000000000000e+00	0.00000000000000e+00
11	1.24519708473503e+03	2.11903225806452e+00
0.00000000000000e+00	6.75619168872608e-02	-3.54152776351091e-04	1.51830468089226e-01	6.22920610562452e-02	-4.11681530238850e-04
2.85856184638858e-01	5.74787109986459e-02	-4.84576243750201e-04	4.05315141540562e-01	5.29832100301242e-02	-5.78860575390472e-04
5.12757097091219e-01	4.86736733024320e-02	-7.03841553010731e-04	6.10232224740286e-01	4.44102489201172e-02	-8.74516732751962e-04
6.99427792524168e-01	4.00254560680258e-02	-1.11633620262741e-03	7.81772942148946e-01	3.52924865882713e-02	-1.47537038309342e-03
8.58526991032399e-01	2.98662865470229e-02	-2.04225590421570e-03	9.30867087217826e-01	2.31996829552601e-02	-3.05564643138001e-03
1.00000000000000e+00	0.00000000000000e+00	0.00000000000000e+00
11	1.24519708473503e+03	2.34483870967742e+00
0.00000000000000e+00	6.58180405558555e-02	-2.76390986470920e-04	1.51858572205083e-01	6.09760549559066e-02	-3.15910647809892e-04
2.86262713597462e-01	5.65793764743736e-02	-3.64616395618578e-04	4.06273793913103e-01	5.25159889576974e-02	-4.25599168075497e-04
5.14311257933611e-01	4.86853025626353e-02	-5.03375456424093e-04	6.12321047459175e-01	4.49893744105936e-02	-6.04752148212429e-04
7.01896885282427e-01	4.13231656104924e-02	-7.40378804034547e-04	7.84370747698799e-01	3.75614346903101e-02	-9.27684115338723e-04
8.60883843682551e-01	3.35380684664994e-02	-1.19681327897325e-03	9.32447059644110e-01	2.90792830612296e-02	-1.67406493919997e-03
1.00000000000000e+00	0.00000000000000e+00	0.00000000000000e+00
11	1.24519708473503e+03	2.57064516129032e+00
0.00000000000000e+00	6.40096940855759e-02	-2.09817790431055e-04	1.51491743049016e-01	5.95674743231349e-02	-2.35805410050860e-04
2.85950219032741e-01	5.55513974790478e-02	-2.66967964493103e-04	4.06256719857630e-01	5.18698018932331e-02	-3.04777069872975e-04
5.14699179449286e-01	4.84439225726216e-02	-3.51271632087702e-04	6.13122019642908e-01	4.52022413199318e-02	-4.09338150644700e-04
7.03034200571073e-01	4.20752343439639e-02	-4.83172121956033e-04	7.85689060363862e-01	3.89896353709471e-02	-5.79061800177971e-04
8.62145033184703e-01	3.58610541204818e-02	-7.06780264637885e-04	9.33313670108804e-01	3.26711855051183e-02	-9.70796566257537e-04
1.00000000000000e+00	0.00000000000000e+00	0.00000000000000e+00
11	1.24519708473503e+03	2.79645161290323e+00
0.00000000000000e+00	6.21370864740249e-02	-1.55260000705759e-04	1.50791919261193e-01	5.80633635011474e-02	-1.71685951336098e-04
2.85033546181518e-01	5.43902961604517e-02	-1.90877598028383e-04	4.05425590719939e-01	5.10417236926211e-02	-2.13491001585409e-04
5.14124747267269e-01	4.79540331040444e-02	-2.40392305820070e-04	6.12876440622554e-01	4.50721709740631e-02	-2.72740433955310e-04
7.03111106482338e-01	4.23463772391162e-02	-3.12114506339611e-04	7.86015380711120e-01	3.97292232397974e-02	-3.60711024269156e-04
8.62585777108549e-01	3.71725611640166e-02	-4.21658184456053e-04	9.33670053031963e-01	3.47220993283950e-02	-5.98243466559900e-04
1.00000000000000e+00	0.00000000000000e+00	0.00000000000000e+00
11	1.24519708473503e+03	3.02225806451613e+00
0.00000000000000e+00	6.02062137068733e-02	-1.12276512574727e-04	1.49822337186654e-01	5.64694532262122e-02	-1.22302111259520e-04
2.83627943368849e-01	5.31037492587714e-02	-1.33740022826290e-04	4.03938782147346e-01	5.00449682865067e-02	-1.46866396027567e-04
5.12781575982621e-01	4.72403285010996e-02	-1.62031160994225e-04	6.11804820244530e-01	4.46453774074669e-02	-1.79679903687724e-04
7.02364353374681e-01	4.22216714062207e-02	-2.00387067069929e-04	7.85586982279981e-01	3.99348979950596e-02	-2.24903423913236e-04
8.62418540296739e-01	3.77532462231975e-02	-2.54225291638877e-04	9.33660751250882e-01	3.57489804847180e-02	-3.93375328516132e-04
1.00000000000000e+00	0.00000000000000e+00	0.00000000000000e+00
11	1.24519708473503e+03	3.24806451612903e+00
0.00000000000000e+00	5.82287585950956e-02	-7.95649743434712e-05	1.48643779304474e-01	5.47990603090820e-02	-8.55014433425172e-05
2.81842439878477e-01	5.17088655044049e-02	-9.21318966267126e-05	4.01942983075172e-01	4.89036573353197e-02	-9.95666885141855e-05
5.10844297464680e-01	4.63387973929943e-02	-1.07941516300558e-04	6.10099770572788e-01	4.39771432354619e-02	-1.17421965081688e-04
7.00993029549773e-01	4.17872598372153e-02	-1.28211772750353e-04	7.84594696573545e-01	3.97420385343357e-02	-1.40563890551171e-04
8.61805511815795e-01	3.78175946994128e-02	-1.54795474979430e-04	9.33389525542046e-01	3.60971587772698e-02	-2.76680296932730e-04
1.00000000000000e+00	0.00000000000000e+00	0.00000000000000e+00
11	1.24519708473503e+03	3.47387096774194e+00
0.00000000000000e+00	5.62207623204596e-02	-5.54036254971635e-05	1.47311832372505e-01	5.30707714172842e-02	-5.88288761711464e-05
2.79775408899113e-01	5.02285308150943e-02	-6.25845261399416e-05	3.99568231256773e-01	4.76474451611368e-02	-6.67123923632218e-05
5.08464385576377e-01	4.52893326479460e-02	-7.12633745716396e-05	6.07924076082163e-01	4.31225156883421e-02	-7.62973835251035e-05
6.99160360380498e-01	4.11203908923630e-02	-8.18853259412222e-05	7.83189589222585e-01	3.92603376051177e-02	-8.81116188224951e-05
8.60870018100738e-01	3.75228693344918e-02	-9.50774014547573e-05	9.32931712628408e-01	3.59953841761538e-02	-2.07885152005538e-04
1.00000000000000e+00	0.00000000000000e+00	0.00000000000000e+00
11	1.24519708473503e+03	3.69967741935484e+00
0.00000000000000e+00	5.42007032199716e-02	-3.80055067763507e-05	1.45875242715989e-01	5.13058018204915e-02	-3.99389049057230e-05
2.77512216748442e-01	4.86879431625287e-02	-4.20257758517728e-05	3.96925819938866e-01	4.63072037376107e-02	-4.42808529632632e-05
5.05769282327094e-01	4.41307385883731e-02	-4.67227215703581e-05	6.05411938670772e-01	4.21312440410262e-02	-4.93726072627876e-05
6.96997771676616e-01	4.02858000089303e-02	-5.22548394452649e-05	7.81490054893431e-01	3.85749844657644e-02	-5.53974122035061e-05
8.59705801076295e-01	3.69821869509659e-02	-5.88326675889927e-05	9.32342634486755e-01	3.55958000678702e-02	-1.65871487958658e-04
1.00000000000000e+00	0.00000000000000e+00	0.00000000000000e+00
11	1.24519708473503e+03	3.92548387096774e+00
0.00000000000000e+00	5.21875562906786e-02	-2.57426023491103e-05	1.44375234688185e-01	4.95256545900364e-02	-2.68138848702471e-05
2.75124538146184e-01	4.71119160767222e-02	-2.79552870958710e-05	3.94108262433670e-01	4.49121108663013e-02	-2.91712434385971e-05
5.02863593260936e-01	4.28979214771685e-02	-3.04683939096329e-05	6.02671850072286e-01	4.10457054528919e-02	-3.18541346437939e-05
6.94609644470429e-01	3.93355559161290e-02	-3.33367237557169e-05	7.79588240547913e-01	3.77505780942435e-02	-3.49254046851932e-05
8.58384174478933e-01	3.62763257344563e-02	-3.66305507726317e-05	9.31663317656099e-01	3.50005882200810e-02	-1.39218484022541e-04
1.00000000000000e+00	0.00000000000000e+00	0.00000000000000e+00
11	1.24519708473503e+03	4.15129032258065e+00
0.00000000000000e+00	5.01992002588607e-02	-1.72521819747917e-05	1.42845553773013e-01	4.77503796572087e-02	-1.78365363565636e-05
2.72670824578829e-01	4.55230925472976e-02	-1.84527616249319e-05	3.91190536007619e-01	4.34879963013597e-02	-1.91015134285433e-05
4.99831379101220e-01	4.16206649790321e-02	-1.97851226029222e-05	5.99790074016051e-01	3.99005950798119e-02	-2.05061325870837e-05
6.92077932622379e-01	3.83104440061008e-02	-2.12673231743121e-05	7.77555447069918e-01	3.68354388037391e-02	-2.20717372443335e-05
8.56959415258114e-01	3.54629122905854e-02	-2.29227114356689e-05	9.30924416818499e-01	3.42791908188169e-02	-1.21581478578658e-04
1.00000000000000e+00	0.00000000000000e+00	0.00000000000000e+00
11	1.24519708473503e+03	4.37709677419355e+00
0.00000000000000e+00	4.82513366828117e-02	-1.14601685177185e-05	1.41312994154723e-01	4.59974949244413e-02	-1.17746502261706e-05
2.70197479881089e-01	4.39409750881476e-02	-1.21038147915531e-05	3.88232014547832e-01	4.20566345827431e-02	-1.24469883711065e-05
4.96738901689732e-01	4.03234086449280e-02	-1.28049775287575e-05	5.96834170337700e-01	3.87235128538439e-02	-1.31786477524098e-05
6.89466296615936e-01	3.72418268954566e-02	-1.35689286600016e-05	7.75446518949126e-01	3.58654120683632e-02	-1.39768197762180e-05
8.55472801748019e-01	3.45831298347548e-02	-1.44033969864399e-05	9.30148947763691e-01	3.34793612296196e-02	-1.09353312662153e-04
1.00000000000000e+00	0.00000000000000e+00	0.00000000000000e+00
11	1.24519708473503e+03	4.60290322580645e+00
0.00000000000000e+00	4.63569060616733e-02	-7.55703136068320e-06	1.39798191059091e-01	4.42814707277144e-02	-7.72425178463543e-06
2.67740376712224e-01	4.23815665291254e-02	-7.89855085359115e-06	3.85278655989344e-01	4.06356557281260e-02	-8.07882041198305e-06
4.93637408433770e-01	3.90255777672233e-02	-8.26533634734616e-06	5.93856252731830e-01	3.75359103727866e-02	-8.45839066387910e-06
6.86823634321380e-01	3.61534716235377e-02	-8.65829265506157e-06	7.73303343166899e-01	3.48669268177322e-02	-8.86537008448762e-06
8.53955639014074e-01	3.36664752749796e-02	-9.07997057697507e-06	9.29354221556225e-01	3.26342812955860e-02	-1.00442132082268e-04
1.00000000000000e+00	0.00000000000000e+00	0.00000000000000e+00
11	1.24519708473503e+03	4.82870967741935e+00
0.00000000000000e+00	4.45259130117870e-02	-4.95314942527969e-06	1.38316520642255e-01	4.26136356577596e-02	-5.04104074638967e-06
2.65326471211013e-01	4.08574209937778e-02	-5.13267763868619e-06	3.82365183349762e-01	3.92388183172039e-02	-5.22683732784301e-06
4.90565737719440e-01	3.77421723432307e-02	-5.32361328331454e-06	5.90895859984844e-01	3.63541115947013e-02	-5.42310333928597e-06
6.84187024258919e-01	3.50631463956290e-02	-5.52540999243512e-06	7.71157618771460e-01	3.38593488804904e-02	-5.63064056868789e-06
8.52431540636764e-01	3.27340961396598e-02	-5.73890757893381e-06	9.28553238439441e-01	3.17671912270765e-02	-9.36139502587530e-05
1.00000000000000e+00	0.00000000000000e+00	0.00000000000000e+00
11	1.24519708473503e+03	5.05451612903226e+00
0.00000000000000e+00	4.27655402347580e-02	-3.23035280613837e-06	1.36878999694621e-01	4.10023576981311e-02	-3.27596441374034e-06
2.62975360786993e-01	3.93779364831790e-02	-3.32386040047261e-06	3.79517108164354e-01	3.78764631930453e-02	-3.37281489271035e-06
4.87552639550073e-01	3.64844388004653e-02	-3.42285934507025e-06	5.87982410759269e-01	3.51902688404719e-02	-3.47402635259009e-06
6.81584142652505e-01	3.39839388899805e-02	-3.52634972666799e-06	7.69033044109391e-01	3.28567542116194e-02	-3.57986457655279e-06
8.50918164030458e-01	3.18011292330347e-02	-3.63460741192867e-06	9.27755710096202e-01	3.08944419475892e-02	-8.81298277040088e-05
1.00000000000000e+00	0.00000000000000e+00	0.00000000000000e+00
11	1.24519708473503e+03	5.28032258064516e+00
0.00000000000000e+00	4.10804373716642e-02	-2.09821496510720e-06	1.35493119952370e-01	3.94533792120770e-02	-2.12149586698018e-06
2.60700697995740e-01	3.79497651577829e-02	-2.14640958051682e-06	3.76752521872890e-01	3.65560302746848e-02	-2.17176488126469e-06
4.84618774926889e-01	3.52605273641622e-02	-2.19757226571637e-06	5.85137258905253e-01	3.40531983671470e-02	-2.22384255299524e-06
6.79035228743441e-01	3.29253122501287e-02	-2.25058683867019e-06	7.66947043695533e-01	3.18692531136522e-02	-2.27781668415972e-06
8.49428541081403e-01	3.08783476431005e-02	-2.30554383517934e-06	9.26968821291626e-01	3.00275381124187e-02	-8.35411212054549e-05
1.00000000000000e+00	0.00000000000000e+00	0.00000000000000e+00
11	1.24519708473503e+03	5.50612903225806e+00
0.00000000000000e+00	3.94730921405979e-02	-1.35835154413400e-06	1.34163582129529e-01	3.79702150769787e-02	-1.36993143362574e-06
2.58511418443657e-01	3.65772570966489e-02	-1.38283950801288e-06	3.74083627066011e-01	3.52825672946420e-02	-1.39593093484436e-06
4.81778394115639e-01	3.40760860606852e-02	-1.40920919688980e-06	5.82375384737109e-01	3.29490811629434e-02	-1.42267786640282e-06
6.76554668319814e-01	3.18939357933095e-02	-1.43634059690534e-06	7.64912129610088e-01	3.09039759692356e-02	-1.45020113873073e-06
8.47972104129331e-01	2.99733290221615e-02	-1.46426333103022e-06	9.26197804151846e-01	2.91745264928964e-02	-7.95716980290795e-05
1.00000000000000e+00	0.00000000000000e+00	0.00000000000000e+00
11	1.24519708473503e+03	5.73193548387097e+00
0.00000000000000e+00	3.79442284459699e-02	-8.77036289370636e-07	1.32892925116845e-01	3.65545631479407e-02	-8.82530865498055e-07
2.56412785551183e-01	3.52628947205715e-02	-8.89196978715034e-07	3.71518027466748e-01	3.40592000895321e-02	-8.95938911504857e-07
4.79040733540592e-01	3.29347790531889e-02	-9.02757837595303e-07	5.79706783478844e-01	3.18820418431662e-02	-9.09654908509694e-07
6.74152274152605e-01	3.08943374389765e-02	-9.16631340608376e-07	7.62936984634464e-01	2.99658127803861e-02	-9.23688373122289e-07
8.46555488527710e-01	2.90912965791583e-02	-9.30827217304753e-07	9.25446379612532e-01	2.83409586009782e-02	-7.60490908524591e-05
1.00000000000000e+00	0.00000000000000e+00	0.00000000000000e+00
11	1.24519708473503e+03	5.95774193548387e+00
0.00000000000000e+00	3.64931879112620e-02	-5.65080434222764e-07	1.31682049417732e-01	3.52066892516496e-02	-5.67435569198693e-07
2.54407257029280e-01	3.40076881622819e-02	-5.70868935012570e-07	3.69059792201292e-01	3.28875455302657e-02	-5.74333553604589e-07
4.76411160107588e-01	3.18387244348948e-02	-5.77829824210951e-07	5.77137592807322e-01	3.08546186822229e-02	-5.81358109430496e-07
6.71834315418891e-01	2.99294134382857e-02	-5.84918824708680e-07	7.61027323375821e-01	2.90579701763725e-02	-5.88512356181070e-07
8.45183163045013e-01	2.82357311298063e-02	-5.92139125288327e-07	9.24717099768277e-01	2.75305691720915e-02	-7.28637136719890e-05
1.00000000000000e+00	0.00000000000000e+00	0.00000000000000e+00
11	1.24519708473503e+03	6.18354838709677e+00
0.00000000000000e+00	3.51182590138237e-02	-3.63503875000504e-07	1.30530632287415e-01	3.39257561329274e-02	-3.64255708706906e-07
2.52495172114921e-01	3.28115077524307e-02	-3.66020142861245e-07	3.66710298376652e-01	3.17680516402834e-02	-3.67797430289585e-07
4.73892074041432e-01	3.07888462336483e-02	-3.69587696003038e-07	5.74670978140079e-01	2.98681318154352e-02	-3.71391059461601e-07
6.69604321057964e-01	2.90008170953180e-02	-3.73207669213116e-07	7.59186559524524e-01	2.81823849777973e-02	-3.75037649602561e-07
8.43857914460465e-01	2.74088138344606e-02	-3.76881090558001e-07	9.24011608760347e-01	2.67457547638825e-02	-6.99444128908766e-05
1.00000000000000e+00	0.00000000000000e+00	0.00000000000000e+00
11	1.24519708473503e+03	6.40935483870968e+00
0.00000000000000e+00	3.38169768441829e-02	-2.33572817531780e-07	1.29437473950725e-01	3.27101199786122e-02	-2.33518196335325e-07
2.50675326170365e-01	3.16733791509221e-02	-2.34423295442099e-07	3.64468936140433e-01	3.07002936143872e-02	-2.35333670772775e-07
4.71483663820552e-01	2.97851738176249e-02	-2.36249356966312e-07	5.72307871325709e-01	2.89229886235560e-02	-2.37170401096165e-07
6.67463747838970e-01	2.81092727447332e-02	-2.38096843130364e-07	7.57416358255146e-01	2.73400493677138e-02	-2.39028722592849e-07
8.42581246550907e-01	2.66117651360833e-02	-2.39966086112986e-07	9.23330856214706e-01	2.59879306630064e-02	-6.72437352220445e-05
1.00000000000000e+00	0.00000000000000e+00	0.00000000000000e+00
11	1.24519708473503e+03	6.63516129032258e+00
0.00000000000000e+00	3.25863510756184e-02	-1.49990108111453e-07	1.28400753796421e-01	3.15575567397779e-02	-1.49540336780163e-07
2.48945398012940e-01	3.05917084011404e-02	-1.50003915511121e-07	3.62333634732854e-01	2.96831985006090e-02	-1.50469659176977e-07
4.69184470418150e-01	2.88270673994446e-02	-1.50937576215426e-07	5.70047522993028e-01	2.80189114173170e-02	-1.51407693049777e-07
6.65412479576704e-01	2.72548070544758e-02	-1.51879987253523e-07	7.55717048347459e-01	2.65312472795616e-02	-1.52354494575846e-07
8.41353677033533e-01	2.58450876992873e-02	-1.52831243438456e-07	9.22675255592628e-01	2.52577829585037e-02	-6.47289332960099e-05
1.00000000000000e+00	0.00000000000000e+00	0.00000000000000e+00
11	1.24519708473503e+03	6.86096774193548e+00
0.00000000000000e+00	3.14230669143927e-02	-9.63092596784065e-08	1.27418243872317e-01	3.04654610203570e-02	-9.56755037417878e-08
2.47302308276312e-01	2.95644784422362e-02	-9.59126547073197e-08	3.60301305784913e-01	2.87152395425627e-02	-9.61506738672568e-08
4.66991864482409e-01	2.79134107378050e-02	-9.63895845362828e-08	5.67887970802555e-01	2.71551292205496e-02	-9.66294013693414e-08
6.63449250916463e-01	2.64369407216329e-02	-9.68701003856154e-08	7.54087972177814e-01	2.57557468917038e-02	-9.71117055659221e-08
8.40174989623663e-01	2.51087606108751e-02	-9.73542073623435e-08	9.22044818434231e-01	2.45554661843423e-02	-6.23765036387169e-05
1.00000000000000e+00	0.00000000000000e+00	0.00000000000000e+00
11	1.24519708473503e+03	7.08677419354839e+00
0.00000000000000e+00	3.03236265010305e-02	-6.18766682336513e-08	1.26487459020242e-01	2.94309878177954e-02	-6.11666148842005e-08
2.45742473909975e-01	2.85893902697596e-02	-6.12877935068923e-08	3.58368160536201e-01	2.77945763665723e-02	-6.14093371709146e-08
4.64902389783799e-01	2.70427503039474e-02	-6.15312460983120e-08	5.65826377927762e-01	2.63305160943239e-02	-6.16535160702369e-08
6.61571954622552e-01	2.56548262760106e-02	-6.17761446441989e-08	7.52527740023141e-01	2.50129383207014e-02	-6.18991449208295e-08
8.39044417395190e-01	2.44023774241300e-02	-6.20225091285675e-08	9.21439252054400e-01	2.38807427577217e-02	-6.01688071879547e-05
1.00000000000000e+00	0.00000000000000e+00	0.00000000000000e+00
11	1.24519708473503e+03	7.31258064516129e+00
0.00000000000000e+00	2.92844665891316e-02	-3.98119774924766e-08	1.25605778179181e-01	2.84511709795292e-02	-3.90799650418217e-08
2.44262015769902e-01	2.76639810539381e-02	-3.91418359946272e-08	3.56529970632978e-01	2.69191721314537e-02	-3.92038528307381e-08
4.62912047433372e-01	2.62134111649355e-02	-3.92660191028682e-08	5.63859314684790e-01	2.55437056809025e-02	-3.93283303701253e-08
6.59777898389292e-01	2.49073613629458e-02	-3.93907879647770e-08	7.51034443348363e-01	2.43019458203519e-02	-3.94533916647788e-08
8.37960796994293e-01	2.37252575147053e-02	-3.95161503519148e-08	9.20858041879243e-01	2.32330941794485e-02	-5.80920080306413e-05
1.00000000000000e+00	0.00000000000000e+00	0.00000000000000e+00
11	1.24519708473503e+03	7.53838709677419e+00
0.00000000000000e+00	2.83020404192975e-02	-2.56824168598513e-08	1.24770529572354e-01	2.75230072581232e-02	-2.49553984144057e-08
2.42856906625414e-01	2.67857091073331e-02	-2.49869658297541e-08	3.54782256324204e-01	2.60868785875876e-02	-2.50185867578523e-08
4.61016502981294e-01	2.54235816280151e-02	-2.50502729670643e-08	5.61982965369980e-01	2.47931751491584e-02	-2.50820175740074e-08
6.58063994665309e-01	2.41932718613425e-02	-2.51138223550385e-08	7.49605813282740e-01	2.36217100523597e-02	-2.51456822031315e-08
8.36922683704029e-01	2.30765275585689e-02	-2.51776193227471e-08	9.20300513084842e-01	2.26118020976667e-02	-5.61347910612575e-05
1.00000000000000e+00	0.00000000000000e+00	0.00000000000000e+00
11	1.24519708473503e+03	7.76419354838710e+00
0.00000000000000e+00	2.73728827072017e-02	-1.66378888444285e-08	1.23979057659694e-01	2.66435238457496e-02	-1.59287918410911e-08
2.41523089080607e-01	2.59520227123331e-02	-1.59448805270301e-08	3.53120438099089e-01	2.52955053381239e-02	-1.59610049621506e-08
4.59211254871661e-01	2.46713823609026e-02	-1.59771464947056e-08	5.60193297864481e-01	2.40773138048309e-02	-1.59933137844348e-08
6.56426917389322e-01	2.35111797627265e-02	-1.60095032786245e-08	7.48239352256454e-01	2.29710551192750e-02	-1.60257180858991e-08
8.35928447516447e-01	2.24551876799155e-02	-1.60419719730243e-08	9.19765882292041e-01	2.20160137853580e-02	-5.42875788167585e-05
1.00000000000000e+00	0.00000000000000e+00	0.00000000000000e+00
11	1.24519708473503e+03	7.99000000000000e+00
0.00000000000000e+00	2.64936475647748e-02	-1.08488076300262e-08	1.23228764414697e-01	2.58098198090964e-02	-1.01634154425767e-08
2.40256550532900e-01	2.51604038232047e-02	-1.01716164380150e-08	3.51539935335902e-01	2.45428649099273e-02	-1.01798338647541e-08
4.57491746028802e-01	2.39549121905867e-02	-1.01880515135377e-08	5.58486177610211e-01	2.33944691660637e-02	-1.01962798204625e-08
6.54863208551127e-01	2.28596492130795e-02	-1.02045312200261e-08	7.46932424352819e-01	2.23487343662565e-02	-1.02127608592184e-08
8.34976339592634e-01	2.18601568835310e-02	-1.02210360175548e-08	9.19253293559505e-01	2.14447872512953e-02	-5.25420296892953e-05
1.00000000000000e+00	0.00000000000000e+00	0.00000000000000e+00
