11	3.59381366380463e+00	9.90000000000000e-01
0.00000000000000e+00	-4.74837827354591e-03	1.71526209363593e-03	1.10390528166183e-01	4.05089931338254e-04	1.67040611927527e-03
2.20698034742709e-01	5.41862370002621e-03	1.58211272740494e-03	3.29829197505531e-01	1.01136023317516e-02	1.45793555111462e-03
4.36792485913636e-01	1.43455256463756e-02	1.30389887039906e-03	5.40751148245703e-01	1.80034241261608e-02	1.12078466567533e-03
6.41056266008611e-01	2.09959597448508e-02	8.99910138407289e-04	7.37262298868292e-01	2.32242481201548e-02	6.16411382138526e-04
8.29131996725219e-01	2.45366069650039e-02	2.14450530938715e-04	9.16641204812825e-01	2.47012627276890e-02	-4.87034022465416e-04
1.00000000000000e+00	0.00000000000000e+00	0.00000000000000e+00
11	3.59381366380463e+00	1.21580645161290e+00
0.00000000000000e+00	6.93097614599458e-04	1.40973453986881e-03	1.12917341972465e-01	4.92211881759919e-03	1.36920930102091e-03
2.24735402437826e-01	8.98773320323387e-03	1.30341674682233e-03	3.34571888096815e-01	1.27843344738148e-02	1.21858630186122e-03
4.41648454959941e-01	1.62331064784901e-02	1.12061541244224e-03	5.45318599958749e-01	1.92822040720382e-02	1.01383974071179e-03
6.45081387381942e-01	2.19019299275244e-02	9.00155275554204e-04	7.40582897572797e-01	2.40765157287446e-02	7.78362156713674e-04
8.31608833586723e-01	2.57937921697486e-02	6.43380246603487e-04	9.18072219650420e-01	2.71015073373396e-02	4.15863122328441e-04
1.00000000000000e+00	0.00000000000000e+00	0.00000000000000e+00
11	3.59381366380463e+00	1.44161290322581e+00
0.00000000000000e+00	5.66300133026987e-03	1.09582517316120e-03	1.14701532936910e-01	8.90169825729259e-03	1.06069962380995e-03
2.27385570489775e-01	1.19781797510258e-02	1.01237081314898e-03	3.37410449653786e-01	1.48379656690920e-02	9.54743786590440e-04
4.44227486150429e-01	1.74432742973907e-02	8.91554672249439e-04	5.47391919632035e-01	1.97725814866084e-02	8.25949464073328e-04
6.46565750879718e-01	2.18183724707247e-02	7.60244752246897e-04	7.41513919320362e-01	2.35838589824785e-02	6.95852882252157e-04
8.32095734259302e-01	2.50793704570214e-02	6.33318562919039e-04	9.18253496202072e-01	2.63866296117912e-02	5.04398707515508e-04
1.00000000000000e+00	0.00000000000000e+00	0.00000000000000e+00
11	3.59381366380463e+00	1.66741935483871e+00
0.00000000000000e+00	9.66498104162605e-03	7.93954304009858e-04	1.15618357258811e-01	1.19322639514678e-02	7.65809789577965e-04
2.28515563504677e-01	1.40623339028619e-02	7.31614915125633e-04	3.38287829130960e-01	1.60318778918457e-02	6.93324986489219e-04
4.44602528942489e-01	1.78259634762028e-02	6.52770602271202e-04	5.47199975258282e-01	1.94374821096825e-02	6.11530485105316e-04
6.45891522755239e-01	2.08660527201759e-02	5.70861712722359e-04	7.40554836776601e-01	2.21166344669851e-02	5.31681888517155e-04
8.31127232368106e-01	2.31980702320174e-02	4.94589889629360e-04	9.17597935363024e-01	2.41828407095426e-02	3.98532500653470e-04
1.00000000000000e+00	0.00000000000000e+00	0.00000000000000e+00
11	3.59381366380463e+00	1.89322580645161e+00
0.00000000000000e+00	1.23446407119914e-02	5.28418379635243e-04	1.15654490076301e-01	1.37603298926852e-02	5.08595612652485e-04
2.28173216679109e-01	1.50788032292627e-02	4.86463671336090e-04	3.37353172125437e-01	1.62925830799092e-02	4.62811677735875e-04
4.43036691716732e-01	1.73975292967561e-02	4.38363747842008e-04	5.45109949957520e-01	1.83925165295257e-02	4.13750017752235e-04
6.43500227999591e-01	1.92789954168322e-02	3.89490475786847e-04	7.38172294418653e-01	2.00604952115115e-02	3.65990704594088e-04
8.29124230965066e-01	2.07421181902927e-02	3.43546818547757e-04	9.16382997964982e-01	2.13827345526290e-02	2.69464496210681e-04
1.00000000000000e+00	0.00000000000000e+00	0.00000000000000e+00
11	3.59381366380463e+00	2.11903225806452e+00
0.00000000000000e+00	1.35665115797663e-02	3.18147836050997e-04	1.14887048849266e-01	1.43266959452687e-02	3.06379924536304e-04
2.26531029839925e-01	1.50305611516449e-02	2.93929640509227e-04	3.34870911513033e-01	1.56767471823366e-02	2.81046989547895e-04
4.39868701407725e-01	1.62649026331992e-02	2.67959070918145e-04	5.41507844321496e-01	1.67955693370065e-02	2.54865894976364e-04
6.39791362156253e-01	1.72700519428950e-02	2.41937785126600e-04	7.34739831156447e-01	1.76902808754187e-02	2.29314710507245e-04
8.26389282857033e-01	1.80586765723466e-02	2.17107167558628e-04	9.14789102516890e-01	1.84220612024469e-02	1.61177010651881e-04
1.00000000000000e+00	0.00000000000000e+00	0.00000000000000e+00
11	3.59381366380463e+00	2.34483870967742e+00
0.00000000000000e+00	1.34142260570176e-02	1.69896501461819e-04	1.13450394911181e-01	1.37396403306095e-02	1.64223028449428e-04
2.23826647169797e-01	1.40394336553006e-02	1.58409667926906e-04	3.31147683136876e-01	1.43137181991257e-02	1.52515425466015e-04
4.35440830903045e-01	1.45628202707875e-02	1.46593791151783e-04	5.36741018133555e-01	1.47872541865747e-02	1.40692718142765e-04
6.35089956796794e-01	1.49876958407751e-02	1.34854367853432e-04	7.30535330880043e-01	1.51649561952218e-02	1.29115056674678e-04
8.23130000918259e-01	1.53199554546209e-02	1.23505370993704e-04	9.12931236764634e-01	1.54895788851988e-02	8.20261461016436e-05
1.00000000000000e+00	0.00000000000000e+00	0.00000000000000e+00
11	3.59381366380463e+00	2.57064516129032e+00
0.00000000000000e+00	1.21280393214479e-02	7.79741891462349e-05	1.11502791392960e-01	1.22138406829151e-02	7.58593830456622e-05
2.20315129822481e-01	1.22913013634053e-02	7.37290053426376e-05	3.26485478573364e-01	1.23605658427989e-02	7.15927037610031e-05
4.30063630050734e-01	1.24218067828393e-02	6.94591211348738e-05	5.31100491156206e-01	1.24752213485367e-02	6.73361847599585e-05
6.29647876819679e-01	1.25210280187510e-02	6.52310942413914e-05	7.25758312788684e-01	1.25594634591526e-02	6.31503211074858e-05
8.19484848567433e-01	1.25907794964690e-02	6.10996184975399e-05	9.10880881181752e-01	1.26436169452635e-02	3.05964711537765e-05
1.00000000000000e+00	0.00000000000000e+00	0.00000000000000e+00
11	3.59381366380463e+00	2.79645161290323e+00
0.00000000000000e+00	1.00189225193953e-02	2.89959012919061e-05	1.09200234491176e-01	1.00056664787372e-02	2.84382431353647e-05
2.16236996250363e-01	9.99101618751674e-03	2.78804997964066e-05	3.21156221109377e-01	9.97499887037279e-03	2.73237291588124e-05
4.24003094448649e-01	9.95764394157261e-03	2.67687483127554e-05	5.24822047385014e-01	9.93898252903147e-03	2.62163262887416e-05
6.23656753801044e-01	9.91904729157611e-03	2.56671838966271e-05	7.20550128211472e-01	9.89787224047134e-03	2.51219938901537e-05
8.15544324466524e-01	9.87549256595255e-03	2.45813814410134e-05	9.08680735286263e-01	9.87343462397150e-03	2.47409970888235e-06
1.00000000000000e+00	0.00000000000000e+00	0.00000000000000e+00
11	3.59381366380463e+00	3.02225806451613e+00
0.00000000000000e+00	7.39440766095389e-03	7.69969303637819e-06	1.06680000799494e-01	7.36306172937473e-03	7.61375439295442e-06
2.11800522337994e-01	7.33191793218246e-03	7.52788327562648e-06	3.15390813870632e-01	7.30097174710020e-03	7.44221397219746e-06
4.17479469272848e-01	7.27021900338409e-03	7.35677908403343e-06	5.18094444450794e-01	7.23965572339547e-03	7.27161012392674e-06
6.17263074195100e-01	7.20927811535932e-03	7.18673744837250e-06	7.15012088494753e-01	7.17908256616318e-03	7.10219028599024e-06
8.11367628332253e-01	7.14906563432349e-03	7.01799677760295e-06	9.06355260980215e-01	7.13430614253707e-03	-8.20363941822499e-06
1.00000000000000e+00	0.00000000000000e+00	0.00000000000000e+00
11	3.59381366380463e+00	3.24806451612903e+00
0.00000000000000e+00	4.51211957407971e-03	1.04313238791232e-06	1.04052848728077e-01	4.49496721682507e-03	1.03849370081122e-06
2.07174456521500e-01	4.47795445785049e-03	1.03382323757284e-06	3.09376635182187e-01	4.46107943514362e-03	1.02915870359155e-06
4.10671001004128e-01	4.44434037364994e-03	1.02450033312440e-06	5.11068978790487e-01	4.42773552843456e-03	1.01984835731983e-06
6.10581805773768e-01	4.41126318405693e-03	1.01520300832547e-06	7.09220535439939e-01	4.39492165399680e-03	1.01056450041437e-06
8.06996041259241e-01	4.37870928000106e-03	1.00593307295060e-06	9.03919020326329e-01	4.37161501912442e-03	-8.02155515855496e-06
1.00000000000000e+00	0.00000000000000e+00	0.00000000000000e+00
11	3.59381366380463e+00	3.47387096774194e+00
0.00000000000000e+00	1.55763677096388e-03	1.54666722762542e-08	1.01399845493777e-01	1.55526064681666e-03	1.54624567594297e-08
2.02484774392364e-01	1.55289188256391e-03	1.54535843011061e-08	3.03256242136899e-01	1.55053043719189e-03	1.54447186151430e-08
4.03715695219496e-01	1.54817627690385e-03	1.54358510418007e-08	5.03864571251690e-01	1.54582936810099e-03	1.54269803598339e-08
6.03704299032477e-01	1.54348967737172e-03	1.54181173384060e-08	7.03236298615745e-01	1.54115717153847e-03	1.54092523185767e-08
8.02461981377068e-01	1.53883181759684e-03	1.54003971797323e-08	9.01382750079904e-01	1.53959753457178e-03	-3.07931341869683e-06
1.00000000000000e+00	0.00000000000000e+00	0.00000000000000e+00
0	3.59381366380463e+00	3.69967741935484e+00
0	3.59381366380463e+00	3.92548387096774e+00
0	3.59381366380463e+00	4.15129032258065e+00
0	3.59381366380463e+00	4.37709677419355e+00
0	3.59381366380463e+00	4.60290322580645e+00
0	3.59381366380463e+00	4.82870967741935e+00
0	3.59381366380463e+00	5.05451612903226e+00
0	3.59381366380463e+00	5.28032258064516e+00
0	3.59381366380463e+00	5.50612903225806e+00
0	3.59381366380463e+00	5.73193548387097e+00
0	3.59381366380463e+00	5.95774193548387e+00
0	3.59381366380463e+00	6.18354838709677e+00
0	3.59381366380463e+00	6.40935483870968e+00
0	3.59381366380463e+00	6.63516129032258e+00
0	3.59381366380463e+00	6.86096774193548e+00
0	3.59381366380463e+00	7.08677419354839e+00
0	3.59381366380463e+00	7.31258064516129e+00
0	3.59381366380463e+00	7.53838709677419e+00
0	3.59381366380463e+00	7.76419354838710e+00
0	3.59381366380463e+00	7.99000000000000e+00
