30	1.66810053720006e+02	9.90000000000000e-01
0.00000000000000e+00	2.41400613483154e-02	-8.73397141591958e-05	5.09462998249751e-02	2.33152868310158e-02	-9.33703822441068e-05
9.95711668605867e-02	2.25104219487646e-02	-1.00056836245477e-04	1.46055210227014e-01	2.17213968411101e-02	-1.07488475532325e-04
1.90562926323720e-01	2.09441228743696e-02	-1.15780319157821e-04	2.33244701320784e-01	2.01744024992367e-02	-1.25070470110122e-04
2.74238565385925e-01	1.94078400331785e-02	-1.35525905589962e-04	3.13671742281941e-01	1.86397382969821e-02	-1.47350038266492e-04
3.51662032008153e-01	1.78649752177040e-02	-1.60792691934475e-04	3.88319059668339e-01	1.70778525691477e-02	-1.76163415381625e-04
4.23745420753958e-01	1.62719061745764e-02	-1.93849476256780e-04	4.58037751501061e-01	1.54396626963871e-02	-2.14340514124389e-04
4.91287753015969e-01	1.45723218620173e-02	-2.38262820745572e-04	5.23583199751614e-01	1.36593335046182e-02	-2.66427812633196e-04
5.55008967193609e-01	1.26878241087076e-02	-2.99901815427273e-04	5.85648121223944e-01	1.16418044562512e-02	-3.40108573695375e-04
6.15583124166369e-01	1.05010528444576e-02	-3.88983347805905e-04	6.44897232697633e-01	9.23950657646166e-03	-4.49210461044514e-04
6.73676195348132e-01	7.82288951653487e-03	-5.24600299286915e-04	7.02010410612850e-01	6.20511869479579e-03	-6.20707992910807e-04
7.29997796252731e-01	4.32269417304076e-03	-7.45888303491871e-04	7.57747776024150e-01	2.08563098661041e-03	-9.13177835975221e-04
7.85387072095541e-01	-6.37804589185387e-04	-1.14383894751402e-03	8.13068528860457e-01	-4.04804662741010e-03	-1.47448290052243e-03
8.40985282878554e-01	-8.46462582657481e-03	-1.97259580646691e-03	8.69394973739047e-01	-1.44271879684790e-02	-2.77407723089862e-03
8.98664413622851e-01	-2.29159165111137e-02	-4.18744485155198e-03	9.29360726896963e-01	-3.58833719517074e-02	-7.04553043322820e-03
9.62465460807543e-01	-5.81871822029405e-02	-1.37787527487170e-02	1.00000000000000e+00	0.00000000000000e+00	0.00000000000000e+00
22	1.66810053720006e+02	1.21580645161290e+00
0.00000000000000e+00	3.27395196686580e-02	-1.49997349317976e-04	7.09360586583835e-02	3.12661098479510e-02	-1.64041319914654e-04
1.37571122885855e-01	2.98412523124369e-02	-1.80166451449137e-04	2.00344876613944e-01	2.84520864724853e-02	-1.98799162344221e-04
2.59645864898719e-01	2.70855470008800e-02	-2.20488763576610e-04	3.15819790828117e-01	2.57278795788114e-02	-2.45943891618472e-04
3.69176511915173e-01	2.43640678120158e-02	-2.76091431882231e-04	4.19996042644328e-01	2.29771056575825e-02	-3.12162557444262e-04
4.68533821993319e-01	2.15470290769348e-02	-3.55821151510671e-04	5.15025478100752e-01	2.00495741738180e-02	-4.09360309599593e-04
5.59691317287549e-01	1.84542496789002e-02	-4.76011550587740e-04	6.02740785913119e-01	1.67214725513176e-02	-5.60447314482015e-04
6.44377212327267e-01	1.47981628632960e-02	-6.69628415843615e-04	6.84803256154150e-01	1.26107172385443e-02	-8.14296809870774e-04
7.24227722182642e-01	1.00533352710199e-02	-1.01174420909045e-03	7.62874840296564e-01	6.96769637662675e-03	-1.29127737805845e-03
8.00998005649264e-01	3.10557026271607e-03	-1.70586996504540e-03	8.38901885053371e-01	-1.94468753397747e-03	-2.35955670821419e-03
8.76981256168654e-01	-8.91476009876002e-03	-3.48071812468631e-03	9.15796612475079e-01	-1.92237266627865e-02	-5.65685248511527e-03
9.56242254460750e-01	-3.62361453396913e-02	-1.05094823298442e-02	1.00000000000000e+00	0.00000000000000e+00	0.00000000000000e+00
17	1.66810053720006e+02	1.44161290322581e+00
0.00000000000000e+00	4.21311145561700e-02	-2.26972709351125e-04	9.34195365710362e-02	3.97749591981233e-02	-2.54023820691840e-04
1.79692609179011e-01	3.75212394307105e-02	-2.86247942857587e-04	2.59726729009268e-01	3.53376582067417e-02	-3.25052726874997e-04
3.34298880429491e-01	3.31911163731111e-02	-3.72367000549989e-04	4.04081628150978e-01	3.10457033930394e-02	-4.30883857068798e-04
4.69664322726921e-01	2.88600937412709e-02	-5.04455988257879e-04	5.31570876777002e-01	2.65838732664716e-02	-5.98752456775209e-04
5.90275358955511e-01	2.41519934089873e-02	-7.22395347910965e-04	6.46216611131856e-01	2.14758977629812e-02	-8.89024242231695e-04
6.99813286532075e-01	1.84285204880243e-02	-1.12126948684232e-03	7.51481287588407e-01	1.48174237939456e-02	-1.45896109132004e-03
8.01656949391950e-01	1.03334856144484e-02	-1.97766856424675e-03	8.50832514535872e-01	4.44514100032012e-03	-2.83571175014541e-03
8.99618512088688e-01	-3.84023127697064e-03	-4.41373927958533e-03	9.48870765576622e-01	-1.67284396276410e-02	-7.67785301818780e-03
1.00000000000000e+00	0.00000000000000e+00	0.00000000000000e+00
13	1.66810053720006e+02	1.66741935483871e+00
0.00000000000000e+00	5.49825882922559e-02	-3.46143198464821e-04	1.24083234327276e-01	5.11339845909287e-02	-3.99090781958655e-04
2.36095988835409e-01	4.75094519854438e-02	-4.65286735755077e-04	3.37951048966726e-01	4.40252170849238e-02	-5.49568427975489e-04
4.31220047691373e-01	4.05943321306228e-02	-6.59215042847272e-04	5.17217851608502e-01	3.71177059655816e-02	-8.05589379890170e-04
5.97068186195372e-01	3.34710277134849e-02	-1.00724090332260e-03	6.71757945269131e-01	2.94832225059438e-02	-1.29616371931651e-03
7.42186911905913e-01	2.48973156343038e-02	-1.73150370137098e-03	8.09221001422750e-01	1.92927121776578e-02	-2.43294008785688e-03
8.73762636047843e-01	1.19157968130059e-02	-3.67438875070381e-03	9.36868496579669e-01	1.21476509900476e-03	-6.14879565208204e-03
1.00000000000000e+00	0.00000000000000e+00	0.00000000000000e+00
11	1.66810053720006e+02	1.89322580645161e+00
0.00000000000000e+00	6.44560403248100e-02	-4.13230736408421e-04	1.48247950512586e-01	5.93901501074459e-02	-4.84141133956228e-04
2.79876959254727e-01	5.46927242938375e-02	-5.75176518118115e-04	3.97858853285113e-01	5.02255081876526e-02	-6.94781805023581e-04
5.04562899299297e-01	4.58471047363871e-02	-8.56369839869586e-04	6.01921634867460e-01	4.13945397954305e-02	-1.08229783038705e-03
6.91555171684092e-01	3.66551544588436e-02	-1.41214322017835e-03	7.74872301157736e-01	3.13164604656497e-02	-1.92155715305620e-03
8.53165282529774e-01	2.48650598881188e-02	-2.77061549101654e-03	9.27721438935337e-01	1.63664750812036e-02	-4.35698688097763e-03
1.00000000000000e+00	0.00000000000000e+00	0.00000000000000e+00
11	1.66810053720006e+02	2.11903225806452e+00
0.00000000000000e+00	6.28358514085892e-02	-3.28263533249329e-04	1.48607883430279e-01	5.81952917342967e-02	-3.78441028134002e-04
2.80871948748008e-01	5.39236079199608e-02	-4.41175947225148e-04	3.99604120709989e-01	4.99115146850377e-02	-5.21055403843063e-04
5.07051434222465e-01	4.60542305991456e-02	-6.24981608066344e-04	6.05043302059340e-01	4.22410833462030e-02	-7.63728822784859e-04
6.95100182568175e-01	3.83419156650637e-02	-9.54884294396718e-04	7.78517805532422e-01	3.41860209140661e-02	-1.22877621314466e-03
8.56437843036454e-01	2.95249851102544e-02	-1.64144730833859e-03	9.29915655702740e-01	2.40069840684922e-02	-2.35359156661707e-03
1.00000000000000e+00	0.00000000000000e+00	0.00000000000000e+00
11	1.66810053720006e+02	2.34483870967742e+00
0.00000000000000e+00	6.11248873667178e-02	-2.53658743510243e-04	1.48517292324097e-01	5.68871149515899e-02	-2.87645827969030e-04
2.81047266100707e-01	5.30094423575054e-02	-3.29010842350375e-04	4.00235141729117e-01	4.94048522621995e-02	-3.80061238181462e-04
5.08202541358119e-01	4.59944631873126e-02	-4.44088775306328e-04	6.06677760312919e-01	4.27014600528774e-02	-5.25916771747736e-04
6.97091397049159e-01	3.94444349582894e-02	-6.32844193075854e-04	7.80648739160128e-01	3.61287200568881e-02	-7.76347078138784e-04
8.58386924908137e-01	3.26333581143059e-02	-9.75321901519388e-04	9.31223159256787e-01	2.88604279805127e-02	-1.33431672726281e-03
1.00000000000000e+00	0.00000000000000e+00	0.00000000000000e+00
11	1.66810053720006e+02	2.57064516129032e+00
0.00000000000000e+00	5.93266384308606e-02	-1.90981610596497e-04	1.48038833901158e-01	5.54633490708272e-02	-2.13087303960968e-04
2.80519203808482e-01	5.19434363117022e-02	-2.39296619000129e-04	3.99916643181615e-01	4.86966382173086e-02	-2.70692919311921e-04
5.08226400424534e-01	4.56618835745921e-02	-3.08746193162790e-04	6.07078145407461e-01	4.27834474244282e-02	-3.55487847456537e-04
6.97820350323996e-01	4.00073750283736e-02	-4.13789576884538e-04	7.81583701544524e-01	3.72776525338967e-02	-4.87818542565188e-04
8.59329941143256e-01	3.45314663354366e-02	-5.83808956650778e-04	9.31890716355719e-01	3.17778246978631e-02	-7.97163826562697e-04
1.00000000000000e+00	0.00000000000000e+00	0.00000000000000e+00
11	1.66810053720006e+02	2.79645161290323e+00
0.00000000000000e+00	5.74496974079617e-02	-1.40410647591738e-04	1.47239376131412e-01	5.39301569173776e-02	-1.54271940063344e-04
2.79409909119981e-01	5.07314427112333e-02	-1.70307578657214e-04	3.98817531136822e-01	4.77959355966693e-02	-1.88996207320713e-04
5.07331665425800e-01	4.50748687683757e-02	-2.10958849308662e-04	6.06485676413796e-01	4.25256575628854e-02	-2.37009808246036e-04
6.97551235724947e-01	4.01096876236227e-02	-2.68233708125676e-04	7.81594312765193e-01	3.77903137266125e-02	-3.06100927530251e-04
8.59518054410335e-01	3.55308401948322e-02	-3.52644979489058e-04	9.32096239347214e-01	3.33851032726133e-02	-5.04111439934229e-04
1.00000000000000e+00	0.00000000000000e+00	0.00000000000000e+00
11	1.66810053720006e+02	3.02225806451613e+00
0.00000000000000e+00	5.55079015850595e-02	-1.01054489969332e-04	1.46185234441683e-01	5.23015036967642e-02	-1.09469896951930e-04
2.77838754955699e-01	4.93898847113086e-02	-1.18990056205304e-04	3.97099462293730e-01	4.67251717743804e-02	-1.29815368445474e-04
5.05712666160429e-01	4.42673930400646e-02	-1.42196384281590e-04	6.05117526482860e-01	4.19824905164088e-02	-1.56446880135386e-04
6.96512346967844e-01	3.98407674852774e-02	-1.72964034741652e-04	7.80904043611871e-01	3.78156183124205e-02	-1.92256543078750e-04
8.59146142645964e-01	3.58824257894341e-02	-2.14984448562827e-04	9.31968362970802e-01	3.41138413389017e-02	-3.38834921521869e-04
1.00000000000000e+00	0.00000000000000e+00	0.00000000000000e+00
11	1.66810053720006e+02	3.24806451612903e+00
0.00000000000000e+00	5.35193151873015e-02	-7.13797892180068e-05	1.44938531763924e-01	5.05971601809256e-02	-7.63475985476880e-05
2.75916159148669e-01	4.79423028766064e-02	-8.18571427008141e-05	3.94909365528175e-01	4.55146100095112e-02	-8.79882341100480e-05
5.03542100475877e-01	4.32807200693497e-02	-9.48381985950153e-05	6.03161442423067e-01	4.12125075981542e-02	-1.02524206484711e-04
6.94894642189411e-01	3.92859070827565e-02	-1.11188337235779e-04	7.79692695484995e-01	3.74799892887541e-02	-1.21004219331144e-04
8.58364030965490e-01	3.57762148988883e-02	-1.32185832289577e-04	9.31600853270348e-01	3.42548751279632e-02	-2.42571380498990e-04
1.00000000000000e+00	0.00000000000000e+00	0.00000000000000e+00
11	1.66810053720006e+02	3.47387096774194e+00
0.00000000000000e+00	5.15045279649700e-02	-4.96073192677304e-05	1.43554827804152e-01	4.88401432594883e-02	-5.24701993027676e-05
2.73739877801833e-01	4.64157173103346e-02	-5.55911050046376e-05	3.92375509021346e-01	4.41974347937302e-02	-5.90001416282959e-05
5.00968057053301e-01	4.21571545004842e-02	-6.27339611154465e-05	6.00774940185345e-01	4.02712038513378e-02	-6.68352393820015e-05
6.92854236853562e-01	3.85194571453460e-02	-7.13539053305290e-05	7.78102894223601e-01	3.68846185436524e-02	-7.63486727479723e-05
8.57286501999356e-01	3.53516552980724e-02	-8.18889636324815e-05	9.31062731862243e-01	3.40034447707458e-02	-1.84657579153535e-04
1.00000000000000e+00	0.00000000000000e+00	0.00000000000000e+00
11	1.66810053720006e+02	3.69967741935484e+00
0.00000000000000e+00	4.94847763955233e-02	-3.40000610887792e-05	1.42081901664319e-01	4.70542526285727e-02	-3.56164388317648e-05
2.71393369637317e-01	4.48375551480533e-02	-3.73529864756694e-05	3.89606263721782e-01	4.28061293806510e-02	-3.92201677368309e-05
4.98113969921874e-01	4.09361134199815e-02	-4.12314403490655e-05	5.98087148739652e-01	3.92073878203145e-02	-4.34020419857184e-05
6.90516615497669e-01	3.76028449236914e-02	-4.57492805079340e-05	7.76246690675673e-01	3.61078188684170e-02	-4.82928810874306e-05
8.56001404272689e-01	3.47096357443937e-02	-5.10554031822874e-05	9.30405280355132e-01	3.34913146324902e-02	-1.48604666089458e-04
1.00000000000000e+00	0.00000000000000e+00	0.00000000000000e+00
11	1.66810053720006e+02	3.92548387096774e+00
0.00000000000000e+00	4.74803039565879e-02	-2.30298758401304e-05	1.40559457067918e-01	4.52621181405182e-02	-2.39267406054733e-05
2.68945698753520e-01	4.32334639774938e-02	-2.48787740912970e-05	3.86690693478848e-01	4.13702172772901e-02	-2.58889610289526e-05
4.95080327699633e-01	3.96521046373910e-02	-2.69621416650878e-05	5.95201946767140e-01	3.80619548824950e-02	-2.81036707781013e-05
6.87981287634053e-01	3.65851187788302e-02	-2.93194848042244e-05	7.74211466250812e-01	3.52090131512832e-02	-3.06161793697246e-05
8.54575945127393e-01	3.39227591865636e-02	-3.20010990664255e-05	9.29666891144728e-01	3.28082514469232e-02	-1.25303751784767e-04
1.00000000000000e+00	0.00000000000000e+00	0.00000000000000e+00
11	1.66810053720006e+02	4.15129032258065e+00
0.00000000000000e+00	4.55091669034802e-02	-1.54450253440075e-05	1.39019470086260e-01	4.34838922283742e-02	-1.59353306898868e-05
2.66452435654711e-01	4.16260016840482e-02	-1.64508977562594e-05	3.83700218767291e-01	3.99151199824821e-02	-1.69919659402940e-05
4.91947260051074e-01	3.83340167254478e-02	-1.75602469405511e-05	5.92201530363037e-01	3.68680178418888e-02	-1.81575985254145e-05
6.85326232333907e-01	3.55045453575034e-02	-1.87860398466189e-05	7.72064906102189e-01	3.42327528103641e-02	-1.94477685151462e-05
8.53061486719002e-01	3.30432338590998e-02	-2.01451799779484e-05	9.28876459241052e-01	3.20160671673226e-02	-1.09602283741683e-04
1.00000000000000e+00	0.00000000000000e+00	0.00000000000000e+00
11	1.66810053720006e+02	4.37709677419355e+00
0.00000000000000e+00	4.35865314144104e-02	-1.02723817356765e-05	1.37486925252856e-01	4.17365482270606e-02	-1.05369969964908e-05
2.63957112600418e-01	4.00340391389269e-02	-1.08133780123421e-05	3.80690796596968e-01	3.84618032420772e-02	-1.11008039460625e-05
4.88777423856054e-01	3.70052006261603e-02	-1.13998717745645e-05	5.89149923939956e-01	3.56516904786064e-02	-1.17112193689373e-05
6.82611849654576e-01	3.43904667851755e-02	-1.20355288708573e-05	7.69859059613706e-01	3.32121672614805e-02	-1.23735305148642e-05
8.51497182008143e-01	3.21086388887486e-02	-1.27260067364077e-05	9.28055787190257e-01	3.11577588658185e-02	-9.85251153839961e-05
1.00000000000000e+00	0.00000000000000e+00	0.00000000000000e+00
11	1.66810053720006e+02	4.60290322580645e+00
0.00000000000000e+00	4.17243994080165e-02	-6.78483073057734e-06	1.35980737369359e-01	4.00336561059857e-02	-6.92599152740669e-06
2.61492904779525e-01	3.84726668584399e-02	-7.07291285850786e-06	3.77705238760914e-01	3.70269148319118e-02	-7.22456930546400e-06
4.85618838663477e-01	3.56839654166599e-02	-7.38116669918298e-06	5.86096185358796e-01	3.44331041773323e-02	-7.54292218507757e-06
6.79884333924764e-01	3.32650489483675e-02	-7.71006500333016e-06	7.67633600706703e-01	3.21717178534020e-02	-7.88283721830929e-06
8.49912733922566e-01	3.11460409709492e-02	-8.06149470977680e-06	9.27221316341721e-01	3.02634849785692e-02	-9.03234826350463e-05
1.00000000000000e+00	0.00000000000000e+00	0.00000000000000e+00
11	1.66810053720006e+02	4.82870967741935e+00
0.00000000000000e+00	3.99316615875500e-02	-4.45554986439056e-06	1.34514722442676e-01	3.83854937499237e-02	-4.53000327826913e-06
2.59084330199570e-01	3.69534223393047e-02	-4.60756444353727e-06	3.74775450602172e-01	3.56231950103150e-02	-4.68713856860425e-06
4.82507495951474e-01	3.43842513749135e-02	-4.76879594879520e-06	5.83077215735623e-01	3.32274393394825e-02	-4.85261000982007e-06
6.77178493832839e-01	3.21447877826089e-02	-4.93865740480715e-06	7.65418431441751e-01	3.11293218806097e-02	-5.02701825344509e-06
8.48330504089845e-01	3.01749120284682e-02	-5.11777628298127e-06	9.26385395468093e-01	2.93545141125162e-02	-8.39533377940960e-05
1.00000000000000e+00	0.00000000000000e+00	0.00000000000000e+00
11	1.66810053720006e+02	5.05451612903226e+00
0.00000000000000e+00	3.82143639921386e-02	-2.91197587221070e-06	1.33098528450075e-01	3.67993616490427e-02	-2.95075442013903e-06
2.56748840973423e-01	3.54846916936478e-02	-2.99146470683631e-06	3.71924468354529e-01	3.42600080091406e-02	-3.03302476378775e-06
4.79469660344270e-01	3.31163396060326e-02	-3.07545842259671e-06	5.80120156596706e-01	3.20458682869653e-02	-3.11879036640761e-06
6.74520077749897e-01	3.10417491895276e-02	-3.16304611880369e-06	7.63235756591994e-01	3.00979638384322e-02	-3.20825216304499e-06
8.46767137067248e-01	2.92091990373502e-02	-3.25443589921370e-06	9.25557225882775e-01	2.84458697676364e-02	-7.87825626265004e-05
1.00000000000000e+00	0.00000000000000e+00	0.00000000000000e+00
11	1.66810053720006e+02	5.28032258064516e+00
0.00000000000000e+00	3.65760818783998e-02	-1.89565744168618e-06	1.31738469094401e-01	3.52799903435268e-02	-1.91552524420047e-06
2.54498228770591e-01	3.40721755109175e-02	-1.93679137017178e-06	3.69168227014865e-01	3.29438929310233e-02	-1.95841415351339e-06
4.76523825922107e-01	3.18875167647923e-02	-1.98040162713298e-06	5.77244382172095e-01	3.08963653150574e-02	-2.00276201178795e-06
6.71927660338813e-01	2.99645592796580e-02	-2.02550383865407e-06	7.61101725251765e-01	2.90869047961670e-02	-2.04863579300607e-06
8.45234813250453e-01	2.82587963635437e-02	-2.07216690206735e-06	9.24743572028949e-01	2.75481243570885e-02	-7.44232985541160e-05
1.00000000000000e+00	0.00000000000000e+00	0.00000000000000e+00
11	1.66810053720006e+02	5.50612903225806e+00
0.00000000000000e+00	3.50183537181974e-02	-1.23005245034058e-06	1.30438260131626e-01	3.38299930162955e-02	-1.23997508616469e-06
2.52339855617802e-01	3.27193755024686e-02	-1.25103995762821e-06	3.66517090881575e-01	3.16791007229129e-02	-1.26225379837308e-06
4.73682386256084e-01	3.07026794875365e-02	-1.27361930513104e-06	5.74463172816233e-01	2.97843967092459e-02	-1.28513921149320e-06
6.69414199086618e-01	2.89191993105855e-02	-1.29681632476952e-06	7.59027759479781e-01	2.81026030598697e-02	-1.30865354885934e-06
8.43742242713292e-01	2.73306147093304e-02	-1.32065380276103e-06	9.23949313561693e-01	2.66686473009505e-02	-7.06343202463433e-05
1.00000000000000e+00	0.00000000000000e+00	0.00000000000000e+00
11	1.66810053720006e+02	5.73193548387097e+00
0.00000000000000e+00	3.35410812874539e-02	-7.96048066575850e-07	1.29199616948229e-01	3.24502763944214e-02	-8.00780566523329e-07
2.50277649294012e-01	3.14280251454573e-02	-8.06518615670271e-07	3.63977084239502e-01	3.04680540602558e-02	-8.12318628806707e-07
4.70952966878333e-01	2.95648334412992e-02	-8.18181514983252e-07	5.71785037590408e-01	2.87134692778608e-02	-8.24108177255312e-07
6.66988251150318e-01	2.79096144484494e-02	-8.30099560422681e-07	7.57021580496134e-01	2.71493944032164e-02	-8.36156579531178e-07
8.42295422862322e-01	2.64293446448360e-02	-8.42280230894943e-07	9.23177860464895e-01	2.58124686347194e-02	-6.72632771221426e-05
1.00000000000000e+00	0.00000000000000e+00	0.00000000000000e+00
11	1.66810053720006e+02	5.95774193548387e+00
0.00000000000000e+00	3.21429160119511e-02	-5.14082704849983e-07	1.28022760532284e-01	3.11404304012626e-02	-5.16129421646028e-07
2.48312945510768e-01	3.01984876302728e-02	-5.19096817752640e-07	3.61550929659358e-01	2.93117590909757e-02	-5.22089921073388e-07
4.68339544128058e-01	2.84755246713126e-02	-5.25108992510681e-07	5.69214817648807e-01	2.76855873109045e-02	-5.28154365575517e-07
6.64654980453855e-01	2.69382025016840e-02	-5.31226355349190e-07	7.55088050116856e-01	2.62300188919309e-02	-5.34325235834743e-07
8.40898253216355e-01	2.55580280058416e-02	-5.37451344539974e-07	9.22431486063415e-01	2.49829046455388e-02	-6.42121905078952e-05
1.00000000000000e+00	0.00000000000000e+00	0.00000000000000e+00
11	1.66810053720006e+02	6.18354838709677e+00
0.00000000000000e+00	3.08215859777876e-02	-3.31442078671529e-07	1.26906817593981e-01	2.98990563248340e-02	-3.32114108436699e-07
2.46445155405405e-01	2.90300874757066e-02	-3.33645114203307e-07	3.59238871307091e-01	2.82101433402786e-02	-3.35186729039094e-07
4.65843331317281e-01	2.74351869658398e-02	-3.36739084172422e-07	5.66754557915610e-01	2.67016127654827e-02	-3.38302257318901e-07
6.62416950243732e-01	2.60061904003233e-02	-3.39876332633438e-07	7.53229829652671e-01	2.53460172001896e-02	-3.41461429576029e-07
8.39553013955102e-01	2.47184776445395e-02	-3.43057670937341e-07	9.21711584476691e-01	2.41820067734972e-02	-6.14165969847758e-05
1.00000000000000e+00	0.00000000000000e+00	0.00000000000000e+00
11	1.66810053720006e+02	6.40935483870968e+00
0.00000000000000e+00	2.95741698329839e-02	-2.13429621975791e-07	1.25850137288320e-01	2.87240409401812e-02	-2.13409650617891e-07
2.44672296173939e-01	2.79213855200766e-02	-2.14198001557975e-07	3.57039331160479e-01	2.71623327987172e-02	-2.14990742097854e-07
4.63463485851090e-01	2.64434226271411e-02	-2.15787891111319e-07	5.64404202512195e-01	2.57615515228451e-02	-2.16589496560005e-07
6.60274754518119e-01	2.51139278683559e-02	-2.17395571766588e-07	7.51447903563775e-01	2.44980336975325e-02	-2.18206145152777e-07
8.38260744940905e-01	2.39115919663537e-02	-2.19021282665821e-07	9.21018873654658e-01	2.34108911052178e-02	-5.88328551878181e-05
1.00000000000000e+00	0.00000000000000e+00	0.00000000000000e+00
11	1.66810053720006e+02	6.63516129032258e+00
0.00000000000000e+00	2.83973212011515e-02	-1.37330822491677e-07	1.24850539931184e-01	2.76127812578977e-02	-1.36972442721373e-07
2.42991410378961e-01	2.68704036606542e-02	-1.37377721198817e-07	3.54949429968111e-01	2.61668768867223e-02	-1.37784789355777e-07
4.61197672421376e-01	2.54992282737738e-02	-1.38193677612364e-07	5.62162149745115e-01	2.48647808817575e-02	-1.38604399513298e-07
6.58227522384812e-01	2.42611176119059e-02	-1.39016942846126e-07	7.49741997679172e-01	2.36860504263572e-02	-1.39431335810514e-07
8.37021548111707e-01	2.31375938417853e-02	-1.39847593949582e-07	9.20353557062817e-01	2.26699844162173e-02	-5.64303781211972e-05
1.00000000000000e+00	0.00000000000000e+00	0.00000000000000e+00
11	1.66810053720006e+02	6.86096774193548e+00
0.00000000000000e+00	2.72874416643361e-02	-8.83405821827665e-08	1.23905504537822e-01	2.65623588730548e-02	-8.78258472614135e-08
2.41398884774004e-01	2.58747996219260e-02	-8.80338952846671e-08	3.52965385979160e-01	2.52219232526507e-02	-8.82426793857860e-08
4.59042496257946e-01	2.46011696569535e-02	-8.84522111110897e-08	5.60025680669507e-01	2.40102246383391e-02	-8.86624778040357e-08
6.56273308573155e-01	2.34469910781958e-02	-8.88735087745118e-08	7.48110903562087e-01	2.29095640657719e-02	-8.90852978052692e-08
8.35834822203743e-01	2.23962093708601e-02	-8.92978366806574e-08	9.19715449188027e-01	2.19592060885465e-02	-5.41868470549378e-05
1.00000000000000e+00	0.00000000000000e+00	0.00000000000000e+00
11	1.66810053720006e+02	7.08677419354839e+00
0.00000000000000e+00	2.62408209454772e-02	-5.68441056447710e-08	1.23012316726845e-01	2.55696819821556e-02	-5.62660109615365e-08
2.39890704148200e-01	2.49320095918422e-02	-5.63726809676979e-08	3.51082834914408e-01	2.43253603227434e-02	-5.64796514002097e-08
4.56993853069525e-01	2.37475237785099e-02	-5.65869389124174e-08	5.57991307094885e-01	2.31964946776340e-02	-5.66945250746187e-08
6.54409411911531e-01	2.26704496007812e-02	-5.68024107749920e-08	7.46552743945005e-01	2.21677268311256e-02	-5.69105991221619e-08
8.34699455328167e-01	2.16868088182571e-02	-5.70191212023730e-08	9.19104078699373e-01	2.12781099308665e-02	-5.20852697301066e-05
1.00000000000000e+00	0.00000000000000e+00	0.00000000000000e+00
11	1.66810053720006e+02	7.31258064516129e+00
0.00000000000000e+00	2.52537303175535e-02	-3.66156318598598e-08	1.22168168906527e-01	2.46315821140057e-02	-3.60211045435932e-08
2.38462625896880e-01	2.40393468826394e-02	-3.60757412831703e-08	3.49297052672689e-01	2.34749169631223e-02	-3.61305003693246e-08
4.55047174965975e-01	2.29363789606118e-02	-3.61853846886362e-08	5.56055018046523e-01	2.24219911008898e-02	-3.62403977938186e-08
6.52632602279189e-01	2.19301644105960e-02	-3.62955254740172e-08	7.45065162816652e-01	2.14594463209452e-02	-3.63508032563686e-08
8.33613963413688e-01	2.10085063380940e-02	-3.64061791824355e-08	9.18518762827764e-01	2.06259842246117e-02	-5.01121354794520e-05
1.00000000000000e+00	0.00000000000000e+00	0.00000000000000e+00
11	1.66810053720006e+02	7.53838709677419e+00
0.00000000000000e+00	2.43225082154133e-02	-2.36340069736940e-08	1.21370248492589e-01	2.37449026557806e-02	-2.30462340322646e-08
2.37110335071225e-01	2.31940920465223e-02	-2.30741921125599e-08	3.47603154681910e-01	2.26682532591633e-02	-2.31022061480957e-08
4.53197652152827e-01	2.21657256580245e-02	-2.31302648145970e-08	5.54212503379169e-01	2.16849926579357e-02	-2.31583781040712e-08
6.50939327726072e-01	2.12246664362825e-02	-2.31865429078937e-08	7.43645499820969e-01	2.07834745516382e-02	-2.32147436829422e-08
8.32576617834248e-01	2.03602481972718e-02	-2.32430261704053e-08	9.17958676231770e-01	2.00019394188291e-02	-4.82563014787551e-05
1.00000000000000e+00	0.00000000000000e+00	0.00000000000000e+00
11	1.66810053720006e+02	7.76419354838710e+00
0.00000000000000e+00	2.34435988338444e-02	-1.53070698338809e-08	1.20615782308985e-01	2.29065420195889e-02	-1.47370613490239e-08
2.35829525636855e-01	2.23935392529511e-02	-1.47513530279753e-08	3.45996203581309e-01	2.19030090976338e-02	-1.47656704641008e-08
4.51440355489788e-01	2.14335065056692e-02	-1.47800107708207e-08	5.52459279650267e-01	2.09837077229669e-02	-1.47943710615550e-08
6.49325832733656e-01	2.05523978245119e-02	-1.48087653251139e-08	7.42290890965250e-01	2.01384597556034e-02	-1.48231480423533e-08
8.31585519771295e-01	1.97408646714901e-02	-1.48375651765065e-08	9.17422891406960e-01	1.94049601518484e-02	-4.65082550129559e-05
1.00000000000000e+00	0.00000000000000e+00	0.00000000000000e+00
11	1.66810053720006e+02	7.99000000000000e+00
0.00000000000000e+00	2.26136018697267e-02	-9.96680560305663e-09	1.19902088001213e-01	2.21135067770386e-02	-9.41934885645423e-09
2.34615993622707e-01	2.16350516530976e-02	-9.42665479009008e-09	3.44471332005506e-01	2.11768608895879e-02	-9.43397227004539e-09
4.49770375922376e-01	2.07376737512928e-02	-9.44129063817911e-09	5.50790833293381e-01	2.03163319594006e-02	-9.44861633378480e-09
6.47788292892045e-01	1.99117694908082e-02	-9.45596023704809e-09	7.40998383559297e-01	1.95230035723151e-02	-9.46331146778334e-09
8.30638685328710e-01	1.91491267096473e-02	-9.47066447487543e-09	9.16910425093779e-01	1.88339614183921e-02	-4.48596954099045e-05
1.00000000000000e+00	0.00000000000000e+00	0.00000000000000e+00
