29	1.38949549437314e+02	9.90000000000000e-01
0.00000000000000e+00	2.47076643409403e-02	-9.32581146650957e-05	5.25455418666179e-02	2.38389721012571e-02	-9.99263019609842e-05
1.02644264059854e-01	2.29912037474740e-02	-1.07344557109146e-04	1.50491235207701e-01	2.21598104326250e-02	-1.15620867233712e-04
1.96263781054650e-01	2.13402027054788e-02	-1.24892878522465e-04	2.40123746821321e-01	2.05276443962898e-02	-1.35326990765128e-04
2.82219475165516e-01	1.97171437237571e-02	-1.47125878950272e-04	3.22687551447078e-01	1.89033255920261e-02	-1.60538415352685e-04
3.61654360958473e-01	1.80802771626094e-02	-1.75872908017682e-04	3.99237497644670e-01	1.72413560090339e-02	-1.93514987670174e-04
4.35547060615496e-01	1.63789460334565e-02	-2.13952103428117e-04	4.70686873458756e-01	1.54841401716799e-02	-2.37807581160432e-04
5.04755662204275e-01	1.45463195279034e-02	-2.65888748204546e-04	5.37848231257268e-01	1.35525841654629e-02	-2.99256195408937e-04
5.70056683619172e-01	1.24869679929940e-02	-3.39325483488695e-04	6.01471743822437e-01	1.13293334945643e-02	-3.88019899865144e-04
6.32184261936999e-01	1.00537814278410e-02	-4.48005853595612e-04	6.62287009488756e-01	8.62630704092382e-03	-5.23066142226414e-04
6.91876931611521e-01	7.00125267934282e-03	-6.18711982551368e-04	7.21058109817427e-01	5.11577364625637e-03	-7.43225580937423e-04
7.49945846398913e-01	2.88090009699271e-03	-9.09518140265630e-04	7.78672565168332e-01	1.66505902019165e-04	-1.13862322038316e-03
8.07396763381513e-01	-3.22520289271444e-03	-1.46670612054667e-03	8.36317342647003e-01	-7.60919433160168e-03	-1.96030834102179e-03
8.65698030822347e-01	-1.35166776378424e-02	-2.75309962864489e-03	8.95912325653427e-01	-2.19108116897139e-02	-4.14749768350053e-03
9.27534920579473e-01	-3.47058884963153e-02	-6.95565065530657e-03	9.61555612381229e-01	-5.66409838062870e-02	-1.35331602057223e-02
1.00000000000000e+00	0.00000000000000e+00	0.00000000000000e+00
22	1.38949549437314e+02	1.21580645161290e+00
0.00000000000000e+00	3.23647520716288e-02	-1.48945015308710e-04	7.07057033826815e-02	3.09174982654763e-02	-1.62834838786985e-04
1.37170750106629e-01	2.95166950454855e-02	-1.78773975839652e-04	1.99825030448494e-01	2.81498571826879e-02	-1.97180325378188e-04
2.59048968920318e-01	2.68042709460727e-02	-2.18591677625835e-04	3.15181495108015e-01	2.54665260477680e-02	-2.43700980884443e-04
3.68526780422062e-01	2.41219605627672e-02	-2.73413399985989e-04	4.19360031060705e-01	2.27539554822189e-02	-3.08929471875219e-04
4.67932583216808e-01	2.13429959171232e-02	-3.51868961912638e-04	5.14476522203498e-01	1.98653714491970e-02	-4.04459911893307e-04
5.59209043365683e-01	1.82913123917652e-02	-4.69835325243029e-04	6.02336793826347e-01	1.65822262449555e-02	-5.52513746863825e-04
6.44060491101687e-01	1.46864593337868e-02	-6.59206815709412e-04	6.84580229942785e-01	1.25325581132423e-02	-8.00235520130421e-04
7.24102108663875e-01	1.00181171076210e-02	-9.92143385047717e-04	7.62847228577103e-01	6.99045252227104e-03	-1.26282220657559e-03
8.01064964108370e-01	3.21124260384020e-03	-1.66235382667934e-03	8.39054195457482e-01	-1.71252159888313e-03	-2.28824036239850e-03
8.77200344251593e-01	-8.47447283862013e-03	-3.35197544243404e-03	9.16046773189826e-01	-1.84079539891933e-02	-5.38811769230718e-03
9.56451356707261e-01	-3.46500992979072e-02	-9.80917408231741e-03	1.00000000000000e+00	0.00000000000000e+00	0.00000000000000e+00
16	1.38949549437314e+02	1.44161290322581e+00
0.00000000000000e+00	4.44381340420854e-02	-2.56982668408456e-04	9.90716448925904e-02	4.18099244967145e-02	-2.89737161429438e-04
1.90192423896775e-01	3.92986567521052e-02	-3.29217324864350e-04	2.74423581938556e-01	3.68637770949223e-02	-3.77400604777867e-04
3.52667277374312e-01	3.44632362696231e-02	-4.37056657710322e-04	4.25700101269269e-01	3.20505312627812e-02	-5.12154810740517e-04
4.94200159255085e-01	2.95707231576756e-02	-6.08547930632808e-04	5.58769820527385e-01	2.69545757336977e-02	-7.35159535650620e-04
6.19955963773220e-01	2.41092878121347e-02	-9.06147634706977e-04	6.78269603040198e-01	2.09028863094836e-02	-1.14508727166651e-03
7.34207302712248e-01	1.71362611853692e-02	-1.49365817402636e-03	7.88278212641898e-01	1.24895642404967e-02	-2.03140017612413e-03
8.41044025718624e-01	6.41114584763391e-03	-2.92626222965464e-03	8.93188079829191e-01	-2.13469478598893e-03	-4.58661018681372e-03
9.45655757577115e-01	-1.54484531736416e-02	-8.09129702818567e-03	1.00000000000000e+00	0.00000000000000e+00	0.00000000000000e+00
13	1.38949549437314e+02	1.66741935483871e+00
0.00000000000000e+00	5.43771893048204e-02	-3.42543092554104e-04	1.23703493151049e-01	5.05993869836858e-02	-3.94575663672292e-04
2.35493198780683e-01	4.70376217008681e-02	-4.59527582231667e-04	3.37241577283754e-01	4.36108370432589e-02	-5.42076194525176e-04
4.30490203490392e-01	4.02347728844166e-02	-6.49238003585850e-04	5.16531041655563e-01	3.68133924649898e-02	-7.91925021689455e-04
5.96469822205984e-01	3.32264048554554e-02	-9.87870395530832e-04	6.71278587914737e-01	2.93087898321955e-02	-1.26748896658491e-03
7.41843803708614e-01	2.48138147495984e-02	-1.68660550500466e-03	8.09017708107414e-01	1.93401096448729e-02	-2.35711149987927e-03
8.73685663682597e-01	1.21740681028066e-02	-3.53172666049351e-03	9.36877462689245e-01	1.86169147858117e-03	-5.83681884617615e-03
1.00000000000000e+00	0.00000000000000e+00	0.00000000000000e+00
11	1.38949549437314e+02	1.89322580645161e+00
0.00000000000000e+00	6.37513236512630e-02	-4.08132411424234e-04	1.47799941934991e-01	5.87813451432753e-02	-4.77574750919141e-04
2.79191565465990e-01	5.41676775435949e-02	-5.66540804318283e-04	3.97084686108226e-01	4.97768529937694e-02	-6.83138249017334e-04
5.03804221019534e-01	4.54722626864978e-02	-8.40189315823858e-04	6.01249962550130e-01	4.10966568995219e-02	-1.05895500774067e-03
6.91016642371856e-01	3.64455707103564e-02	-1.37682586933519e-03	7.74491663876213e-01	3.12202276250280e-02	-1.86466872354996e-03
8.52946454420508e-01	2.49333940663827e-02	-2.67072961786408e-03	9.27643016660525e-01	1.67095102522452e-02	-4.16062483531476e-03
1.00000000000000e+00	0.00000000000000e+00	0.00000000000000e+00
11	1.38949549437314e+02	2.11903225806452e+00
0.00000000000000e+00	6.21474736085919e-02	-3.23608917708773e-04	1.48146385989167e-01	5.75980258507649e-02	-3.72598880198360e-04
2.80157804764030e-01	5.34058339455783e-02	-4.33720977132124e-04	3.98786244129715e-01	4.94656444943578e-02	-5.11356516202932e-04
5.06235572878039e-01	4.56764750164123e-02	-6.12070600228831e-04	6.04303300243284e-01	4.19317923535198e-02	-7.46060354961164e-04
6.94485450227243e-01	3.81067196401630e-02	-9.29870789593945e-04	7.78057961348941e-01	3.40383462312288e-02	-1.19182037033649e-03
8.56144917562158e-01	2.94912874767552e-02	-1.58374244274073e-03	9.29783588318340e-01	2.41391225944969e-02	-2.25765862470606e-03
1.00000000000000e+00	0.00000000000000e+00	0.00000000000000e+00
11	1.38949549437314e+02	2.34483870967742e+00
0.00000000000000e+00	6.04479464139380e-02	-2.49618122814654e-04	1.48042185984170e-01	5.62964914497097e-02	-2.82709114720614e-04
2.80304824448270e-01	5.24939247580092e-02	-3.22902203957032e-04	3.99375281450811e-01	4.89565976445534e-02	-3.72391539103178e-04
5.07333220110492e-01	4.56086190030893e-02	-4.34295108100446e-04	6.05875870057140e-01	4.23761363415172e-02	-5.13160889757502e-04
6.96410237362285e-01	3.91810815972933e-02	-6.15834522446512e-04	7.80123040747888e-01	3.59330829741391e-02	-7.53010906983542e-04
8.58035976388947e-01	3.25174071879994e-02	-9.42164444980742e-04	9.31052249159177e-01	2.88463398459375e-02	-1.28529933278121e-03
1.00000000000000e+00	0.00000000000000e+00	0.00000000000000e+00
11	1.38949549437314e+02	2.57064516129032e+00
0.00000000000000e+00	5.86571863796774e-02	-1.87633980931023e-04	1.47550780729889e-01	5.48755438970092e-02	-2.09104386557746e-04
2.79750184436569e-01	5.14264662832455e-02	-2.34512682241172e-04	3.99017967075168e-01	4.82425193058265e-02	-2.64885193569153e-04
5.07308611668263e-01	4.52650205715686e-02	-3.01609685241289e-04	6.06221495430020e-01	4.24404221534107e-02	-3.46596243796515e-04
6.97082163251908e-01	3.97169512196007e-02	-4.02532668405620e-04	7.81003549305982e-01	3.70410302888511e-02	-4.73298584739990e-04
8.58933211401046e-01	3.43528795198536e-02	-5.64662058493370e-04	9.31690923214026e-01	3.16653421184758e-02	-7.70898325971547e-04
1.00000000000000e+00	0.00000000000000e+00	0.00000000000000e+00
11	1.38949549437314e+02	2.79645161290323e+00
0.00000000000000e+00	5.67848891062672e-02	-1.37750444193729e-04	1.46739672167401e-01	5.33425504774903e-02	-1.51185239004814e-04
2.78616986278273e-01	5.02106809734468e-02	-1.66701147118919e-04	3.97884171087020e-01	4.73340635359947e-02	-1.84750205140416e-04
5.06371060725881e-01	4.46658926051888e-02	-2.05917179884052e-04	6.05581431381908e-01	4.21652644789341e-02	-2.30966176414826e-04
6.96764531838982e-01	3.97950977248973e-02	-2.60911012528675e-04	7.80969078159470e-01	3.75202556565155e-02	-2.97120085199332e-04
8.59084694923449e-01	3.53056613767877e-02	-3.41476510868244e-04	9.31874300831610e-01	3.32063645744591e-02	-4.89306841387593e-04
1.00000000000000e+00	0.00000000000000e+00	0.00000000000000e+00
11	1.38949549437314e+02	3.02225806451613e+00
0.00000000000000e+00	5.48459694256918e-02	-9.90159983942362e-05	1.45675598850880e-01	5.17126089564179e-02	-1.07158155727927e-04
2.77025183531704e-01	4.88641962102316e-02	-1.16355461839079e-04	3.96136035600578e-01	4.62549259664273e-02	-1.26796677124563e-04
5.04715051557060e-01	4.38464831934076e-02	-1.38717255968812e-04	6.04172467189418e-01	4.16061784125490e-02	-1.52411201510771e-04
6.95684562602244e-01	3.95054882039250e-02	-1.68249463549541e-04	7.80241297140191e-01	3.75188605963626e-02	-1.86705457352998e-04
8.58682986463737e-01	3.56226796175927e-02	-2.08391037793021e-04	9.31728916240751e-01	3.38897068049331e-02	-3.30014090630826e-04
1.00000000000000e+00	0.00000000000000e+00	0.00000000000000e+00
11	1.38949549437314e+02	3.24806451612903e+00
0.00000000000000e+00	5.28594160639029e-02	-6.98655532829218e-05	1.44420896757266e-01	5.00064227161177e-02	-7.46650864711373e-05
2.75085435786525e-01	4.74114813749615e-02	-7.99811654044191e-05	3.93920588347730e-01	4.50362572183196e-02	-8.58887788310891e-05
5.02513088663295e-01	4.28488199215575e-02	-9.24792512400074e-05	6.02181750960353e-01	4.08222057765752e-02	-9.98622571899421e-05
6.94032155372568e-01	3.89333137240644e-02	-1.08170433701593e-04	7.78998534117988e-01	3.71620366713816e-02	-1.17565405009623e-04
8.57876236441056e-01	3.54905588632846e-02	-1.28245736337407e-04	9.31347172502538e-01	3.39987890641491e-02	-2.36977910048619e-04
1.00000000000000e+00	0.00000000000000e+00	0.00000000000000e+00
11	1.38949549437314e+02	3.47387096774194e+00
0.00000000000000e+00	5.08465284338602e-02	-4.85116933484075e-05	1.43031166319371e-01	4.82476947739263e-02	-5.12743231357859e-05
2.72895481945402e-01	4.58801958350092e-02	-5.42826701355192e-05	3.91365929202304e-01	4.37117908428777e-02	-5.75649332075212e-05
4.99912864874677e-01	4.17155924094983e-02	-6.11554657725666e-05	5.99766128267239e-01	3.98689407618562e-02	-6.50941857949228e-05
6.91962479532821e-01	3.81525405362091e-02	-6.94276942141414e-05	7.77382261224432e-01	3.65497876146630e-02	-7.42106646949292e-05
8.56778039273939e-01	3.50462359148560e-02	-7.95075827573211e-05	9.30797203247585e-01	3.37241396186083e-02	-1.80856135278740e-04
1.00000000000000e+00	0.00000000000000e+00	0.00000000000000e+00
11	1.38949549437314e+02	3.69967741935484e+00
0.00000000000000e+00	4.88290267304030e-02	-3.32245605234593e-05	1.41554102570443e-01	4.64606719006142e-02	-3.47828401510153e-05
2.70538587452315e-01	4.42981532177815e-02	-3.64554597396261e-05	3.88580096977200e-01	4.23142988868297e-02	-3.82521638759847e-05
4.97037320100460e-01	4.04863534653088e-02	-4.01855558957998e-05	5.97054066169441e-01	3.87950930219707e-02	-4.22698821700429e-05
6.89600212895046e-01	3.72241427691145e-02	-4.45212960189512e-05	7.75503643102887e-01	3.57594433030053e-02	-4.69581727171597e-05
8.55475403146453e-01	3.43888283241436e-02	-4.96014867135131e-05	9.30129705350722e-01	3.31945624223799e-02	-1.45824545964679e-04
1.00000000000000e+00	0.00000000000000e+00	0.00000000000000e+00
11	1.38949549437314e+02	3.92548387096774e+00
0.00000000000000e+00	4.68274383426581e-02	-2.24908860457784e-05	1.40029246578713e-01	4.46682316615137e-02	-2.33548425181418e-05
2.68083519437404e-01	4.26911929709095e-02	-2.42712722959837e-05	3.85651739320699e-01	4.08734133252504e-02	-2.52429048954728e-05
4.93986419170511e-01	3.91955984856041e-02	-2.62742705496866e-05	5.94148829215522e-01	3.76413739544446e-02	-2.73703741762166e-05
6.87044191742751e-01	3.61967446839646e-02	-2.85367564609729e-05	7.73449382483322e-01	3.48496694234441e-02	-2.97795641317489e-05
8.54034936487684e-01	3.35897221390702e-02	-3.11056313819780e-05	9.29382679761191e-01	3.24979630252114e-02	-1.23119849233522e-04
1.00000000000000e+00	0.00000000000000e+00	0.00000000000000e+00
11	1.38949549437314e+02	4.15129032258065e+00
0.00000000000000e+00	4.48599476407894e-02	-1.50760048878151e-05	1.38488371782199e-01	4.28906257996722e-02	-1.55480198829050e-05
2.65585504250838e-01	4.10819292993159e-02	-1.60440706862275e-05	3.82651833385192e-01	3.94145502473473e-02	-1.65643170650931e-05
4.90839780960323e-01	3.78721250199554e-02	-1.71103603336942e-05	5.91132063764875e-01	3.64406895448737e-02	-1.76839366050618e-05
6.84371838353024e-01	3.51082521399684e-02	-1.82869305567213e-05	7.71286641743252e-01	3.38644541661552e-02	-1.89213910732899e-05
8.52507568407119e-01	3.27002980947408e-02	-1.95895486518882e-05	9.28584754005650e-01	3.16949750616291e-02	-1.07774642196024e-04
1.00000000000000e+00	0.00000000000000e+00	0.00000000000000e+00
11	1.38949549437314e+02	4.37709677419355e+00
0.00000000000000e+00	4.29417384195987e-02	-1.00228241854960e-05	1.36956247456608e-01	4.11448257710032e-02	-1.02774327650490e-05
2.63087720640016e-01	3.94892024248872e-02	-1.05432527355287e-05	3.79635900632377e-01	3.79586039735709e-02	-1.08195483359275e-05
4.87659586342661e-01	3.65391571429567e-02	-1.11068778543277e-05	5.88067310710462e-01	3.52189536672829e-02	-1.14058373248405e-05
6.81643091347052e-01	3.39877132625146e-02	-1.17170635456354e-05	7.69067061636454e-01	3.28365135800253e-02	-1.20412375828050e-05
8.50932131700351e-01	3.17575720997931e-02	-1.23790884165587e-05	9.27757542876434e-01	3.08278408124927e-02	-9.69156159633666e-05
1.00000000000000e+00	0.00000000000000e+00	0.00000000000000e+00
11	1.38949549437314e+02	4.60290322580645e+00
0.00000000000000e+00	4.10847595983528e-02	-6.61774812993343e-06	1.35451578443073e-01	3.94443372186188e-02	-6.75350691259347e-06
2.60623004532938e-01	3.79280217748128e-02	-6.89477239967928e-06	3.76646344988457e-01	3.65221171491259e-02	-7.04052768818464e-06
4.84493423242337e-01	3.52148659842322e-02	-7.19096519685714e-06	5.85003206123949e-01	3.39961167576270e-02	-7.34628786580593e-06
6.78903759672105e-01	3.28570583124068e-02	-7.50670962745836e-06	7.66829990288379e-01	3.17900053421851e-02	-7.67245640531655e-06
8.49338085867244e-01	3.07882237707244e-02	-7.84376667861686e-06	9.26917351517428e-01	2.99262273326433e-02	-8.88513159802429e-05
1.00000000000000e+00	0.00000000000000e+00	0.00000000000000e+00
11	1.38949549437314e+02	4.82870967741935e+00
0.00000000000000e+00	3.92978096160361e-02	-4.34459188491942e-06	1.33987986701715e-01	3.77993402442098e-02	-4.41616331792183e-06
2.58215562274781e-01	3.64098189100392e-02	-4.49072091535108e-06	3.73714701681262e-01	3.51177118549917e-02	-4.56718674191059e-06
4.81376898664895e-01	3.39130563073768e-02	-4.64562653990086e-06	5.81976284541207e-01	3.27872004903960e-02	-4.72610888024860e-06
6.76188327011266e-01	3.17325947197724e-02	-4.80870536612166e-06	7.64605064382365e-01	3.07426212059239e-02	-4.89349072507750e-06
8.47747601686017e-01	2.98114544450887e-02	-4.98054309150398e-06	9.26076426147066e-01	2.90110766126599e-02	-8.25705804445853e-05
1.00000000000000e+00	0.00000000000000e+00	0.00000000000000e+00
11	1.38949549437314e+02	5.05451612903226e+00
0.00000000000000e+00	3.75868255394605e-02	-2.83877099604979e-06	1.32574947467084e-01	3.62170242285240e-02	-2.87602943838117e-06
2.55882568282324e-01	3.49428660299089e-02	-2.91515540884468e-06	3.70863678465716e-01	3.37546336430938e-02	-2.95508680592249e-06
4.78335939038188e-01	3.26438829791564e-02	-2.99584589069646e-06	5.79013369497472e-01	3.16032400485395e-02	-3.03745570873204e-06
6.73522265110318e-01	3.06262366064396e-02	-3.07994016424118e-06	7.62414268140424e-01	2.97071751845557e-02	-3.12332386509517e-06
8.46177169531919e-01	2.88410175576093e-02	-3.16763247298901e-06	9.25243887854355e-01	2.80971894394841e-02	-7.74604714177674e-05
1.00000000000000e+00	0.00000000000000e+00	0.00000000000000e+00
11	1.38949549437314e+02	5.28032258064516e+00
0.00000000000000e+00	3.59552704243526e-02	-1.84761201849071e-06	1.31218623660446e-01	3.47020069018829e-02	-1.86668822665936e-06
2.53635570294433e-01	3.35327509743548e-02	-1.88712318882622e-06	3.68108921095845e-01	3.24393083691228e-02	-1.90789614218367e-06
4.75388741070218e-01	3.14145175811824e-02	-1.92901458673234e-06	5.76133557125973e-01	3.04520910128347e-02	-1.95048622164684e-06
6.70923909008028e-01	2.95464856013616e-02	-1.97231898502181e-06	7.60273562226693e-01	2.86927957676586e-02	-1.99452101012909e-06
8.44638840445098e-01	2.78866643186833e-02	-2.01710066582983e-06	9.24426435273892e-01	2.71949808895544e-02	-7.31444627604105e-05
1.00000000000000e+00	0.00000000000000e+00	0.00000000000000e+00
11	1.38949549437314e+02	5.50612903225806e+00
0.00000000000000e+00	3.44045793384575e-02	-1.19864970549166e-06	1.29922604408489e-01	3.32567974308520e-02	-1.20816724247241e-06
2.51481723409664e-01	3.21828723952020e-02	-1.21879797143620e-06	3.65460546919724e-01	3.11758852686401e-02	-1.22956983750200e-06
4.72547443655605e-01	3.02297560229381e-02	-1.24048537863963e-06	5.73349889657137e-01	2.93391190833470e-02	-1.25154714947229e-06
6.68406011732716e-01	2.84992213747912e-02	-1.26275776812790e-06	7.58194209046639e-01	2.77058373421977e-02	-1.27411993289250e-06
8.43141216066135e-01	2.69551977368994e-02	-1.28563635692913e-06	9.23628893696320e-01	2.63117066943688e-02	-6.93881007420849e-05
1.00000000000000e+00	0.00000000000000e+00	0.00000000000000e+00
11	1.38949549437314e+02	5.73193548387097e+00
0.00000000000000e+00	3.29345606805711e-02	-7.75588886448020e-07	1.28688498095906e-01	3.18822080260572e-02	-7.80119951082625e-07
2.49424778089063e-01	3.08948702294771e-02	-7.85632001454317e-07	3.62924366312180e-01	2.99666954503983e-02	-7.91202767080890e-07
4.69819449933417e-01	2.90925146378671e-02	-7.96833084404369e-07	5.70670667046802e-01	2.82677437463448e-02	-8.02523794973808e-07
6.65976950330295e-01	2.74883032509483e-02	-8.08275765651345e-07	7.56183789085812e-01	2.67505505944841e-02	-8.14089894163317e-07
8.41690198407592e-01	2.60512232052992e-02	-8.19967073129035e-07	9.22854625511221e-01	2.54523102047983e-02	-6.60431073040701e-05
1.00000000000000e+00	0.00000000000000e+00	0.00000000000000e+00
11	1.38949549437314e+02	5.95774193548387e+00
0.00000000000000e+00	3.15437850767086e-02	-5.00785472423715e-07	1.27516436656821e-01	3.05777457540783e-02	-5.02737461882674e-07
2.47465919943347e-01	2.96690251814853e-02	-5.05587546051345e-07	3.60502918287040e-01	2.88126643278641e-02	-5.08461969417340e-07
4.67208543291894e-01	2.80042611598941e-02	-5.11361004207345e-07	5.68100547411599e-01	2.72398935973408e-02	-5.14284941521836e-07
6.63641729970862e-01	2.65160558362958e-02	-5.17234040930958e-07	7.54247039481916e-01	2.58296045483903e-02	-5.20208649046339e-07
8.40289602205256e-01	2.51777132133799e-02	-5.23208995684143e-07	9.22105861690084e-01	2.46200391478557e-02	-6.30139664801188e-05
1.00000000000000e+00	0.00000000000000e+00	0.00000000000000e+00
11	1.38949549437314e+02	6.18354838709677e+00
0.00000000000000e+00	3.02299143046225e-02	-3.22814579956088e-07	1.26405474780116e-01	2.93419424491907e-02	-3.23447499228635e-07
2.45604436233214e-01	2.85045917474751e-02	-3.24917732497099e-07	3.58196293068907e-01	2.77136504476767e-02	-3.26398025274344e-07
4.64715773090698e-01	2.69653623843040e-02	-3.27888469708881e-07	5.65641418456388e-01	2.62563660629260e-02	-3.29389161501936e-07
6.61402776316182e-01	2.55836441501249e-02	-3.30900179701388e-07	7.52386512702001e-01	2.49444805270704e-02	-3.32421631776825e-07
8.38941633196036e-01	2.43364236173427e-02	-3.33953630526906e-07	9.21383959005876e-01	2.38168897619249e-02	-6.02377118046338e-05
1.00000000000000e+00	0.00000000000000e+00	0.00000000000000e+00
11	1.38949549437314e+02	6.40935483870968e+00
0.00000000000000e+00	2.89899715420976e-02	-2.07837932197918e-07	1.25353901915694e-01	2.81726254576447e-02	-2.07807680618899e-07
2.43838239163191e-01	2.74000699662580e-02	-2.08564615578055e-07	3.56002779790961e-01	2.66687193448050e-02	-2.09325691891138e-07
4.62340153066230e-01	2.59753615952198e-02	-2.10090944641195e-07	5.63293084667391e-01	2.53171100957048e-02	-2.10860407579005e-07
6.59260559680729e-01	2.46913634173942e-02	-2.11634116231707e-07	7.50603094270771e-01	2.40957709525076e-02	-2.12412086142422e-07
8.37647262877721e-01	2.35282033966497e-02	-2.13194367049141e-07	9.20689600779507e-01	2.30439309028128e-02	-5.76716086793105e-05
1.00000000000000e+00	0.00000000000000e+00	0.00000000000000e+00
11	1.38949549437314e+02	6.63516129032258e+00
0.00000000000000e+00	2.78205672794494e-02	-1.33708333072136e-07	1.24359491223423e-01	2.70671438988095e-02	-1.33354518538908e-07
2.42164286088336e-01	2.63534316146661e-02	-1.33743556895993e-07	3.53919389119338e-01	2.56763698371616e-02	-1.34134306550848e-07
4.60079226831949e-01	2.50332055055429e-02	-1.34526768391652e-07	5.61053824988322e-01	2.44214545527144e-02	-1.34920954630857e-07
6.57214102136959e-01	2.38388698353185e-02	-1.35316886806791e-07	7.48896423463186e-01	2.32834135450370e-02	-1.35714568472167e-07
8.36406532792579e-01	2.27532333873040e-02	-1.36113991411335e-07	9.20022959611234e-01	2.23015494521794e-02	-5.52856229900645e-05
1.00000000000000e+00	0.00000000000000e+00	0.00000000000000e+00
11	1.38949549437314e+02	6.86096774193548e+00
0.00000000000000e+00	2.67180678099739e-02	-8.59932183239209e-08	1.23419682656745e-01	2.60225388923991e-02	-8.54906030411939e-08
2.40578891290836e-01	2.53622911562414e-02	-8.56902711010576e-08	3.51942243722171e-01	2.47347052358962e-02	-8.58906363809808e-08
4.57929492656451e-01	2.41374156514900e-02	-8.60917115375059e-08	5.58920813414332e-01	2.35682799579344e-02	-8.62934985690345e-08
6.55261361071836e-01	2.30253530635838e-02	-8.64959945889865e-08	7.47265212096546e-01	2.25068650174856e-02	-8.66991869408196e-08
8.35218785332084e-01	2.20112017308354e-02	-8.69031233641238e-08	9.19383820837701e-01	2.15896288137596e-02	-5.30577682069655e-05
1.00000000000000e+00	0.00000000000000e+00	0.00000000000000e+00
11	1.38949549437314e+02	7.08677419354839e+00
0.00000000000000e+00	2.56787364634212e-02	-5.53214141163494e-08	1.22531731370807e-01	2.50356866850674e-02	-5.47592018396159e-08
2.39077981040433e-01	2.44240495225707e-02	-5.48615533002561e-08	3.50066900185842e-01	2.38415770474818e-02	-5.49641900882136e-08
4.55886755947026e-01	2.32862316386544e-02	-5.50671144239345e-08	5.56890469901169e-01	2.27561611679852e-02	-5.51703340789800e-08
6.53399550629242e-01	2.22496783623050e-02	-5.52738268488895e-08	7.45707512664290e-01	2.17652428609130e-02	-5.53776293710229e-08
8.34082858416244e-01	2.13014455663236e-02	-5.54817329856405e-08	9.18771686886197e-01	2.09076913369466e-02	-5.09712539720208e-05
1.00000000000000e+00	0.00000000000000e+00	0.00000000000000e+00
11	1.38949549437314e+02	7.31258064516129e+00
0.00000000000000e+00	2.46988247543094e-02	-3.56258473832582e-08	1.21692805743798e-01	2.41033933346080e-02	-3.50489937073206e-08
2.37657264799184e-01	2.35359909210320e-02	-3.51014020072427e-08	3.48288567873221e-01	2.29946829486962e-02	-3.51539313214744e-08
4.53946371347886e-01	2.24777096616315e-02	-3.52065747666330e-08	5.54958703363284e-01	2.19834660571043e-02	-3.52593401142798e-08
6.51625365766775e-01	2.15104852402330e-02	-3.53122140417383e-08	7.44220906210731e-01	2.10574238819654e-02	-3.53652280793426e-08
8.32997222457921e-01	2.06230494763515e-02	-3.54183438133759e-08	9.18185850920849e-01	2.02549970845023e-02	-4.90126915100308e-05
1.00000000000000e+00	0.00000000000000e+00	0.00000000000000e+00
11	1.38949549437314e+02	7.53838709677419e+00
0.00000000000000e+00	2.37746560599004e-02	-2.29884042912687e-08	1.20900073809364e-01	2.32224814871411e-02	-2.24190697117876e-08
2.36312387491264e-01	2.26953713764513e-02	-2.24458902575719e-08	3.46602305101608e-01	2.21916561496724e-02	-2.24727436659578e-08
4.52103461297224e-01	2.17098120367867e-02	-2.24996545838962e-08	5.53121132470561e-01	2.12484447850652e-02	-2.25266163500493e-08
6.49935187050523e-01	2.08062761845300e-02	-2.25536056497333e-08	7.42802674983455e-01	2.03821322414561e-02	-2.25806680020924e-08
8.31960106848556e-01	1.99749327690226e-02	-2.26077774279076e-08	9.17625465156917e-01	1.96306306177230e-02	-4.71710102376566e-05
1.00000000000000e+00	0.00000000000000e+00	0.00000000000000e+00
11	1.38949549437314e+02	7.76419354838710e+00
0.00000000000000e+00	2.29026643326771e-02	-1.48837222546661e-08	1.20150747655793e-01	2.23898336951907e-02	-1.43323861667710e-08
2.35039010905684e-01	2.18994653047642e-02	-1.43460869850287e-08	3.45003127201937e-01	2.14301142169513e-02	-1.43598195556649e-08
4.50353039214271e-01	2.09804575298114e-02	-1.43735636726205e-08	5.51373212358758e-01	2.05492810838408e-02	-1.43873302160813e-08
6.48325199870013e-01	2.01354685136113e-02	-1.44011058633708e-08	7.41449904086036e-01	1.97379915962281e-02	-1.44149254754922e-08
8.30969575107834e-01	1.93559017204157e-02	-1.44287344294725e-08	9.17089581742881e-01	1.90335533567099e-02	-4.54367419824298e-05
1.00000000000000e+00	0.00000000000000e+00	0.00000000000000e+00
11	1.38949549437314e+02	7.99000000000000e+00
0.00000000000000e+00	2.20794419647039e-02	-9.68700231140929e-09	1.19442133187429e-01	2.16024438159841e-02	-9.15817577329392e-09
2.33832904186413e-01	2.11456192846904e-02	-9.16518017035628e-09	3.43486126164263e-01	2.07077143413918e-02	-9.17218900831074e-09
4.48690145720210e-01	2.02875774621716e-02	-9.17919984466664e-09	5.49710374819318e-01	1.98841487135368e-02	-9.18622933276936e-09
6.46791526565857e-01	1.94964508236934e-02	-9.19326237358575e-09	7.40159594434305e-01	1.91235812784738e-02	-9.20029918916043e-09
8.30023608656485e-01	1.87647053071278e-02	-9.20735088172364e-09	9.16577198497578e-01	1.84626588792534e-02	-4.38016126602658e-05
1.00000000000000e+00	0.00000000000000e+00	0.00000000000000e+00
