42	2.15443469003188e+03	9.90000000000000e-01
0.00000000000000e+00	1.86221049486632e-02	-4.41235422417030e-05	3.72726742962082e-02	1.81517421167883e-02	-4.62733199235732e-05
7.32163644955657e-02	1.76918026343900e-02	-4.85972077903796e-05	1.07910370605416e-01	1.72410074372540e-02	-5.11009344716928e-05
1.41428361319357e-01	1.67981130196244e-02	-5.38035631321154e-05	1.73838909464819e-01	1.63618827186924e-02	-5.67267536604188e-05
2.05205972942434e-01	1.59310742072365e-02	-5.98951977959228e-05	2.35589328091890e-01	1.55044262561799e-02	-6.33371441192132e-05
2.65044961718851e-01	1.50806444324547e-02	-6.70850321005112e-05	2.93625427262398e-01	1.46583853388869e-02	-7.11762585876574e-05
3.21380169961286e-01	1.42362389474608e-02	-7.56541196749172e-05	3.48355825373189e-01	1.38127084446851e-02	-8.05689613663230e-05
3.74596495202508e-01	1.33861869054017e-02	-8.59796048175987e-05	4.00144004090872e-01	1.29549299183531e-02	-9.19551202198665e-05
4.25038140816931e-01	1.25170230463183e-02	-9.85770453587609e-05	4.49316887239316e-01	1.20703427033870e-02	-1.05942188368235e-04
4.73016638304580e-01	1.16125086072136e-02	-1.14166202161536e-04	4.96172416543082e-01	1.11408253317871e-02	-1.23388152132087e-04
5.18818084711281e-01	1.06522097996740e-02	-1.33776460357060e-04	5.40986560639477e-01	1.01431003221495e-02	-1.45536668091140e-04
5.62710038959134e-01	9.60934131191693e-03	-1.58921699274339e-04	5.84020225283036e-01	9.04603563888418e-03	-1.74245636223258e-04
6.04948589699396e-01	8.44735321637247e-03	-1.91902339842454e-04	6.25526648275959e-01	7.80627999971051e-03	-2.12391092295761e-04
6.45786283885097e-01	7.11428449720142e-03	-2.36352426008946e-04	6.65760121420730e-01	6.36086818406478e-03	-2.64618903913938e-04
6.85481977948814e-01	5.53295033041334e-03	-2.98288685796733e-04	7.04987416413469e-01	4.61401167719266e-03	-3.38834241648378e-04
7.24314443688824e-01	3.58287932193035e-03	-3.88266543193350e-04	7.43504412493919e-01	2.41196674703592e-03	-4.49390397882166e-04
7.62603216235627e-01	1.06466203350708e-03	-5.26212760457945e-04	7.81662913862937e-01	-5.08653374415635e-04	-6.24619346246247e-04
8.00744002468726e-01	-2.37686504199375e-03	-7.53541682444903e-04	8.19918696214967e-01	-4.63833042684847e-03	-9.27067960734052e-04
8.39275827494149e-01	-7.43823146202038e-03	-1.16848357327748e-03	8.58928482446393e-01	-1.09995952053076e-02	-1.51856288102770e-03
8.79026503993037e-01	-1.56822030318660e-02	-2.05412391867288e-03	8.99778272277117e-01	-2.21029857815521e-02	-2.93448928869933e-03
9.21491794792330e-01	-3.14051556962888e-02	-4.53692452434895e-03	9.44661035421770e-01	-4.59250808932952e-02	-7.94895468330337e-03
9.70177800627317e-01	-7.17520248882086e-02	-1.67084054428952e-02	1.00000000000000e+00	0.00000000000000e+00	0.00000000000000e+00
29	2.15443469003188e+03	1.21580645161290e+00
0.00000000000000e+00	2.67344688594204e-02	-8.59928815013511e-05	5.50546348450417e-02	2.57871561302814e-02	-9.20723964161763e-05
1.07341329739720e-01	2.48696994086304e-02	-9.88313759158199e-05	1.57090533053871e-01	2.39770052738086e-02	-1.06365903472572e-04
2.04510057027283e-01	2.31040679946799e-02	-1.14799629073348e-04	2.49788054878883e-01	2.22458573762743e-02	-1.24281908954416e-04
2.93095586886623e-01	2.13972086170608e-02	-1.34994503474095e-04	3.34588849743661e-01	2.05526979311828e-02	-1.47160406733793e-04
3.74411131449123e-01	1.97064966396674e-02	-1.61055620256256e-04	4.12694544817701e-01	1.88521940887150e-02	-1.77025046153023e-04
4.49561586133379e-01	1.79825762421715e-02	-1.95504238840405e-04	4.85126561290104e-01	1.70893414938711e-02	-2.17049625061527e-04
5.19496919940706e-01	1.61627271469205e-02	-2.42381169622830e-04	5.52774538963865e-01	1.51910075893833e-02	-2.72443749844475e-04
5.85057000567760e-01	1.41598054418903e-02	-3.08497200455449e-04	6.16438918744345e-01	1.30511253502386e-02	-3.52251482685473e-04
6.47013382644012e-01	1.18419677280963e-02	-4.06074857689287e-04	6.76873610421081e-01	1.05022904423633e-02	-4.73323821398752e-04
7.06114948772258e-01	8.99192995826459e-03	-5.58883904936414e-04	7.34837423850724e-01	7.25580679963245e-03	-6.70090771812015e-04
7.63149171685544e-01	5.21619480859292e-03	-8.18371911724292e-04	7.91171297254804e-01	2.75974072628449e-03	-1.02233489472714e-03
8.19045130026475e-01	-2.85396978424224e-04	-1.31397066078209e-03	8.46943685646981e-01	-4.19218023847301e-03	-1.75217182493692e-03
8.75090966748116e-01	-9.41989614302852e-03	-2.45543587439312e-03	9.03797074088894e-01	-1.67994371442924e-02	-3.69282785271463e-03
9.33528775895586e-01	-2.79780918932637e-02	-6.19248331026467e-03	9.65072450708757e-01	-4.70539402158873e-02	-1.20864850276388e-02
1.00000000000000e+00	0.00000000000000e+00	0.00000000000000e+00
20	2.15443469003188e+03	1.44161290322581e+00
0.00000000000000e+00	3.85867725277436e-02	-1.66570580421910e-04	8.12297338305387e-02	3.66722608623542e-02	-1.83666623338574e-04
1.56712830547654e-01	3.48438270995595e-02	-2.03558986096697e-04	2.27113301191409e-01	3.30809920558131e-02	-2.26888134985392e-04
2.93005742965639e-01	3.13634889548107e-02	-2.54497036431101e-04	3.54891480758846e-01	2.96703767613511e-02	-2.87504627395130e-04
4.13211757153389e-01	2.79789998227979e-02	-3.27422022721180e-04	4.68358718344167e-01	2.62636591651189e-02	-3.76330199420627e-04
5.20684798400998e-01	2.44938011424944e-02	-4.37159406598830e-04	5.70511021049870e-01	2.26314098304949e-02	-5.14142860746247e-04
6.18134714617882e-01	2.06270709219576e-02	-6.13581277184361e-04	6.63837184042084e-01	1.84137603827070e-02	-7.45188295115273e-04
7.07892039629982e-01	1.58965898741503e-02	-9.24583293978154e-04	7.50575229219114e-01	1.29350233820100e-02	-1.17820638457800e-03
7.92178551951165e-01	9.31025143392539e-03	-1.55378250060445e-03	8.33030020299104e-01	4.66121020458865e-03	-2.14488072546914e-03
8.73528143452904e-01	-1.65137263521975e-03	-3.15646641177203e-03	9.14206838003450e-01	-1.08626513397330e-02	-5.11421549789293e-03
9.55876831192296e-01	-2.58659601118458e-02	-9.49054099044755e-03	1.00000000000000e+00	0.00000000000000e+00	0.00000000000000e+00
15	2.15443469003188e+03	1.66741935483871e+00
0.00000000000000e+00	5.12349231179929e-02	-2.66676899740359e-04	1.09881929241078e-01	4.79774928806305e-02	-3.02716392098112e-04
2.09703866527864e-01	4.49155427961807e-02	-3.46650621923628e-04	3.00945671084867e-01	4.19912454077569e-02	-4.00971508471848e-04
3.84835707774318e-01	3.91470474089854e-02	-4.69247376796211e-04	4.62408017679603e-01	3.63212320733091e-02	-5.56727162865922e-04
5.34546764612323e-01	3.34421157830571e-02	-6.71390869723121e-04	6.02022149072860e-01	3.04194905779298e-02	-8.25856191995600e-04
6.65521177970808e-01	2.71307576200115e-02	-1.04104472943778e-03	7.25676550129808e-01	2.33966045236984e-02	-1.35374742654082e-03
7.83097696923698e-01	1.89349991399104e-02	-1.83368244991922e-03	8.38410550650997e-01	1.32668494837163e-02	-2.62664189273987e-03
8.92319504673110e-01	5.50392913477649e-03	-4.08210571526824e-03	9.45725070673118e-01	-6.28175103402773e-03	-7.12206489604927e-03
1.00000000000000e+00	0.00000000000000e+00	0.00000000000000e+00
12	2.15443469003188e+03	1.89322580645161e+00
0.00000000000000e+00	6.37245764846439e-02	-3.64483407513605e-04	1.38931919649847e-01	5.88803928589940e-02	-4.24052392261842e-04
2.62414869124559e-01	5.44071423721275e-02	-4.99644616460904e-04	3.73157714000044e-01	5.01819162783883e-02	-5.97592363041244e-04
4.73321973514997e-01	4.60829903410596e-02	-7.27712378497447e-04	5.64668278870895e-01	4.19758666461703e-02	-9.05888028849944e-04
6.48665143171008e-01	3.76933980663694e-02	-1.15920996654717e-03	7.26575064139732e-01	3.30024486755325e-02	-1.53703976920672e-03
7.99530492466426e-01	2.75405289988135e-02	-2.13733654061921e-03	8.68614145396124e-01	2.06816724847201e-02	-3.17822363488474e-03
9.34968889914928e-01	1.12049361939088e-02	-5.21642686756563e-03	1.00000000000000e+00	0.00000000000000e+00	0.00000000000000e+00
11	2.15443469003188e+03	2.11903225806452e+00
0.00000000000000e+00	6.84107616739571e-02	-3.57563642363834e-04	1.52426139709470e-01	6.30275070463764e-02	-4.16151808955600e-04
2.86779141414289e-01	5.81182261415027e-02	-4.90533217567757e-04	4.06376283636299e-01	5.35388000165393e-02	-5.86960656713931e-04
5.13822830964303e-01	4.91525063365850e-02	-7.15132203031876e-04	6.11208780224981e-01	4.48144864605942e-02	-8.90747874694453e-04
7.00250902230316e-01	4.03510139123826e-02	-1.14060152813300e-03	7.82401345861195e-01	3.55259234877019e-02	-1.51354530805747e-03
8.58939108105221e-01	2.99777765816343e-02	-2.10659473093622e-03	9.31061174300026e-01	2.31254775828396e-02	-3.17400597513329e-03
1.00000000000000e+00	0.00000000000000e+00	0.00000000000000e+00
11	2.15443469003188e+03	2.34483870967742e+00
0.00000000000000e+00	6.66654706551464e-02	-2.79412433050741e-04	1.52475135821433e-01	6.17135873816352e-02	-3.19723117398363e-04
2.87225307744266e-01	5.72239895744837e-02	-3.69491327810723e-04	4.07389863941876e-01	5.30799146540908e-02	-4.31931009424513e-04
5.15443270211057e-01	4.91767988396565e-02	-5.11754175128276e-04	6.13371082424911e-01	4.54129831248666e-02	-6.16090530961788e-04
7.02796213047667e-01	4.16794145743358e-02	-7.56147360586601e-04	7.85072839656738e-01	3.78457590485481e-02	-9.50371187164123e-04
8.61359935940534e-01	3.37383813321483e-02	-1.23089462615122e-03	9.32683900819201e-01	2.91708546674587e-02	-1.72825489063899e-03
1.00000000000000e+00	0.00000000000000e+00	0.00000000000000e+00
11	2.15443469003188e+03	2.57064516129032e+00
0.00000000000000e+00	6.48588156330192e-02	-2.12308462458566e-04	1.52127653562788e-01	6.03103591118230e-02	-2.38841924769861e-04
2.86949342080139e-01	5.62045231672526e-02	-2.70707881892429e-04	4.07422865929341e-01	5.24454977511706e-02	-3.09437550178870e-04
5.15890598360045e-01	4.89511902076722e-02	-3.57158422898296e-04	6.14236358225478e-01	4.56472163857600e-02	-4.16892306306371e-04
7.03998114630221e-01	4.24613328631409e-02	-4.93048060308920e-04	7.86450999839543e-01	3.93173579282802e-02	-5.92263165857476e-04
8.62670273937806e-01	3.61273271562201e-02	-7.24908110270039e-04	9.33581035486976e-01	3.28686469149335e-02	-9.97228491499413e-04
1.00000000000000e+00	0.00000000000000e+00	0.00000000000000e+00
11	2.15443469003188e+03	2.79645161290323e+00
0.00000000000000e+00	6.29894845124912e-02	-1.57195181633485e-04	1.51444740670584e-01	5.88132230301990e-02	-1.73973616413248e-04
2.86064784599007e-01	5.50535013494540e-02	-1.93602511747493e-04	4.06635684655043e-01	5.16304950273971e-02	-2.16764425068128e-04
5.15367877913923e-01	4.84777267987726e-02	-2.44362550913424e-04	6.14045949735300e-01	4.55378049719271e-02	-2.77608596680023e-04
7.04129268071423e-01	4.27589476737222e-02	-3.18158553235914e-04	7.86826145971265e-01	4.00918394261216e-02	-3.68323702149898e-04
8.63149597727863e-01	3.74863949207334e-02	-4.31408604289585e-04	9.33960199329472e-01	3.49871983350889e-02	-6.12081834912015e-04
1.00000000000000e+00	0.00000000000000e+00	0.00000000000000e+00
11	2.15443469003188e+03	3.02225806451613e+00
0.00000000000000e+00	6.10621185925950e-02	-1.13708523266753e-04	1.50489122386200e-01	5.72264954053727e-02	-1.23949467925044e-04
2.84686214278589e-01	5.37771087886201e-02	-1.35645527586048e-04	4.05186190231019e-01	5.06465596001955e-02	-1.49083813842266e-04
5.14068669277723e-01	4.77795411370900e-02	-1.64628787106214e-04	6.13021006563244e-01	4.51295951304260e-02	-1.82745513372939e-04
7.03427926916071e-01	4.26566315756549e-02	-2.04034944308429e-04	7.86437946679225e-01	4.03249289709124e-02	-2.29284528683760e-04
8.63013391154544e-01	3.81014035528855e-02	-2.59542273537194e-04	9.33968656787625e-01	3.60584192284163e-02	-4.01245783176130e-04
1.00000000000000e+00	0.00000000000000e+00	0.00000000000000e+00
11	2.15443469003188e+03	3.24806451612903e+00
0.00000000000000e+00	5.90873682613897e-02	-8.05828993302171e-05	1.49321405924112e-01	5.55624516624527e-02	-8.66450048637724e-05
2.82922507768786e-01	5.23914222466886e-02	-9.34216059353954e-05	4.03221126140612e-01	4.95168363298737e-02	-1.01027325738912e-04
5.12168022436567e-01	4.68917956384147e-02	-1.09603273946934e-04	6.11355034486132e-01	4.44773796715985e-02	-1.19321923842897e-04
7.02094592034241e-01	4.22407258611048e-02	-1.30395867949051e-04	7.85479096514252e-01	4.01535526569641e-02	-1.43089564638377e-04
8.62425897552049e-01	3.81909846098416e-02	-1.57735303582873e-04	9.33711813577218e-01	3.64368590596313e-02	-2.81611357429545e-04
1.00000000000000e+00	0.00000000000000e+00	0.00000000000000e+00
11	2.15443469003188e+03	3.47387096774194e+00
0.00000000000000e+00	5.70806098800796e-02	-5.61036550537075e-05	1.47997254040898e-01	5.38390282817292e-02	-5.95994581567005e-05
2.80872245571935e-01	5.09187237286215e-02	-6.34350792971805e-05	4.00870934814220e-01	4.82704730084809e-02	-6.76539100934459e-05
5.09818069614672e-01	4.58540569902841e-02	-7.23087851002280e-05	6.09211759277731e-01	4.36361950495463e-02	-7.74619716896741e-05
7.00293696711548e-01	4.15890040186500e-02	-8.31872660453925e-05	7.84102049214809e-01	3.96888262574111e-02	-8.95726533989283e-05
8.61511818106635e-01	3.79153215663970e-02	-9.67237130460319e-05	9.33266007398258e-01	3.63567310240731e-02	-2.11318312020703e-04
1.00000000000000e+00	0.00000000000000e+00	0.00000000000000e+00
11	2.15443469003188e+03	3.69967741935484e+00
0.00000000000000e+00	5.50599893610213e-02	-3.84740004288897e-05	1.46565650761590e-01	5.20771233757333e-02	-4.04457864344732e-05
2.78621217036928e-01	4.93839411034649e-02	-4.25752265253987e-05	3.98247498316042e-01	4.69381615213973e-02	-4.48776021562125e-05
5.07146998141632e-01	4.47050995401967e-02	-4.73721678948547e-05	6.06726268528990e-01	4.26559968618661e-02	-5.00809352697029e-05
6.98157655300851e-01	4.07667697647838e-02	-5.30291604603494e-05	7.82426217261588e-01	3.90170547123283e-02	-5.62459356390210e-05
8.60365814682515e-01	3.73894709114380e-02	-5.97649102518361e-05	9.32687177985191e-01	3.59733808104674e-02	-1.68517344791175e-04
1.00000000000000e+00	0.00000000000000e+00	0.00000000000000e+00
11	2.15443469003188e+03	3.92548387096774e+00
0.00000000000000e+00	5.30444069471236e-02	-2.60492161574533e-05	1.45068144546018e-01	5.02981691646240e-02	-2.71408466152590e-05
2.76241624748358e-01	4.78118475341098e-02	-2.83044077926675e-05	3.95443989044751e-01	4.55491017869252e-02	-2.95445078120071e-05
5.04260156958994e-01	4.34799541188715e-02	-3.08680121610116e-05	6.04007844092024e-01	4.15794408779648e-02	-3.22825739025312e-05
6.95791645023134e-01	3.98265927662456e-02	-3.37967446133458e-05	7.80544495957950e-01	3.82036522946017e-02	-3.54201039474145e-05
8.59059824791924e-01	3.66954661864327e-02	-3.71634117977138e-05	9.32016741331546e-01	3.53908721283418e-02	-1.41437820008861e-04
1.00000000000000e+00	0.00000000000000e+00	0.00000000000000e+00
11	2.15443469003188e+03	4.15129032258065e+00
0.00000000000000e+00	5.10518408248706e-02	-1.74492080182720e-05	1.43538835824370e-01	4.85223053277204e-02	-1.80441152004551e-05
2.73792476409525e-01	4.62251862910750e-02	-1.86716678534093e-05	3.92536042435890e-01	4.41292569026981e-02	-1.93325634330055e-05
5.01242301961980e-01	4.22085965095056e-02	-2.00292071488306e-05	6.01143436376664e-01	4.04415034297942e-02	-2.07642251131013e-05
6.93278260894922e-01	3.88096653580110e-02	-2.15404891299453e-05	7.78528744996112e-01	3.72975175753789e-02	-2.23611447172090e-05
8.57648558716052e-01	3.58917410978015e-02	-2.32296432094437e-05	9.31285604939578e-01	3.46797647306012e-02	-1.23561927364957e-04
1.00000000000000e+00	0.00000000000000e+00	0.00000000000000e+00
11	2.15443469003188e+03	4.37709677419355e+00
0.00000000000000e+00	4.90981932909493e-02	-1.15848879387315e-05	1.42004868266446e-01	4.67672304080327e-02	-1.19047414950391e-05
2.71320713281278e-01	4.46436349244332e-02	-1.22396118253931e-05	3.89583649948069e-01	4.27005862807459e-02	-1.25888215549708e-05
4.98160322051878e-01	4.09156774782833e-02	-1.29532014065958e-05	5.98201195303837e-01	3.92700400182235e-02	-1.33336431109576e-05
6.90681684543172e-01	3.77476702410111e-02	-1.37311049244193e-05	7.76434236432980e-01	3.63349037698231e-02	-1.41466176137861e-05
8.56173606172933e-01	3.50200013977378e-02	-1.45812912470955e-05	9.30516955194158e-01	3.38884867572506e-02	-1.11194322574892e-04
1.00000000000000e+00	0.00000000000000e+00	0.00000000000000e+00
11	2.15443469003188e+03	4.60290322580645e+00
0.00000000000000e+00	4.71966516215017e-02	-7.63501508527220e-06	1.40487200205049e-01	4.50476360765102e-02	-7.80492450402903e-06
2.68862701096709e-01	4.30834019214350e-02	-7.98206337560003e-06	3.86633327697291e-01	4.12809202836093e-02	-8.16530470260091e-06
4.95066018663990e-01	3.96208280538566e-02	-8.35493209772054e-06	5.95233740210675e-01	3.80867244321581e-02	-8.55124583432065e-06
6.88051243628236e-01	3.66646247002906e-02	-8.75456402127384e-06	7.74303194249746e-01	3.53425305166486e-02	-8.96522396565125e-06
8.54666505409163e-01	3.41100887252470e-02	-9.18358348100945e-06	9.29728224005973e-01	3.30506372014430e-02	-1.02197169684848e-04
1.00000000000000e+00	0.00000000000000e+00	0.00000000000000e+00
11	2.15443469003188e+03	4.82870967741935e+00
0.00000000000000e+00	4.53574756839190e-02	-5.00142273818227e-06	1.39001494342788e-01	4.33750800185613e-02	-5.09063750708805e-06
2.66445833264509e-01	4.15572503675958e-02	-5.18367403778974e-06	3.83720291087035e-01	3.98842130417603e-02	-5.27928549698409e-06
4.91998713563732e-01	3.83392373362985e-02	-5.37756781859855e-06	5.92281043556165e-01	3.69080703090343e-02	-5.47862142896705e-06
6.85424376656604e-01	3.55784942561153e-02	-5.58255149130105e-06	7.72167591261044e-01	3.43399757455023e-02	-5.68946825962868e-06
8.53151052446359e-01	3.31833848433514e-02	-5.79948727885693e-06	9.28932502060739e-01	3.21897225123859e-02	-9.53120566893340e-05
1.00000000000000e+00	0.00000000000000e+00	0.00000000000000e+00
11	2.15443469003188e+03	5.05451612903226e+00
0.00000000000000e+00	4.35880890282039e-02	-3.25999096184582e-06	1.37559014231000e-01	4.17581474827013e-02	-3.30624062128138e-06
2.64090085901504e-01	4.00747750691899e-02	-3.35482091839978e-06	3.80870478820009e-01	3.85209858007995e-02	-3.40448016822315e-06
4.88987575082958e-01	3.70823201884838e-02	-3.45525055633900e-06	5.89372896724427e-01	3.57463909682860e-02	-3.50716548003227e-06
6.82829065594307e-01	3.45025246446060e-02	-3.56025959780126e-06	7.70051354319312e-01	3.33414749495400e-02	-3.61456892594703e-06
8.51645053429306e-01	3.22551919294141e-02	-3.67013080793122e-06	9.28139572558668e-01	3.13222706389096e-02	-8.97868906188926e-05
1.00000000000000e+00	0.00000000000000e+00	0.00000000000000e+00
11	2.15443469003188e+03	5.28032258064516e+00
0.00000000000000e+00	4.18933564488269e-02	-2.11629175028705e-06	1.36167460132297e-01	4.02027767569684e-02	-2.13987059050069e-06
2.61809434949122e-01	3.86428058125283e-02	-2.16511670769748e-06	3.78102349749002e-01	3.71988398926810e-02	-2.19081233976404e-06
4.86053625530837e-01	3.58583746855965e-02	-2.21696825541962e-06	5.86530975808794e-01	3.46106398312858e-02	-2.24359549005904e-06
6.80285813391867e-01	3.34463084087837e-02	-2.27070541103380e-06	7.67972103820754e-01	3.23572629370341e-02	-2.29830983378143e-06
8.50161666403572e-01	3.13364054656537e-02	-2.32642078445977e-06	9.27356679982592e-01	3.04599102421033e-02	-8.51658845189007e-05
1.00000000000000e+00	0.00000000000000e+00	0.00000000000000e+00
11	2.15443469003188e+03	5.50612903225806e+00
0.00000000000000e+00	4.02759484970749e-02	-1.36931865446499e-06	1.34831704692311e-01	3.87126515165230e-02	-1.38102929558848e-06
2.59613086384219e-01	3.72658467343019e-02	-1.39409795796297e-06	3.75428417006229e-01	3.59229629783020e-02	-1.40735302900374e-06
4.83211423092035e-01	3.46731759863521e-02	-1.42079808096440e-06	5.83770537363096e-01	3.35071139216849e-02	-1.43443676758892e-06
6.77809232681780e-01	3.24166216572401e-02	-1.44827280923465e-06	7.65942520498982e-01	3.13945695220568e-02	-1.46231004194419e-06
8.48710432123924e-01	3.04346970233262e-02	-1.47655239390865e-06	9.26589107508564e-01	2.96107790084590e-02	-8.11690080464444e-05
1.00000000000000e+00	0.00000000000000e+00	0.00000000000000e+00
11	2.15443469003188e+03	5.73193548387097e+00
0.00000000000000e+00	3.87367441106190e-02	-8.83663505701904e-07	1.33554430251531e-01	3.72896153224818e-02	-8.89207297349870e-07
2.57506533360178e-01	3.59465148139693e-02	-8.95950633017506e-07	3.72856552323526e-01	3.46966038745453e-02	-9.02770989075208e-07
4.80470473579442e-01	3.35305000487214e-02	-9.09669536364177e-07	5.81101821228503e-01	3.24400393259663e-02	-9.16647449278329e-07
6.75409339314120e-01	3.14180845662364e-02	-9.23705989697154e-07	7.63971439624562e-01	3.04583689683204e-02	-9.30846390190254e-07
8.47298084862085e-01	2.95553673244615e-02	-9.38069904421468e-07	9.25840623040769e-01	2.87805009690960e-02	-7.76216805362662e-05
1.00000000000000e+00	0.00000000000000e+00	0.00000000000000e+00
11	2.15443469003188e+03	5.95774193548387e+00
0.00000000000000e+00	3.72752073065161e-02	-5.69073812739518e-07	1.32336650839046e-01	3.59340517710878e-02	-5.71438678598213e-07
2.55492419142246e-01	3.46859307187537e-02	-5.74909045036875e-07	3.70391044906619e-01	3.35214815429463e-02	-5.78411127882816e-07
4.77836368179234e-01	3.24325582830827e-02	-5.81945313271603e-07	5.78531171129106e-01	3.14120390725723e-02	-5.85511993334009e-07
6.73092575242202e-01	3.04536701075455e-02	-5.89111570192813e-07	7.62064706658926e-01	2.95519372995450e-02	-5.92744436200832e-07
8.45929178897662e-01	2.87019600463099e-02	-5.96411015463261e-07	9.25113819530160e-01	2.79728683869731e-02	-7.44131698371397e-05
1.00000000000000e+00	0.00000000000000e+00	0.00000000000000e+00
11	2.15443469003188e+03	6.18354838709677e+00
0.00000000000000e+00	3.58897270922429e-02	-3.65906757560097e-07	1.31178137658606e-01	3.46452229190732e-02	-3.66649339778036e-07
2.53571240251568e-01	3.34840598311359e-02	-3.68431460451291e-07	3.68033462280044e-01	3.23981331120460e-02	-3.70226592272260e-07
4.75311704768846e-01	3.13803570728579e-02	-3.72034892670570e-07	5.76061937199004e-01	3.04245086697215e-02	-3.73856464896960e-07
6.70862626864031e-01	2.95251001030232e-02	-3.75691460163807e-07	7.60225856507524e-01	2.86772733469001e-02	-3.77539983276165e-07
8.44606581554338e-01	2.78767123283103e-02	-3.79402203209978e-07	9.24410380283954e-01	2.71903285893951e-02	-7.14717211460769e-05
1.00000000000000e+00	0.00000000000000e+00	0.00000000000000e+00
11	2.15443469003188e+03	6.40935483870968e+00
0.00000000000000e+00	3.45779154262804e-02	-2.35019001593173e-07	1.30077764496558e-01	3.34215636209214e-02	-2.34946101462796e-07
2.51741918648300e-01	3.23400049952078e-02	-2.35859632269353e-07	3.65783351260092e-01	3.13262074722296e-02	-2.36778496809364e-07
4.72896837466018e-01	3.03739948480826e-02	-2.37702743932644e-07	5.73695208586648e-01	2.94779193573529e-02	-2.38632411164730e-07
6.68721086987972e-01	2.86331573562417e-02	-2.39567543580677e-07	7.58456660485296e-01	2.78354224330963e-02	-2.40508174043086e-07
8.43331868046046e-01	2.70808926417729e-02	-2.41454379823480e-07	9.23731290105354e-01	2.64343402958511e-02	-6.87495692819340e-05
1.00000000000000e+00	0.00000000000000e+00	0.00000000000000e+00
11	2.15443469003188e+03	6.63516129032258e+00
0.00000000000000e+00	3.33368428873464e-02	-1.50862771830518e-07	1.29033770650395e-01	3.22609145507711e-02	-1.50390513597998e-07
2.50002239327985e-01	3.12522374655806e-02	-1.50858106895413e-07	3.63638775629876e-01	3.03046952175166e-02	-1.51327885111741e-07
4.70590452407637e-01	2.94128923609072e-02	-1.51799851799694e-07	5.71430376323457e-01	2.85720501971920e-02	-1.52274035603028e-07
6.66667962960004e-01	2.77779210986249e-02	-1.52750446069660e-07	7.56757545376225e-01	2.70267167281790e-02	-1.53229090527063e-07
8.42105623163301e-01	2.63150475952807e-02	-1.53709992511963e-07	9.23076996058002e-01	2.57056295450209e-02	-6.62138179037264e-05
1.00000000000000e+00	0.00000000000000e+00	0.00000000000000e+00
11	2.15443469003188e+03	6.86096774193548e+00
0.00000000000000e+00	3.21632395694793e-02	-9.68389917144208e-08	1.28043974438659e-01	3.11607206207483e-02	-9.61808679367238e-08
2.48349207936015e-01	3.02187926329751e-02	-9.64199176056724e-08	3.61596757656724e-01	2.93321219764067e-02	-9.66598550089515e-08
4.68390042190609e-01	2.84959842308921e-02	-9.69006885842560e-08	5.69265598172221e-01	2.77061786233062e-02	-9.71424174434077e-08
6.64702096798981e-01	2.69589574334750e-02	-9.73850609042870e-08	7.55127939999151e-01	2.62509665204869e-02	-9.76286078646638e-08
8.40927690606620e-01	2.55791949782505e-02	-9.78730840817121e-08	9.22447540140493e-01	2.50043862868430e-02	-6.38408953728131e-05
1.00000000000000e+00	0.00000000000000e+00	0.00000000000000e+00
11	2.15443469003188e+03	7.08677419354839e+00
0.00000000000000e+00	3.10536411438656e-02	-6.22017652940343e-08	1.27105927227703e-01	3.01181767528820e-02	-6.14665791598412e-08
2.46779311156131e-01	2.92374146760221e-02	-6.15886661670118e-08	3.59653601884537e-01	2.84066916359627e-02	-6.17111155509775e-08
4.66292255715754e-01	2.76218607728445e-02	-6.18339315305860e-08	5.67198142792469e-01	2.68792211216593e-02	-6.19570990068041e-08
6.62821477154407e-01	2.61754592496712e-02	-6.20806650530881e-08	7.53566533021452e-01	2.55075998264511e-02	-6.22045661646808e-08
8.39797358654696e-01	2.48729635720293e-02	-6.23288700651869e-08	9.21842658108453e-01	2.43304054889406e-02	-6.16131375503759e-05
1.00000000000000e+00	0.00000000000000e+00	0.00000000000000e+00
11	2.15443469003188e+03	7.31258064516129e+00
0.00000000000000e+00	3.00045093458527e-02	-4.00151518586966e-08	1.26217037033791e-01	2.91303487113674e-02	-3.92578018981737e-08
2.45288727674504e-01	2.83056766735621e-02	-3.93201042836466e-08	3.57805159547568e-01	2.75264051582043e-02	-3.93825452249530e-08
4.64293185745916e-01	2.67888852717733e-02	-3.94451342700108e-08	5.65224674151886e-01	2.60898489387942e-02	-3.95078811887828e-08
6.61023498227090e-01	2.54263604848093e-02	-3.95707753231278e-08	7.52071487684018e-01	2.47957754231112e-02	-3.96338206698488e-08
8.38713515215876e-01	2.41957052248911e-02	-3.96970090132953e-08	9.21261862162921e-01	2.36831989777075e-02	-5.95167050307932e-05
1.00000000000000e+00	0.00000000000000e+00	0.00000000000000e+00
11	2.15443469003188e+03	7.53838709677419e+00
0.00000000000000e+00	2.90123146617625e-02	-2.58130279373603e-08	1.25374654326407e-01	2.81942577346013e-02	-2.50607365970268e-08
2.43873476872054e-01	2.74210659327287e-02	-2.50925056288764e-08	3.56047017191758e-01	2.66891458098850e-02	-2.51243306159665e-08
4.62388576025536e-01	2.59952786375170e-02	-2.51562206621259e-08	5.63341457978875e-01	2.53365719058387e-02	-2.51881560053846e-08
6.59305148901639e-01	2.47104190173075e-02	-2.52201766137716e-08	7.50640599443574e-01	2.41144648118519e-02	-2.52522474042394e-08
8.37674762118399e-01	2.35465759632310e-02	-2.52843677106540e-08	9.20704502092442e-01	2.30620760963551e-02	-5.75402861739960e-05
1.00000000000000e+00	0.00000000000000e+00	0.00000000000000e+00
11	2.15443469003188e+03	7.76419354838710e+00
0.00000000000000e+00	2.80736028227666e-02	-1.67253044747184e-08	1.24576140182843e-01	2.73069493410012e-02	-1.59911355268605e-08
2.42529538487357e-01	2.65810538646503e-02	-1.60073259092286e-08	3.54374650125206e-01	2.58927492686190e-02	-1.60235389401464e-08
4.60573991327596e-01	2.52391891900603e-02	-1.60397739534801e-08	5.61544532589830e-01	2.46178075583410e-02	-1.60560444939506e-08
6.57663170296125e-01	2.40262849221382e-02	-1.60723274689190e-08	7.49271428053531e-01	2.34625195171498e-02	-1.60886330924370e-08
8.36679511349011e-01	2.29246023133622e-02	-1.61049769076271e-08	9.20169816980672e-01	2.24662092857613e-02	-5.56743077926303e-05
1.00000000000000e+00	0.00000000000000e+00	0.00000000000000e+00
11	2.15443469003188e+03	7.99000000000000e+00
0.00000000000000e+00	2.71850341867841e-02	-1.09104705270369e-08	1.23818908758965e-01	2.64655360520760e-02	-1.02002841728677e-08
2.41252929397654e-01	2.57831408018163e-02	-1.02085355724313e-08	3.52783523087185e-01	2.51350496455023e-02	-1.02167867499503e-08
4.58844930960023e-01	2.45187392602619e-02	-1.02250508060564e-08	5.59829824502620e-01	2.39319278793944e-02	-1.02333208573668e-08
6.56094163588217e-01	2.33725470629935e-02	-1.02416133351824e-08	7.47961388789250e-01	2.28387173368225e-02	-1.02499004839274e-08
8.35726052024318e-01	2.23287270952286e-02	-1.02582182748279e-08	9.19656971412924e-01	2.18946794866202e-02	-5.39104308145966e-05
1.00000000000000e+00	0.00000000000000e+00	0.00000000000000e+00
