53	6.93856787873719e+04	9.90000000000000e-01
0.00000000000000e+00	1.52985888093515e-02	-2.72001114860476e-05	2.99179809399793e-02	1.49877250021599e-02	-2.82339103678808e-05
5.89524064466466e-02	1.46829649707902e-02	-2.93445227479427e-05	8.71465547898992e-02	1.43837423599404e-02	-3.05221371956765e-05
1.14541138345781e-01	1.40895239089434e-02	-3.17722611691273e-05	1.41174504310729e-01	1.37997839929194e-02	-3.31009808576255e-05
1.67082818288503e-01	1.35140013436272e-02	-3.45150348837198e-05	1.92300232382214e-01	1.32316557017058e-02	-3.60219004040818e-05
2.16859039443747e-01	1.29522243509024e-02	-3.76298934052777e-05	2.40789814955907e-01	1.26751784755188e-02	-3.93482825584712e-05
2.64121547870117e-01	1.23999792900999e-02	-4.11874251782240e-05	2.86881761591224e-01	1.21260738639357e-02	-4.31589229519247e-05
3.09096626188844e-01	1.18528905704800e-02	-4.52758070188519e-05	3.30791062819295e-01	1.15798340639122e-02	-4.75527536085707e-05
3.51988841262340e-01	1.13062796841368e-02	-5.00063422967933e-05	3.72712671411197e-01	1.10315671468248e-02	-5.26553554884845e-05
3.92984289502147e-01	1.07549933935775e-02	-5.55211472041961e-05	4.12824539830653e-01	1.04758043748217e-02	-5.86280684198304e-05
4.32253452674943e-01	1.01931855856079e-02	-6.20039946501727e-05	4.51290319134985e-01	9.90625103647758e-03	-6.56809524051116e-05
4.69953763596602e-01	9.61403034221342e-03	-6.96958888328769e-05	4.88261814547943e-01	9.31545346364238e-03	-7.40915976877865e-05
5.06231974511579e-01	9.00933261992698e-03	-7.89178826741121e-05	5.23881289912632e-01	8.69434061580132e-03	-8.42329719683566e-05
5.41226421787464e-01	8.36898475483894e-03	-9.01052880715181e-05	5.58283718353504e-01	8.03157522141351e-03	-9.66156772521654e-05
5.75069290618314e-01	7.68018646272739e-03	-1.03860225154184e-04	5.91599092416928e-01	7.31260961314573e-03	-1.11953805722154e-04
6.07889006547451e-01	6.92629365794040e-03	-1.21034743834070e-04	6.23954939047261e-01	6.51827166854679e-03	-1.31270730426181e-04
6.39812924152440e-01	6.08506795255326e-03	-1.42866692211419e-04	6.55479243150892e-01	5.62257976350344e-03	-1.56075157779600e-04
6.70970561247300e-01	5.12592535765477e-03	-1.71210258058219e-04	6.86304087796447e-01	4.58924617563938e-03	-1.88666534056914e-04
7.01497766978498e-01	4.00544719712093e-03	-2.08945193664434e-04	7.16570508389957e-01	3.36585068659123e-03	-2.32690611963404e-04
7.31542470448363e-01	2.65972860966990e-03	-2.60742442879103e-04	7.46435414456129e-01	1.87366115084320e-03	-2.94211315134296e-04
7.61273154466086e-01	9.90641383156632e-04	-3.34591139319329e-04	7.76082139075726e-01	-1.11985276630699e-05	-3.83929783262849e-04
7.90892218205054e-01	-1.16043906898433e-03	-4.45095522273453e-04	8.05737674701088e-01	-2.49513116596012e-03	-5.22206396323055e-04
8.20658644294432e-01	-4.06701920632035e-03	-6.21346949290391e-04	8.35703121169994e-01	-5.94821764483067e-03	-7.51815532744171e-04
8.50929875943274e-01	-8.24216475195938e-03	-9.28405264394749e-04	8.66412851262495e-01	-1.11023986856875e-02	-1.17582735658850e-03
8.82248064293796e-01	-1.47664503679088e-02	-1.53794325133672e-03	8.98565011421749e-01	-1.96210088694918e-02	-2.09886691854488e-03
9.15546757854020e-01	-2.63371692892737e-02	-3.03735261879989e-03	9.33468408445144e-01	-3.61785529004260e-02	-4.79195089191631e-03
9.52779706212700e-01	-5.17789283474455e-02	-8.70082941196482e-03	9.74314935575823e-01	-8.01699611696566e-02	-1.96589122215167e-02
1.00000000000000e+00	0.00000000000000e+00	0.00000000000000e+00
34	6.93856787873719e+04	1.21580645161290e+00
0.00000000000000e+00	2.36306162282278e-02	-6.17691299247269e-05	4.75533723750410e-02	2.29041131552532e-02	-6.54810330023015e-05
9.29772248299256e-02	2.21992532692543e-02	-6.95497570426529e-05	1.36428174173807e-01	2.15130765024860e-02	-7.40116129365198e-05
1.78049029509044e-01	2.08427084548908e-02	-7.89190713801347e-05	2.17970398314871e-01	2.01853050730170e-02	-8.43336747342605e-05
2.56312090823912e-01	1.95380086077019e-02	-9.03279895720921e-05	2.93184354498914e-01	1.88979002916778e-02	-9.69880681556123e-05
3.28688965657332e-01	1.82619478603088e-02	-1.04416574653765e-04	3.62920201352721e-01	1.76269456250318e-02	-1.12736795243373e-04
3.95965711543826e-01	1.69894441783496e-02	-1.22097821666278e-04	4.27907309245576e-01	1.63456659556172e-02	-1.32681327267736e-04
4.58821694686416e-01	1.56914016114160e-02	-1.44710513421131e-04	4.88781128464354e-01	1.50218803892062e-02	-1.58462063630793e-04
5.17854068318169e-01	1.43316050637230e-02	-1.74282319425956e-04	5.46105784488695e-01	1.36141382278128e-02	-1.92609472487559e-04
5.73598969895961e-01	1.28618210276825e-02	-2.14004475290963e-04	6.00394363776053e-01	1.20653968941518e-02	-2.39194838277168e-04
6.26551411461566e-01	1.12134994902309e-02	-2.69137803577069e-04	6.52128989397243e-01	1.02919433190556e-02	-3.05113434290183e-04
6.77186234485063e-01	9.28272148597920e-03	-3.48864901244639e-04	7.01783532517700e-01	8.16255930606302e-03	-4.02815613307350e-04
7.25983745338687e-01	6.90077642375675e-03	-4.70415303994942e-04	7.49853796784612e-01	5.45604077614303e-03	-5.56710842107622e-04
7.73466805064294e-01	3.77128650550351e-03	-6.69325870762405e-04	7.96905066418530e-01	1.76547022371998e-03	-8.20222497056822e-04
8.20264406996534e-01	-6.80368370945761e-04	-1.02905055420677e-03	8.43660824103798e-01	-3.74786157449136e-03	-1.32996485072989e-03
8.67241158139168e-01	-7.72795048099717e-03	-1.78672980896244e-03	8.91201334616668e-01	-1.31152724110124e-02	-2.53006190584504e-03
9.15820064301360e-01	-2.08165869119299e-02	-3.86463955258076e-03	9.41527860956714e-01	-3.26595341942163e-02	-6.64844032152900e-03
9.69070734188264e-01	-5.33189477601965e-02	-1.35701331119364e-02	1.00000000000000e+00	0.00000000000000e+00	0.00000000000000e+00
23	6.93856787873719e+04	1.44161290322581e+00
0.00000000000000e+00	3.47199110734617e-02	-1.24698387774735e-04	7.14863707130595e-02	3.31934843825430e-02	-1.35801167198801e-04
1.38379631224732e-01	3.17329428374191e-02	-1.48472295332436e-04	2.01158281007593e-01	3.03254654935952e-02	-1.63015114502674e-04
2.60241743072895e-01	2.89585778558519e-02	-1.79818693219591e-04	3.15999978534180e-01	2.76197410963479e-02	-1.99378975984876e-04
3.68761456330478e-01	2.62959055423053e-02	-2.22336119334310e-04	4.18819844581658e-01	2.49729817337823e-02	-2.49528006520228e-04
4.66439717687757e-01	2.36351757535753e-02	-2.82068483330677e-04	5.11861523885545e-01	2.22641107869992e-02	-3.21464310360842e-04
5.55306028344705e-01	2.08376150931200e-02	-3.69794399591949e-04	5.96978436527377e-01	1.93279851367592e-02	-4.29992430205361e-04
6.37072414498153e-01	1.76994069165686e-02	-5.06307134402917e-04	6.75774265670943e-01	1.59039901654188e-02	-6.05080675703640e-04
7.13267615507887e-01	1.38754375332260e-02	-7.36124085617629e-04	7.49739135235820e-01	1.15185121937798e-02	-9.15278114012485e-04
7.85386184448761e-01	8.69066510007466e-03	-1.16949219982687e-03	8.20427954781249e-01	5.16814639552310e-03	-1.54771667965692e-03
8.55123200799692e-01	5.79167261326674e-04	-2.14670573797915e-03	8.89801151969972e-01	-5.73907075095392e-03	-3.18074726855100e-03
9.24921373726305e-01	-1.50769686697395e-02	-5.20827764698595e-03	9.61206446469300e-01	-3.05293050281771e-02	-9.79423326408435e-03
1.00000000000000e+00	0.00000000000000e+00	0.00000000000000e+00
16	6.93856787873719e+04	1.66741935483871e+00
0.00000000000000e+00	4.98443104905515e-02	-2.35547101788303e-04	1.04301525092448e-01	4.68052410213404e-02	-2.65686767743079e-04
1.99276644478735e-01	4.39518558482574e-02	-3.02054035987931e-04	2.86255717903453e-01	4.12346328305901e-02	-3.46492387523156e-04
3.66347338640259e-01	3.86051631227786e-02	-4.01590336399638e-04	4.40487061177644e-01	3.60128579569072e-02	-4.71067058852137e-04
5.09475319444227e-01	3.34008526096847e-02	-5.60422708217878e-04	5.74007873549566e-01	3.07002645203196e-02	-6.78071849437467e-04
6.34701398720040e-01	2.78213430319583e-02	-8.37419199958722e-04	6.92116550655704e-01	2.46387253617355e-02	-1.06089432912460e-03
7.46781070307818e-01	2.09650826573486e-02	-1.38838875477254e-03	7.99216551978689e-01	1.65004991925559e-02	-1.89660210188825e-03
8.49975356795478e-01	1.07270866572955e-02	-2.74907522156709e-03	8.99701721037917e-01	2.66819650076622e-03	-4.34883218308935e-03
9.49253405614623e-01	-9.85120286950592e-03	-7.79799232019829e-03	1.00000000000000e+00	0.00000000000000e+00	0.00000000000000e+00
13	6.93856787873719e+04	1.89322580645161e+00
0.00000000000000e+00	6.09369834749325e-02	-3.12119980833803e-04	1.29758776848136e-01	5.65552858172589e-02	-3.59503617621604e-04
2.45627452011967e-01	5.25087942998324e-02	-4.18643913865591e-04	3.49937167310213e-01	4.86984531774741e-02	-4.93789353714691e-04
4.44562516305329e-01	4.50284947267834e-02	-5.91307680053443e-04	5.31038095042513e-01	4.13971800943764e-02	-7.21089247228912e-04
6.10645286015812e-01	3.76845786234625e-02	-8.99178979816284e-04	6.84480051916273e-01	3.37336205597685e-02	-1.15303036525138e-03
7.53510136474072e-01	2.93168589932140e-02	-1.53286291102672e-03	8.18629937299858e-01	2.40719226917416e-02	-2.13883914156776e-03
8.80724555039364e-01	1.73633717643833e-02	-3.19549192949786e-03	9.40765779600433e-01	7.92644641718265e-03	-5.26899774414114e-03
1.00000000000000e+00	0.00000000000000e+00	0.00000000000000e+00
11	6.93856787873719e+04	2.11903225806452e+00
0.00000000000000e+00	7.14510436610141e-02	-3.68842005655345e-04	1.54563448270077e-01	6.56546881301572e-02	-4.31057851519867e-04
2.90083437995074e-01	6.03984949126912e-02	-5.10564133139990e-04	4.10168721304274e-01	5.55177843772425e-02	-6.14434711815770e-04
5.17626744622182e-01	5.08579099674107e-02	-7.53783199629376e-04	6.14691278784160e-01	4.62557039707314e-02	-9.46883643483387e-04
7.03184669316081e-01	4.15147299795662e-02	-1.22552877032867e-03	7.84640684650681e-01	3.63646558853694e-02	-1.64912006374229e-03
8.60407671412669e-01	3.03834463600050e-02	-2.33949057298211e-03	9.31752578330206e-01	2.28621822162762e-02	-3.61414434904717e-03
1.00000000000000e+00	0.00000000000000e+00	0.00000000000000e+00
11	6.93856787873719e+04	2.34483870967742e+00
0.00000000000000e+00	6.97311441830422e-02	-2.89401152406610e-04	1.54711028882674e-01	6.43745644610643e-02	-3.32393142154164e-04
2.90708542687065e-01	5.95453401848607e-02	-3.85781165968213e-04	4.11421828252564e-01	5.51085839424619e-02	-4.53213390608775e-04
5.19528033346059e-01	5.09448062052276e-02	-5.40097947829610e-04	6.17157333827568e-01	4.69386262610745e-02	-6.54725538066891e-04
7.06038239898709e-01	4.29663740711166e-02	-8.10333735514757e-04	7.87604477670581e-01	3.88792861760663e-02	-1.02912980903347e-03
8.63078032665562e-01	3.44764151224617e-02	-1.35072816942827e-03	9.33539828489800e-01	2.95249663471282e-02	-1.92209713997515e-03
1.00000000000000e+00	0.00000000000000e+00	0.00000000000000e+00
11	6.93856787873719e+04	2.57064516129032e+00
0.00000000000000e+00	6.79588307270007e-02	-2.20468673659768e-04	1.54454099701604e-01	6.30151024911954e-02	-2.48824462557584e-04
2.90596237529485e-01	5.85777718664335e-02	-2.83048147428300e-04	4.11671723011785e-01	5.45349401561284e-02	-3.24877432017923e-04
5.20225600223727e-01	5.07918072997766e-02	-3.76748900005719e-04	6.18287050719552e-01	4.72632339462233e-02	-4.42160322664753e-04
7.07500125157880e-01	4.38669554374460e-02	-5.26278285913451e-04	7.89218909035252e-01	4.05162162261685e-02	-6.36994553088188e-04
8.64578989653653e-01	3.71102080960621e-02	-7.86854521547253e-04	9.34553476774461e-01	3.36111245129247e-02	-1.08879871497791e-03
1.00000000000000e+00	0.00000000000000e+00	0.00000000000000e+00
11	6.93856787873719e+04	2.79645161290323e+00
0.00000000000000e+00	6.61264912061257e-02	-1.63446076905549e-04	1.53850176712778e-01	6.15649843679278e-02	-1.81379972443718e-04
2.89855044910293e-01	5.74820262667242e-02	-2.02446694575809e-04	4.11074129545727e-01	5.37833634144063e-02	-2.27418672388957e-04
5.19919877118994e-01	5.03913883064655e-02	-2.57325495558902e-04	6.18322771832911e-01	4.72397593967950e-02	-2.93560105655288e-04
7.07849044716457e-01	4.42690890075392e-02	-3.38044375571167e-04	7.89786373173758e-01	4.14230966090121e-02	-3.93489954433779e-04
8.65207617272240e-01	3.86446737644086e-02	-4.63822625214494e-04	9.35019355849326e-01	3.59746451035143e-02	-6.58906162865458e-04
1.00000000000000e+00	0.00000000000000e+00	0.00000000000000e+00
11	6.93856787873719e+04	3.02225806451613e+00
0.00000000000000e+00	6.42334288676085e-02	-1.18254403099094e-04	1.52960131371201e-01	6.00230223132605e-02	-1.29187114551454e-04
2.88597263828565e-01	5.62585667877824e-02	-1.41714486389333e-04	4.09785471515043e-01	5.28596188269250e-02	-1.56159971027803e-04
5.18804895092421e-01	4.97609011390474e-02	-1.72936423110448e-04	6.17488908475997e-01	4.69081312886743e-02	-1.92574115343902e-04
7.07329867894103e-01	4.42548846819186e-02	-2.15763231518729e-04	7.89556510010474e-01	4.17601038900988e-02	-2.43415452009677e-04
8.65191585446105e-01	3.93859710197939e-02	-2.76755108001847e-04	9.35095503097781e-01	3.72054017377499e-02	-4.27557497671094e-04
1.00000000000000e+00	0.00000000000000e+00	0.00000000000000e+00
11	6.93856787873719e+04	3.24806451612903e+00
0.00000000000000e+00	6.22864887752954e-02	-8.37521646657180e-05	1.51844130552425e-01	5.83976889658420e-02	-9.02092668069177e-05
2.86931610252950e-01	5.49197537798201e-02	-9.74462439775614e-05	4.07953269660381e-01	5.17834029641602e-02	-1.05591529951266e-04
5.17057955957720e-01	4.89326907929921e-02	-1.14803818037412e-04	6.15983048176360e-01	4.63216498400849e-02	-1.25278046303245e-04
7.06149094056548e-01	4.39118194896995e-02	-1.37255807275860e-04	7.88729594453441e-01	4.16703720303497e-02	-1.51039421018018e-04
8.64703258275523e-01	3.95686420893375e-02	-1.67011222968361e-04	9.34893692920687e-01	3.76927749877378e-02	-2.98130678546338e-04
1.00000000000000e+00	0.00000000000000e+00	0.00000000000000e+00
11	6.93856787873719e+04	3.47387096774194e+00
0.00000000000000e+00	6.02988542442540e-02	-5.82384546594650e-05	1.50558408037417e-01	5.67047787348831e-02	-6.19511654018634e-05
2.84957909971149e-01	5.34859091010744e-02	-6.60330300230605e-05	4.05710052609115e-01	5.05822810647225e-02	-7.05324026781806e-05
5.14834259489305e-01	4.79454253131220e-02	-7.55082461780798e-05	6.13973010837530e-01	4.55356270387384e-02	-8.10303140710289e-05
7.04476159160958e-01	4.33199109682219e-02	-8.71816104888179e-05	7.87463623798346e-01	4.12705298718063e-02	-9.40615300162317e-05
8.63872675480592e-01	3.93638082423355e-02	-1.01789901499449e-04	9.34494065040978e-01	3.76911103121405e-02	-2.22995961913774e-04
1.00000000000000e+00	0.00000000000000e+00	0.00000000000000e+00
11	6.93856787873719e+04	3.69967741935484e+00
0.00000000000000e+00	5.82878450392346e-02	-3.98721715502148e-05	1.49153133346224e-01	5.49643803277475e-02	-4.19592988789574e-05
2.82763984045965e-01	5.19812982043812e-02	-4.42168055676539e-05	4.03170409668732e-01	4.92865927934081e-02	-4.66616477510229e-05
5.12265270359667e-01	4.68380557437713e-02	-4.93151462479524e-05	6.11597618857795e-01	4.46010306052091e-02	-5.22017440596212e-05
7.02447493245050e-01	4.25467520675757e-02	-5.53495715960306e-05	7.85882013483669e-01	4.06510970150977e-02	-5.87911350320436e-05
8.62798018301815e-01	3.88936313188841e-02	-6.25641592204573e-05	9.33954867654620e-01	3.73672850139171e-02	-1.77724458268136e-04
1.00000000000000e+00	0.00000000000000e+00	0.00000000000000e+00
11	6.93856787873719e+04	3.92548387096774e+00
0.00000000000000e+00	5.62725325744908e-02	-2.69441645195378e-05	1.47671340237171e-01	5.31980476760403e-02	-2.80955167544228e-05
2.80424403186642e-01	5.04308772728628e-02	-2.93241905731101e-05	4.00430396676665e-01	4.79259054802623e-02	-3.06352995804726e-05
5.09459499024130e-01	4.56463104504798e-02	-3.20363877259755e-05	6.08969414555211e-01	4.35617258896441e-02	-3.35358822354248e-05
7.00171460627781e-01	4.16468701581030e-02	-3.51432205818458e-05	7.84080567683481e-01	3.98805082474565e-02	-3.68689994418858e-05
8.61553583349545e-01	3.82446556294762e-02	-3.87251498308316e-05	9.33318953330116e-01	3.68319996692048e-02	-1.49344370235838e-04
1.00000000000000e+00	0.00000000000000e+00	0.00000000000000e+00
11	6.93856787873719e+04	4.15129032258065e+00
0.00000000000000e+00	5.42716951898468e-02	-1.80114112400265e-05	1.46148693445803e-01	5.14266103156491e-02	-1.86365595604698e-05
2.78000585372224e-01	4.88580564367007e-02	-1.92966159913155e-05	3.97568447692714e-01	4.65269153998595e-02	-1.99923815404901e-05
5.06504594854545e-01	4.44010604316949e-02	-2.07264795406559e-05	6.06178139379294e-01	4.24538542126471e-02	-2.15017787585925e-05
6.97733196337410e-01	4.06630189464132e-02	-2.23214214358780e-05	7.82133301419104e-01	3.90097738617736e-02	-2.31888552395532e-05
8.60195707788119e-01	3.74781690200754e-02	-2.41078694722674e-05	9.32618154059552e-01	3.61596834665390e-02	-1.30758822824539e-04
1.00000000000000e+00	0.00000000000000e+00	0.00000000000000e+00
11	6.93856787873719e+04	4.37709677419355e+00
0.00000000000000e+00	5.23023611520130e-02	-1.19326920922092e-05	1.44613841326450e-01	4.96687446876061e-02	-1.22675663483118e-05
2.75541751061392e-01	4.72834085744473e-02	-1.26184229258808e-05	3.94647131729156e-01	4.51124586832816e-02	-1.29845531393613e-05
5.03470018340883e-01	4.31278784144395e-02	-1.33668566157930e-05	6.03294316245159e-01	4.13063042423190e-02	-1.37663002310884e-05
6.95198932505364e-01	3.96280962888076e-02	-1.41839241631914e-05	7.80097129230049e-01	3.80766229388314e-02	-1.46208488072119e-05
8.58767147107178e-01	3.66377040961057e-02	-1.50782821322082e-05	9.31876277930445e-01	3.54010666952955e-02	-1.17985099942430e-04
1.00000000000000e+00	0.00000000000000e+00	0.00000000000000e+00
11	6.93856787873719e+04	4.60290322580645e+00
0.00000000000000e+00	5.03789525333667e-02	-7.84750711257942e-06	1.43089111282283e-01	4.79402167049838e-02	-8.02474437300305e-06
2.73086325731541e-01	4.57241027382262e-02	-8.20965131365092e-06	3.91715263339659e-01	4.37012578809912e-02	-8.40102471788562e-06
5.00409817805190e-01	4.18472627861131e-02	-8.59916968698471e-06	6.00372581263371e-01	4.01416347234278e-02	-8.80440951567252e-06
6.92619679402774e-01	3.85670643499936e-02	-9.01708701905868e-06	7.78015567064728e-01	3.71088233710819e-02	-9.23756604120918e-06
8.57300312710699e-01	3.57543000528182e-02	-9.46623280939640e-06	9.31111197693885e-01	3.45911569763693e-02	-1.08739439755423e-04
1.00000000000000e+00	0.00000000000000e+00	0.00000000000000e+00
11	6.93856787873719e+04	4.82870967741935e+00
0.00000000000000e+00	4.85129348502291e-02	-5.12992875245644e-06	1.41591366896703e-01	4.62536366583957e-02	-5.22264952862450e-06
2.70663510258954e-01	4.41938330633591e-02	-5.31942372528071e-06	3.88810066141341e-01	4.23081079319376e-02	-5.41891318595056e-06
4.97365259784106e-01	4.05751832233177e-02	-5.52122045172077e-06	5.97454626587429e-01	3.89771081120802e-02	-5.62645293711306e-06
6.90034280482882e-01	3.74986328690119e-02	-5.73472323628366e-06	7.75921637173980e-01	3.61267189877768e-02	-5.84614944076911e-06
8.55819685730681e-01	3.48501521779154e-02	-5.96085539528168e-06	9.30336335688345e-01	3.37543560801705e-02	-1.01688055148319e-04
1.00000000000000e+00	0.00000000000000e+00	0.00000000000000e+00
11	6.93856787873719e+04	5.05451612903226e+00
0.00000000000000e+00	4.67128306301425e-02	-3.33706641386655e-06	1.40132898211188e-01	4.46185558176129e-02	-3.38494967966341e-06
2.68294834868157e-01	4.27030464761637e-02	-3.43531397217767e-06	3.85959209549151e-01	4.09442888827307e-02	-3.48681083339741e-06
4.94367186373906e-01	3.93237404785509e-02	-3.53947447417902e-06	5.94571715840685e-01	3.78256701914748e-02	-3.59334040278547e-06
6.87471908935549e-01	3.64366449491900e-02	-3.64844552258603e-06	7.73840143300585e-01	3.51451247613279e-02	-3.70482812028783e-06
8.54343633260225e-01	3.39411405011616e-02	-3.76252799294541e-06	9.29561739427721e-01	3.29077892211926e-02	-9.60394928357644e-05
1.00000000000000e+00	0.00000000000000e+00	0.00000000000000e+00
11	6.93856787873719e+04	5.28032258064516e+00
0.00000000000000e+00	4.49844603260743e-02	-2.16221470838995e-06	1.38722265364551e-01	4.30417612639580e-02	-2.18652014116749e-06
2.65995590646948e-01	4.12593239408463e-02	-2.21261213284585e-06	3.83182627666508e-01	3.96180678842377e-02	-2.23917399488904e-06
4.91438053032177e-01	3.81018263353299e-02	-2.26621708088182e-06	5.91746787913941e-01	3.66968091632331e-02	-2.29375307303492e-06
6.84954088264352e-01	3.53911815880255e-02	-2.32179400794230e-06	7.71789453763315e-01	3.41747294444585e-02	-2.35035237294845e-06
8.52885787863915e-01	3.30385909317990e-02	-2.37944091252551e-06	9.28794874132160e-01	3.20635060529462e-02	-9.13173222192309e-05
1.00000000000000e+00	0.00000000000000e+00	0.00000000000000e+00
11	6.93856787873719e+04	5.50612903225806e+00
0.00000000000000e+00	4.33313053494238e-02	-1.39654068798123e-06	1.37365056433153e-01	4.15276672184124e-02	-1.40854261942991e-06
2.63776093521941e-01	3.98678216654091e-02	-1.42201017561128e-06	3.80494093445354e-01	3.83352121004139e-02	-1.43567182409043e-06
4.88593653739981e-01	3.69157307250847e-02	-1.44953130032377e-06	5.88996196874438e-01	3.55972806394562e-02	-1.46359245056793e-06
6.82496323567992e-01	3.43694298713824e-02	-1.47785922011145e-06	7.69782906285990e-01	3.32231344575875e-02	-1.49233561685946e-06
8.51456108249969e-01	3.21505150154635e-02	-1.50702576773298e-06	9.28041217537316e-01	3.12299625562329e-02	-8.72307387127513e-05
1.00000000000000e+00	0.00000000000000e+00	0.00000000000000e+00
11	6.93856787873719e+04	5.73193548387097e+00
0.00000000000000e+00	4.17549092869365e-02	-8.99740552506856e-07	1.36064537110170e-01	4.00787268824607e-02	-9.05368328307787e-07
2.61642757139970e-01	3.85317076092324e-02	-9.12298935729083e-07	3.77902538386972e-01	3.70994637349022e-02	-9.19309433244919e-07
4.85844546645298e-01	3.57696690623841e-02	-9.26401056755566e-07	5.86331127122032e-01	3.45317012067778e-02	-9.33575062145309e-07
6.80109405981129e-01	3.33763570335450e-02	-9.40832711959771e-07	7.67829911591520e-01	3.22956232845082e-02	-9.48175320925060e-07
8.50061697461316e-01	3.12824902954767e-02	-9.55604261942966e-07	9.27304710332220e-01	3.04130343354956e-02	-8.35996044186160e-05
1.00000000000000e+00	0.00000000000000e+00	0.00000000000000e+00
11	6.93856787873719e+04	5.95774193548387e+00
0.00000000000000e+00	4.02552742972351e-02	-5.78548416729774e-07	1.34822196095865e-01	3.86958284035783e-02	-5.80899221169773e-07
2.59598988980450e-01	3.72525659743435e-02	-5.84457179986231e-07	3.75413146807343e-01	3.59129618467759e-02	-5.88047932126301e-07
4.83197225395439e-01	3.46662299826304e-02	-5.91671869498711e-07	5.83758743722955e-01	3.35030305250776e-02	-5.95329399999400e-07
6.77800460414431e-01	3.24152352798857e-02	-5.99020975267095e-07	7.65936828437447e-01	3.13957373994442e-02	-6.02746991651415e-07
8.48707442816088e-01	3.04382958459797e-02	-6.06507871481199e-07	9.26588103502367e-01	2.96167241398526e-02	-8.03104083466621e-05
1.00000000000000e+00	0.00000000000000e+00	0.00000000000000e+00
11	6.93856787873719e+04	6.18354838709677e+00
0.00000000000000e+00	3.88312201444709e-02	-3.71489353501175e-07	1.33638189798863e-01	3.73786483724754e-02	-3.72171869544857e-07
2.57645920079793e-01	3.60307506009021e-02	-3.73994821556423e-07	3.73028244021244e-01	3.47766011090966e-02	-3.75831202159560e-07
4.80655065177401e-01	3.36067448197068e-02	-3.77681148355791e-07	5.81283115564254e-01	3.25129567261988e-02	-3.79544767614703e-07
6.75573779993655e-01	3.14880481587896e-02	-3.81422220696592e-07	7.64107654517417e-01	3.05257085473403e-02	-3.83313651042272e-07
8.47396516424314e-01	2.96203753184729e-02	-3.85219188547836e-07	9.25893227258432e-01	2.88436630368776e-02	-7.72900858945214e-05
1.00000000000000e+00	0.00000000000000e+00	0.00000000000000e+00
11	6.93856787873719e+04	6.40935483870968e+00
0.00000000000000e+00	3.74806944315775e-02	-2.38316429035379e-07	1.32511699100796e-01	3.61259549644233e-02	-2.38162127130792e-07
2.55782991368669e-01	3.48656840474026e-02	-2.39094643195159e-07	3.70748009827239e-01	3.36903300796638e-02	-2.40032649756472e-07
4.78219081303452e-01	3.25915883498749e-02	-2.40976176346663e-07	5.78905953242800e-01	3.15622028517337e-02	-2.41925278920974e-07
6.73431490140354e-01	3.05958058138136e-02	-2.42880014988955e-07	7.62344573365093e-01	2.96867858200358e-02	-2.43840401648043e-07
8.46130768924639e-01	2.88301787495062e-02	-2.44806503069128e-07	9.25221201123287e-01	2.80954715450175e-02	-7.44903142986253e-05
1.00000000000000e+00	0.00000000000000e+00	0.00000000000000e+00
11	6.93856787873719e+04	6.63516129032258e+00
0.00000000000000e+00	3.62010311099987e-02	-1.52822962951049e-07	1.31441211388825e-01	3.49358599093934e-02	-1.52259635788354e-07
2.54008419014566e-01	3.37561044163448e-02	-1.52736034042533e-07	3.68571046018184e-01	3.26533946412342e-02	-1.53214680054248e-07
4.75888533040300e-01	3.16204207615540e-02	-1.53695573157364e-07	5.76627196095462e-01	3.06507693042322e-02	-1.54178745548350e-07
6.71374075996089e-01	2.97387898410855e-02	-1.54664185236797e-07	7.60648387557157e-01	2.88794847872917e-02	-1.55151908654005e-07
8.44911040264612e-01	2.80684177624146e-02	-1.55641970644993e-07	9.24572599047780e-01	2.73730238744023e-02	-7.18780270612118e-05
1.00000000000000e+00	0.00000000000000e+00	0.00000000000000e+00
11	6.93856787873719e+04	6.86096774193548e+00
0.00000000000000e+00	3.49891589727198e-02	-9.80186423138463e-08	1.30424739935955e-01	3.38060220662479e-02	-9.72653189101891e-08
2.52319558573884e-01	3.27002643062013e-02	-9.75084437637719e-08	3.66494822397467e-01	3.16645330792289e-02	-9.77524861056622e-08
4.73661399519380e-01	3.06923798498826e-02	-9.79974423831464e-08	5.74445475603851e-01	2.97781242669379e-02	-9.82433303597929e-08
6.69400798979428e-01	2.89167430835817e-02	-9.84901256106951e-08	7.59018860696013e-01	2.81037778106730e-02	-9.87378530048488e-08
8.43737404719071e-01	2.73352575177055e-02	-9.89865187595029e-08	9.23947579321252e-01	2.66766434676446e-02	-6.94296541503547e-05
1.00000000000000e+00	0.00000000000000e+00	0.00000000000000e+00
11	6.93856787873719e+04	7.08677419354839e+00
0.00000000000000e+00	3.38417658845143e-02	-6.29267504770326e-08	1.29459992538961e-01	3.27338086282076e-02	-6.20948819030076e-08
2.50713187157205e-01	3.16960885813018e-02	-6.22188507382049e-08	3.64516024515827e-01	3.07221304946415e-02	-6.23431901658478e-08
4.71534752518599e-01	2.98062324452926e-02	-6.24679099558989e-08	5.72358479618931e-01	2.89433526897129e-02	-6.25930007824849e-08
6.67510024948443e-01	2.81290168055921e-02	-6.27184675305870e-08	7.57454987191195e-01	2.73592400780158e-02	-6.28442939909490e-08
8.42609364281881e-01	2.66304622882378e-02	-6.29705252386259e-08	9.23345987088410e-01	2.60062494048547e-02	-6.71276116763764e-05
1.00000000000000e+00	0.00000000000000e+00	0.00000000000000e+00
11	6.93856787873719e+04	7.31258064516129e+00
0.00000000000000e+00	3.27554241368508e-02	-4.04755962080117e-08	1.28544498578142e-01	3.17164193219706e-02	-3.96213597486650e-08
2.49185718183253e-01	3.07412965668481e-02	-3.96845294403647e-08	3.62630820466984e-01	2.98243386378927e-02	-3.97478412406116e-08
4.69505044305963e-01	2.89604918441582e-02	-3.98113235711151e-08	5.70363235014938e-01	2.81452714727994e-02	-3.98749364638462e-08
6.65699479860020e-01	2.73746839072060e-02	-3.99387138916296e-08	7.55955203047660e-01	2.66451611965079e-02	-4.00026414215660e-08
8.41526000079783e-01	2.59535058148481e-02	-4.00667177213876e-08	9.22767434719248e-01	2.53614663559503e-02	-6.49581548168854e-05
1.00000000000000e+00	0.00000000000000e+00	0.00000000000000e+00
11	6.93856787873719e+04	7.53838709677419e+00
0.00000000000000e+00	3.17266866741250e-02	-2.61196257955731e-08	1.27675705701657e-01	3.07509828549670e-02	-2.52708840520199e-08
2.47733366757367e-01	2.98334976445249e-02	-2.53030492114448e-08	3.60835068344718e-01	2.89691700471149e-02	-2.53352867574108e-08
4.67568333247802e-01	2.81535101962735e-02	-2.53675773720374e-08	5.68456330679933e-01	2.73825200174369e-02	-2.53999192789678e-08
6.63966452545665e-01	2.66526276879071e-02	-2.54323382353761e-08	7.54517553781876e-01	2.59606323058714e-02	-2.54648233610766e-08
8.40486093413010e-01	2.53036569603100e-02	-2.54973617774823e-08	9.22211366234090e-01	2.47417093052522e-02	-6.29100662625781e-05
1.00000000000000e+00	0.00000000000000e+00	0.00000000000000e+00
11	6.93856787873719e+04	7.76419354838710e+00
0.00000000000000e+00	3.07521539353857e-02	-1.69423395313117e-08	1.26851047843675e-01	2.98346254079691e-02	-1.61124971143067e-08
2.46352267990760e-01	2.89702601956172e-02	-1.61288693512063e-08	3.59124466651867e-01	2.81545666735923e-02	-1.61452677893692e-08
4.65720449133068e-01	2.73835463440157e-02	-1.61616984239998e-08	5.66634082345993e-01	2.66536270164626e-02	-1.61781430474406e-08
6.62307945667087e-01	2.59616074685807e-02	-1.61946080989850e-08	7.53139820155686e-01	2.53046105088937e-02	-1.62111160051381e-08
8.39488216821670e-01	2.46800429901874e-02	-1.62276450055288e-08	9.21677105962421e-01	2.41462459755966e-02	-6.09738436716523e-05
1.00000000000000e+00	0.00000000000000e+00	0.00000000000000e+00
11	6.93856787873719e+04	7.99000000000000e+00
0.00000000000000e+00	2.98285251093771e-02	-1.10752196302855e-08	1.26067997442268e-01	2.89645240960490e-02	-1.02703117121905e-08
2.45038569318462e-01	2.81491660775453e-02	-1.02786386069198e-08	3.57494673198055e-01	2.73784545690474e-02	-1.02869892604218e-08
4.63957125278259e-01	2.66488201877040e-02	-1.02953383596116e-08	5.64892665498345e-01	2.59570641591436e-02	-1.03037005594331e-08
6.60720798379760e-01	2.53003114340886e-02	-1.03120723071726e-08	7.51819621023005e-01	2.46759707465529e-02	-1.03204504942056e-08
8.38530809001187e-01	2.40817004433624e-02	-1.03288566588589e-08	9.21163898769485e-01	2.35742468529623e-02	-5.91412051826889e-05
1.00000000000000e+00	0.00000000000000e+00	0.00000000000000e+00
