52	4.01027913949521e+04	9.90000000000000e-01
0.00000000000000e+00	1.55671980652139e-02	-2.83078409375470e-05	3.04840141242627e-02	1.52449804144241e-02	-2.94059793413126e-05
6.00525361412178e-02	1.49291739819122e-02	-3.05856831099849e-05	8.87511861202228e-02	1.46191723422673e-02	-3.18379931318891e-05
1.16622835213121e-01	1.43144024410857e-02	-3.31690003316787e-05	1.43707824354471e-01	1.40142992587269e-02	-3.45854485499508e-05
1.70044163986850e-01	1.37183021475191e-02	-3.60948206108436e-05	1.95667716677007e-01	1.34258510821557e-02	-3.77054369624652e-05
2.20612364478714e-01	1.31363827704003e-02	-3.94265721483933e-05	2.44910162696801e-01	1.28493265559158e-02	-4.12685888133701e-05
2.68591481533750e-01	1.25641000427357e-02	-4.32430929797611e-05	2.91685136951966e-01	1.22801043706247e-02	-4.53631209018646e-05
3.14218511958323e-01	1.19967190327785e-02	-4.76433532157206e-05	3.36217669410956e-01	1.17132961405941e-02	-5.01003714981074e-05
3.57707457359215e-01	1.14291540002849e-02	-5.27529615741429e-05	3.78711607855361e-01	1.11435698497424e-02	-5.56224756154133e-05
3.99252830119872e-01	1.08557715664603e-02	-5.87332642141281e-05	4.19352898900868e-01	1.05649281204372e-02	-6.21131954272602e-05
4.39032738842251e-01	1.02701385054440e-02	-6.57942889732421e-05	4.58312505665303e-01	9.97041876682103e-03	-6.98134690788610e-05
4.77211664976441e-01	9.66468676496146e-03	-7.42135128293242e-05	4.95749069540790e-01	9.35174404725303e-03	-7.90441832443367e-05
5.13943035911934e-01	9.03025423653103e-03	-8.43636609897391e-05	5.31811421385247e-01	8.69871698411240e-03	-9.02402985580864e-05
5.49371702353795e-01	8.35543644800008e-03	-9.67548457888601e-05	5.66641055298776e-01	7.99848280181226e-03	-1.04003250820384e-04
5.83636441854350e-01	7.62564488937945e-03	-1.12100221265177e-04	6.00374699665096e-01	7.23437156271012e-03	-1.21183812850756e-04
6.16872641126375e-01	6.82169838968028e-03	-1.31421392550735e-04	6.33147162596321e-01	6.38415519018465e-03	-1.43017409829360e-04
6.49215367339347e-01	5.91764847149912e-03	-1.56223754275153e-04	6.65094706369448e-01	5.41731029604242e-03	-1.71353624821569e-04
6.80803142606160e-01	4.87730184828283e-03	-1.88800321620164e-04	6.96359345477891e-01	4.29055533156086e-03	-2.09063219913652e-04
7.11782925519986e-01	3.64843029939599e-03	-2.32784115516527e-04	7.27094721949277e-01	2.94024949287097e-03	-2.60798899727632e-04
7.42317161164751e-01	2.15266237784095e-03	-2.94212583425990e-04	7.57474711443433e-01	1.26875754352973e-03	-3.34510681896383e-04
7.72594470112970e-01	2.66800332291650e-04	-3.83728106074122e-04	7.87706936446966e-01	-8.81600698655283e-04	-4.44712773899125e-04
8.02847050347931e-01	-2.21422246776881e-03	-5.21549739942007e-04	8.18055620582144e-01	-3.78240194029833e-03	-6.20268231015464e-04
8.33381340013550e-01	-5.65762919436275e-03	-7.50069855901980e-04	8.48883714557203e-01	-7.94234836132868e-03	-9.25571401013459e-04
8.64637470155035e-01	-1.07884453257062e-02	-1.17114194972356e-03	8.80739463637429e-01	-1.44305549299643e-02	-1.52992934440666e-03
8.97320081968233e-01	-1.92499486707300e-02	-2.08441439729290e-03	9.14563278428171e-01	-2.59067489115156e-02	-3.00911275609761e-03
9.32744827560220e-01	-3.56400762821349e-02	-4.72945807901914e-03	9.52314108814518e-01	-5.10231348820962e-02	-8.53035548035930e-03
9.74100529462411e-01	-7.89207181391646e-02	-1.89892699692118e-02	1.00000000000000e+00	0.00000000000000e+00	0.00000000000000e+00
33	4.01027913949521e+04	1.21580645161290e+00
0.00000000000000e+00	2.43186464421274e-02	-6.57488935142947e-05	4.89816169193021e-02	2.35487718188101e-02	-6.98266256904390e-05
9.57094408431541e-02	2.28023671173556e-02	-7.43076037539314e-05	1.40353820914114e-01	2.20761105953127e-02	-7.92361802626207e-05
1.83069697979099e-01	2.13667734699463e-02	-8.46741818201213e-05	2.23998445144733e-01	2.06711567464168e-02	-9.06945110890067e-05
2.63269471625842e-01	1.99860383122292e-02	-9.73836196564992e-05	3.01001628274316e-01	1.93081157176336e-02	-1.04844651175107e-04
3.37304447276503e-01	1.86339421994033e-02	-1.13201467591972e-04	3.72279243707587e-01	1.79598529323832e-02	-1.22603861401949e-04
4.06020102922949e-01	1.72818776186709e-02	-1.33234362680090e-04	4.38614775001258e-01	1.65956343021718e-02	-1.45317227496333e-04
4.70145495545387e-01	1.58961975302288e-02	-1.59130455711587e-04	5.00689751071219e-01	1.51779313478093e-02	-1.75022038422679e-04
5.30321007017758e-01	1.44342738853160e-02	-1.93432266213822e-04	5.59109417228690e-01	1.36574545530808e-02	-2.14924794131210e-04
5.87122535847295e-01	1.28381163120610e-02	-2.40230644840134e-04	6.14426056380706e-01	1.19648022143020e-02	-2.70311707902371e-04
6.41084608974570e-01	1.10232444893981e-02	-3.06454297587688e-04	6.67162656940315e-01	9.99536048566418e-03	-3.50410140017132e-04
6.92725549397400e-01	8.85780388412249e-03	-4.04614607206977e-04	7.17840812156920e-01	7.57982331630225e-03	-4.72534577701245e-04
7.42579800139964e-01	6.12001070860102e-03	-5.59242160550255e-04	7.67019903598080e-01	4.42120994445294e-03	-6.72399544271229e-04
7.91247620095544e-01	2.40225589510823e-03	-8.24029681455007e-04	8.15363020996914e-01	-5.59958680290684e-05	-1.03388376863922e-03
8.39486554553696e-01	-3.13548662358665e-03	-1.33629518065170e-03	8.63769966807689e-01	-7.12772066058631e-03	-1.79536810569747e-03
8.88414962002077e-01	-1.25284439850696e-02	-2.54253339977195e-03	9.13707677774133e-01	-2.02467795275433e-02	-3.88419862869949e-03
9.40089318625319e-01	-3.21158644671221e-02	-6.68351557638758e-03	9.68323802156979e-01	-5.28083423752838e-02	-1.36671668725663e-02
1.00000000000000e+00	0.00000000000000e+00	0.00000000000000e+00
22	4.01027913949521e+04	1.44161290322581e+00
0.00000000000000e+00	3.62947533244886e-02	-1.37018079147788e-04	7.47314980741477e-02	3.46270907089814e-02	-1.49829847674976e-04
1.44460968698845e-01	3.30339652362288e-02	-1.64544867801597e-04	2.09731186978306e-01	3.15000786155957e-02	-1.81553664929446e-04
2.71015353174156e-01	3.00105146036127e-02	-2.01360866385114e-04	3.28728872175999e-01	2.85501990644266e-02	-2.24618281374767e-04
3.83239051326784e-01	2.71033008759027e-02	-2.52179693630561e-04	4.34873200811887e-01	2.56525077909973e-02	-2.85181055030836e-04
4.83925523658842e-01	2.41780946826353e-02	-3.25160507804290e-04	5.30663118462668e-01	2.26566595217890e-02	-3.74242589625595e-04
5.75331383181936e-01	2.10593295654851e-02	-4.35429135193122e-04	6.18159103418156e-01	1.93491113160387e-02	-5.13073939792941e-04
6.59363540763335e-01	1.74768225019628e-02	-6.13687150199826e-04	6.99155924414532e-01	1.53745973610091e-02	-7.47360291709187e-04
7.37747932293383e-01	1.29450659905499e-02	-9.30427482408680e-04	7.75360113259985e-01	1.00424333267088e-02	-1.19076320073375e-03
8.12233947313429e-01	6.43746563173586e-03	-1.57919701420828e-03	8.48650849804286e-01	1.74815017586660e-03	-2.19671935379306e-03
8.84965205503616e-01	-4.70936773826014e-03	-3.26861466522965e-03	9.21668484374363e-01	-1.42736677505946e-02	-5.38831719338395e-03
9.59532348654847e-01	-3.01515783406436e-02	-1.02822574257690e-02	1.00000000000000e+00	0.00000000000000e+00	0.00000000000000e+00
16	4.01027913949521e+04	1.66741935483871e+00
0.00000000000000e+00	4.97299473794559e-02	-2.35149144520941e-04	1.04236839604462e-01	4.67025286321121e-02	-2.65165803533751e-04
1.99172596952908e-01	4.38595261818155e-02	-3.01368937195345e-04	2.86131703552511e-01	4.11517884169155e-02	-3.45584906420449e-04
3.66218219944825e-01	3.85312633746064e-02	-4.00376113016243e-04	4.40364177463680e-01	3.59477439026588e-02	-4.69420740265791e-04
5.09367213565296e-01	3.33448225183919e-02	-5.58152349129593e-04	5.73920801127666e-01	3.06542277478687e-02	-6.74872876723631e-04
6.34639656271575e-01	2.77871077529142e-02	-8.32787145503611e-04	6.92082631110703e-01	2.46195352360772e-02	-1.05394849033602e-03
7.46775618392368e-01	2.09666520499807e-02	-1.37748654935210e-03	7.99238028713877e-01	1.65331270403410e-02	-1.87840635902137e-03
8.50019183286178e-01	1.08103151343590e-02	-2.71597712338156e-03	8.99758307185320e-01	2.84206906010809e-03	-4.28037684231941e-03
9.49303325080810e-01	-9.49328996294208e-03	-7.62650313871172e-03	1.00000000000000e+00	0.00000000000000e+00	0.00000000000000e+00
13	4.01027913949521e+04	1.89322580645161e+00
0.00000000000000e+00	6.07870408257405e-02	-3.11357353292907e-04	1.29666938195329e-01	5.64240784227525e-02	-3.58496916937234e-04
2.45484082524437e-01	5.23939601708299e-02	-4.17299326620713e-04	3.49771406717890e-01	4.85984567108408e-02	-4.91966379442710e-04
4.44395384844844e-01	4.49425971925073e-02	-5.88789027202719e-04	5.30884557588517e-01	4.13255328801216e-02	-7.17525770846494e-04
6.10515628754022e-01	3.76284941002401e-02	-8.93983072899118e-04	6.84380738001151e-01	3.36961529383775e-02	-1.14515476483645e-03
7.53444201853743e-01	2.93040012840404e-02	-1.52030030136396e-03	8.18596864525361e-01	2.40951616021645e-02	-2.11735651536982e-03
8.80719337474529e-01	1.74455467519510e-02	-3.15491043450411e-03	9.40776310535094e-01	8.11801981507609e-03	-5.18121841299801e-03
1.00000000000000e+00	0.00000000000000e+00	0.00000000000000e+00
11	4.01027913949521e+04	2.11903225806452e+00
0.00000000000000e+00	7.12608336430756e-02	-3.67720658556836e-04	1.54440617844663e-01	6.54919173509911e-02	-4.29568518931500e-04
2.89897177869863e-01	6.02591252077374e-02	-5.08552840992271e-04	4.09959812598467e-01	5.53992791561384e-02	-6.11661845165701e-04
5.17423067992670e-01	5.07591351283534e-02	-7.49860533237223e-04	6.14511479340471e-01	4.61770950248170e-02	-9.41150560942905e-04
7.03040459595141e-01	4.14588528550686e-02	-1.21679041531575e-03	7.84538142102313e-01	3.63375061758340e-02	-1.63503984392199e-03
8.60347616994228e-01	3.03973691471036e-02	-2.31500060859702e-03	9.31729763270585e-01	2.29434615660111e-02	-3.56720893292151e-03
1.00000000000000e+00	0.00000000000000e+00	0.00000000000000e+00
11	4.01027913949521e+04	2.34483870967742e+00
0.00000000000000e+00	6.95293983607648e-02	-2.88410384198245e-04	1.54571003185562e-01	6.42008513948995e-02	-3.31132830036829e-04
2.90492834251905e-01	5.93953677572170e-02	-3.84155844508349e-04	4.11175250332577e-01	5.49794012771370e-02	-4.51082837719108e-04
5.19281797372003e-01	5.08346125820618e-02	-5.37249794947181e-04	6.16932940774290e-01	4.68467466024320e-02	-6.50826293976392e-04
7.05850042361354e-01	4.28934271614576e-02	-8.04836406270937e-04	7.87461322986994e-01	3.88276434539871e-02	-1.02108805143164e-03
8.62984202018135e-01	3.44511907618481e-02	-1.33839136513525e-03	9.33495321906822e-01	2.95362927945848e-02	-1.90211013802033e-03
1.00000000000000e+00	0.00000000000000e+00	0.00000000000000e+00
11	4.01027913949521e+04	2.57064516129032e+00
0.00000000000000e+00	6.77450274660989e-02	-2.19666250352635e-04	1.54298156816790e-01	6.28297364961146e-02	-2.47841120585734e-04
2.90353472459411e-01	5.84163519376160e-02	-2.81830167353725e-04	4.11390943622647e-01	5.43941897641722e-02	-3.23350115567278e-04
5.19941371320212e-01	5.06694272207018e-02	-3.74806004554973e-04	6.18023753464818e-01	4.71577804216139e-02	-4.39646770665325e-04
7.07274706304716e-01	4.37778226678471e-02	-5.22960768208680e-04	7.89042746752731e-01	4.04437377286289e-02	-6.32509300561024e-04
8.64459134942720e-01	3.70559278351188e-02	-7.80609529152043e-04	9.34493416969499e-01	3.35782599366921e-02	-1.07968179433904e-03
1.00000000000000e+00	0.00000000000000e+00	0.00000000000000e+00
11	4.01027913949521e+04	2.79645161290323e+00
0.00000000000000e+00	6.59008637103524e-02	-1.62838882311389e-04	1.53679995142386e-01	6.13680491476036e-02	-1.80659728458377e-04
2.89588148192478e-01	5.73091791808709e-02	-2.01585506014457e-04	4.10763053784433e-01	5.36311187384046e-02	-2.26379658929687e-04
5.19602360882823e-01	5.02571274366035e-02	-2.56059096084060e-04	6.18025919590057e-01	4.71215699957042e-02	-2.91998499364565e-04
7.07592198450893e-01	4.41656731447917e-02	-3.36092823690182e-04	7.89583115499205e-01	4.13337392939603e-02	-3.91012960017534e-04
8.65067174937743e-01	3.85692750048239e-02	-4.60621042304377e-04	9.34947575089166e-01	3.59135769543995e-02	-6.54419484615421e-04
1.00000000000000e+00	0.00000000000000e+00	0.00000000000000e+00
11	4.01027913949521e+04	3.02225806451613e+00
0.00000000000000e+00	6.39968284625256e-02	-1.17819152168686e-04	1.52777587003736e-01	5.98152295867309e-02	-1.28685254016769e-04
2.88309369959625e-01	5.60749540620518e-02	-1.41132459521964e-04	4.09448071698888e-01	5.26965995927999e-02	-1.55480649499884e-04
5.18458596883569e-01	4.96156834906178e-02	-1.72137910901204e-04	6.17163289215412e-01	4.67785479961418e-02	-1.91628071286809e-04
7.07046415129743e-01	4.41392775980216e-02	-2.14632462045783e-04	7.89330705759531e-01	4.16572493393621e-02	-2.42050388084891e-04
8.65034399621210e-01	3.92950390468050e-02	-2.75088534573920e-04	9.35014470967313e-01	3.71255917959916e-02	-4.25138349634757e-04
1.00000000000000e+00	0.00000000000000e+00	0.00000000000000e+00
11	4.01027913949521e+04	3.24806451612903e+00
0.00000000000000e+00	6.20401857686812e-02	-8.34534803735298e-05	1.51651128966979e-01	5.81801631008934e-02	-8.98731854295232e-05
2.86625818836985e-01	5.47264318667784e-02	-9.70665251549541e-05	4.07593339446972e-01	5.16106845826219e-02	-1.05160599612741e-04
5.16686999995988e-01	4.87777158592999e-02	-1.14312402331729e-04	6.15632833656412e-01	4.61821332674133e-02	-1.24714694202499e-04
7.05843007225732e-01	4.37859325328347e-02	-1.36606249455884e-04	7.88484767108850e-01	4.15566571326225e-02	-1.50285697444907e-04
8.64532111491849e-01	3.94659527075178e-02	-1.66130478925552e-04	9.34805069183712e-01	3.75998160329409e-02	-2.96671267500770e-04
1.00000000000000e+00	0.00000000000000e+00	0.00000000000000e+00
11	4.01027913949521e+04	3.47387096774194e+00
0.00000000000000e+00	6.00443386514906e-02	-5.80406080119555e-05	1.50356767242962e-01	5.64788560698319e-02	-6.17331397116949e-05
2.84637128917407e-01	5.32841223713516e-02	-6.57920763385000e-05	4.05331070622002e-01	5.04010803877084e-02	-7.02653008970433e-05
5.14442319576476e-01	4.77819538163720e-02	-7.52111952058154e-05	6.13601789317875e-01	4.53875658633436e-02	-8.06988016783805e-05
7.04150717908380e-01	4.31853654892862e-02	-8.68102480193755e-05	7.87202549419252e-01	4.11479452761907e-02	-9.36438403242867e-05
8.63689648009886e-01	3.92519064676695e-02	-1.01318044773091e-04	9.34399020532423e-01	3.75883818256797e-02	-2.21995827572430e-04
1.00000000000000e+00	0.00000000000000e+00	0.00000000000000e+00
11	4.01027913949521e+04	3.69967741935484e+00
0.00000000000000e+00	5.80266645613559e-02	-3.97448360049957e-05	1.48944515319524e-01	5.47314546554556e-02	-4.18214248965043e-05
2.82430847636160e-01	5.17723320743499e-02	-4.40672232906447e-05	4.02775484304785e-01	4.90981326356617e-02	-4.64990306361379e-05
5.11855569337481e-01	4.66672954015361e-02	-4.91379757270316e-05	6.11208465706507e-01	4.44456688922958e-02	-5.20082752297757e-05
7.02105430208976e-01	4.24048867949125e-02	-5.51377916062634e-05	7.85606929488990e-01	4.05211451376080e-02	-5.85587122081677e-05
8.62604723779667e-01	3.87742681027876e-02	-6.23083806783331e-05	9.33854272020805e-01	3.72569078916396e-02	-1.76949130201054e-04
1.00000000000000e+00	0.00000000000000e+00	0.00000000000000e+00
11	4.01027913949521e+04	3.92548387096774e+00
0.00000000000000e+00	5.60061757883841e-02	-2.68641128393643e-05	1.47457217022706e-01	5.29594637511994e-02	-2.80101081644446e-05
2.80081237960346e-01	5.02159640401298e-02	-2.92329392199697e-05	4.00022255585716e-01	4.77313370456280e-02	-3.05376726708051e-05
5.09034836719374e-01	4.54693627900653e-02	-3.19317907058192e-05	6.08564965045240e-01	4.34001475741421e-02	-3.34236498853446e-05
6.99815076659789e-01	4.14987851644331e-02	-3.50226068086545e-05	7.83793317862831e-01	3.97443419607872e-02	-3.67391651918680e-05
8.61351317891059e-01	3.81190778548688e-02	-3.85851488378108e-05	9.33213484543069e-01	3.67153717313835e-02	-1.48680851695060e-04
1.00000000000000e+00	0.00000000000000e+00	0.00000000000000e+00
11	4.01027913949521e+04	4.15129032258065e+00
0.00000000000000e+00	5.40015225597361e-02	-1.79620403197855e-05	1.45930340651659e-01	5.11836031875632e-02	-1.85845265110451e-05
2.77649412024333e-01	4.86383254082108e-02	-1.92417210225226e-05	3.97149458580821e-01	4.63272827253096e-02	-1.99344149791614e-05
5.06067393475042e-01	4.42189047523966e-02	-2.06652122669571e-05	6.05760659412476e-01	4.22869942833621e-02	-2.14369599558228e-05
6.97364452130310e-01	4.05096253922868e-02	-2.22527760842528e-05	7.81835438390390e-01	3.88683013937989e-02	-2.31160812740328e-05
8.59985546615030e-01	3.73473037886367e-02	-2.40306346188657e-05	9.32508364410847e-01	3.60377803207026e-02	-1.30151573679793e-04
1.00000000000000e+00	0.00000000000000e+00	0.00000000000000e+00
11	4.01027913949521e+04	4.37709677419355e+00
0.00000000000000e+00	5.20295707300189e-02	-1.19027169580566e-05	1.44392346146969e-01	4.94224103803271e-02	-1.22362939594112e-05
2.75184303230359e-01	4.70598640538724e-02	-1.25857697679255e-05	3.94219334352801e-01	4.49086865536872e-02	-1.29504380370626e-05
5.03022368503888e-01	4.29413728784538e-02	-1.33311923822266e-05	6.02865761007968e-01	4.11349672437726e-02	-1.37289931114726e-05
6.94819515902393e-01	3.94701579800132e-02	-1.41448732309257e-05	7.79789983601313e-01	3.79305800777388e-02	-1.45799452520023e-05
8.58550005619242e-01	3.65022718306049e-02	-1.50354085703963e-05	9.31762633470703e-01	3.52746106255912e-02	-1.17406551004784e-04
1.00000000000000e+00	0.00000000000000e+00	0.00000000000000e+00
11	4.01027913949521e+04	4.60290322580645e+00
0.00000000000000e+00	5.01045710541177e-02	-7.82953990929869e-06	1.42865389297647e-01	4.76915048597799e-02	-8.00615658391735e-06
2.72724078476721e-01	4.54976202834438e-02	-8.19040549893124e-06	3.91280407031780e-01	4.34941536706144e-02	-8.38108988143738e-06
4.99953523139551e-01	4.16571539201900e-02	-8.57851299507217e-06	5.99934644603037e-01	3.99665142827546e-02	-8.78299615636458e-06
6.92231056387908e-01	3.84052301221909e-02	-8.99488007566340e-06	7.77700295725819e-01	3.69588222007813e-02	-9.21452628066532e-06
8.57076986419762e-01	3.56148839619312e-02	-9.44231859900668e-06	9.30994102636854e-01	3.44607132824697e-02	-1.08175928765331e-04
1.00000000000000e+00	0.00000000000000e+00	0.00000000000000e+00
11	4.01027913949521e+04	4.82870967741935e+00
0.00000000000000e+00	4.82378240798296e-02	-5.11927145430136e-06	1.41366182152761e-01	4.60033558690116e-02	-5.21170133827020e-06
2.70297711147877e-01	4.39651655895996e-02	-5.30816510879717e-06	3.88369646783300e-01	4.20983700037991e-02	-5.40733241871649e-06
4.96901876608989e-01	4.03821180295409e-02	-5.50930527043469e-06	5.97008781005216e-01	3.87988041746656e-02	-5.61419049649459e-06
6.89637733222240e-01	3.73334604536548e-02	-5.72210007487861e-06	7.75599256874336e-01	3.59732800663570e-02	-5.83315139102147e-06
8.55590876408822e-01	3.47072406898792e-02	-5.94746763815657e-06	9.30216147586272e-01	3.36203884340565e-02	-1.01132932858627e-04
1.00000000000000e+00	0.00000000000000e+00	0.00000000000000e+00
11	4.01027913949521e+04	5.05451612903226e+00
0.00000000000000e+00	4.64377022203604e-02	-3.33079875347586e-06	1.39906883925070e-01	4.43673858759972e-02	-3.37854954857164e-06
2.67926534735728e-01	4.24728354021962e-02	-3.42876860304209e-06	3.85514504207452e-01	4.07325178629270e-02	-3.48011584239138e-06
4.93898058581066e-01	3.91282788817999e-02	-3.53262529184661e-06	5.94119245350380e-01	3.76447035804854e-02	-3.58633233354944e-06
6.87068564993918e-01	3.62686185379684e-02	-3.64127365570788e-06	7.73511554835779e-01	3.49886985864534e-02	-3.69748733297648e-06
8.54109966694374e-01	3.37951535702754e-02	-3.75501299654246e-06	9.29438778940010e-01	3.27706920778510e-02	-9.54896656224502e-05
1.00000000000000e+00	0.00000000000000e+00	0.00000000000000e+00
11	4.01027913949521e+04	5.28032258064516e+00
0.00000000000000e+00	4.47098939642603e-02	-2.15855356877626e-06	1.38495943268047e-01	4.27902679855385e-02	-2.18280179820063e-06
2.65625671695540e-01	4.10281119343445e-02	-2.20882629275998e-06	3.82734725225001e-01	3.94047783216733e-02	-2.23531902632246e-06
4.90964341682063e-01	3.79044525699885e-02	-2.26229130184663e-06	5.91288814596658e-01	3.65136333776888e-02	-2.28975477267745e-06
6.84544942987038e-01	3.52207246412730e-02	-2.31772142078590e-06	7.71455459498387e-01	3.40157108178312e-02	-2.34620362027371e-06
8.52647826021690e-01	3.28898964788074e-02	-2.37521411317054e-06	9.28669431367989e-01	3.19236238406810e-02	-9.07714884641475e-05
1.00000000000000e+00	0.00000000000000e+00	0.00000000000000e+00
11	4.01027913949521e+04	5.50612903225806e+00
0.00000000000000e+00	4.30577684121074e-02	-1.39441334812140e-06	1.37138854908657e-01	4.12763185471761e-02	-1.40639351609018e-06
2.63405295549138e-01	3.96360662085200e-02	-1.41982988655087e-06	3.80043922865440e-01	3.81208443030472e-02	-1.43345973757647e-06
4.88116363849131e-01	3.67168640968167e-02	-1.44728682460737e-06	5.88533704282629e-01	3.54122920785473e-02	-1.46131494238588e-06
6.82082259153774e-01	3.41969152532702e-02	-1.47554802598648e-06	7.69444224503407e-01	3.30618729157752e-02	-1.48999007087980e-06
8.51214358802234e-01	3.19994399926138e-02	-1.50464519999005e-06	9.27913556784129e-01	3.10876017958399e-02	-8.66884830765802e-05
1.00000000000000e+00	0.00000000000000e+00	0.00000000000000e+00
11	4.01027913949521e+04	5.73193548387097e+00
0.00000000000000e+00	4.14827744079707e-02	-8.98509035618389e-07	1.35838806274256e-01	3.98279072197179e-02	-9.04131620238502e-07
2.61271699160470e-01	3.82997928643942e-02	-9.11047885576721e-07	3.77450891661828e-01	3.68843938066645e-02	-9.18043830511195e-07
4.85364548486002e-01	3.55696726722088e-02	-9.25120668515689e-07	5.85864978372972e-01	3.43452470024255e-02	-9.32279648813150e-07
6.79691205717169e-01	3.32021143000638e-02	-9.39522046827790e-07	7.67487186754858e-01	3.21324301302250e-02	-9.46849185057275e-07
8.49816620265066e-01	3.11293277048896e-02	-9.54262359353919e-07	9.27175073098952e-01	3.02684709323313e-02	-8.30609278577032e-05
1.00000000000000e+00	0.00000000000000e+00	0.00000000000000e+00
11	4.01027913949521e+04	5.95774193548387e+00
0.00000000000000e+00	3.99848352979479e-02	-5.77836817727828e-07	1.34597220854705e-01	3.84458516768245e-02	-5.80190145260673e-07
2.59228188013284e-01	3.70208135791086e-02	-5.83741534887494e-07	3.74960698908656e-01	3.56975107005590e-02	-5.87325630130309e-07
4.82715272928759e-01	3.44654183665754e-02	-5.90942839329145e-07	5.83289697018569e-01	3.33154151450197e-02	-5.94593574820834e-07
6.77378820712130e-01	3.22395565226223e-02	-5.98278237395888e-07	7.65590639691354e-01	3.12308910160368e-02	-6.01997262261733e-07
8.48459455134207e-01	3.02833097163069e-02	-6.05751078186501e-07	9.26456710881100e-01	2.94702082393252e-02	-7.97754872212675e-05
1.00000000000000e+00	0.00000000000000e+00	0.00000000000000e+00
11	4.01027913949521e+04	6.18354838709677e+00
0.00000000000000e+00	3.85627062641936e-02	-3.71077966798694e-07	1.33414201225080e-01	3.71297698354811e-02	-3.71766581519495e-07
2.57275807691004e-01	3.57994294677602e-02	-3.73586535706849e-07	3.72575570609413e-01	3.45610426401881e-02	-3.75419889619977e-07
4.80171812520241e-01	3.34053908133780e-02	-3.77266765383411e-07	5.80811838108413e-01	3.23244477968252e-02	-3.79127296223913e-07
6.75149321193966e-01	3.13111930099301e-02	-3.81001650007207e-07	7.63758523303452e-01	3.03594587721818e-02	-3.82889928873809e-07
8.47145997575604e-01	2.94638046015203e-02	-3.84792275376356e-07	9.25760282006417e-01	2.86954226171925e-02	-7.67591517558674e-05
1.00000000000000e+00	0.00000000000000e+00	0.00000000000000e+00
11	4.01027913949521e+04	6.40935483870968e+00
0.00000000000000e+00	3.72142818518795e-02	-2.38077626946165e-07	1.32288883512037e-01	3.58783807950911e-02	-2.37931072621933e-07
2.55413926907291e-01	3.46350183307207e-02	-2.38862232437853e-07	3.70295601411035e-01	3.34748977702291e-02	-2.39798853440831e-07
4.77735095835839e-01	3.23899285671227e-02	-2.40740998913580e-07	5.78433032222876e-01	3.13730357147928e-02	-2.41688714375243e-07
6.73004764922551e-01	3.04180052538419e-02	-2.42642028913664e-07	7.61992969229429e-01	2.95193571500438e-02	-2.43601000704530e-07
8.45878063729436e-01	2.86722400476558e-02	-2.44565668605645e-07	9.25086889144681e-01	2.79457148010664e-02	-7.39635950048889e-05
1.00000000000000e+00	0.00000000000000e+00	0.00000000000000e+00
11	4.01027913949521e+04	6.63516129032258e+00
0.00000000000000e+00	3.59368531996820e-02	-1.52683044651880e-07	1.31219718416352e-01	3.46897558935213e-02	-1.52128220243242e-07
2.53640701600647e-01	3.35262808341710e-02	-1.52604008984980e-07	3.68119321024655e-01	3.24382877129330e-02	-1.53082021059348e-07
4.75404307741949e-01	3.14186607541505e-02	-1.53562290439169e-07	5.76153149233236e-01	3.04611513405615e-02	-1.54044822231469e-07
6.70945577639939e-01	2.95602498242304e-02	-1.54529632423461e-07	7.60294734002678e-01	2.87110794240852e-02	-1.55016727898527e-07
8.44656462620343e-01	2.79093078944745e-02	-1.55506151511275e-07	9.24437090987335e-01	2.72219414160688e-02	-7.13557220359817e-05
1.00000000000000e+00	0.00000000000000e+00	0.00000000000000e+00
11	4.01027913949521e+04	6.86096774193548e+00
0.00000000000000e+00	3.47273139294868e-02	-9.79351997276723e-08	1.30204688519287e-01	3.35615200965433e-02	-9.71907181401832e-08
2.51953436006547e-01	3.24714376125974e-02	-9.74335609971178e-08	3.66044136844362e-01	3.14499210628305e-02	-9.76773237848505e-08
4.73177362020081e-01	3.04906978953698e-02	-9.79219931807052e-08	5.73970758787158e-01	2.95882380146109e-02	-9.81675809530458e-08
6.68970967217965e-01	2.87376470865515e-02	-9.84141108606451e-08	7.58663539206729e-01	2.79345777290740e-02	-9.86615569242844e-08
8.43481239958351e-01	2.71751551848587e-02	-9.89099493420298e-08	9.23811031554223e-01	2.65244096681452e-02	-6.89119243946212e-05
1.00000000000000e+00	0.00000000000000e+00	0.00000000000000e+00
11	4.01027913949521e+04	7.08677419354839e+00
0.00000000000000e+00	3.35823237366002e-02	-6.28754861509151e-08	1.29241476493005e-01	3.24910127984486e-02	-6.20525992811594e-08
2.50348864401053e-01	3.14683868183785e-02	-6.21764468800023e-08	3.64066681479430e-01	3.05081577210948e-02	-6.23006559674621e-08
4.71051274224144e-01	2.96047833627406e-02	-6.24252345371445e-08	5.71883494858890e-01	2.87533590677651e-02	-6.25502079021345e-08
6.67079252312379e-01	2.79495285371194e-02	-6.26755514154809e-08	7.57098341803188e-01	2.71894092919782e-02	-6.28012630787822e-08
8.42351872011362e-01	2.64695299592081e-02	-6.29273479990644e-08	9.23208543006330e-01	2.58530239762216e-02	-6.66145796992534e-05
1.00000000000000e+00	0.00000000000000e+00	0.00000000000000e+00
11	4.01027913949521e+04	7.31258064516129e+00
0.00000000000000e+00	3.24984324120268e-02	-4.04426518940681e-08	1.28327591146449e-01	3.14754109343429e-02	-3.95974393274656e-08
2.48823364404435e-01	3.05148254338687e-02	-3.96605481789436e-08	3.62183078028061e-01	2.96111280141234e-02	-3.97238051341731e-08
4.69022448142677e-01	2.87594102309006e-02	-3.97872190749382e-08	5.69888337268779e-01	2.79553125359000e-02	-3.98507957743988e-08
6.65268117171161e-01	2.71949496367110e-02	-3.99144945983920e-08	7.55597544344535e-01	2.64748477142409e-02	-3.99783790516750e-08
8.41267416684957e-01	2.57918913559010e-02	-4.00424076119066e-08	9.22629225875324e-01	2.52073957091639e-02	-6.44499080957317e-05
1.00000000000000e+00	0.00000000000000e+00	0.00000000000000e+00
11	4.01027913949521e+04	7.53838709677419e+00
0.00000000000000e+00	3.14721742594470e-02	-2.60970989263143e-08	1.27460462673887e-01	3.05118238546163e-02	-2.52573704173642e-08
2.47373120148447e-01	2.96083434982242e-02	-2.52895138164178e-08	3.60389145015101e-01	2.87568256367630e-02	-2.53217189438715e-08
4.67086898899854e-01	2.79529126170648e-02	-2.53539824690563e-08	5.67981832390769e-01	2.71927207878064e-02	-2.53863001731247e-08
6.63534812485839e-01	2.64727777565859e-02	-2.54187000336970e-08	7.54159161404429e-01	2.57899693560177e-02	-2.54511618447140e-08
8.40226633559045e-01	2.51414946104556e-02	-2.54836614033138e-08	9.22072512985088e-01	2.45869273147803e-02	-6.24066604970608e-05
1.00000000000000e+00	0.00000000000000e+00	0.00000000000000e+00
11	4.01027913949521e+04	7.76419354838710e+00
0.00000000000000e+00	3.05001352118575e-02	-1.69257377002907e-08	1.26637510974417e-01	2.95973621654861e-02	-1.61048649971463e-08
2.45994241238105e-01	2.87464934592565e-02	-1.61212319049753e-08	3.58680547757069e-01	2.79431767353318e-02	-1.61376170204619e-08
4.65240419472073e-01	2.71835340149211e-02	-1.61540292253903e-08	5.66160259301538e-01	2.64640978374595e-02	-1.61704785117678e-08
6.61876307665020e-01	2.57817583398370e-02	-1.61869215808963e-08	7.52780946493787e-01	2.51337183167009e-02	-1.62034077266782e-08
8.39228075866866e-01	2.45174548913656e-02	-1.62199320641321e-08	9.21537718625899e-01	2.39908752983908e-02	-6.04753086037579e-05
1.00000000000000e+00	0.00000000000000e+00	0.00000000000000e+00
11	4.01027913949521e+04	7.99000000000000e+00
0.00000000000000e+00	2.95790024680738e-02	-1.10619990945082e-08	1.25856196558942e-01	2.87291897405304e-02	-1.02660135947730e-08
2.44682852987637e-01	2.79268433526780e-02	-1.02743400454131e-08	3.57052914816547e-01	2.71680934323482e-02	-1.02826798187294e-08
4.63478710291426e-01	2.64494806162643e-02	-1.02910240329379e-08	5.64419760349370e-01	2.57679021087955e-02	-1.02993840123133e-08
6.60289411473888e-01	2.51205668952759e-02	-1.03077542057406e-08	7.51460493306387e-01	2.45049575404797e-02	-1.03161266196139e-08
8.38270164303541e-01	2.39187974696062e-02	-1.03245136884311e-08	9.21024078213923e-01	2.34183996034472e-02	-5.86475481654247e-05
1.00000000000000e+00	0.00000000000000e+00	0.00000000000000e+00
