54	8.32980664765827e+04	9.90000000000000e-01
0.00000000000000e+00	1.50136404121479e-02	-2.61684741897916e-05	2.93599324998303e-02	1.47142481868083e-02	-2.71426807156860e-05
5.78683817653079e-02	1.44206367860626e-02	-2.81893403455413e-05	8.55663066711889e-02	1.41322786841682e-02	-2.92978774210084e-05
1.12492279887993e-01	1.38486790313967e-02	-3.04732744831337e-05	1.38682671247125e-01	1.35693500974581e-02	-3.17210261728817e-05
1.64171815740783e-01	1.32938083476890e-02	-3.30472040019902e-05	1.88992167571302e-01	1.30215714605928e-02	-3.44585305882550e-05
2.13174441711474e-01	1.27521552448688e-02	-3.59624651278256e-05	2.36747744283173e-01	1.24850704115269e-02	-3.75673029635593e-05
2.59739692928237e-01	1.22198191481646e-02	-3.92822903714229e-05	2.82176528230532e-01	1.19558914399129e-02	-4.11177586607803e-05
3.04083217149330e-01	1.16927610707755e-02	-4.30852808135374e-05	3.25483549339835e-01	1.14298812271572e-02	-4.51978537816533e-05
3.46400227165684e-01	1.11666796232399e-02	-4.74701173658332e-05	3.66854950149210e-01	1.09025530281488e-02	-4.99186074587321e-05
3.86868494557914e-01	1.06368610790344e-02	-5.25620585054565e-05	4.06460788789087e-01	1.03689192262604e-02	-5.54217644712640e-05
4.25650985189018e-01	1.00979906311776e-02	-5.85220145001841e-05	4.44457528928910e-01	9.82327676816785e-03	-6.18906056943924e-05
4.62898224557333e-01	9.54390649421133e-03	-6.55594794320979e-05	4.80990300859342e-01	9.25892318970289e-03	-6.95654754991892e-05
4.98750474677933e-01	8.96726958904326e-03	-7.39512684555521e-05	5.16195014395642e-01	8.66776974403849e-03	-7.87665199719623e-05
5.33339803837080e-01	8.35910740080914e-03	-8.40692826000744e-05	5.50200407441587e-01	8.03980000227345e-03	-8.99277837729251e-05
5.66792137674388e-01	7.70816708653310e-03	-9.64226220532272e-05	5.83130125805249e-01	7.36229174609870e-03	-1.03649584467957e-04
5.99229397395109e-01	6.99997313677780e-03	-1.11723195682645e-04	6.15104954112448e-01	6.61866766508679e-03	-1.20781332559661e-04
6.30771863872447e-01	6.21541534725822e-03	-1.30991139641434e-04	6.46245361788149e-01	5.78674707867433e-03	-1.42556874323629e-04
6.61540965085487e-01	5.32856645873903e-03	-1.55730212100691e-04	6.76674606032875e-01	4.83599801817691e-03	-1.70824172434969e-04
6.91662788160822e-01	4.30318981209865e-03	-1.88231933220706e-04	7.06522772743483e-01	3.72305398181361e-03	-2.08452852999308e-04
7.21272804887769e-01	3.08692123060128e-03	-2.32128906891838e-04	7.35932391954134e-01	2.38407409331520e-03	-2.60096557751055e-04
7.50522651919608e-01	1.60110648957845e-03	-2.93461927509009e-04	7.65066756495914e-01	7.21031001502670e-04	-3.33712963213273e-04
7.79590504647343e-01	-2.77992808785155e-04	-3.82888603273290e-04	7.94123078861759e-01	-1.42450386724213e-03	-4.43844688950756e-04
8.08698062923131e-01	-2.75649053418792e-03	-5.20680127784168e-04	8.23354843015455e-01	-4.32559907555097e-03	-6.19450087916862e-04
8.38140586621764e-01	-6.20378643891040e-03	-7.49405765315680e-04	8.53113121275654e-01	-8.49423161143448e-03	-9.25260248661575e-04
8.68345269953495e-01	-1.13500284097338e-02	-1.17158259656058e-03	8.83931656472079e-01	-1.50079148256648e-02	-1.53196170568348e-03
8.99999944237292e-01	-1.98530846254739e-02	-2.08994042366739e-03	9.16730620838186e-01	-2.65536146175868e-02	-3.02291971782309e-03
9.34394852949140e-01	-3.63664729798826e-02	-4.76564984781191e-03	9.53435669137646e-01	-5.19092845824651e-02	-8.64238340003576e-03
9.74673916295768e-01	-8.01873022546342e-02	-1.94552812171955e-02	1.00000000000000e+00	0.00000000000000e+00	0.00000000000000e+00
34	8.32980664765827e+04	1.21580645161290e+00
0.00000000000000e+00	2.36371411862857e-02	-6.17683351404885e-05	4.75522115026491e-02	2.29103438232108e-02	-6.54817750440628e-05
9.29743887861608e-02	2.22052070426837e-02	-6.95523488014604e-05	1.36423218134775e-01	2.15187680975268e-02	-7.40164234160900e-05
1.78041568849530e-01	2.08481499755344e-02	-7.89265458081001e-05	2.17960100745698e-01	2.01905060021035e-02	-8.43443526770127e-05
2.56298669724680e-01	1.95429757239598e-02	-9.03425279890069e-05	2.93167563269459e-01	1.89026375024932e-02	-9.70072711010683e-05
3.28668592945852e-01	1.82664559343118e-02	-1.04441431693525e-04	3.62896067047773e-01	1.76312218022496e-02	-1.12768531868701e-04
3.95937663442734e-01	1.69934816253532e-02	-1.22137965592906e-04	4.27875220334671e-01	1.63494530213308e-02	-1.32731797053198e-04
4.58785460990226e-01	1.56949208199040e-02	-1.44773737734250e-04	4.88740667442790e-01	1.50251070805509e-02	-1.58541144214652e-04
5.17809317814633e-01	1.43345055542621e-02	-1.74381255883427e-04	5.46056702260027e-01	1.36166673075169e-02	-1.92733478725726e-04
5.73545533790254e-01	1.28639185169031e-02	-2.14160426968979e-04	6.00336572671306e-01	1.20669828680904e-02	-2.39391926941002e-04
6.26489287143614e-01	1.12144675383792e-02	-2.69388495190537e-04	6.52062579651044e-01	1.02921509102545e-02	-3.05434925784942e-04
6.77115617817290e-01	9.28197590575341e-03	-3.49281365425558e-04	7.01708825152877e-01	8.16059670480995e-03	-4.03361763662735e-04
7.25905111491285e-01	6.89722988444985e-03	-4.71142266871505e-04	7.49771463807273e-01	5.45039015278892e-03	-5.57696103076877e-04
7.73381086103260e-01	3.76277724740071e-03	-6.70690985729694e-04	7.96816395055915e-01	1.75297668084751e-03	-8.22166030090665e-04
8.20173391843903e-01	-6.98582964392735e-04	-1.03191354570975e-03	8.43568338252790e-01	-3.77459033696914e-03	-1.33437019152782e-03
8.67148493207499e-01	-7.76792132171755e-03	-1.79390928597711e-03	8.91110483606892e-01	-1.31770224749831e-02	-2.54272118482479e-03
9.15734286964494e-01	-2.09168486265430e-02	-3.88966333958973e-03	9.41452954018023e-01	-3.28345461609060e-02	-6.70771106333712e-03
9.69018422903460e-01	-5.36573692131328e-02	-1.37607013253984e-02	1.00000000000000e+00	0.00000000000000e+00	0.00000000000000e+00
23	8.32980664765827e+04	1.44161290322581e+00
0.00000000000000e+00	3.47308505586816e-02	-1.24729256226530e-04	7.14873882354527e-02	3.32036165387808e-02	-1.35841340426435e-04
1.38380244162597e-01	3.17423219304931e-02	-1.48524072836498e-04	2.01157335877129e-01	3.03341303330904e-02	-1.63081451514779e-04
2.60238307308745e-01	2.89665516307831e-02	-1.79903431737127e-04	3.15993303082554e-01	2.76270302981363e-02	-1.99487167142687e-04
3.68750946470967e-01	2.63024977719992e-02	-2.22474487558744e-04	4.18805037492433e-01	2.49788420351402e-02	-2.49705630052333e-04
4.66420265740038e-01	2.36402408856728e-02	-2.82297812935095e-04	5.11837183065412e-01	2.22682804838594e-02	-3.21762729460273e-04
5.55276651606527e-01	2.08407387521059e-02	-3.70186678091189e-04	5.96943972346753e-01	1.93298413232832e-02	-4.30514697889350e-04
6.37032911507343e-01	1.76996712018955e-02	-5.07013543981749e-04	6.75729885185447e-01	1.59021832983344e-02	-6.06055022016827e-04
7.13218655288613e-01	1.38708391460289e-02	-7.37501055988687e-04	7.49686070581857e-01	1.15100111997055e-02	-9.17284364717608e-04
7.85329737994361e-01	8.67648756618244e-03	-1.17253143827800e-03	8.20369217242926e-01	5.14533054372612e-03	-1.55256150150707e-03
8.55063849219935e-01	5.42475971450629e-04	-2.15498054850571e-03	8.89743872043748e-01	-5.79960574826377e-03	-3.19633709706890e-03
9.24870761855216e-01	-1.51821601264770e-02	-5.24240302484658e-03	9.61171237628691e-01	-3.07290894789946e-02	-9.88865356396573e-03
1.00000000000000e+00	0.00000000000000e+00	0.00000000000000e+00
16	8.32980664765827e+04	1.66741935483871e+00
0.00000000000000e+00	4.98625050769983e-02	-2.35667703706310e-04	1.04306942719552e-01	4.68214171376928e-02	-2.65844977442420e-04
1.99283917570994e-01	4.39661781327096e-02	-3.02262466089775e-04	2.86262196477599e-01	4.12471907452883e-02	-3.46768913973339e-04
3.66351074234871e-01	3.86159666120884e-02	-4.01960867205675e-04	4.40486658404215e-01	3.60218232676630e-02	-4.71570121137077e-04
5.09469834462116e-01	3.34077738151251e-02	-5.61117347205986e-04	5.73996750735879e-01	3.07047618574163e-02	-6.79051848542667e-04
6.34684442501492e-01	2.78227704685381e-02	-8.38840072300062e-04	6.92093935938222e-01	2.46360014105840e-02	-1.06302794619206e-03
7.46753404822905e-01	2.09563665810444e-02	-1.39174304915302e-03	7.99185022966223e-01	1.64825317019370e-02	-1.90221131737767e-03
8.49942038144071e-01	1.06937373464127e-02	-2.75930460247897e-03	8.99670232976092e-01	2.60695049843662e-03	-4.37006855596023e-03
9.49230484452477e-01	-9.96950193628421e-03	-7.85152555498914e-03	1.00000000000000e+00	0.00000000000000e+00	0.00000000000000e+00
13	8.32980664765827e+04	1.89322580645161e+00
0.00000000000000e+00	6.09629631739417e-02	-3.12352501650626e-04	1.29770522602635e-01	5.65777334130619e-02	-3.59810864251520e-04
2.45644471180543e-01	5.25280570724995e-02	-4.19054668961305e-04	3.49954910128381e-01	4.87147011870652e-02	-4.94346753010078e-04
4.44577842486749e-01	4.50417101878759e-02	-5.92078485389891e-04	5.31048936177949e-01	4.14071142441901e-02	-7.22180826610241e-04
6.10650434811692e-01	3.76906572964557e-02	-9.00772224963875e-04	6.84479054940302e-01	3.37347562125949e-02	-1.15544809629986e-03
7.53503290610770e-01	2.93110732759310e-02	-1.53672493140711e-03	8.18618423192392e-01	2.40555482335767e-02	-2.14545543586442e-03
8.80710808736475e-01	1.73292264471527e-02	-3.20802257494956e-03	9.40754385503290e-01	7.85874337159265e-03	-5.29618853591218e-03
1.00000000000000e+00	0.00000000000000e+00	0.00000000000000e+00
11	8.32980664765827e+04	2.11903225806452e+00
0.00000000000000e+00	7.14866562139855e-02	-3.69184315451632e-04	1.54583189962983e-01	6.56847885650576e-02	-4.31512755725949e-04
2.90112300568438e-01	6.04237617460055e-02	-5.11178825490122e-04	4.10199585285132e-01	5.55385643411359e-02	-6.15282686655449e-04
5.17654935879297e-01	5.08742114303449e-02	-7.54983631657380e-04	6.14713908407477e-01	4.62671196689262e-02	-9.48639532172724e-04
7.03200244360021e-01	4.15202454367509e-02	-1.22820775768928e-03	7.84648934249380e-01	3.63622340415048e-02	-1.65344231058850e-03
8.60409597125479e-01	3.03691128939843e-02	-2.34702166929268e-03	9.31750839356263e-01	2.28276327848334e-02	-3.62858427617541e-03
1.00000000000000e+00	0.00000000000000e+00	0.00000000000000e+00
11	8.32980664765827e+04	2.34483870967742e+00
0.00000000000000e+00	6.97715397977763e-02	-2.89703394109830e-04	1.54737010468642e-01	6.44090491117137e-02	-3.32777726611333e-04
2.90747946234619e-01	5.95747292433202e-02	-3.86277299754711e-04	4.11466029814186e-01	5.51333948319872e-02	-4.53863998437054e-04
5.19571159867004e-01	5.09652857067404e-02	-5.40968084162818e-04	6.17195494051243e-01	4.69547361496101e-02	-6.55917444819298e-04
7.06069029825342e-01	4.29777236297431e-02	-8.12015280129641e-04	7.87626681534235e-01	3.88849792048078e-02	-1.03159178379331e-03
8.63091483585358e-01	3.44747355307078e-02	-1.35450937990100e-03	9.33545434036227e-01	2.95126336211509e-02	-1.92819800217192e-03
1.00000000000000e+00	0.00000000000000e+00	0.00000000000000e+00
11	8.32980664765827e+04	2.57064516129032e+00
0.00000000000000e+00	6.80041221646355e-02	-2.20713069706058e-04	1.54485879930861e-01	6.30541518310279e-02	-2.49124012744684e-04
2.90645354204497e-01	5.86115095971256e-02	-2.83419249878403e-04	4.11728061253675e-01	5.45640234353220e-02	-3.25342900199255e-04
5.20282083966935e-01	5.08166662983691e-02	-3.77341199099046e-04	6.18338784293690e-01	4.72840906764116e-02	-4.42926871392801e-04
7.07543817159871e-01	4.38838157995913e-02	-5.27290479117815e-04	7.89252488314938e-01	4.05288290664347e-02	-6.38363811039877e-04
8.64601360081132e-01	3.71179744300809e-02	-7.88762377422092e-04	9.34564383143549e-01	3.36129140781962e-02	-1.09155138473493e-03
1.00000000000000e+00	0.00000000000000e+00	0.00000000000000e+00
11	8.32980664765827e+04	2.79645161290323e+00
0.00000000000000e+00	6.61765510551640e-02	-1.63630628823297e-04	1.53887188720725e-01	6.16085269470614e-02	-1.81598907486480e-04
2.89912883882729e-01	5.75200659120252e-02	-2.02708506769511e-04	4.11141277695946e-01	5.38166576805548e-02	-2.27734596639495e-04
5.19988116250810e-01	5.04204927392391e-02	-2.57710636308639e-04	6.18386257206573e-01	4.72650611197976e-02	-2.94035142551330e-04
7.07903668659127e-01	4.42908235497084e-02	-3.38638212609821e-04	7.89829323898702e-01	4.14413492247208e-02	-3.94243958371510e-04
8.65237073224081e-01	3.86593633621610e-02	-4.64797642594883e-04	9.35034278050736e-01	3.59855287412671e-02	-6.60239020570552e-04
1.00000000000000e+00	0.00000000000000e+00	0.00000000000000e+00
11	8.32980664765827e+04	3.02225806451613e+00
0.00000000000000e+00	6.42879341427081e-02	-1.18386384565961e-04	1.53001746968479e-01	6.00707887713234e-02	-1.29339304220100e-04
2.88662773296339e-01	5.63006605616165e-02	-1.41891001323780e-04	4.09862092644510e-01	5.28968612839977e-02	-1.56366015090281e-04
5.18883368566949e-01	4.97939257780631e-02	-1.73178650886285e-04	6.17562525054817e-01	4.69374225022114e-02	-1.92861143477163e-04
7.07393789529835e-01	4.42808035112574e-02	-2.16106372902036e-04	7.89607289834409e-01	4.17829037509341e-02	-2.43829790934180e-04
8.65226825107245e-01	3.94058048407995e-02	-2.77261109815852e-04	9.35113607045937e-01	3.72223960772726e-02	-4.28259513621354e-04
1.00000000000000e+00	0.00000000000000e+00	0.00000000000000e+00
11	8.32980664765827e+04	3.24806451612903e+00
0.00000000000000e+00	6.23449848628899e-02	-8.38425100029294e-05	1.51889713127947e-01	5.84492809538077e-02	-9.03109285590453e-05
2.87003753938471e-01	5.49655313046797e-02	-9.75611119891084e-05	4.08038092614566e-01	5.18242214988160e-02	-1.05721899031019e-04
5.17145277590787e-01	4.89692272777837e-02	-1.14952498706522e-04	6.16065389074635e-01	4.63544421077713e-02	-1.25448509877391e-04
7.06220969492045e-01	4.39412943840793e-02	-1.37452380769343e-04	7.88787008340291e-01	4.16968653654923e-02	-1.51267552490841e-04
8.64743336396719e-01	3.95924124605416e-02	-1.67277847930691e-04	9.34914414519420e-01	3.77141089222415e-02	-2.98541733376068e-04
1.00000000000000e+00	0.00000000000000e+00	0.00000000000000e+00
11	8.32980664765827e+04	3.47387096774194e+00
0.00000000000000e+00	6.03608176071475e-02	-5.82981429659846e-05	1.50607348898088e-01	5.67597319523725e-02	-6.20169437379747e-05
2.85035714966647e-01	5.35349422810818e-02	-6.61057283894984e-05	4.05801912290642e-01	5.06262611672417e-02	-7.06129939420652e-05
5.14929195903670e-01	4.79850487777662e-02	-7.55978789734879e-05	6.14062867517876e-01	4.55714578232331e-02	-8.11303522429974e-05
7.04554879746452e-01	4.33524084122496e-02	-8.72936831186610e-05	7.87526729812530e-01	4.13000693084791e-02	-9.41875957183314e-05
8.63916883750752e-01	3.93906963219919e-02	-1.01932331622923e-04	9.34517004466646e-01	3.77157069609761e-02	-2.23269075634969e-04
1.00000000000000e+00	0.00000000000000e+00	0.00000000000000e+00
11	8.32980664765827e+04	3.69967741935484e+00
0.00000000000000e+00	5.83527360003966e-02	-3.99104832291552e-05	1.49204874272410e-01	5.50222145487269e-02	-4.20007824430968e-05
2.82846567604502e-01	5.20331484726857e-02	-4.42618130311878e-05	4.03268264797147e-01	4.93333208593993e-02	-4.67105787307354e-05
5.12366740587746e-01	4.68803610890751e-02	-4.93684582805187e-05	6.11693957252082e-01	4.46394861628407e-02	-5.22599629668719e-05
7.02532137013757e-01	4.25818307680703e-02	-5.54133040537863e-05	7.85950053676968e-01	4.06831917646175e-02	-5.88610839020731e-05
8.62845807667347e-01	3.89230701953349e-02	-6.26411424617945e-05	9.33979727665201e-01	3.73944636582713e-02	-1.77931066400960e-04
1.00000000000000e+00	0.00000000000000e+00	0.00000000000000e+00
11	8.32980664765827e+04	3.92548387096774e+00
0.00000000000000e+00	5.63398317524775e-02	-2.69681852160808e-05	1.47725383688952e-01	5.32582997848190e-02	-2.81211455663843e-05
2.80510982195892e-01	5.04851246037432e-02	-2.93515730818150e-05	4.00533330934385e-01	4.79749924679107e-02	-3.06645958263463e-05
5.09566562695072e-01	4.56909282127711e-02	-3.20677763516741e-05	6.09071348445341e-01	4.36024452141157e-02	-3.35695631150656e-05
7.00261251902974e-01	4.16841662807688e-02	-3.51794179243026e-05	7.84152918294816e-01	3.99147797038564e-02	-3.69079654014559e-05
8.61604513440939e-01	3.82762387604965e-02	-3.87671688173441e-05	9.33345502441589e-01	3.68613079504427e-02	-1.49518755742539e-04
1.00000000000000e+00	0.00000000000000e+00	0.00000000000000e+00
11	8.32980664765827e+04	4.15129032258065e+00
0.00000000000000e+00	5.43409255296241e-02	-1.80261854765273e-05	1.46204604894634e-01	5.14888535446816e-02	-1.86521309160081e-05
2.78090475783934e-01	4.89143150400200e-02	-1.93130439725131e-05	3.97675662679511e-01	4.65780079025044e-02	-2.00097289617673e-05
5.06616436801215e-01	4.44476616298037e-02	-2.07448150306710e-05	6.06284906473644e-01	4.24965252758607e-02	-2.15211774645674e-05
6.97827474824291e-01	4.07022302460227e-02	-2.23419657670032e-05	7.82209438404553e-01	3.90459224939790e-02	-2.32106356834461e-05
8.60249414489806e-01	3.75115924068299e-02	-2.41309856465755e-05	9.32646204445808e-01	3.61908034033447e-02	-1.30917729973978e-04
1.00000000000000e+00	0.00000000000000e+00	0.00000000000000e+00
11	8.32980664765827e+04	4.37709677419355e+00
0.00000000000000e+00	5.23730987685944e-02	-1.19416372366121e-05	1.44671246709100e-01	4.97325977406855e-02	-1.22768989962996e-05
2.75634361560353e-01	4.73413335886397e-02	-1.26281677055307e-05	3.94757935928383e-01	4.51652423919764e-02	-1.29947342952796e-05
5.03585932605505e-01	4.31761737859149e-02	-1.33775001918135e-05	6.03405257774741e-01	4.13506577017226e-02	-1.37774342319208e-05
6.95297129915196e-01	3.96689685488327e-02	-1.41955787611447e-05	7.80176604307818e-01	3.81144051230180e-02	-1.46330564798625e-05
8.58823321468234e-01	3.66727303504168e-02	-1.50910779501690e-05	9.31905671845137e-01	3.54337614185023e-02	-1.18136763547660e-04
1.00000000000000e+00	0.00000000000000e+00	0.00000000000000e+00
11	8.32980664765827e+04	4.60290322580645e+00
0.00000000000000e+00	5.04508299672632e-02	-7.85285377769007e-06	1.43147692082740e-01	4.80053463728509e-02	-8.03027604567852e-06
2.73181149069555e-01	4.57833915771704e-02	-8.21537882211842e-06	3.91829060301672e-01	4.37554570668466e-02	-8.40695731296748e-06
5.00529193212659e-01	4.18969997757372e-02	-8.60531713908763e-06	6.00487125694179e-01	4.01874376975759e-02	-8.81078220293929e-06
6.92721302398811e-01	3.86093810807482e-02	-9.02369595112695e-06	7.78097991409551e-01	3.71480359429699e-02	-9.24442285965554e-06
8.57358687374116e-01	3.57907364630952e-02	-9.47334995160531e-06	9.31141799141415e-01	3.46252404345839e-02	-1.08887879012087e-04
1.00000000000000e+00	0.00000000000000e+00	0.00000000000000e+00
11	8.32980664765827e+04	4.82870967741935e+00
0.00000000000000e+00	4.85856390810215e-02	-5.13309103000736e-06	1.41650853858681e-01	4.63197560765316e-02	-5.22589841023269e-06
2.70760113300694e-01	4.42542233644643e-02	-5.32276474030091e-06	3.88926342372409e-01	4.23634826148729e-02	-5.42234981759648e-06
4.97487566669100e-01	4.06261419407019e-02	-5.52475633375238e-06	5.97572276002489e-01	3.90241584964737e-02	-5.63009189291641e-06
6.90138897542500e-01	3.75422075232614e-02	-5.73846925888688e-06	7.76006669695948e-01	3.61671888449293e-02	-5.85000671948777e-06
8.55880025734421e-01	3.48878371045238e-02	-5.96482836590084e-06	9.30368025056029e-01	3.37896754184630e-02	-1.01835171888887e-04
1.00000000000000e+00	0.00000000000000e+00	0.00000000000000e+00
11	8.32980664765827e+04	5.05451612903226e+00
0.00000000000000e+00	4.67860983582162e-02	-3.33892089665611e-06	1.40193064801073e-01	4.46854205221190e-02	-3.38684363021535e-06
2.68392848713955e-01	4.27643124539563e-02	-3.43725090234948e-06	3.86077523170518e-01	4.10006311015545e-02	-3.48879204570274e-06
4.94491964922907e-01	3.93757295635599e-02	-3.54150131509634e-06	5.94692034734915e-01	3.78737918328456e-02	-3.59541428829324e-06
6.87579140199362e-01	3.64813151335441e-02	-3.65056787421381e-06	7.73927482102519e-01	3.51867018392353e-02	-3.70700045526640e-06
8.54405729678589e-01	3.39799348315022e-02	-3.76475189689529e-06	9.29594409947350e-01	3.29442143331808e-02	-9.61861220813987e-05
1.00000000000000e+00	0.00000000000000e+00	0.00000000000000e+00
11	8.32980664765827e+04	5.28032258064516e+00
0.00000000000000e+00	4.50580724674958e-02	-2.16329481017574e-06	1.38782921879167e-01	4.31091646888409e-02	-2.18761736525686e-06
2.66094701998151e-01	4.13212724903287e-02	-2.21372927478036e-06	3.83302598883794e-01	3.96751980950718e-02	-2.24031153162052e-06
4.91564903929626e-01	3.81546794011240e-02	-2.26737550024225e-06	5.91869394647038e-01	3.67458481383307e-02	-2.29493289194416e-06
6.85063598187224e-01	3.54368049962979e-02	-2.32299578084572e-06	7.71878830266763e-01	3.42172821397524e-02	-2.35157660966046e-06
8.52949453644681e-01	3.30783728368427e-02	-2.38068818547710e-06	9.28828429666531e-01	3.21009234688296e-02	-9.14637663604889e-05
1.00000000000000e+00	0.00000000000000e+00	0.00000000000000e+00
11	8.32980664765827e+04	5.50612903225806e+00
0.00000000000000e+00	4.34050806586002e-02	-1.39716643121623e-06	1.37426044152811e-01	4.15954354429968e-02	-1.40917498758775e-06
2.63876036131624e-01	3.99302879025829e-02	-1.42265172442535e-06	3.80615395202529e-01	3.83929752496814e-02	-1.43632272231464e-06
4.88722229151456e-01	3.69693027562241e-02	-1.45019173602989e-06	5.89120755629765e-01	3.56471018104414e-02	-1.46426260450028e-06
6.82607814214503e-01	3.44158808578725e-02	-1.47853926857344e-06	7.69874080061956e-01	3.32665461013395e-02	-1.49302578855703e-06
8.51521174694338e-01	3.21911762193725e-02	-1.50772624518680e-06	9.28075570786177e-01	3.12682713813532e-02	-8.73770413214459e-05
1.00000000000000e+00	0.00000000000000e+00	0.00000000000000e+00
11	8.32980664765827e+04	5.73193548387097e+00
0.00000000000000e+00	4.18286988231265e-02	-9.00101677636655e-07	1.36125723575464e-01	4.01467141248162e-02	-9.05731176725766e-07
2.61743305011958e-01	3.85945511323267e-02	-9.12665994112771e-07	3.78024889088742e-01	3.71577260819882e-02	-9.19680766431341e-07
4.85974543385921e-01	3.58238336340275e-02	-9.26776725806988e-07	5.86457342013330e-01	3.45821857044972e-02	-9.33955139670317e-07
6.80222612298053e-01	3.34235242533281e-02	-9.41217258798588e-07	7.67922666870178e-01	3.23397898503863e-02	-9.48564432112775e-07
8.50128011956718e-01	3.13239337774038e-02	-9.55997968787869e-07	9.27339781733025e-01	3.04521438589653e-02	-8.37456914304369e-05
1.00000000000000e+00	0.00000000000000e+00	0.00000000000000e+00
11	8.32980664765827e+04	5.95774193548387e+00
0.00000000000000e+00	4.03289563456062e-02	-5.78756438773809e-07	1.34883470972746e-01	3.87639128650970e-02	-5.81106689656608e-07
2.59699950403090e-01	3.73156674300341e-02	-5.84666570047077e-07	3.75536303946871e-01	3.59716080876173e-02	-5.88259267075841e-07
4.83328378985280e-01	3.47208768085792e-02	-5.91885180423191e-07	5.83886353722214e-01	3.35540736136593e-02	-5.95544706882833e-07
6.77915146227150e-01	3.24630197819480e-02	-5.99238289433757e-07	7.66030971215904e-01	3.14405657541166e-02	-6.02966351959111e-07
8.48774867008736e-01	3.04804341886931e-02	-6.06729315233423e-07	9.26623820373699e-01	2.96565522150527e-02	-8.04561603016118e-05
1.00000000000000e+00	0.00000000000000e+00	0.00000000000000e+00
11	8.32980664765827e+04	6.18354838709677e+00
0.00000000000000e+00	3.89046953559598e-02	-3.71609202964862e-07	1.33699461012882e-01	3.74467281972906e-02	-3.72290106964712e-07
2.57747131956440e-01	3.60940083077095e-02	-3.74113931389530e-07	3.73151998032691e-01	3.48355315335511e-02	-3.75951202613578e-07
4.80787144026547e-01	3.36617773358703e-02	-3.77802032103247e-07	5.81411889477567e-01	3.25644657240516e-02	-3.79666579064519e-07
6.75689733996193e-01	3.15363615716286e-02	-3.81544919658694e-07	7.64203009635356e-01	3.05711148404371e-02	-3.83437274820153e-07
8.47464924357432e-01	2.96631292527099e-02	-3.85343734921051e-07	9.25929522922641e-01	2.88841347254896e-02	-7.74353726897825e-05
1.00000000000000e+00	0.00000000000000e+00	0.00000000000000e+00
11	8.32980664765827e+04	6.40935483870968e+00
0.00000000000000e+00	3.75538823633681e-02	-2.38385740702896e-07	1.32572890149057e-01	3.61939454021150e-02	-2.38229334259543e-07
2.55884315347755e-01	3.49290116725405e-02	-2.39162248005798e-07	3.70872179994381e-01	3.37494586690985e-02	-2.40100648696284e-07
4.78351882967720e-01	3.26469221537466e-02	-2.41044591842154e-07	5.79035686608826e-01	3.16140958461930e-02	-2.41994110528054e-07
6.73548523548146e-01	3.06445692801081e-02	-2.42949250495172e-07	7.62440982903733e-01	2.97326945927359e-02	-2.43910043939977e-07
8.46200046101688e-01	2.88734763986822e-02	-2.44876559474250e-07	9.25258014510116e-01	2.81365184566658e-02	-7.46350130391704e-05
1.00000000000000e+00	0.00000000000000e+00	0.00000000000000e+00
11	8.32980664765827e+04	6.63516129032258e+00
0.00000000000000e+00	3.62738667180782e-02	-1.52863407709702e-07	1.31502258597379e-01	3.50036903522761e-02	-1.52297743527541e-07
2.54109737407218e-01	3.38194284768514e-02	-1.52774334960526e-07	3.68695475998921e-01	3.27126469610317e-02	-1.53253143286847e-07
4.76021879957410e-01	3.16759818323489e-02	-1.53734224905833e-07	5.76757707489680e-01	3.07029736451601e-02	-1.54217568271164e-07
6.71492019599301e-01	2.97879327380175e-02	-1.54703212018603e-07	7.60745708702376e-01	2.89258278802080e-02	-1.55191126616216e-07
8.44981082303364e-01	2.81121937045918e-02	-1.55681366020843e-07	9.24609874070456e-01	2.74145833466335e-02	-7.20220285281847e-05
1.00000000000000e+00	0.00000000000000e+00	0.00000000000000e+00
11	8.32980664765827e+04	6.86096774193548e+00
0.00000000000000e+00	3.50615900265998e-02	-9.80426548835567e-08	1.30485590452992e-01	3.38736338685215e-02	-9.72868949844496e-08
2.52420771380348e-01	3.27635223400291e-02	-9.75300984418226e-08	3.66619376992315e-01	3.17238447522554e-02	-9.77742178331908e-08
4.73795135971117e-01	3.07481032795061e-02	-9.80192569333127e-08	5.74576604054021e-01	2.98305755151616e-02	-9.82652264003292e-08
6.69519501132889e-01	2.89662021539927e-02	-9.85121051400029e-08	7.59116964327374e-01	2.81504936477512e-02	-9.87599195756417e-08
8.43808116499769e-01	2.73794521968636e-02	-9.90086770347176e-08	9.23985264502885e-01	2.67186580766687e-02	-6.95728651434191e-05
1.00000000000000e+00	0.00000000000000e+00	0.00000000000000e+00
11	8.32980664765827e+04	7.08677419354839e+00
0.00000000000000e+00	3.39137508118632e-02	-6.29414207420353e-08	1.29520602653312e-01	3.28011532651626e-02	-6.21070646023014e-08
2.50814209545350e-01	3.17592275876180e-02	-6.22310731834830e-08	3.64640586897725e-01	3.07814458881561e-02	-6.23554488043965e-08
4.71668742000436e-01	2.98620613392995e-02	-6.24802032334060e-08	5.72490082346272e-01	2.89959937021005e-02	-6.26053304753071e-08
6.67629349799402e-01	2.81787354007885e-02	-6.27308394118842e-08	7.57553756627477e-01	2.74062730434774e-02	-6.28567262683788e-08
8.42680659183719e-01	2.66750215046190e-02	-6.29829821630068e-08	9.23384035224418e-01	2.60486665471447e-02	-6.72699549588707e-05
1.00000000000000e+00	0.00000000000000e+00	0.00000000000000e+00
11	8.32980664765827e+04	7.31258064516129e+00
0.00000000000000e+00	3.28269299242541e-02	-4.04849767043913e-08	1.28604832050204e-01	3.17834565510839e-02	-3.96282344716781e-08
2.49286477914120e-01	3.08042714057692e-02	-3.96914208167232e-08	3.62755289265528e-01	2.98836094780193e-02	-3.97547514907615e-08
4.69639166664298e-01	2.90163761266435e-02	-3.98182389282908e-08	5.70495184882113e-01	2.81980513746198e-02	-3.98818851277127e-08
6.65819305258953e-01	2.74246111052425e-02	-3.99456703270573e-08	7.56054532493412e-01	2.66924608798993e-02	-4.00096167307851e-08
8.41597798978771e-01	2.59983800800441e-02	-4.00737161232456e-08	9.22805802401971e-01	2.54042376935957e-02	-6.50995672404342e-05
1.00000000000000e+00	0.00000000000000e+00	0.00000000000000e+00
11	8.32980664765827e+04	7.53838709677419e+00
0.00000000000000e+00	3.17976875567272e-02	-2.61260091338755e-08	1.27735732727769e-01	3.08176795739386e-02	-2.52747587303759e-08
2.47833802606692e-01	2.98962700553225e-02	-2.53069298850050e-08	3.60959355891634e-01	2.90283545846088e-02	-2.53391694293725e-08
4.67702483001931e-01	2.82094059089746e-02	-2.53714713682740e-08	5.68588514746396e-01	2.74353936200000e-02	-2.54038312608174e-08
6.64086668915957e-01	2.67027178158585e-02	-2.54362513274486e-08	7.54617347534698e-01	2.60081531158400e-02	-2.54687368972384e-08
8.40558324208040e-01	2.53488011901575e-02	-2.55012908567664e-08	9.22250013649495e-01	2.47847905246601e-02	-6.30504974663548e-05
1.00000000000000e+00	0.00000000000000e+00	0.00000000000000e+00
11	8.32980664765827e+04	7.76419354838710e+00
0.00000000000000e+00	3.08226300782357e-02	-1.69470275590555e-08	1.26910743990003e-01	2.99009544750322e-02	-1.61146762600595e-08
2.46452328075141e-01	2.90327977530935e-02	-1.61310558244310e-08	3.59248497058187e-01	2.82136287687598e-02	-1.61474529303263e-08
4.65854533566348e-01	2.74394148496633e-02	-1.61638817886001e-08	5.66766400152480e-01	2.67065541282099e-02	-1.61803341836020e-08
6.62428454593228e-01	2.60118195102361e-02	-1.61968289891234e-08	7.53239991554026e-01	2.53523111668070e-02	-1.62133066972103e-08
8.39560813756297e-01	2.47254160746258e-02	-1.62298443573405e-08	9.21715996569779e-01	2.41895964217509e-02	-6.11132542234216e-05
1.00000000000000e+00	0.00000000000000e+00	0.00000000000000e+00
11	8.32980664765827e+04	7.99000000000000e+00
0.00000000000000e+00	2.98984614825051e-02	-1.10789453167115e-08	1.26127342721863e-01	2.90304633071818e-02	-1.02715413952126e-08
2.45138209623454e-01	2.82114412733805e-02	-1.02798749512800e-08	3.57618380637430e-01	2.74373628743350e-02	-1.02882153907302e-08
4.64091062708079e-01	2.67046274483860e-02	-1.02965715953474e-08	5.65025027488118e-01	2.60100089524813e-02	-1.03049362376595e-08
6.60841511287312e-01	2.53506084773905e-02	-1.03133042106407e-08	7.51920091445695e-01	2.47238138070893e-02	-1.03216992730637e-08
8.38603712006946e-01	2.41272648324231e-02	-1.03300890064162e-08	9.21202998984929e-01	2.36178291713995e-02	-5.92795647016420e-05
1.00000000000000e+00	0.00000000000000e+00	0.00000000000000e+00
