27	8.03085722139151e+01	9.90000000000000e-01
0.00000000000000e+00	2.53657808558574e-02	-1.05156134849294e-04	5.57456142952632e-02	2.44307233048753e-02	-1.13233354556819e-04
1.08832531356901e-01	2.35166291359479e-02	-1.22283894084418e-04	1.59480155515692e-01	2.26180450570166e-02	-1.32462681738943e-04
2.07887579913118e-01	2.17293894620580e-02	-1.43965265137380e-04	2.54236286488813e-01	2.08448078952934e-02	-1.57031460260804e-04
2.98692506824612e-01	1.99580143627822e-02	-1.71957945714007e-04	3.41409310178431e-01	1.90620993545285e-02	-1.89115242173576e-04
3.82528476702360e-01	1.81492904044303e-02	-2.08970916646845e-04	4.22182208372084e-01	1.72106453563445e-02	-2.32121762180570e-04
4.60494727670357e-01	1.62356498963387e-02	-2.59339147813620e-04	4.97583814844847e-01	1.52116776570834e-02	-2.91634093005033e-04
5.33562339329452e-01	1.41232502855981e-02	-3.30352496410447e-04	5.68539851090157e-01	1.29510013621519e-02	-3.77317637935359e-04
6.02624315758501e-01	1.16701927411584e-02	-4.35048797469806e-04	6.35924107917046e-01	1.02485381813329e-02	-5.07106291512516e-04
6.68550427803935e-01	8.64292493414243e-03	-5.98653914453129e-04	7.00620392744530e-01	6.79432605212704e-03	-7.17410882897784e-04
7.32261203968143e-01	4.61963131943421e-03	-8.75335013859724e-04	7.63616058555229e-01	1.99800299969444e-03	-1.09175798003558e-03
7.94852984534554e-01	-1.25299552439262e-03	-1.39960439925302e-03	8.26178794964041e-01	-5.42154218218560e-03	-1.85872404328591e-03
8.57862547746075e-01	-1.09888373628059e-02	-2.58743881477974e-03	8.90278063546920e-01	-1.88163767419880e-02	-3.84758220609571e-03
9.23988763692740e-01	-3.05890866843276e-02	-6.31948769463198e-03	9.59940851773067e-01	-5.04007643881617e-02	-1.18412416012372e-02
1.00000000000000e+00	0.00000000000000e+00	0.00000000000000e+00
20	8.03085722139151e+01	1.21580645161290e+00
0.00000000000000e+00	3.41565203770449e-02	-1.76478391170409e-04	7.69160157568350e-02	3.25167531590689e-02	-1.94615150218791e-04
1.48987923784933e-01	3.09276757515704e-02	-2.15706421182738e-04	2.16736156637159e-01	2.93727103480521e-02	-2.40425451655701e-04
2.80618835483293e-01	2.78346327940073e-02	-2.69655752721309e-04	3.41042495229791e-01	2.62947956584909e-02	-3.04567487888319e-04
3.98371130361508e-01	2.47321540925682e-02	-3.46736906161382e-04	4.52934004915294e-01	2.31219634772049e-02	-3.98328204208820e-04
5.05032613202235e-01	2.14339534620531e-02	-4.62378130079211e-04	5.54947160384027e-01	1.96296594100533e-02	-5.43255542151178e-04
6.02942960812615e-01	1.76583687089233e-02	-6.47430732577003e-04	6.49277246953527e-01	1.54507198785669e-02	-7.84818725480196e-04
6.94207086893870e-01	1.29081686750969e-02	-9.71244690706641e-04	7.37999519628585e-01	9.88482962933235e-03	-1.23324864416152e-03
7.80945849595443e-01	6.15444154611233e-03	-1.61816592057318e-03	8.23383811786878e-01	1.34628498753286e-03	-2.21734122535366e-03
8.65735385180507e-01	-5.18917245968831e-03	-3.22652149503999e-03	9.08578425009427e-01	-1.46894901583584e-02	-5.13172472381362e-03
9.52801031802698e-01	-3.00116447014909e-02	-9.19604859213208e-03	1.00000000000000e+00	0.00000000000000e+00	0.00000000000000e+00
15	8.03085722139151e+01	1.44161290322581e+00
0.00000000000000e+00	4.55228143544828e-02	-2.84345265323172e-04	1.04557808296784e-01	4.27256857881477e-02	-3.22815795351872e-04
2.00548464277254e-01	4.00475118413404e-02	-3.69688943112179e-04	2.89148675120684e-01	3.74409670704186e-02	-4.27605571791556e-04
3.71356308771134e-01	3.48559287319785e-02	-5.00340243003494e-04	4.48029510134733e-01	3.22354384008758e-02	-5.93434281798366e-04
5.19918429584636e-01	2.95100142630205e-02	-7.15292333283601e-04	5.87692233322319e-01	2.65888989076943e-02	-8.79165679240623e-04
6.51963845373917e-01	2.33455797446191e-02	-1.10694989256732e-03	7.13315188749337e-01	1.95921876103227e-02	-1.43698128903025e-03
7.72326909410941e-01	1.50310174021298e-02	-1.94150302898022e-03	8.29619715851051e-01	9.15536272236595e-03	-2.77047886035287e-03
8.85922586411286e-01	1.02753471794126e-03	-4.27972839104007e-03	9.42206292195614e-01	-1.13882491213781e-02	-7.38013229781065e-03
1.00000000000000e+00	0.00000000000000e+00	0.00000000000000e+00
12	8.03085722139151e+01	1.66741935483871e+00
0.00000000000000e+00	5.67737181990811e-02	-3.91017658806891e-04	1.32767603527162e-01	5.26152754369384e-02	-4.55120990166646e-04
2.52265089459622e-01	4.86908926086793e-02	-5.36482124836368e-04	3.60670076764291e-01	4.48997505635820e-02	-6.41926515414282e-04
4.59764493930915e-01	4.11341683834430e-02	-7.82038699780774e-04	5.51036960032624e-01	3.72665375496444e-02	-9.73953299153507e-04
6.35762927454634e-01	3.31290394723056e-02	-1.24691745377348e-03	7.15072723798224e-01	2.84780638726290e-02	-1.65428307182847e-03
7.90017612745754e-01	2.29251724533490e-02	-2.30211589483331e-03	8.61648211187706e-01	1.57895438314744e-02	-3.42727012213340e-03
9.31133985116864e-01	5.71436754656207e-03	-5.62020107067851e-03	1.00000000000000e+00	0.00000000000000e+00	0.00000000000000e+00
11	8.03085722139151e+01	1.89322580645161e+00
0.00000000000000e+00	6.10482622253730e-02	-3.86070456378507e-04	1.46090362362032e-01	5.64457671026981e-02	-4.49784593534730e-04
2.76572134952240e-01	5.21552144833237e-02	-5.30794370091181e-04	3.94122021581220e-01	4.80606389665059e-02	-6.36006149030921e-04
5.00896935225937e-01	4.40429602203882e-02	-7.76170527768683e-04	5.98671792147818e-01	3.99657237088860e-02	-9.68771813226743e-04
6.88944088197009e-01	3.56537576754694e-02	-1.24382567153125e-03	7.73019317807113e-01	3.08562544077380e-02	-1.65648611821845e-03
8.52090011957196e-01	2.51752268759435e-02	-2.31745620613810e-03	9.27324926221964e-01	1.79308333068959e-02	-3.49637186238128e-03
1.00000000000000e+00	0.00000000000000e+00	0.00000000000000e+00
11	8.03085722139151e+01	2.11903225806452e+00
0.00000000000000e+00	5.95245368438706e-02	-3.03793489218940e-04	1.46397973556476e-01	5.53210374274697e-02	-3.48179346425059e-04
2.77448635037813e-01	5.14326385643429e-02	-4.03127319330787e-04	3.95680409188183e-01	4.77687009695558e-02	-4.72288101645013e-04
5.03134937152398e-01	4.42420558176650e-02	-5.61046938138077e-04	6.01489018740768e-01	4.07611587337560e-02	-6.77613653119025e-04
6.92145732489505e-01	3.72200219723982e-02	-8.35012219478903e-04	7.76305554439867e-01	3.34831053319617e-02	-1.05492500720650e-03
8.55025779119950e-01	2.93597185958459e-02	-1.37567311794817e-03	9.29276043956367e-01	2.46083899085041e-02	-1.92283015832651e-03
1.00000000000000e+00	0.00000000000000e+00	0.00000000000000e+00
11	8.03085722139151e+01	2.34483870967742e+00
0.00000000000000e+00	5.78857684186276e-02	-2.32565906042925e-04	1.46254024201630e-01	5.40591650963738e-02	-2.62187335623443e-04
2.77506824370758e-01	5.05410560108728e-02	-2.97892189441651e-04	3.96131658190506e-01	4.72598949511607e-02	-3.41472202528115e-04
5.04051739821599e-01	4.41505925887855e-02	-3.95436045266928e-04	6.02847671941223e-01	4.11499997619382e-02	-4.63380133300495e-04
6.93837356613877e-01	3.81920327935907e-02	-5.50609222914167e-04	7.78137067502851e-01	3.52015243315527e-02	-6.65213938904063e-04
8.56709845252936e-01	3.20853483433199e-02	-8.20035208285441e-04	9.30405988579011e-01	2.87903934853662e-02	-1.10905276613993e-03
1.00000000000000e+00	0.00000000000000e+00	0.00000000000000e+00
11	8.03085722139151e+01	2.57064516129032e+00
0.00000000000000e+00	5.61396370842904e-02	-1.73544828111716e-04	1.45724547714966e-01	5.26626279251865e-02	-1.92548907445911e-04
2.76868524245261e-01	4.94794969229315e-02	-2.14876496808847e-04	3.95646843515516e-01	4.65328735546988e-02	-2.41350588260136e-04
5.03863160525661e-01	4.37726374332885e-02	-2.73069140425353e-04	6.03003995763544e-01	4.11530746876583e-02	-3.11520009603328e-04
6.94308931091009e-01	3.86302571284842e-02	-3.58760011266890e-04	7.78823964796248e-01	3.61593053462390e-02	-4.17697954889773e-04
8.57442942775520e-01	3.36911288460113e-02	-4.92556929786225e-04	9.30940607414511e-01	3.12517682601761e-02	-6.73808085658534e-04
1.00000000000000e+00	0.00000000000000e+00	0.00000000000000e+00
11	8.03085722139151e+01	2.79645161290323e+00
0.00000000000000e+00	5.42997026254948e-02	-1.26532434482574e-04	1.44879202801382e-01	5.11430209346515e-02	-1.38301760575832e-04
2.75660117820455e-01	4.82599903411629e-02	-1.51804307137349e-04	3.94399190288123e-01	4.56038582584795e-02	-1.67396649087381e-04
5.02780855413743e-01	4.31347841876646e-02	-1.85534753743832e-04	6.02199466959630e-01	4.08178719229677e-02	-2.06806327236908e-04
6.93820808640001e-01	3.86215389533164e-02	-2.31979337137034e-04	7.78628980206561e-01	3.65160587418525e-02	-2.62072763565602e-04
8.57462679920173e-01	3.44721290126926e-02	-2.98462036893765e-04	9.31043736764245e-01	3.25490133248141e-02	-4.33208886597480e-04
1.00000000000000e+00	0.00000000000000e+00	0.00000000000000e+00
11	8.03085722139151e+01	3.02225806451613e+00
0.00000000000000e+00	5.23847518480871e-02	-9.03708618147370e-05	1.43786211755441e-01	4.95195002840738e-02	-9.74369774013883e-05
2.74003619497685e-01	4.69044634236453e-02	-1.05371509947494e-04	3.92552602301767e-01	4.45010490395843e-02	-1.14321095115555e-04
5.00999943870147e-01	4.22767673169833e-02	-1.24467017873275e-04	6.00649649684266e-01	4.02037748101860e-02	-1.36032981732370e-04
6.92596584224756e-01	3.82577280763987e-02	-1.49297614029154e-04	7.77767630893921e-01	3.64168448705087e-02	-1.64611496952460e-04
8.56953670190816e-01	3.46610965260514e-02	-1.82420698673136e-04	9.30834724223548e-01	3.30635892965763e-02	-2.95895756515563e-04
1.00000000000000e+00	0.00000000000000e+00	0.00000000000000e+00
11	8.03085722139151e+01	3.24806451612903e+00
0.00000000000000e+00	5.04171859369775e-02	-6.33881365632583e-05	1.42508702663603e-01	4.78161912922164e-02	-6.75180285356625e-05
2.72010616027876e-01	4.54407743365539e-02	-7.20686246682423e-05	3.90254556018603e-01	4.32588138123291e-02	-7.70972741466203e-05
4.98692363675513e-01	4.12433612853733e-02	-8.26735124055400e-05	5.98539699640652e-01	3.93715257290517e-02	-8.88800095688591e-05
6.90822538930290e-01	3.76236094828479e-02	-9.58156665760157e-05	7.76413150883026e-01	3.59824239003108e-02	-1.03599598085591e-04
8.56058248129010e-01	3.44327342805020e-02	-1.12376304750139e-04	9.30401235616487e-01	3.30530257208834e-02	-2.15023994180941e-04
1.00000000000000e+00	0.00000000000000e+00	0.00000000000000e+00
11	8.03085722139151e+01	3.47387096774194e+00
0.00000000000000e+00	4.84210148889004e-02	-4.37730354339028e-05	1.41102488994611e-01	4.60593947278405e-02	-4.61318394109345e-05
2.69778890949716e-01	4.38989862482242e-02	-4.86889539108581e-05	3.87632675317847e-01	4.19129399543861e-02	-5.14655223646798e-05
4.96004523276670e-01	4.00786922189258e-02	-5.44874425900677e-05	5.96024190121716e-01	3.83770994403860e-02	-5.77845525409071e-05
6.88650569148575e-01	3.67917673890137e-02	-6.13913726001947e-05	7.74702976675512e-01	3.53085234330892e-02	-6.53480165431208e-05
8.54885826320152e-01	3.39149954221318e-02	-6.97013159980386e-05	9.29808270117574e-01	3.26911320186982e-02	-1.65828594332451e-04
1.00000000000000e+00	0.00000000000000e+00	0.00000000000000e+00
11	8.03085722139151e+01	3.69967741935484e+00
0.00000000000000e+00	4.64199009892683e-02	-2.98266294558314e-05	1.39615050267717e-01	4.42751317655135e-02	-3.11476775161079e-05
2.67391141015290e-01	4.23084373383003e-02	-3.25603084034842e-05	3.84793941271308e-01	4.04973416848271e-02	-3.40715690665405e-05
4.93057713793795e-01	3.88228725009625e-02	-3.56908747607410e-05	5.93229315411062e-01	3.72688873581946e-02	-3.74287926450112e-05
6.86202531821753e-01	3.58215485720512e-02	-3.92972152083448e-05	7.72745137167274e-01	3.44689083033900e-02	-4.13095649003381e-05
8.53520416331265e-01	3.32005773697057e-02	-4.34810367757610e-05	9.29104429220948e-01	3.20960276444155e-02	-1.34842916503342e-04
1.00000000000000e+00	0.00000000000000e+00	0.00000000000000e+00
11	8.03085722139151e+01	3.92548387096774e+00
0.00000000000000e+00	4.44356108898243e-02	-2.00944433348393e-05	1.38085433242363e-01	4.24873480960142e-02	-2.08220252364555e-05
2.64915190084919e-01	4.06957977514535e-02	-2.15914077013046e-05	3.81825629707160e-01	3.90421467861446e-02	-2.24043476912961e-05
4.89950121792971e-01	3.75104230368939e-02	-2.32642009450057e-05	5.90256206933423e-01	3.60869716582006e-02	-2.41746529576758e-05
6.83574884263404e-01	3.47600437661935e-02	-2.51397585984137e-05	7.70623906029152e-01	3.35194689968004e-02	-2.61639875431818e-05
8.52026462868948e-01	3.23563925641535e-02	-2.72522762423399e-05	9.28326290121365e-01	3.13487846526985e-02	-1.14557641596402e-04
1.00000000000000e+00	0.00000000000000e+00	0.00000000000000e+00
11	8.03085722139151e+01	4.15129032258065e+00
0.00000000000000e+00	4.24870101624906e-02	-1.34087779304348e-05	1.36544773598967e-01	4.07168296327933e-02	-1.38037899313215e-05
2.62405148665114e-01	3.90840224249511e-02	-1.42179123225894e-05	3.78797240853833e-01	3.75728533918629e-02	-1.46509940157635e-05
4.86759622660988e-01	3.61698789987150e-02	-1.51042116580680e-05	5.87184594647591e-01	3.48635415501601e-02	-1.55788346651864e-05
6.80843072914205e-01	3.36438476763459e-02	-1.60762341847587e-05	7.68404563191183e-01	3.25021102283067e-02	-1.65978929567157e-05
8.50453317245626e-01	3.14307394350297e-02	-1.71454165096563e-05	9.27501496682248e-01	3.05056397376859e-02	-1.00692169944461e-04
1.00000000000000e+00	0.00000000000000e+00	0.00000000000000e+00
11	8.03085722139151e+01	4.37709677419355e+00
0.00000000000000e+00	4.05895412749735e-02	-8.87573843244560e-06	1.35017142360091e-01	3.89806948282014e-02	-9.08750926575941e-06
2.59903021338189e-01	3.74919580044664e-02	-9.30823291755978e-06	3.75762817335934e-01	3.61101809495497e-02	-9.53711035212024e-06
4.83546747608854e-01	3.48240563619302e-02	-9.77454861650351e-06	5.84076311887570e-01	3.36238057616971e-02	-1.00209804725360e-05
6.78065378914930e-01	3.25009288389693e-02	-1.02768664147490e-05	7.66137259470832e-01	3.14480004939530e-02	-1.05426968228794e-05
8.48838629730537e-01	3.04585053022843e-02	-1.08189942631398e-05	9.26650962651698e-01	2.96059709437271e-02	-9.07591649303985e-05
1.00000000000000e+00	0.00000000000000e+00	0.00000000000000e+00
11	8.03085722139151e+01	4.60290322580645e+00
0.00000000000000e+00	3.87551384033333e-02	-5.83559051015037e-06	1.33520558414337e-01	3.72923551997175e-02	-5.94781409390954e-06
2.57440512009414e-01	3.59344251072427e-02	-6.06449876539017e-06	3.72763374941990e-01	3.46703651079332e-02	-6.18465521040612e-06
4.80357587617303e-01	3.34906708913805e-02	-6.30842266846621e-06	5.80978505296095e-01	3.23870746681112e-02	-6.43594743876541e-06
6.75286226861391e-01	3.13523501608866e-02	-6.56738328208561e-06	7.63860153763765e-01	3.03801533569621e-02	-6.70289194371065e-06
8.47210958036436e-01	2.94648915960691e-02	-6.84264360861775e-06	9.25790481822241e-01	2.86775548528904e-02	-8.32891277957604e-05
1.00000000000000e+00	0.00000000000000e+00	0.00000000000000e+00
11	8.03085722139151e+01	4.82870967741935e+00
0.00000000000000e+00	3.69924155898942e-02	-3.81509303970518e-06	1.32068003059684e-01	3.56617528229934e-02	-3.87387403844031e-06
2.55040777722783e-01	3.44225579728910e-02	-3.93513838581327e-06	3.69829179858028e-01	3.32656592574234e-02	-3.99786866522867e-06
4.77226408205145e-01	3.21830706096775e-02	-4.06211207626406e-06	5.77926408478961e-01	3.11678048433017e-02	-4.12791768344967e-06
6.72538927790217e-01	3.02137221264613e-02	-4.19533663809091e-06	7.61601909675706e-01	2.93154052217302e-02	-4.26442211298728e-06
8.45591762147675e-01	2.84680561342070e-02	-4.33522955622934e-06	9.24931912744117e-01	2.77400605293419e-02	-7.74010345878651e-05
1.00000000000000e+00	0.00000000000000e+00	0.00000000000000e+00
11	8.03085722139151e+01	5.05451612903226e+00
0.00000000000000e+00	3.53070387724679e-02	-2.48235688249387e-06	1.30668377167550e-01	3.40957697261932e-02	-2.51273470008861e-06
2.52720052162448e-01	3.29642861077344e-02	-2.54471703087233e-06	3.66981807717391e-01	3.19049262830853e-02	-2.57731400532535e-06
4.74177950868420e-01	3.09109794040723e-02	-2.61054149830464e-06	5.74945712826399e-01	2.99765412388964e-02	-2.64441588870845e-06
6.69847952818044e-01	2.90963964858972e-02	-2.67895409655772e-06	7.59383700896212e-01	2.82659211064236e-02	-2.71417357078363e-06
8.43996956773591e-01	2.74810008135347e-02	-2.75009237471480e-06	9.24084072217104e-01	2.68074119014334e-02	-7.25595322328410e-05
1.00000000000000e+00	0.00000000000000e+00	0.00000000000000e+00
11	8.03085722139151e+01	5.28032258064516e+00
0.00000000000000e+00	3.37021660870795e-02	-1.60877369204115e-06	1.29327340726268e-01	3.25986929550757e-02	-1.62418846172407e-06
2.50489054595125e-01	3.15648460433575e-02	-1.64080387965448e-06	3.64235905631693e-01	3.05942202455429e-02	-1.65767548865325e-06
4.71229369584698e-01	2.96811734085853e-02	-1.67480858825897e-06	5.72054524579461e-01	2.88207149637454e-02	-1.69220860946062e-06
6.67230771245359e-01	2.80084144944612e-02	-1.70988115288928e-06	7.57220797021936e-01	2.72403252793996e-02	-1.72783191310089e-06
8.42438111239938e-01	2.65129200256349e-02	-1.74606677183498e-06	9.23253409942733e-01	2.58894014330686e-02	-6.84349871447054e-05
1.00000000000000e+00	0.00000000000000e+00	0.00000000000000e+00
11	8.03085722139151e+01	5.50612903225806e+00
0.00000000000000e+00	3.21789378391213e-02	-1.03915046767433e-06	1.28048058416708e-01	3.11727158668624e-02	-1.04674645662328e-06
2.48354233909194e-01	3.02273073966870e-02	-1.05534318328715e-06	3.61600734456211e-01	2.93373513155806e-02	-1.06404616495581e-06
4.68391906615713e-01	2.84980995502069e-02	-1.07285714068261e-06	5.69265035446703e-01	2.77053308757309e-02	-1.08177792901287e-06
6.64699395367103e-01	2.69552798098152e-02	-1.09081034160852e-06	7.55123873696753e-01	2.62445767202071e-02	-1.09995627095572e-06
8.40923422761457e-01	2.55701971352051e-02	-1.10921761420357e-06	9.22444545318976e-01	2.49928330583680e-02	-6.48216266070367e-05
1.00000000000000e+00	0.00000000000000e+00	0.00000000000000e+00
11	8.03085722139151e+01	5.73193548387097e+00
0.00000000000000e+00	3.07368885994106e-02	-6.69347599346892e-07	1.26831779972013e-01	2.98183577187796e-02	-6.72891487862870e-07
2.46318735446772e-01	2.89530073418347e-02	-6.77323873432556e-07	3.59081363014703e-01	2.81363430792054e-02	-6.81800133239818e-07
4.65672183023847e-01	2.73643640280459e-02	-6.86320845488808e-07	5.66584800031188e-01	2.66334958969705e-02	-6.90886596377283e-07
6.62261551737800e-01	2.59405356197111e-02	-6.95498009850581e-07	7.53099996425806e-01	2.52826043790491e-02	-7.00155653010626e-07
8.39458439588361e-01	2.46571075883826e-02	-7.04860183553535e-07	9.21660661767971e-01	2.41223070963510e-02	-6.15888615596027e-05
1.00000000000000e+00	0.00000000000000e+00	0.00000000000000e+00
11	8.03085722139151e+01	5.95774193548387e+00
0.00000000000000e+00	2.93743462367666e-02	-4.30149352803610e-07	1.25678337667487e-01	2.85348636956435e-02	-4.31613267348752e-07
2.44383230488286e-01	2.77419555960192e-02	-4.33891706119738e-07	3.56679691498811e-01	2.69918469791053e-02	-4.36188188013276e-07
4.63073301266590e-01	2.62811610316080e-02	-4.38502919974937e-07	5.64017822093451e-01	2.56068670352103e-02	-4.40836080972673e-07
6.59921670906637e-01	2.49662371340487e-02	-4.43187871956852e-07	7.51153445524328e-01	2.43568094246289e-02	-4.45558496542375e-07
8.38046661964609e-01	2.37763563151749e-02	-4.47948129922437e-07	9.20903831151623e-01	2.32808010195087e-02	-5.86521606851242e-05
1.00000000000000e+00	0.00000000000000e+00	0.00000000000000e+00
11	8.03085722139151e+01	6.18354838709677e+00
0.00000000000000e+00	2.80887728597747e-02	-2.75908615954279e-07	1.24586545187442e-01	2.73205454846863e-02	-2.76318778302809e-07
2.42546583761613e-01	2.65931762477256e-02	-2.77486960076345e-07	3.54395276678143e-01	2.59034875862849e-02	-2.78662534380913e-07
4.60595734678404e-01	2.52486239994885e-02	-2.79845572714876e-07	5.61565430034645e-01	2.46260113880479e-02	-2.81036148352953e-07
6.57681683331310e-01	2.40333232233174e-02	-2.82234299486817e-07	7.49286377269292e-01	2.34684514826380e-02	-2.83440114934308e-07
8.36690021624899e-01	2.29294815851253e-02	-2.84653651094757e-07	9.20175271224283e-01	2.24700958698163e-02	-5.59554303973808e-05
1.00000000000000e+00	0.00000000000000e+00	0.00000000000000e+00
11	8.03085722139151e+01	6.40935483870968e+00
0.00000000000000e+00	2.68770216321619e-02	-1.76710743371444e-07	1.23554491191719e-01	2.61730391267176e-02	-1.76598093704072e-07
2.40806347434270e-01	2.55049667231189e-02	-1.77195669914809e-07	3.52225944896244e-01	2.48701233556707e-02	-1.77796275924180e-07
4.58237989699206e-01	2.42660892276414e-02	-1.78399922390327e-07	5.59226929312060e-01	2.36906739186873e-02	-1.79006636180645e-07
6.55541612362042e-01	2.31418898352427e-02	-1.79616443718444e-07	7.47499315859725e-01	2.26179292650976e-02	-1.80229351443018e-07
8.35389237809819e-01	2.21171444780861e-02	-1.80845393327189e-07	9.19475536213873e-01	2.16910775188692e-02	-5.34602356998537e-05
1.00000000000000e+00	0.00000000000000e+00	0.00000000000000e+00
11	8.03085722139151e+01	6.63516129032258e+00
0.00000000000000e+00	2.57355725716852e-02	-1.13055412143126e-07	1.22579792020052e-01	2.50895406632561e-02	-1.12692998710529e-07
2.39159189238619e-01	2.44751326786889e-02	-1.12998072454573e-07	3.50168326290921e-01	2.38900807231988e-02	-1.13304384097290e-07
4.55997185554461e-01	2.33323295116021e-02	-1.13611938745706e-07	5.57000175444355e-01	2.28000112404159e-02	-1.13920733069151e-07
6.53500096268180e-01	2.22914246870987e-02	-1.14230800596360e-07	7.45791587106576e-01	2.18050170441506e-02	-1.14542106466331e-07
8.34144131260616e-01	2.13393680800387e-02	-1.14854686428245e-07	9.18804684842986e-01	2.09439805259826e-02	-5.11392582445147e-05
1.00000000000000e+00	0.00000000000000e+00	0.00000000000000e+00
11	8.03085722139151e+01	6.86096774193548e+00
0.00000000000000e+00	2.46606835277461e-02	-7.22852009360508e-08	1.21659756805842e-01	2.40669599122554e-02	-7.18124282261812e-08
2.37601175297102e-01	2.35011433592796e-02	-7.19679045246835e-08	3.48218210718551e-01	2.29613103700574e-02	-7.21238813117253e-08
4.53869442981609e-01	2.24457110239937e-02	-7.22803608077527e-08	5.54881960127547e-01	2.19527490851954e-02	-7.24373470095685e-08
6.51554741224825e-01	2.14809654934658e-02	-7.25948472446447e-08	7.44161612363867e-01	2.10290239386164e-02	-7.27528584043569e-08
8.32953837306087e-01	2.05956982177418e-02	-7.29113664998948e-08	9.18162394404537e-01	2.02285513863978e-02	-4.89722123340197e-05
1.00000000000000e+00	0.00000000000000e+00	0.00000000000000e+00
11	8.03085722139151e+01	7.08677419354839e+00
0.00000000000000e+00	2.36485385398553e-02	-4.62149376545540e-08	1.20791540023617e-01	2.31020705718636e-02	-4.57022735211865e-08
2.36128033352677e-01	2.25802821690029e-02	-4.57813800203155e-08	3.46370881280587e-01	2.20815374555610e-02	-4.58606883579904e-08
4.51850250774781e-01	2.16043427480332e-02	-4.59402147434673e-08	5.52868377389859e-01	2.11473307252159e-02	-4.60199236496095e-08
6.49702457764515e-01	2.07092473426727e-02	-4.60998612616947e-08	7.42607189965633e-01	2.02889403399105e-02	-4.61799849471589e-08
8.31817010703949e-01	1.98853491193853e-02	-4.62603166884179e-08	9.17548070797898e-01	1.95441941696408e-02	-4.69433891654436e-05
1.00000000000000e+00	0.00000000000000e+00	0.00000000000000e+00
11	8.03085722139151e+01	7.31258064516129e+00
0.00000000000000e+00	2.26953312465445e-02	-2.95672386574353e-08	1.19972231620066e-01	2.21915977241098e-02	-2.90497157440228e-08
2.34735311522124e-01	2.17097368148460e-02	-2.90899044852466e-08	3.44621318730065e-01	2.12483533722256e-02	-2.91301851529369e-08
4.49934693299732e-01	2.08061691346770e-02	-2.91705455346403e-08	5.50955053171441e-01	2.03820100619849e-02	-2.92109765265280e-08
6.47939673431966e-01	1.99747959255907e-02	-2.92515125455139e-08	7.41125674238448e-01	1.95835311219281e-02	-2.92921162881044e-08
8.30731956578015e-01	1.92072965448951e-02	-2.93328181744101e-08	9.16960919130477e-01	1.88900638770093e-02	-4.50400882814339e-05
1.00000000000000e+00	0.00000000000000e+00	0.00000000000000e+00
11	8.03085722139151e+01	7.53838709677419e+00
0.00000000000000e+00	2.17973408786047e-02	-1.89485005464007e-08	1.19198936065223e-01	2.13322974705161e-02	-1.84430262173407e-08
2.33418518794327e-01	2.08866812358808e-02	-1.84634156852326e-08	3.42964383859773e-01	2.04592989815580e-02	-1.84838473415994e-08
4.48117655026994e-01	2.00490539336713e-02	-1.85043138589691e-08	5.49137353139127e-01	1.96549355504627e-02	-1.85247888140339e-08
6.46262526502669e-01	1.92760112109944e-02	-1.85453383760859e-08	7.39714139529065e-01	1.89114188464725e-02	-1.85658910467623e-08
8.29696751041933e-01	1.85603603929099e-02	-1.85865010049469e-08	9.16400009080491e-01	1.82651486237881e-02	-4.32516732395971e-05
1.00000000000000e+00	0.00000000000000e+00	0.00000000000000e+00
11	8.03085722139151e+01	7.76419354838710e+00
0.00000000000000e+00	2.09509737559301e-02	-1.21812313569336e-08	1.18468818565515e-01	2.05210029719298e-02	-1.16954972373406e-08
2.32173209974031e-01	2.01083248858340e-02	-1.17058340798337e-08	3.41394930644034e-01	1.97119161495956e-02	-1.17161833568247e-08
4.46393950000778e-01	1.93308332327520e-02	-1.17265446242243e-08	5.47410516380683e-01	1.89642041803815e-02	-1.17369305385751e-08
6.44666992260620e-01	1.86112219522709e-02	-1.17473186733719e-08	7.38369488289836e-01	1.82711384924679e-02	-1.17577121372392e-08
8.28709321396369e-01	1.79432594372475e-02	-1.17681437927786e-08	9.15864318675972e-01	1.76683243708611e-02	-4.15689605488545e-05
1.00000000000000e+00	0.00000000000000e+00	0.00000000000000e+00
11	8.03085722139151e+01	7.99000000000000e+00
0.00000000000000e+00	2.01528029280393e-02	-7.87099829757665e-09	1.17779147428275e-01	1.97546680952772e-02	-7.40804861898425e-09
2.30995064029381e-01	1.93719592430617e-02	-7.41327443876116e-09	3.39907911239905e-01	1.90037962343486e-02	-7.41851313712516e-09
4.44758442729673e-01	1.86493652392252e-02	-7.42375605433665e-09	5.45769780993617e-01	1.83079120272083e-02	-7.42900652106471e-09
6.43149002319111e-01	1.79787366094881e-02	-7.43426298299710e-09	7.37088553794897e-01	1.76611884489628e-02	-7.43952766057987e-09
8.27767522766132e-01	1.73546621690455e-02	-7.44480543879433e-09	9.15352776355446e-01	1.70984055683241e-02	-3.99838588016621e-05
1.00000000000000e+00	0.00000000000000e+00	0.00000000000000e+00
