23	3.86635375219241e+01	9.90000000000000e-01
0.00000000000000e+00	2.66451369528378e-02	-1.29193054871690e-04	6.36805568570055e-02	2.55762996046021e-02	-1.41467945106388e-04
1.24185268023897e-01	2.45249172084949e-02	-1.55483844217041e-04	1.81793686176555e-01	2.34829010920568e-02	-1.71583071820525e-04
2.36759046888082e-01	2.24416028069545e-02	-1.90202152185348e-04	2.89312118147625e-01	2.13915013355133e-02	-2.11897363489255e-04
3.39664596487463e-01	2.03218153584750e-02	-2.37386532046857e-04	3.88012162725973e-01	1.92199962821564e-02	-2.67608832960065e-04
4.34537302977512e-01	1.80710456636635e-02	-3.03812054704089e-04	4.79412001131996e-01	1.68565712032414e-02	-3.47682767701807e-04
5.22800419465863e-01	1.55534469195642e-02	-4.01545298470918e-04	5.64861708314260e-01	1.41318611314445e-02	-4.68674460614604e-04
6.05753131237826e-01	1.25523928229425e-02	-5.53802921189783e-04	6.45633772821632e-01	1.07614985162929e-02	-6.63975044378429e-04
6.84669238953384e-01	8.68430527172070e-03	-8.10046612932824e-04	7.23038017608659e-01	6.21264559329693e-03	-1.00945591074919e-03
7.60940654073924e-01	3.18426992657050e-03	-1.29166625323074e-03	7.98613859310441e-01	-6.55269605079667e-04	-1.70968971260677e-03
8.36353721312654e-01	-5.72720414678707e-03	-2.36692037397646e-03	8.74556946204081e-01	-1.27775133604268e-02	-3.48791831699624e-03
9.13801406003854e-01	-2.32448770953132e-02	-5.64029595742710e-03	9.55024633000786e-01	-4.05265955741190e-02	-1.03135694899221e-02
1.00000000000000e+00	0.00000000000000e+00	0.00000000000000e+00
17	3.86635375219241e+01	1.21580645161290e+00
0.00000000000000e+00	3.62421509168482e-02	-2.17734374423628e-04	8.82868260833178e-02	3.43448773802721e-02	-2.45363347126659e-04
1.70711669335697e-01	3.24936960435407e-02	-2.78327007842361e-04	2.47949847533357e-01	3.06635727545281e-02	-3.18099699340824e-04
3.20593837908266e-01	2.88270214205835e-02	-3.66704400927675e-04	3.89169089983798e-01	2.69522885434834e-02	-4.26971943400911e-04
4.54147553449343e-01	2.50008198156937e-02	-5.02962295228171e-04	5.15959740522794e-01	2.29235152317671e-02	-6.00666255684112e-04
5.75006132768129e-01	2.06549168412713e-02	-7.29223398948431e-04	6.31668870618799e-01	1.81037557690944e-02	-9.03141441997990e-04
6.86325014901488e-01	1.51368087496677e-02	-1.14658345919505e-03	7.39363445052009e-01	1.15497876842297e-02	-1.50226321538671e-03
7.91209146392827e-01	7.01141175825737e-03	-2.05163694259780e-03	8.42362510628087e-01	9.47487151868653e-04	-2.96642198602970e-03
8.93471032783054e-01	-7.72222876883932e-03	-4.66280541980968e-03	9.45478984875859e-01	-2.14147600975115e-02	-8.21273746968654e-03
1.00000000000000e+00	0.00000000000000e+00	0.00000000000000e+00
13	3.86635375219241e+01	1.44161290322581e+00
0.00000000000000e+00	4.76757560644454e-02	-3.35029449132884e-04	1.17978711438029e-01	4.45484310098214e-02	-3.89466437683561e-04
2.25896866562770e-01	4.15322868809893e-02	-4.57660903126156e-04	3.25211933482797e-01	3.85614177086819e-02	-5.44710282746053e-04
4.17156834236877e-01	3.55614911195685e-02	-6.58305880036902e-04	5.02793565346509e-01	3.24413730079360e-02	-8.10495034831549e-04
5.83057755758655e-01	2.90799278063931e-02	-1.02102429908713e-03	6.58798810597949e-01	2.53033375395701e-02	-1.32411543813293e-03
7.30820848407908e-01	2.08429825119598e-02	-1.78339839729436e-03	7.99932195595578e-01	1.52507169843459e-02	-2.52856196034967e-03
8.67018412215026e-01	7.71246497899636e-03	-3.85931036414400e-03	9.33174460507002e-01	-3.47599721160308e-03	-6.53642512253705e-03
1.00000000000000e+00	0.00000000000000e+00	0.00000000000000e+00
11	3.86635375219241e+01	1.66741935483871e+00
0.00000000000000e+00	5.62757536666074e-02	-4.01830573121931e-04	1.41662474563992e-01	5.21385066089544e-02	-4.74959383634621e-04
2.69288844447385e-01	4.82041132962587e-02	-5.69039069606925e-04	3.85182534048720e-01	4.43643993708271e-02	-6.92989425558510e-04
4.91237994282228e-01	4.04982420638571e-02	-8.61025983476038e-04	5.89049126445351e-01	3.64544069537198e-02	-1.09694742817523e-03
6.79996451344392e-01	3.20229688854183e-02	-1.44311007822773e-03	7.65324948966596e-01	2.68820115512587e-02	-1.98102647258613e-03
8.46226494972016e-01	2.04877747859251e-02	-2.88471639569066e-03	9.23950649153727e-01	1.18174403421150e-02	-4.57711965552532e-03
1.00000000000000e+00	0.00000000000000e+00	0.00000000000000e+00
11	3.86635375219241e+01	1.89322580645161e+00
0.00000000000000e+00	5.51711140440991e-02	-3.19197967269869e-04	1.42451939691169e-01	5.13801670300220e-02	-3.70911414756092e-04
2.70983249791382e-01	4.78129207063842e-02	-4.35659701753854e-04	3.87787946910069e-01	4.43869432186181e-02	-5.18272183555712e-04
4.94668936567927e-01	4.10165560771985e-02	-6.26035031601635e-04	5.93134243869379e-01	3.76039088499758e-02	-7.70362358152532e-04
6.84471847306357e-01	3.40258838706620e-02	-9.69967463439136e-04	7.69811560302560e-01	3.01123957743696e-02	-1.25729454070056e-03
8.50181599621231e-01	2.56067437803236e-02	-1.69270493335438e-03	9.26569075755337e-01	2.01202451421660e-02	-2.43335536204659e-03
1.00000000000000e+00	0.00000000000000e+00	0.00000000000000e+00
11	3.86635375219241e+01	2.11903225806452e+00
0.00000000000000e+00	5.39012306953390e-02	-2.45715560448057e-04	1.42726625227278e-01	5.04456700022522e-02	-2.80605485627694e-04
2.71746164124265e-01	4.72227389474225e-02	-3.23098286887369e-04	3.89131734992184e-01	4.41692769541864e-02	-3.75603776594735e-04
4.96588881208666e-01	4.12240609239585e-02	-4.41565114666087e-04	5.95540694040494e-01	3.83231609421442e-02	-5.26039487158680e-04
6.87192924977712e-01	3.53941139034828e-02	-6.36702503030717e-04	7.72585562783573e-01	3.23475692213449e-02	-7.85665883366704e-04
8.52635872608388e-01	2.90639744575314e-02	-9.92960327263592e-04	9.28177386501976e-01	2.54290816906775e-02	-1.35260973720253e-03
1.00000000000000e+00	0.00000000000000e+00	0.00000000000000e+00
11	3.86635375219241e+01	2.34483870967742e+00
0.00000000000000e+00	5.24708545481238e-02	-1.83610711870452e-04	1.42546265190618e-01	4.93318132369784e-02	-2.06143112808421e-04
2.71690123563443e-01	4.64236837274032e-02	-2.32854388936499e-04	3.89376137326695e-01	4.36972523049295e-02	-2.64861410659956e-04
4.97208903320235e-01	4.11074498400654e-02	-3.03679828205894e-04	5.96527960234999e-01	3.86107651781860e-02	-3.51406230927997e-04
6.88464836207682e-01	3.61625168500244e-02	-4.11008628841802e-04	7.73987437152095e-01	3.37135710682139e-02	-4.86801505535484e-04
8.53935535566953e-01	3.12059007556562e-02	-5.85253090486848e-04	9.29050248798424e-01	2.86391770478969e-02	-7.89992705209075e-04
1.00000000000000e+00	0.00000000000000e+00	0.00000000000000e+00
11	3.86635375219241e+01	2.57064516129032e+00
0.00000000000000e+00	5.08929338589081e-02	-1.33480408335496e-04	1.41980871824293e-01	4.80472953915059e-02	-1.47467685727154e-04
2.70943753726196e-01	4.54226157779862e-02	-1.63632738233055e-04	3.88700308724704e-01	4.29797335117399e-02	-1.82460416222385e-04
4.96752195624889e-01	4.06841664851370e-02	-2.04578784638976e-04	5.96356507225431e-01	3.85044995464316e-02	-2.30810979855445e-04
6.88575752489923e-01	3.64109208873820e-02	-2.62253232514498e-04	7.74316619461044e-01	3.43737551392680e-02	-3.00391730577276e-04
8.54360535281877e-01	3.23618254752231e-02	-3.47282203651211e-04	9.29388228967371e-01	3.04216073438888e-02	-4.87426558943405e-04
1.00000000000000e+00	0.00000000000000e+00	0.00000000000000e+00
11	3.86635375219241e+01	2.79645161290323e+00
0.00000000000000e+00	4.91880286571826e-02	-9.46370210856973e-05	1.41103624147567e-01	4.66113797731185e-02	-1.03021155777983e-04
2.69638923698812e-01	4.42402394336223e-02	-1.12488245890496e-04	3.87283202856018e-01	4.20428570662044e-02	-1.23236956014461e-04
4.95434518855385e-01	3.99918970584949e-02	-1.35514732276798e-04	5.95268352458087e-01	3.80633216395680e-02	-1.49630838303993e-04
6.87781188600817e-01	3.62354661779969e-02	-1.65976106216492e-04	7.73824447042953e-01	3.44882297404943e-02	-1.85050377184748e-04
8.54131221118658e-01	3.28023161853439e-02	-2.07501295514056e-04	9.29337610677706e-01	3.12433440536617e-02	-3.19488974201976e-04
1.00000000000000e+00	0.00000000000000e+00	0.00000000000000e+00
11	3.86635375219241e+01	3.02225806451613e+00
0.00000000000000e+00	4.73824165015049e-02	-6.56004555961154e-05	1.39985326757544e-01	4.50509502715790e-02	-7.04755610592134e-05
2.67901291844098e-01	4.29065179552968e-02	-7.58677223435811e-05	3.85291911441354e-01	4.09230430133338e-02	-8.18541472402678e-05
4.93452261769485e-01	3.90782936570695e-02	-8.85283590030816e-05	5.93477108142835e-01	3.73530563496864e-02	-9.60025369558526e-05
6.86298627363205e-01	3.57304778877632e-02	-1.04412290914846e-04	7.72715987241853e-01	3.41955264008993e-02	-1.13922880329076e-04
8.53418777925911e-01	3.27345349944352e-02	-1.24737420222010e-04	9.29005754224058e-01	3.14206061601336e-02	-2.23344887813726e-04
1.00000000000000e+00	0.00000000000000e+00	0.00000000000000e+00
11	3.86635375219241e+01	3.24806451612903e+00
0.00000000000000e+00	4.55055139318126e-02	-4.45620000784075e-05	1.38690647850388e-01	4.33969844467497e-02	-4.73240730127777e-05
2.65844298613204e-01	4.14559153003569e-02	-5.03245609515535e-05	3.82874944570954e-01	3.96607426099433e-02	-5.35918549391390e-05
4.90976587494013e-01	3.79931144297856e-02	-5.71601415673140e-05	5.91164598336846e-01	3.64372614021458e-02	-6.10690007696313e-05
6.84308107024524e-01	3.49795006120308e-02	-6.53645234012235e-05	7.71155616326452e-01	3.36078374549766e-02	-7.01006855559072e-05
8.52355442016528e-01	3.23116409468422e-02	-7.53410598710591e-05	9.28472163571797e-01	3.11663245352123e-02	-1.66533781926326e-04
1.00000000000000e+00	0.00000000000000e+00	0.00000000000000e+00
11	3.86635375219241e+01	3.47387096774194e+00
0.00000000000000e+00	4.35872773224724e-02	-2.97250730401100e-05	1.37276012408004e-01	4.16812958532913e-02	-3.12562042508180e-05
2.63566117429077e-01	3.99234366309908e-02	-3.28941229581492e-05	3.80159374711555e-01	3.82958271537921e-02	-3.46484746371889e-05
4.88151845277973e-01	3.67832159561030e-02	-3.65314408825590e-05	5.88481485109534e-01	3.53724897031193e-02	-3.85566981482288e-05
6.81955740636429e-01	3.40522915450108e-02	-4.07396764221524e-05	7.69273567913742e-01	3.28127151735600e-02	-4.30978592673714e-05
8.51043148382639e-01	3.16450570384976e-02	-4.56511385733549e-05	9.27796252717503e-01	3.06245808355639e-02	-1.31797749610918e-04
1.00000000000000e+00	0.00000000000000e+00	0.00000000000000e+00
11	3.86635375219241e+01	3.69967741935484e+00
0.00000000000000e+00	4.16560217535382e-02	-1.95034869840960e-05	1.35788801887135e-01	3.99339979283149e-02	-2.03371277474051e-05
2.61148791076069e-01	3.83418225498287e-02	-2.12175479197274e-05	3.77250609646765e-01	3.68646906857910e-02	-2.21474706538771e-05
4.85096588303734e-01	3.54899059530513e-02	-2.31311638669851e-05	5.85549978297920e-01	3.42065105429761e-02	-2.41732890438051e-05
6.79358298378592e-01	3.30049908590972e-02	-2.52789629531236e-05	7.67172134335583e-01	3.18770401432313e-02	-2.64538241880885e-05
8.49560392269692e-01	3.08153654975016e-02	-2.77041073231121e-05	9.27022762557294e-01	2.98938242271849e-02	-1.09721742015845e-04
1.00000000000000e+00	0.00000000000000e+00	0.00000000000000e+00
11	3.86635375219241e+01	3.92548387096774e+00
0.00000000000000e+00	3.97368925420911e-02	-1.26031711826791e-05	1.34267480588575e-01	3.81818416135800e-02	-1.30505419144722e-05
2.58658822892011e-01	3.67398793422951e-02	-1.35181649063565e-05	3.74233772096043e-01	3.53987651030367e-02	-1.40062999547386e-05
4.81905993388411e-01	3.41479388957615e-02	-1.45164338076764e-05	5.82467417106596e-01	3.29782391578382e-02	-1.50501481837040e-05
6.76607873210501e-01	3.18816764828349e-02	-1.56091361502853e-05	7.64931045281848e-01	3.08512496698146e-02	-1.61952182462510e-05
8.47967524622936e-01	2.98807951179760e-02	-1.68103586029034e-05	9.26185561403079e-01	2.90420877792326e-02	-9.50527726610861e-05
1.00000000000000e+00	0.00000000000000e+00	0.00000000000000e+00
11	3.86635375219241e+01	4.15129032258065e+00
0.00000000000000e+00	3.78510365381113e-02	-8.02730703020060e-06	1.32742320586467e-01	3.64473757691381e-02	-8.26471691373065e-06
2.56148649856862e-01	3.51417481150071e-02	-8.51096609988389e-06	3.71175963389440e-01	3.39240561163001e-02	-8.76547810335637e-06
4.78654924875869e-01	3.27855334403588e-02	-9.02877644182176e-06	5.79310065681219e-01	3.17185306645393e-02	-9.30140278843083e-06
6.73776215908723e-01	3.07163421554577e-02	-9.58392264704955e-06	7.62611974901359e-01	2.97730641177401e-02	-9.87692983356325e-06
8.46310825394386e-01	2.88834774517861e-02	-1.01810507588951e-05	9.25310358599217e-01	2.81169062629953e-02	-8.48034754334925e-05
1.00000000000000e+00	0.00000000000000e+00	0.00000000000000e+00
11	3.86635375219241e+01	4.37709677419355e+00
0.00000000000000e+00	3.60153061284190e-02	-5.04076946850063e-06	1.31236398051369e-01	3.47486948037758e-02	-5.16573299447209e-06
2.53658466611088e-01	3.35667900504297e-02	-5.29474174704170e-06	3.68128791698747e-01	3.24612797452450e-02	-5.42696219851813e-06
4.75401045065759e-01	3.14249014925900e-02	-5.56258529704756e-06	5.76136650234176e-01	3.04512806445958e-02	-5.70180239778395e-06
6.70918479295710e-01	2.95347984367635e-02	-5.84480780640995e-06	7.60262179800149e-01	2.86704829319147e-02	-5.99180042404335e-06
8.44625596726686e-01	2.78539182989443e-02	-6.14298528556212e-06	9.24416653106842e-01	2.71517869346460e-02	-7.72471894492366e-05
1.00000000000000e+00	0.00000000000000e+00	0.00000000000000e+00
11	3.86635375219241e+01	4.60290322580645e+00
0.00000000000000e+00	3.42424049813201e-02	-3.11966558230736e-06	1.29766713913928e-01	3.30996331162210e-02	-3.18508278263074e-06
2.51218180444176e-01	3.20298968804160e-02	-3.25257139133228e-06	3.65130938826357e-01	3.10263649052585e-02	-3.32124350732599e-06
4.72187798293497e-01	3.00830312246401e-02	-3.39117370584674e-06	5.72991566323140e-01	2.91945931362108e-02	-3.46243394155898e-06
6.68076432779412e-01	2.83563511159592e-02	-3.53509490036430e-06	7.57917463951826e-01	2.75641253468526e-02	-3.60922686981624e-06
8.42938562747230e-01	2.68141857309887e-02	-3.68490045454806e-06	9.23519176562154e-01	2.61704919381964e-02	-7.13722369323211e-05
1.00000000000000e+00	0.00000000000000e+00	0.00000000000000e+00
11	3.86635375219241e+01	4.82870967741935e+00
0.00000000000000e+00	3.25412870834925e-02	-1.90072485573012e-06	1.28345286260841e-01	3.15102019066380e-02	-1.93485584998321e-06
2.48849271136603e-01	3.05420106292180e-02	-1.97025501980086e-06	3.62210531411417e-01	2.96311046484505e-02	-2.00605014444299e-06
4.69047078394596e-01	2.87725232275620e-02	-2.04227344435814e-06	5.69907646971242e-01	2.79618615456376e-02	-2.07895476767028e-06
6.65281138238184e-01	2.71951949230287e-02	-2.11612233180780e-06	7.55604558663162e-01	2.64690151104101e-02	-2.15380333723481e-06
8.41269727831303e-01	2.57801764585535e-02	-2.19202423212828e-06	9.22628971996136e-01	2.51899058945040e-02	-6.65787785898431e-05
1.00000000000000e+00	0.00000000000000e+00	0.00000000000000e+00
11	3.86635375219241e+01	5.05451612903226e+00
0.00000000000000e+00	3.09176703571357e-02	-1.13762277798024e-06	1.26980132977511e-01	2.99871256973785e-02	-1.15538828415751e-06
2.46566440974113e-01	2.91107119634144e-02	-1.17409159461346e-06	3.59387207851523e-01	2.82838264194600e-02	-1.19289983580018e-06
4.66001506155928e-01	2.75023744320599e-02	-1.21182865653324e-06	5.66908472054235e-01	2.67627002775206e-02	-1.23089201897741e-06
6.62555127741306e-01	2.60615298602029e-02	-1.25010268803294e-06	7.53343009919350e-01	2.53959221726940e-02	-1.26947250844722e-06
8.39633811674514e-01	2.47632279804171e-02	-1.28901269480508e-06	9.21754204926826e-01	2.42219783407789e-02	-6.25071658941767e-05
1.00000000000000e+00	0.00000000000000e+00	0.00000000000000e+00
11	3.86635375219241e+01	5.28032258064516e+00
0.00000000000000e+00	2.93746134059927e-02	-6.66432377061099e-07	1.25676145890859e-01	2.85344270152008e-02	-6.75645146497317e-07
2.44379071595580e-01	2.77408308320262e-02	-6.85650563214679e-07	3.56673923814405e-01	2.69900470395810e-02	-6.95662458971569e-07
4.63066391987400e-01	2.62786963124617e-02	-7.05689284785649e-07	5.64010327008583e-01	2.56037457163092e-02	-7.15738363687990e-07
6.59914217761436e-01	2.49624654322644e-02	-7.25816227342690e-07	7.51146720341188e-01	2.43523918106234e-02	-7.35928791018026e-07
8.38041397772179e-01	2.37712956995992e-02	-7.46081451286074e-07	9.20900798683040e-01	2.32750801874004e-02	-5.89392619509965e-05
1.00000000000000e+00	0.00000000000000e+00	0.00000000000000e+00
11	3.86635375219241e+01	5.50612903225806e+00
0.00000000000000e+00	2.79130619934782e-02	-3.79788212434562e-07	1.24435820206890e-01	2.71539729517201e-02	-3.84519416085638e-07
2.42292436347858e-01	2.64350037360093e-02	-3.89968029201881e-07	3.54078447064178e-01	2.57530515486271e-02	-3.95395956420685e-07
4.60251349053090e-01	2.51053263387828e-02	-4.00808143341536e-07	5.61223797899681e-01	2.44893115084999e-02	-4.06208808145792e-07
6.57368970495214e-01	2.39027312122446e-02	-4.11601617456014e-07	7.49025175901790e-01	2.33435222392344e-02	-4.16989844875815e-07
8.36499834745169e-01	2.28098097463034e-02	-4.22376449815687e-07	9.20072925779570e-01	2.23549569098260e-02	-5.57409142813992e-05
1.00000000000000e+00	0.00000000000000e+00	0.00000000000000e+00
11	3.86635375219241e+01	5.73193548387097e+00
0.00000000000000e+00	2.65323372637367e-02	-2.08348233776690e-07	1.23259849819249e-01	2.58459594274021e-02	-2.10716844417647e-07
2.40308690095166e-01	2.51941598998133e-02	-2.13752888722496e-07	3.51604575953638e-01	2.45743874572064e-02	-2.16765430938182e-07
4.57561603714149e-01	2.39843366474761e-02	-2.19757503527873e-07	5.58555060607216e-01	2.34219180798418e-02	-2.22731691312816e-07
6.54925867160382e-01	2.28852336934819e-02	-2.25690185429173e-07	7.46984423031356e-01	2.23725553472043e-02	-2.28634945198536e-07
8.35013947702702e-01	2.18823062209763e-02	-2.31567708564029e-07	9.19273391786201e-01	2.14654101481746e-02	-5.28280861984420e-05
1.00000000000000e+00	0.00000000000000e+00	0.00000000000000e+00
11	3.86635375219241e+01	5.95774193548387e+00
0.00000000000000e+00	2.52305430524593e-02	-1.07893349143851e-07	1.22147595410776e-01	2.46093139423904e-02	-1.09005373172266e-07
2.38427649555509e-01	2.40179222682324e-02	-1.10743646031253e-07	3.49253100919820e-01	2.34542672045199e-02	-1.12462538393032e-07
4.54999028902898e-01	2.29164414127394e-02	-1.14163952735780e-07	5.56006895308650e-01	2.24027085022469e-02	-1.15849529080947e-07
6.52588228137885e-01	2.19114842983283e-02	-1.17520637443747e-07	7.45027831368969e-01	2.14413205206381e-02	-1.19178504398576e-07
8.33586590391761e-01	2.09908905174525e-02	-1.20824194427271e-07	9.18503931299084e-01	2.06087863818569e-02	-5.01467491313967e-05
1.00000000000000e+00	0.00000000000000e+00	0.00000000000000e+00
11	3.86635375219241e+01	6.18354838709677e+00
0.00000000000000e+00	2.40049557843485e-02	-5.05646498005774e-08	1.21097498605846e-01	2.34420789186898e-02	-5.10015487620308e-08
2.36647488001382e-01	2.29049854079697e-02	-5.20267564585453e-08	3.47022664615066e-01	2.23919421890781e-02	-5.30376145224665e-08
4.52563071813158e-01	2.19013688622023e-02	-5.40353863875964e-08	5.53579599255238e-01	2.14318205216371e-02	-5.50210821348429e-08
6.50357041700525e-01	2.09819735402903e-02	-5.59956259138517e-08	7.43156780614065e-01	2.05506131067377e-02	-5.69597815580636e-08
8.32219141747172e-01	2.01366222683548e-02	-5.79142183099179e-08	9.17765473468700e-01	1.97863721550635e-02	-4.76610035440306e-05
1.00000000000000e+00	0.00000000000000e+00	0.00000000000000e+00
11	3.86635375219241e+01	6.40935483870968e+00
0.00000000000000e+00	2.28522536530755e-02	-1.90148237155796e-08	1.20107332880512e-01	2.23416406220500e-02	-1.90858859827614e-08
2.34965158637566e-01	2.18533437993231e-02	-1.97089835562991e-08	3.44910288101567e-01	2.13859305679898e-02	-2.03219567840307e-08
4.50251322584759e-01	2.09380890720408e-02	-2.09256505456779e-08	5.51271546628873e-01	2.05086150751999e-02	-2.15207460740885e-08
6.48231471969296e-01	2.00964011469764e-02	-2.21077993689534e-08	7.41371080785760e-01	1.97004271269974e-02	-2.26873220210422e-08
8.30911808908996e-01	1.93197516945798e-02	-2.32597752169994e-08	9.17058303485937e-01	1.89986361295158e-02	-4.53458273017571e-05
1.00000000000000e+00	0.00000000000000e+00	0.00000000000000e+00
11	3.86635375219241e+01	6.63516129032258e+00
0.00000000000000e+00	2.17687925532601e-02	-2.57570587081091e-09	1.19174477443539e-01	2.13050014702845e-02	-2.44814013505845e-09
2.33376860595215e-01	2.08605598646614e-02	-2.83772982889730e-09	3.42911954738879e-01	2.04342808107134e-02	-3.22034576782926e-09
4.48060150283320e-01	2.00250731784801e-02	-3.59657237325450e-09	5.49079819277894e-01	1.96319315207958e-02	-3.96680510661440e-09
6.46209435103827e-01	1.92539278251644e-02	-4.33148428236052e-09	7.39669451918098e-01	1.88902041997958e-02	-4.69089322940874e-09
8.29663975029038e-01	1.85399663737846e-02	-5.04534725109806e-09	9.16382248842460e-01	1.82454753046180e-02	-4.31829204592393e-05
1.00000000000000e+00	0.00000000000000e+00	0.00000000000000e+00
11	3.86635375219241e+01	6.86096774193548e+00
0.00000000000000e+00	2.07507169306603e-02	5.22679621806077e-09	1.18296038402173e-01	2.03288942311847e-02	5.46083278596399e-09
2.31878248500761e-01	1.99238801623459e-02	5.21105436579461e-09	3.41022875832821e-01	1.95346889940504e-02	4.96601226807059e-09
4.45984994517331e-01	1.91604112188957e-02	4.72535188755785e-09	5.47000497316148e-01	1.88002057231533e-02	4.48876380509944e-09
6.44287865387662e-01	1.84532934765796e-02	4.25598833952989e-09	7.38049745648788e-01	1.81189519081806e-02	4.02681354927381e-09
8.28474359711973e-01	1.77965098825306e-02	3.80105258379615e-09	9.15736765011447e-01	1.75263345538532e-02	-4.11580428434366e-05
1.00000000000000e+00	0.00000000000000e+00	0.00000000000000e+00
11	3.86635375219241e+01	7.08677419354839e+00
0.00000000000000e+00	1.97941380457258e-02	8.26074519899578e-09	1.17469020645068e-01	1.94099600978286e-02	8.54936677008311e-09
2.30464730158356e-01	1.90404121090755e-02	8.38580715978310e-09	3.39237869451229e-01	1.86846733873861e-02	8.22547419065955e-09
4.44020783684261e-01	1.83419840841081e-02	8.06810263043189e-09	5.45029078876249e-01	1.80116390929156e-02	7.91350485140896e-09
6.42463102681538e-01	1.76929832073706e-02	7.76150199666148e-09	7.36509270709232e-01	1.73854067834407e-02	7.61194796083942e-09
8.27341256859649e-01	1.70883418467821e-02	7.46469652757042e-09	9.15121063670196e-01	1.68403643802533e-02	-3.92596043004012e-05
1.00000000000000e+00	0.00000000000000e+00	0.00000000000000e+00
11	3.86635375219241e+01	7.31258064516129e+00
0.00000000000000e+00	1.88952047561060e-02	8.79441830470284e-09	1.16690402519132e-01	1.85448235528705e-02	9.10782071983363e-09
2.29131600021886e-01	1.82072015389677e-02	8.99888241701063e-09	3.37551534432155e-01	1.78816536659383e-02	8.89213103150155e-09
4.42162130717649e-01	1.75675436140266e-02	8.78740080700879e-09	5.43160679423713e-01	1.72642790041179e-02	8.68454363978088e-09
6.40731078454613e-01	1.69713076692425e-02	8.58345228227364e-09	7.35044950521601e-01	1.66881142994636e-02	8.48402381681268e-09
8.26262650543029e-01	1.64142174171203e-02	8.38616298626249e-09	9.14534175436280e-01	1.61864999954688e-02	-3.74777249865232e-05
1.00000000000000e+00	0.00000000000000e+00	0.00000000000000e+00
11	3.86635375219241e+01	7.53838709677419e+00
0.00000000000000e+00	1.80501612163593e-02	8.12624700863296e-09	1.15957195896526e-01	1.77301540627940e-02	8.44704872715596e-09
2.27874148105966e-01	1.74212971242000e-02	8.37351410432063e-09	3.35958394113866e-01	1.71230170787152e-02	8.30147206531962e-09
4.40403496497490e-01	1.68347797637916e-02	8.23080759104755e-09	5.41390199713185e-01	1.65560863900828e-02	8.16140632853291e-09
6.39087473869017e-01	1.62864706609649e-02	8.09322031614101e-09	7.33653458139287e-01	1.60254961692713e-02	8.02615207629032e-09
8.25236314900945e-01	1.57727540400543e-02	7.96015453552457e-09	9.13975004295618e-01	1.55635275792601e-02	-3.58036913590265e-05
1.00000000000000e+00	0.00000000000000e+00	0.00000000000000e+00
11	3.86635375219241e+01	7.76419354838710e+00
0.00000000000000e+00	1.72554057485207e-02	6.97533819593588e-09	1.15266505139004e-01	1.69627284773205e-02	7.29333182736269e-09
2.26687767287588e-01	1.66798151831157e-02	7.24318061084972e-09	3.34453038599464e-01	1.64061847843299e-02	7.19404591453809e-09
4.38739352451626e-01	1.61413877775916e-02	7.14584813543695e-09	5.39712493869928e-01	1.58850032199356e-02	7.09852554514612e-09
6.37527878932174e-01	1.56366364959744e-02	7.05202696238416e-09	7.32331352938660e-01	1.53959172913470e-02	7.00628122185520e-09
8.24259915971701e-01	1.51624977503538e-02	6.96127877564123e-09	9.13442383435508e-01	1.49701498955743e-02	-3.42296724982205e-05
1.00000000000000e+00	0.00000000000000e+00	0.00000000000000e+00
11	3.86635375219241e+01	7.99000000000000e+00
0.00000000000000e+00	1.65075024952727e-02	5.72094716044802e-09	1.14615543605919e-01	1.62394474651909e-02	6.03018179834436e-09
2.25567987770464e-01	1.59799598388118e-02	5.99568850123688e-09	3.33030174923084e-01	1.57286348736050e-02	5.96190630197668e-09
4.37164241877682e-01	1.54850933808388e-02	5.92876059357650e-09	5.38122436039470e-01	1.52489792999552e-02	5.89621451663191e-09
6.36047858075904e-01	1.50199579617617e-02	5.86424142579034e-09	7.31075138650623e-01	1.47977145058273e-02	5.83279224919409e-09
8.23331055950592e-01	1.45819524362228e-02	5.80183645570997e-09	9.12935099962881e-01	1.44050158804943e-02	-3.27485016342610e-05
1.00000000000000e+00	0.00000000000000e+00	0.00000000000000e+00
