1.00000000e-04  1.00158605e-15  2.64389797e-16  2.17226902e-16  7.73971640e-16  1.48737138e-16  2.50784152e-16
1.16591440e-04  8.97345041e-16  3.01517278e-16  2.47131849e-16  7.31374449e-16  1.34558840e-16  2.27122038e-16
1.35935639e-04  7.71581484e-16  3.24158742e-16  2.79433317e-16  6.90456943e-16  1.21690637e-16  2.05665670e-16
1.58489319e-04  6.33365560e-16  3.09233546e-16  2.82083457e-16  6.51259398e-16  1.09996989e-16  1.86210244e-16
1.84784980e-04  5.15782480e-16  2.60012775e-16  2.49293578e-16  6.13799841e-16  9.93568460e-17  1.68559138e-16
2.15443469e-04  4.42968576e-16  2.03182698e-16  2.06132137e-16  5.78076293e-16  8.96637504e-17  1.52528929e-16
2.51188643e-04  4.11383757e-16  1.58940887e-16  1.74806272e-16  5.44069511e-16  8.08250531e-17  1.37952571e-16
2.92864456e-04  4.04568214e-16  1.31396113e-16  1.59435338e-16  5.11745992e-16  7.27605490e-17  1.24680907e-16
3.41454887e-04  4.07638814e-16  1.16554818e-16  1.53987981e-16  4.81060975e-16  6.54007818e-17  1.12582794e-16
3.98107171e-04  4.11103478e-16  1.09117503e-16  1.51165349e-16  4.51961304e-16  5.86852356e-17  1.01544170e-16
4.64158883e-04  4.10159816e-16  1.04934230e-16  1.46207065e-16  4.24388049e-16  5.25605823e-17  9.14663653e-17
5.41169527e-04  4.03236972e-16  1.01378385e-16  1.37426128e-16  3.98278804e-16  4.69791193e-17  8.22639548e-17
6.30957344e-04  3.90702889e-16  9.71069587e-17  1.25354799e-16  3.73569663e-16  4.18975005e-17  7.38624054e-17
7.35642254e-04  3.73840592e-16  9.16606356e-17  1.11511417e-16  3.50196822e-16  3.72758217e-17  6.61957639e-17
8.57695899e-04  3.54170429e-16  8.51013563e-17  9.74368123e-17  3.28097820e-16  3.30770851e-17  5.92046069e-17
1.00000000e-03  3.33086650e-16  7.77398010e-17  8.42202781e-17  3.07212413e-16  2.92670098e-17  5.28344330e-17
1.16591440e-03  3.11703823e-16  6.99520906e-17  7.24286771e-17  2.87483084e-16  2.58141101e-17  4.70346265e-17
1.35935639e-03  2.90819502e-16  6.20922060e-17  6.22330088e-17  2.68855221e-16  2.26899143e-17  4.17580372e-17
1.58489319e-03  2.70922952e-16  5.44482030e-17  5.35669479e-17  2.51276984e-16  1.98691644e-17  3.69611296e-17
1.84784980e-03  2.52238781e-16  4.72298989e-17  4.62500146e-17  2.34698911e-16  1.73298270e-17  3.26045396e-17
2.15443469e-03  2.34797655e-16  4.05746859e-17  4.00661624e-17  2.19073312e-16  1.50527698e-17  2.86537594e-17
2.51188643e-03  2.18516182e-16  3.45587778e-17  3.48058893e-17  2.04353493e-16  1.30210372e-17  2.50795604e-17
2.92864456e-03  2.03268191e-16  2.92097461e-17  3.02860864e-17  1.90492963e-16  1.12188076e-17  2.18577504e-17
3.41454887e-03  1.88935007e-16  2.45194901e-17  2.63579896e-17  1.77444803e-16  9.63028034e-18  1.89680228e-17
3.98107171e-03  1.75429965e-16  2.04557942e-17  2.29080009e-17  1.65161550e-16  8.23884421e-18  1.63920364e-17
4.64158883e-03  1.62700719e-16  1.69712983e-17  1.98538874e-17  1.53595858e-16  7.02680727e-18  1.41112848e-17
5.41169527e-03  1.50718501e-16  1.40104153e-17  1.71385382e-17  1.42701990e-16  5.97574457e-18  1.21054942e-17
6.30957344e-03  1.39463793e-16  1.15144507e-17  1.47229652e-17  1.32437762e-16  5.06726671e-18  1.03520651e-17
7.35642254e-03  1.28915212e-16  9.42519303e-18  1.25797997e-17  1.22766262e-16  4.28388403e-18  8.82659722e-18
8.57695899e-03  1.19044543e-16  7.68728670e-18  1.06880668e-17  1.13656787e-16  3.60968212e-18  7.50411894e-18
1.00000000e-02  1.09817407e-16  6.24967359e-18  9.02953392e-18  1.05084682e-16  3.03066211e-18  6.36048712e-18
1.16591440e-02  1.01197098e-16  5.06634782e-18  7.58655323e-18  9.70302526e-17  2.53474338e-18  5.37351275e-18
1.35935639e-02  9.31488290e-17  4.09662135e-18  6.34109196e-18  8.94770990e-17  2.11152267e-18  4.52357352e-18
1.58489319e-02  8.56424384e-17  3.30505482e-18  5.27456973e-18  8.24103424e-17  1.75192509e-18  3.79368682e-18
1.84784980e-02  7.86529480e-17  2.66117154e-18  4.36814975e-18  7.58151236e-17  1.44787546e-18  3.16918081e-18
2.15443469e-02  7.21593767e-17  2.13904361e-18  3.60321447e-18  6.96756558e-17  1.19207330e-18  2.63719018e-18
2.51188643e-02  6.61427510e-17  1.71681435e-18  2.96184957e-18  6.39749072e-17  9.77889035e-19  2.18619418e-18
2.92864456e-02  6.05842404e-17  1.37620329e-18  2.42724283e-18  5.86948074e-17  7.99345540e-19  1.80572328e-18
3.41454887e-02  5.54639823e-17  1.10202412e-18  1.98396199e-18  5.38167107e-17  6.51128063e-19  1.48624290e-18
3.98107171e-02  5.07607392e-17  8.81734836e-19  1.61811198e-18  4.93218542e-17  5.28579512e-19  1.21914522e-18
4.64158883e-02  4.64522072e-17  7.05030511e-19  1.31738923e-18  4.51916494e-17  4.27665067e-19  9.96765060e-19
5.41169527e-02  4.25156481e-17  5.63482777e-19  1.07105685e-18  4.14077812e-17  3.44912425e-19  8.12366397e-19
6.30957344e-02  3.89285448e-17  4.50226216e-19  8.69863881e-19  3.79521854e-17  2.77342859e-19  6.60086716e-19
7.35642254e-02  3.56690816e-17  3.59689001e-19  7.05928575e-19  3.48069882e-17  2.22405948e-19  5.34852546e-19
8.57695899e-02  3.27163858e-17  2.87364073e-19  5.72601677e-19  3.19544711e-17  1.77924141e-19  4.32287310e-19
1.00000000e-01  3.00505578e-17  2.29616369e-19  4.64321852e-19  2.93770774e-17  1.42047087e-19  3.48626395e-19
1.16591440e-01  2.76525702e-17  1.83521678e-19  3.76472186e-19  2.70574501e-17  1.13212793e-19  2.80644762e-19
1.35935639e-01  2.55041171e-17  1.46732859e-19  3.05243959e-19  2.49784835e-17  9.01126200e-20  2.25595468e-19
1.58489319e-01  2.35874779e-17  1.17369494e-19  2.47511633e-19  2.31233753e-17  7.16585006e-20  1.81155161e-19
1.84784980e-01  2.18854288e-17  9.39274239e-20  2.00721215e-19  2.14756765e-17  5.69520860e-20  1.45373521e-19
2.15443469e-01  2.03812106e-17  7.52050277e-20  1.62792832e-19  2.00193407e-17  4.52562868e-20  1.16625482e-19
2.51188643e-01  1.90585430e-17  6.02434308e-20  1.32037216e-19  1.87387733e-17  3.59696936e-20  9.35664058e-20
2.92864456e-01  1.79016163e-17  4.82782232e-20  1.07085202e-19  1.76188278e-17  2.86041371e-20  7.50908638e-20
3.41454887e-01  1.68953300e-17  3.87006348e-20  8.68290229e-20  1.66450346e-17  2.27654002e-20  6.02957108e-20
3.98107171e-01  1.60251307e-17  3.10262732e-20  7.03735310e-20  1.58034252e-17  1.81367174e-20  4.84472766e-20
4.64158883e-01  1.52771989e-17  2.48700883e-20  5.69962600e-20  1.50807063e-17  1.44648809e-20  3.89529902e-20
5.41169527e-01  1.46384640e-17  1.99262474e-20  4.61146008e-20  1.44642696e-17  1.15485129e-20  3.13368272e-20
6.30957344e-01  1.40966364e-17  1.59519782e-20  3.72589607e-20  1.39422217e-17  9.22823522e-21  2.52183135e-20
7.35642254e-01  1.36402271e-17  1.27545884e-20  3.00508244e-20  1.35034081e-17  7.37846193e-21  2.02946807e-20
8.57695899e-01  1.32585580e-17  1.01810480e-20  2.41848584e-20  1.31374290e-17  5.90058942e-21  1.63258240e-20
1.00000000e+00  1.29417656e-17  8.10964611e-21  1.94143553e-20  1.28346508e-17  4.71738744e-21  1.31217367e-20
1.16591440e+00  1.26807993e-17  6.44333919e-21  1.55394573e-20  1.25862132e-17  3.76842197e-21  1.05321309e-20
1.35935639e+00  1.24674169e-17  5.10447997e-21  1.23976944e-20  1.23840320e-17  3.00636066e-21  8.43797000e-21
1.58489319e+00  1.22941764e-17  4.03067305e-21  9.85644600e-21  1.22207989e-17  2.39402695e-21  6.74465753e-21
1.84784980e+00  1.21544313e-17  3.17154212e-21  7.80698830e-21  1.20899825e-17  1.90208259e-21  5.37663818e-21
2.15443469e+00  1.20746138e-17  2.48626858e-21  6.16407748e-21  1.20107553e-17  1.50927722e-21  4.27891539e-21
2.51188643e+00  1.19705265e-17  1.94120060e-21  4.84275284e-21  1.19144357e-17  1.19152067e-21  3.38697268e-21
2.92864456e+00  1.18862430e-17  1.50969384e-21  3.78993144e-21  1.18371071e-17  9.37902097e-22  2.67237473e-21
3.41454887e+00  1.18201051e-17  1.16949268e-21  2.95462252e-21  1.17771607e-17  7.35997630e-22  2.10159498e-21
3.98107171e+00  1.17702910e-17  9.02398072e-22  2.29470149e-21  1.17328373e-17  5.75723388e-22  1.64716586e-21
4.64158883e+00  1.17242906e-17  6.93593180e-22  1.77556879e-21  1.16917042e-17  4.48901963e-22  1.28663793e-21
5.41169527e+00  1.16949886e-17  5.31105539e-22  1.36905964e-21  1.16666734e-17  3.48940915e-22  1.00180024e-21
6.30957344e+00  1.16800750e-17  4.05196498e-22  1.05206876e-21  1.16554977e-17  2.70431413e-22  7.77611998e-22
7.35642254e+00  1.16609908e-17  3.08009138e-22  8.05801477e-22  1.16397013e-17  2.08966391e-22  6.01751874e-22
8.57695899e+00  1.16477300e-17  2.33308156e-22  6.15249127e-22  1.16293104e-17  1.61027164e-22  4.64346510e-22
1.00000000e+01  1.16376602e-17  1.76118650e-22  4.68346982e-22  1.16217417e-17  1.23764350e-22  3.57366533e-22
1.16591440e+01  1.16313836e-17  1.32507726e-22  3.55498661e-22  1.16176373e-17  9.48966314e-23  2.74362209e-22
1.35935639e+01  1.16242348e-17  9.93708157e-23  2.69077038e-22  1.16123779e-17  7.25939343e-23  2.10142564e-22
1.58489319e+01  1.16196967e-17  7.42895655e-23  2.03111853e-22  1.16094764e-17  5.54151895e-23  1.60611116e-22
1.84784980e+01  1.16146813e-17  5.53741434e-23  1.52907816e-22  1.16058789e-17  4.22158020e-23  1.22505482e-22
2.15443469e+01  1.16129753e-17  4.11639550e-23  1.14818931e-22  1.16053967e-17  3.21007449e-23  9.32698256e-23
2.51188643e+01  1.16084363e-17  3.05236160e-23  8.59929851e-23  1.16019166e-17  2.43621918e-23  7.08778687e-23
2.92864456e+01  1.16069213e-17  2.25882236e-23  6.42510205e-23  1.16013134e-17  1.84573527e-23  5.37741381e-23
3.41454887e+01  1.16044211e-17  1.66874178e-23  4.78925195e-23  1.15995998e-17  1.39576903e-23  4.07275140e-23
3.98107171e+01  1.16005410e-17  1.23122022e-23  3.56202218e-23  1.15963977e-17  1.05347343e-23  3.07931582e-23
4.64158883e+01  1.16015592e-17  9.07514777e-24  2.64384554e-23  1.15979986e-17  7.93455589e-24  2.32393182e-23
5.41169527e+01  1.16198212e-17  6.68483284e-24  1.95898054e-23  1.16167587e-17  5.96302797e-24  1.75056557e-23
6.30957344e+01  1.16005432e-17  4.92017198e-24  1.44893014e-23  1.15979161e-17  4.46876351e-24  1.31540055e-23
7.35642254e+01  1.16014688e-17  3.61999612e-24  1.07035233e-23  1.15992126e-17  3.33982114e-24  9.86007761e-24
8.57695899e+01  1.16037692e-17  2.66248630e-24  7.89816008e-24  1.16018316e-17  2.48886348e-24  7.37040618e-24
1.00000000e+02  1.16045769e-17  1.95779461e-24  5.82288100e-24  1.16029132e-17  1.84983805e-24  5.49384939e-24
1.16591440e+02  1.16133959e-17  1.35411263e-24  4.04033177e-24  1.16119700e-17  1.28400288e-24  3.83736386e-24
1.35935639e+02  1.16132355e-17  9.93031476e-25  2.96771254e-24  1.16120117e-17  9.49651557e-25  2.84074779e-24
1.58489319e+02  1.16131077e-17  7.28993458e-25  2.18101817e-24  1.16120575e-17  7.01812323e-25  2.10086488e-24
1.84784980e+02  1.16129964e-17  5.35500536e-25  1.60335036e-24  1.16120952e-17  5.18307744e-25  1.55238847e-24
2.15443469e+02  1.16129107e-17  3.93511036e-25  1.17885550e-24  1.16121375e-17  3.82566844e-25  1.14630079e-24
2.51188643e+02  1.16128387e-17  2.89230911e-25  8.66795075e-25  1.16121753e-17  2.82239351e-25  8.45947587e-25
2.92864456e+02  1.16127755e-17  2.12609114e-25  6.37345372e-25  1.16122063e-17  2.08136470e-25  6.23986447e-25
3.41454887e+02  1.16127276e-17  1.56295981e-25  4.68628618e-25  1.16122394e-17  1.53435318e-25  4.60074271e-25
3.98107171e+02  1.16126886e-17  1.14903711e-25  3.44571434e-25  1.16122698e-17  1.13076314e-25  3.39102270e-25
4.64158883e+02  1.16126507e-17  8.44769413e-26  2.53355518e-25  1.16122913e-17  8.33117196e-26  2.49866008e-25
5.41169527e+02  1.16126226e-17  6.21099277e-26  1.86289173e-25  1.16123144e-17  6.13684719e-26  1.84067715e-25
6.30957344e+02  1.16126007e-17  4.56670775e-26  1.36979327e-25  1.16123363e-17  4.51962548e-26  1.35568233e-25
7.35642254e+02  1.16125784e-17  3.35788588e-26  1.00724759e-25  1.16123515e-17  3.32804662e-26  9.98302275e-26
8.57695899e+02  1.16125625e-17  2.46916404e-26  7.40685440e-26  1.16123680e-17  2.45028490e-26  7.35024738e-26
1.00000000e+03  1.16125478e-17  1.81574233e-26  5.44688280e-26  1.16123809e-17  1.80381439e-26  5.41111322e-26
