1.00000000e-04  9.75804342e-16  2.65160513e-16  4.39859900e-16  6.56086988e-16  1.40651998e-16  2.36449246e-16
1.16591440e-04  9.63923572e-16  2.13920201e-16  3.83415314e-16  6.23318708e-16  1.27101117e-16  2.14644590e-16
1.35935639e-04  9.37465708e-16  1.74224639e-16  3.28248995e-16  5.91505729e-16  1.14710500e-16  1.94593672e-16
1.58489319e-04  8.94546251e-16  1.45144701e-16  2.78403463e-16  5.60691961e-16  1.03391238e-16  1.76194493e-16
1.84784980e-04  8.36999492e-16  1.25744728e-16  2.38027831e-16  5.30913608e-16  9.30564910e-17  1.59339735e-16
2.15443469e-04  7.69745959e-16  1.14528211e-16  2.08911273e-16  5.02198707e-16  8.36231579e-17  1.43919125e-16
2.51188643e-04  6.98947994e-16  1.09296025e-16  1.89506836e-16  4.74566840e-16  7.50133159e-17  1.29821925e-16
2.92864456e-04  6.30012071e-16  1.07534885e-16  1.76069423e-16  4.48029056e-16  6.71553538e-17  1.16939428e-16
3.41454887e-04  5.66494230e-16  1.06973043e-16  1.64671580e-16  4.22587987e-16  5.99847584e-17  1.05167297e-16
3.98107171e-04  5.10099772e-16  1.05976439e-16  1.52661863e-16  3.98238148e-16  5.34445275e-17  9.44076707e-17
4.64158883e-04  4.61183295e-16  1.03616168e-16  1.39005071e-16  3.74966393e-16  4.74851798e-17  8.45709460e-17
5.41169527e-04  4.19293864e-16  9.95631836e-17  1.23924045e-16  3.52752477e-16  4.20643359e-17  7.55771784e-17
6.30957344e-04  3.83550494e-16  9.39049426e-17  1.08299091e-16  3.31569738e-16  3.71458453e-17  6.73569824e-17
7.35642254e-04  3.52887201e-16  8.69645945e-17  9.31574110e-17  3.11385869e-16  3.26984682e-17  5.98517732e-17
8.57695899e-04  3.26224879e-16  7.91691915e-17  7.93375342e-17  2.92163879e-16  2.86942012e-17  5.30131574e-17
1.00000000e-03  3.02593214e-16  7.09568262e-17  6.73355021e-17  2.73863325e-16  2.51064492e-17  4.68013219e-17
1.16591440e-03  2.81203281e-16  6.27120670e-17  5.72927907e-17  2.56441911e-16  2.19083630e-17  4.11824726e-17
1.35935639e-03  2.61478744e-16  5.47385238e-17  4.90787190e-17  2.39857489e-16  1.90716956e-17  3.61256829e-17
1.58489319e-03  2.43046754e-16  4.72540487e-17  4.24077285e-17  2.24070278e-16  1.65664281e-17  3.15998005e-17
1.84784980e-03  2.25697522e-16  4.03965856e-17  3.69437986e-17  2.09044947e-16  1.43612009e-17  2.75711431e-17
2.15443469e-03  2.09331222e-16  3.42361420e-17  3.23744089e-17  1.94752091e-16  1.24243459e-17  2.40024910e-17
2.51188643e-03  1.93908510e-16  2.87916849e-17  2.84500457e-17  1.81168743e-16  1.07251712e-17  2.08534605e-17
2.92864456e-03  1.79412232e-16  2.40464884e-17  2.49945701e-17  1.68277804e-16  9.23515060e-18  1.80819365e-17
3.41454887e-03  1.65823438e-16  1.99597095e-17  2.18965498e-17  1.56066599e-16  7.92877336e-18  1.56460272e-17
3.98107171e-03  1.53111736e-16  1.64760074e-17  1.90927134e-17  1.44524926e-16  6.78395247e-18  1.35060094e-17
4.64158883e-03  1.41235564e-16  1.35328499e-17  1.65506437e-17  1.33643019e-16  5.78199751e-18  1.16258800e-17
5.41169527e-03  1.30147375e-16  1.10657770e-17  1.42545690e-17  1.23409735e-16  4.90723065e-18  9.97429273e-18
6.30957344e-03  1.19799594e-16  9.01199626e-18  1.21954935e-17  1.13811192e-16  4.14636570e-18  8.52480280e-18
7.35642254e-03  1.10148785e-16  7.31267188e-18  1.03653407e-17  1.04829931e-16  3.48779973e-18  7.25545275e-18
8.57695899e-03  1.01157190e-16  5.91423004e-18  8.75413373e-18  9.64446926e-17  2.92097919e-18  6.14786102e-18
1.00000000e-02  9.27920426e-17  4.76895046e-18  7.34914832e-18  8.86308454e-17  2.43597082e-18  5.18609159e-18
1.16591440e-02  8.50237146e-17  3.83506267e-18  6.13516503e-18  8.13613731e-17  2.02328892e-18  4.35563326e-18
1.35935639e-02  7.78237692e-17  3.07651810e-18  5.09521355e-18  7.46081976e-17  1.67393415e-18  3.64273593e-18
1.58489319e-02  7.11636385e-17  2.46256712e-18  4.21143819e-18  6.83434847e-17  1.37953680e-18  3.03417308e-18
1.84784980e-02  6.50141779e-17  1.96723481e-18  3.46589071e-18  6.25406012e-17  1.13249593e-18  2.51732686e-18
2.15443469e-02  5.93459555e-17  1.56876077e-18  2.84116895e-18  5.71745753e-17  9.26049661e-19  2.08041242e-18
2.51188643e-02  5.41299330e-17  1.24904540e-18  2.32088248e-18  5.22220960e-17  7.54264721e-19  1.71268064e-18
2.92864456e-02  4.93381854e-17  9.93128492e-19  1.88995804e-18  4.76612353e-17  6.11968877e-19  1.40451603e-18
3.41454887e-02  4.49444043e-17  7.88713953e-19  1.53480927e-18  4.34710841e-17  4.94660174e-19  1.14742278e-18
3.98107171e-02  4.09240979e-17  6.25746416e-19  1.24339869e-18  3.96314607e-17  3.98419955e-19  9.33937141e-19
4.64158883e-02  3.72545039e-17  4.96040591e-19  1.00521836e-18  3.61227367e-17  3.19842316e-19  7.57513851e-19
5.41169527e-02  3.39143167e-17  3.92961067e-19  8.11212923e-19  3.29257683e-17  2.55980206e-19  6.12420439e-19
6.30957344e-02  3.08833500e-17  3.11148859e-19  6.53665337e-19  3.00218891e-17  2.04302025e-19  4.93652399e-19
7.35642254e-02  2.81422208e-17  2.46290103e-19  5.26061809e-19  2.73929132e-17  1.62652057e-19  3.96866266e-19
8.57695899e-02  2.56721153e-17  1.94922232e-19  4.22948946e-19  2.50211313e-17  1.29210975e-19  3.18321916e-19
1.00000000e-01  2.34546515e-17  1.54272885e-19  3.39792628e-19  2.28892966e-17  1.02455778e-19  2.54826718e-19
1.16591440e-01  2.14718326e-17  1.22127083e-19  2.72845015e-19  2.09806142e-17  8.11204014e-20  2.03678544e-19
1.35935639e-01  1.97060664e-17  9.67184876e-20  2.19023562e-19  1.92787414e-17  6.41586665e-20  1.62608194e-19
1.58489319e-01  1.81402278e-17  7.66409182e-20  1.75803792e-19  1.77678056e-17  5.07107354e-20  1.29723306e-19
1.84784980e-01  1.67577381e-17  6.07767187e-20  1.41126159e-19  1.64324358e-17  4.00735764e-20  1.03455840e-19
2.15443469e-01  1.55426483e-17  4.82389881e-20  1.13316339e-19  1.52578052e-17  3.16753831e-20  8.25143853e-20
2.51188643e-01  1.44797113e-17  3.83251116e-20  9.10177453e-20  1.42296775e-17  2.50536025e-20  6.58417425e-20
2.92864456e-01  1.35544402e-17  3.04794510e-20  7.31348300e-20  1.33344509e-17  1.98361502e-20  5.25776805e-20
3.41454887e-01  1.27531104e-17  2.42634024e-20  5.87856722e-20  1.25591596e-17  1.57253955e-20  4.20264590e-20
3.98107171e-01  1.20629048e-17  1.93314162e-20  4.72625959e-20  1.18916247e-17  1.24846062e-20  3.36288045e-20
4.64158883e-01  1.14717717e-17  1.54117265e-20  3.79993373e-20  1.13203242e-17  9.92646948e-21  2.69376557e-20
5.41169527e-01  1.09685119e-17  1.22909526e-20  3.05439994e-20  1.08344944e-17  7.90352303e-21  2.15975884e-20
6.30957344e-01  1.05427522e-17  9.80175926e-21  2.45366983e-20  1.04241173e-17  6.30019037e-21  1.73273552e-20
7.35642254e-01  1.01849328e-17  7.81300095e-21  1.96912086e-20  1.00799231e-17  5.02622268e-21  1.39052592e-20
8.57695899e-01  9.88629045e-18  6.22187065e-21  1.57799671e-20  9.79338458e-18  4.01134168e-21  1.11570191e-20
1.00000000e+00  9.63883609e-18  4.94766936e-21  1.26218951e-20  9.55670587e-18  3.20090078e-21  8.94580455e-21
1.16591440e+00  9.43532518e-18  3.92688901e-21  1.00725881e-20  9.36280178e-18  2.55240347e-21  7.16414305e-21
1.35935639e+00  9.26922301e-18  3.10935891e-21  8.01648684e-21  9.20527025e-18  2.03273803e-21  5.72742740e-21
1.58489319e+00  9.13466970e-18  2.45525037e-21  6.36069578e-21  9.07836317e-18  1.61600654e-21  4.56877433e-21
1.84784980e+00  9.05538457e-18  1.93391530e-21  5.03505651e-21  9.00286227e-18  1.28479211e-21  3.64344107e-21
2.15443469e+00  8.95554104e-18  1.51688764e-21  3.96624343e-21  8.90930632e-18  1.01555659e-21  2.88766840e-21
2.51188643e+00  8.87880848e-18  1.18568835e-21  3.11322248e-21  8.83820422e-18  8.00609193e-22  2.28195980e-21
2.92864456e+00  8.81711723e-18  9.23462683e-22  2.43468120e-21  8.78154898e-18  6.29287317e-22  1.79753412e-21
3.41454887e+00  8.76878384e-18  7.16612593e-22  1.89705068e-21  8.73769624e-18  4.93101608e-22  1.41129727e-21
3.98107171e+00  8.73212663e-18  5.54062265e-22  1.47275688e-21  8.70501101e-18  3.85163754e-22  1.10435311e-21
4.64158883e+00  8.69888592e-18  4.26823245e-22  1.13926001e-21  8.67528929e-18  2.99891652e-22  8.61281363e-22
5.41169527e+00  8.67692527e-18  3.27644467e-22  8.78267858e-22  8.65641827e-18  2.32783334e-22  6.69575573e-22
6.30957344e+00  8.66470097e-18  2.50642313e-22  6.74834426e-22  8.64689947e-18  1.80156974e-22  5.18947210e-22
7.35642254e+00  8.65038996e-18  1.91078168e-22  5.16847199e-22  8.63496694e-18  1.39022042e-22  4.00999113e-22
8.57695899e+00  8.64003740e-18  1.45184467e-22  3.94633466e-22  8.62669124e-18  1.06987969e-22  3.08996108e-22
1.00000000e+01  8.63176173e-18  1.09953739e-22  3.00429951e-22  8.62022640e-18  8.21242281e-23  2.37478543e-22
1.16591440e+01  8.62640288e-18  8.30089216e-23  2.28074320e-22  8.61644049e-18  6.28904057e-23  1.82077422e-22
1.35935639e+01  8.62050994e-18  6.24685846e-23  1.72664754e-22  8.61191597e-18  4.80509975e-23  1.39277652e-22
1.58489319e+01  8.61697669e-18  4.68676147e-23  1.30372754e-22  8.60956782e-18  3.66367740e-23  1.06316522e-22
1.84784980e+01  8.61349260e-18  3.50576625e-23  9.81846024e-23  8.60711021e-18  2.78782145e-23  8.09950239e-23
2.15443469e+01  8.61277477e-18  2.61500178e-23  7.37615418e-23  8.60727844e-18  2.11747988e-23  6.15941707e-23
2.51188643e+01  8.61028102e-18  1.94518577e-23  5.52731581e-23  8.60555152e-18  1.60522191e-23  4.67531139e-23
2.92864456e+01  8.60977115e-18  1.44347913e-23  4.13220971e-23  8.60570266e-18  1.21473260e-23  3.54289351e-23
3.41454887e+01  8.60862799e-18  1.06887551e-23  3.08203357e-23  8.60513001e-18  9.17480030e-24  2.68004389e-23
3.98107171e+01  8.60662696e-18  7.90128472e-24  2.29379058e-23  8.60362063e-18  6.91614897e-24  2.02380106e-23
4.64158883e+01  8.60750794e-18  5.83291685e-24  1.70370056e-23  8.60492435e-18  5.20243440e-24  1.52539743e-23
5.41169527e+01  8.61943867e-18  4.30213325e-24  1.26324072e-23  8.61721672e-18  3.90463937e-24  1.14753346e-23
6.30957344e+01  8.60646965e-18  3.16996355e-24  9.34933242e-24  8.60456351e-18  2.92232160e-24  8.61101636e-24
7.35642254e+01  8.60661481e-18  2.33457561e-24  6.91068569e-24  8.60497797e-18  2.18136626e-24  6.44617109e-24
8.57695899e+01  8.60773645e-18  1.71853618e-24  5.10228520e-24  8.60633088e-18  1.62384046e-24  4.81268284e-24
1.00000000e+02  8.60772580e-18  1.26459828e-24  3.76354532e-24  8.60651910e-18  1.20584771e-24  3.58357001e-24
1.16591440e+02  8.61453195e-18  9.06276240e-25  2.70179584e-24  8.61349823e-18  8.50220642e-25  2.54018848e-24
1.35935639e+02  8.61441472e-18  6.63273266e-25  1.98098478e-24  8.61352756e-18  6.28887044e-25  1.88077788e-24
1.58489319e+02  8.61432002e-18  4.85962785e-25  1.45328116e-24  8.61355869e-18  4.64800609e-25  1.39111807e-24
1.84784980e+02  8.61423902e-18  3.56369251e-25  1.06669243e-24  8.61358574e-18  3.43294186e-25  1.02805924e-24
2.15443469e+02  8.61417702e-18  2.61517414e-25  7.83279143e-25  8.61361647e-18  2.53405146e-25  7.59207300e-25
2.51188643e+02  8.61412478e-18  1.92014999e-25  5.75370578e-25  8.61364384e-18  1.86961323e-25  5.60328467e-25
2.92864456e+02  8.61407701e-18  1.41041350e-25  4.22765221e-25  8.61366439e-18  1.37881367e-25  4.13338874e-25
3.41454887e+02  8.61404417e-18  1.03631268e-25  3.10702199e-25  8.61369017e-18  1.01649021e-25  3.04779745e-25
3.98107171e+02  8.61401425e-18  7.61615468e-26  2.28382038e-25  8.61371056e-18  7.49147877e-26  2.24652822e-25
4.64158883e+02  8.61398663e-18  5.59831017e-26  1.67894241e-25  8.61372611e-18  5.51972967e-26  1.65541889e-25
5.41169527e+02  8.61396009e-18  4.11563688e-26  1.23439505e-25  8.61373660e-18  4.06603180e-26  1.21953681e-25
6.30957344e+02  8.61395135e-18  3.02595533e-26  9.07627263e-26  8.61375964e-18  2.99460699e-26  8.98233504e-26
7.35642254e+02  8.61393520e-18  2.22496949e-26  6.67404998e-26  8.61377076e-18  2.20514468e-26  6.61462527e-26
8.57695899e+02  8.61392461e-18  1.63611991e-26  4.90789681e-26  8.61378355e-18  1.62357778e-26  4.87029352e-26
1.00000000e+03  8.61391186e-18  1.20317815e-26  3.60928470e-26  8.61379086e-18  1.19524232e-26  3.58548795e-26
