1.00000000e-04  1.03389405e-15  4.22382183e-16  3.55943716e-16  9.06807804e-16  1.66613735e-16  2.82179842e-16
1.16591440e-04  8.86439917e-16  4.05608557e-16  3.76804349e-16  8.57919487e-16  1.50390799e-16  2.55476016e-16
1.35935639e-04  7.50055122e-16  3.59444839e-16  3.64658031e-16  8.10902496e-16  1.35597940e-16  2.31148757e-16
1.58489319e-04  6.45967651e-16  2.98188425e-16  3.26375093e-16  7.65789751e-16  1.22099905e-16  2.08976869e-16
1.84784980e-04  5.82004969e-16  2.39804626e-16  2.81938618e-16  7.22590509e-16  1.09778445e-16  1.88754036e-16
2.15443469e-04  5.51371227e-16  1.94583147e-16  2.46074225e-16  6.81293330e-16  9.85312973e-17  1.70293197e-16
2.51188643e-04  5.41047361e-16  1.64022460e-16  2.22216816e-16  6.41869440e-16  8.82702832e-17  1.53428760e-16
2.92864456e-04  5.38951168e-16  1.44951257e-16  2.06709451e-16  6.04276266e-16  7.89188685e-17  1.38016868e-16
3.41454887e-04  5.36747106e-16  1.33144707e-16  1.94353037e-16  5.68460952e-16  7.04094971e-17  1.23934036e-16
3.98107171e-04  5.29932333e-16  1.25063971e-16  1.81463477e-16  5.34363727e-16  6.26810148e-17  1.11074496e-16
4.64158883e-04  5.16923398e-16  1.18312942e-16  1.66549986e-16  5.01921032e-16  5.56764733e-17  9.93467032e-17
5.41169527e-04  4.98026193e-16  1.11548042e-16  1.49796940e-16  4.71068288e-16  4.93415486e-17  8.86694728e-17
6.30957344e-04  4.74543959e-16  1.04184672e-16  1.32203220e-16  4.41742211e-16  4.36237158e-17  7.89683358e-17
7.35642254e-04  4.48131291e-16  9.61229771e-17  1.14898244e-16  4.13882509e-16  3.84721716e-17  7.01726114e-17
8.57695899e-04  4.20375960e-16  8.75300433e-17  9.87690943e-17  3.87432903e-16  3.38383568e-17  6.22136019e-17
1.00000000e-03  3.92564975e-16  7.86772802e-17  8.43488334e-17  3.62341394e-16  2.96768082e-17  5.50240600e-17
1.16591440e-03  3.65598813e-16  6.98555852e-17  7.18501294e-17  3.38559835e-16  2.59460136e-17  4.85388159e-17
1.35935639e-03  3.39996830e-16  6.13215912e-17  6.12501068e-17  3.16042936e-16  2.26089576e-17  4.26962094e-17
1.58489319e-03  3.15965150e-16  5.32729445e-17  5.23775362e-17  2.94746878e-16  1.96331233e-17  3.74397917e-17
1.84784980e-03  2.93498103e-16  4.58453936e-17  4.49880632e-17  2.74627751e-16  1.69898584e-17  3.27196717e-17
2.15443469e-03  2.72479759e-16  3.91178342e-17  3.88181966e-17  2.55640089e-16  1.46532121e-17  2.84929337e-17
2.51188643e-03  2.52764369e-16  3.31211106e-17  3.36205973e-17  2.37735834e-16  1.25985591e-17  2.47227950e-17
2.92864456e-03  2.34225875e-16  2.78487026e-17  2.91844902e-17  2.20864113e-16  1.08014466e-17  2.13766366e-17
3.41454887e-03  2.16777244e-16  2.32682207e-17  2.53442172e-17  2.04972137e-16  9.23704204e-18  1.84235411e-17
3.98107171e-03  2.00366686e-16  1.93304035e-17  2.19782651e-17  1.90007188e-16  7.88030453e-18  1.58322179e-17
4.64158883e-03  1.84962797e-16  1.59762525e-17  1.90024787e-17  1.75919156e-16  6.70670748e-18  1.35700026e-17
5.41169527e-03  1.70538958e-16  1.31425638e-17  1.63607979e-17  1.62662864e-16  5.69315920e-18  1.16030976e-17
6.30957344e-03  1.57063116e-16  1.07659478e-17  1.40159830e-17  1.50199382e-16  4.81877823e-18  9.89772383e-18
7.35642254e-03  1.44494629e-16  8.78557662e-18  1.19418577e-17  1.38496064e-16  4.06531775e-18  8.42160966e-18
8.57695899e-03  1.32786563e-16  7.14492481e-18  1.01176986e-17  1.27525414e-16  3.41719576e-18  7.14529468e-18
1.00000000e-02  1.21890396e-16  5.79274199e-18  8.52473657e-18  1.17263250e-16  2.86120566e-18  6.04291704e-18
1.16591440e-02  1.11760288e-16  4.68346315e-18  7.14436659e-18  1.07686688e-16  2.38604604e-18  5.09237838e-18
1.35935639e-02  1.02355362e-16  3.77722316e-18  5.95753831e-18  9.87723917e-17  1.98182445e-18  4.27496898e-18
1.58489319e-02  9.36397177e-17  3.03960723e-18  4.94484243e-18  9.04954289e-17  1.63966310e-18  3.57467278e-18
1.84784980e-02  8.55809263e-17  2.44123881e-18  4.08692079e-18  8.28288734e-17  1.35146985e-18  2.97742600e-18
2.15443469e-02  7.81480539e-17  1.95728111e-18  3.36495788e-18  7.57441240e-17  1.10986159e-18  2.47055043e-18
2.51188643e-02  7.13100752e-17  1.56690690e-18  2.76111898e-18  6.92116514e-17  9.08174763e-19  2.04245021e-18
2.92864456e-02  6.50351132e-17  1.25277416e-18  2.25887753e-18  6.32018376e-17  7.40490796e-19  1.68252873e-18
3.41454887e-02  5.92904961e-17  1.00053139e-18  1.84322014e-18  5.76856221e-17  6.01630896e-19  1.38121414e-18
3.98107171e-02  5.40433464e-17  7.98366025e-19  1.50074201e-18  5.26348377e-17  4.87110407e-19  1.12999063e-18
4.64158883e-02  4.92613447e-17  6.36602137e-19  1.21965427e-18  4.80222833e-17  3.93066102e-19  9.21381366e-19
5.41169527e-02  4.49133825e-17  5.07348330e-19  9.89726204e-19  4.38216563e-17  3.16176303e-19  7.48878235e-19
6.30957344e-02  4.09699529e-17  4.04193945e-19  8.02183048e-19  4.00074590e-17  2.53588405e-19  6.06841126e-19
7.35642254e-02  3.74032606e-17  3.21949719e-19  6.49576343e-19  3.65549387e-17  2.02859252e-19  4.90392719e-19
8.57695899e-02  3.41871233e-17  2.56428493e-19  5.25640699e-19  3.34400775e-17  1.61906932e-19  3.95325304e-19
1.00000000e-01  3.12967622e-17  2.04261228e-19  4.25147252e-19  3.06396072e-17  1.28969726e-19  3.18023545e-19
1.16591440e-01  2.87085744e-17  1.62743802e-19  3.43761467e-19  2.81310313e-17  1.02568558e-19  2.55399652e-19
1.35935639e-01  2.63999464e-17  1.29710329e-19  2.77910454e-19  2.58926419e-17  8.14712326e-20  2.04835584e-19
1.58489319e-01  2.43491362e-17  1.03429096e-19  2.24662896e-19  2.39035312e-17  6.46584022e-20  1.64128655e-19
1.84784980e-01  2.25352231e-17  8.25176106e-20  1.81623062e-19  2.21436034e-17  5.12919763e-20  1.31439443e-19
2.15443469e-01  2.09381112e-17  6.58736344e-20  1.46839145e-19  2.05935917e-17  4.06866607e-20  1.05242500e-19
2.51188643e-01  1.95385285e-17  5.26194265e-20  1.18725195e-19  1.92350427e-17  3.22849597e-20  8.42808133e-20
2.92864456e-01  1.83181833e-17  4.20568762e-20  9.59955803e-20  1.80504492e-17  2.56356494e-20  6.75248697e-20
3.41454887e-01  1.72596765e-17  3.36314026e-20  7.76102471e-20  1.70231392e-17  2.03753681e-20  5.41363354e-20
3.98107171e-01  1.63466125e-17  2.69030159e-20  6.27294887e-20  1.61373696e-17  1.62130473e-20  4.34365069e-20
4.64158883e-01  1.55636006e-17  2.15230834e-20  5.06765825e-20  1.53783205e-17  1.29167506e-20  3.48790015e-20
5.41169527e-01  1.48962586e-17  1.72156822e-20  4.09070291e-20  1.47320968e-17  1.03026085e-20  2.80263337e-20
6.30957344e-01  1.43312010e-17  1.37626305e-20  3.29832603e-20  1.41857223e-17  8.22555634e-21  2.25299499e-20
7.35642254e-01  1.38560217e-17  1.09914708e-20  2.65538691e-20  1.37271296e-17  6.57162759e-21  1.81133313e-20
8.57695899e-01  1.34592695e-17  8.76583942e-21  2.13366020e-20  1.33451459e-17  5.25158666e-21  1.45578167e-20
1.00000000e+00  1.31304275e-17  6.97776991e-21  1.71044895e-20  1.30294821e-17  4.19571237e-21  1.16908236e-20
1.16591440e+00  1.28598924e-17  5.54157184e-21  1.36746070e-20  1.27707214e-17  3.34956413e-21  9.37617097e-21
1.35935639e+00  1.26389535e-17  4.38899432e-21  1.08990405e-20  1.25603076e-17  2.67058238e-21  7.50622638e-21
1.58489319e+00  1.24597762e-17  3.46543407e-21  8.65769144e-21  1.23905354e-17  2.12539086e-21  5.99561777e-21
1.84784980e+00  1.23153978e-17  2.72698739e-21  6.85260151e-21  1.22545524e-17  1.68768337e-21  4.77626982e-21
2.15443469e+00  1.22310274e-17  2.13862162e-21  5.40731148e-21  1.21716332e-17  1.33852987e-21  3.79900699e-21
2.51188643e+00  1.21255753e-17  1.67025465e-21  4.24605398e-21  1.20734065e-17  1.05619071e-21  3.00534413e-21
2.92864456e+00  1.20410645e-17  1.29949112e-21  3.32147625e-21  1.19953618e-17  8.30957927e-22  2.36989643e-21
3.41454887e+00  1.19749460e-17  1.00714957e-21  2.58838229e-21  1.19349996e-17  6.51744457e-22  1.86265576e-21
3.98107171e+00  1.19253501e-17  7.77577238e-22  2.00953995e-21  1.18905075e-17  5.09561873e-22  1.45907671e-21
4.64158883e+00  1.18812376e-17  5.98043261e-22  1.55441366e-21  1.18509175e-17  3.97120317e-22  1.13910111e-21
5.41169527e+00  1.18518642e-17  4.58264087e-22  1.19816599e-21  1.18255158e-17  3.08539001e-22  8.86449780e-22
6.30957344e+00  1.18343666e-17  3.49886722e-22  9.20462669e-22  1.18114976e-17  2.39001750e-22  6.87706104e-22
7.35642254e+00  1.18150328e-17  2.66181883e-22  7.04801304e-22  1.17952218e-17  1.84593078e-22  5.31906485e-22
8.57695899e+00  1.18007802e-17  2.01799031e-22  5.37986997e-22  1.17836396e-17  1.42179462e-22  4.10244641e-22
1.00000000e+01  1.17897488e-17  1.52471090e-22  4.09428126e-22  1.17749358e-17  1.09228567e-22  3.15575244e-22
1.16591440e+01  1.17827470e-17  1.14824265e-22  3.10704902e-22  1.17699554e-17  8.37145865e-23  2.42164077e-22
1.35935639e+01  1.17756063e-17  8.61931889e-23  2.35125195e-22  1.17645725e-17  6.40126254e-23  1.85396932e-22
1.58489319e+01  1.17710420e-17  6.45012056e-23  1.77453592e-22  1.17615308e-17  4.88442441e-23  1.41635802e-22
1.84784980e+01  1.17664129e-17  4.81246106e-23  1.33574338e-22  1.17582208e-17  3.71947787e-23  1.07985823e-22
2.15443469e+01  1.17647142e-17  3.58080977e-23  1.00293187e-22  1.17576608e-17  2.82714508e-23  8.21810878e-23
2.51188643e+01  1.17607576e-17  2.65750403e-23  7.51117098e-23  1.17546893e-17  2.14475651e-23  6.24260485e-23
2.92864456e+01  1.17593795e-17  1.96810318e-23  5.61215342e-23  1.17541596e-17  1.62425650e-23  4.73424189e-23
3.41454887e+01  1.17574711e-17  1.45488605e-23  4.18348184e-23  1.17529832e-17  1.22776051e-23  3.58410322e-23
3.98107171e+01  1.17547547e-17  1.07399151e-23  3.11173890e-23  1.17508976e-17  9.26253323e-24  2.70866882e-23
4.64158883e+01  1.17558713e-17  7.91968033e-24  2.30989291e-23  1.17525567e-17  6.97309202e-24  2.04327036e-23
5.41169527e+01  1.17709538e-17  5.83590833e-24  1.71175438e-23  1.17681031e-17  5.23787364e-24  1.53839994e-23
6.30957344e+01  1.17557939e-17  4.29682227e-24  1.26624891e-23  1.17533481e-17  3.92337042e-24  1.15539615e-23
7.35642254e+01  1.17561639e-17  3.16231142e-24  9.35524771e-24  1.17540635e-17  2.93077449e-24  8.65624278e-24
8.57695899e+01  1.17570037e-17  2.32645972e-24  6.90414397e-24  1.17552001e-17  2.18307901e-24  6.46736375e-24
1.00000000e+02  1.17568200e-17  1.71109225e-24  5.09069669e-24  1.17552714e-17  1.62198149e-24  4.81865790e-24
1.16591440e+02  1.17661721e-17  1.19805459e-24  3.57371597e-24  1.17648453e-17  1.13174987e-24  3.38214000e-24
1.35935639e+02  1.17660173e-17  8.77692505e-25  2.62252970e-24  1.17648785e-17  8.37063737e-25  2.50383992e-24
1.58489319e+02  1.17658938e-17  6.43761188e-25  1.92578428e-24  1.17649166e-17  6.18620212e-25  1.85176302e-24
1.84784980e+02  1.17657891e-17  4.72568927e-25  1.41481582e-24  1.17649506e-17  4.56876554e-25  1.36835694e-24
2.15443469e+02  1.17657082e-17  3.47094144e-25  1.03975153e-24  1.17649888e-17  3.37229630e-25  1.01043339e-24
2.51188643e+02  1.17656399e-17  2.55029518e-25  7.64273196e-25  1.17650226e-17  2.48795455e-25  7.45695080e-25
2.92864456e+02  1.17655803e-17  1.87429803e-25  5.61853275e-25  1.17650507e-17  1.83475806e-25  5.50047821e-25
3.41454887e+02  1.17655343e-17  1.37770602e-25  4.13077809e-25  1.17650800e-17  1.35257379e-25  4.05564161e-25
3.98107171e+02  1.17654968e-17  1.01279829e-25  3.03713682e-25  1.17651070e-17  9.96808441e-26  2.98928800e-25
4.64158883e+02  1.17654616e-17  7.44603394e-26  2.23313288e-25  1.17651272e-17  7.34429298e-26  2.20266692e-25
5.41169527e+02  1.17654351e-17  5.47464300e-26  1.64202792e-25  1.17651483e-17  5.40994024e-26  1.62264347e-25
6.30957344e+02  1.17654154e-17  4.02541446e-26  1.20742754e-25  1.17651694e-17  3.98430320e-26  1.19510654e-25
7.35642254e+02  1.17653938e-17  2.95996855e-26  8.87884404e-26  1.17651828e-17  2.93387562e-26  8.80062333e-26
8.57695899e+02  1.17653786e-17  2.17662700e-26  6.52930812e-26  1.17651975e-17  2.16008531e-26  6.47971030e-26
1.00000000e+03  1.17653646e-17  1.60066055e-26  4.80167242e-26  1.17652093e-17  1.59018579e-26  4.77026090e-26
