1.00000000e-04  1.08056621e-15  4.25031571e-16  5.25415845e-16  1.14159448e-15  1.77298002e-16  3.06785908e-16
1.16591440e-04  1.00645272e-15  3.58033279e-16  4.89925394e-16  1.07485890e-15  1.58832896e-16  2.76165092e-16
1.35935639e-04  9.45495040e-16  2.95428430e-16  4.37058476e-16  1.01117714e-15  1.42033675e-16  2.48279528e-16
1.58489319e-04  8.97671805e-16  2.42074481e-16  3.78766770e-16  9.50486189e-16  1.26768239e-16  2.22867605e-16
1.84784980e-04  8.60630919e-16  2.00696748e-16  3.25666987e-16  8.92700521e-16  1.12922722e-16  1.99708835e-16
2.15443469e-04  8.30208508e-16  1.71284596e-16  2.83062583e-16  8.37719637e-16  1.00395668e-16  1.78619112e-16
2.51188643e-04  8.01784846e-16  1.51744327e-16  2.50874085e-16  7.85435156e-16  8.90928249e-17  1.59443557e-16
2.92864456e-04  7.71628914e-16  1.39077382e-16  2.25995287e-16  7.35737170e-16  7.89231824e-17  1.42048120e-16
3.41454887e-04  7.37654330e-16  1.30396834e-16  2.04853383e-16  6.88519505e-16  6.97966819e-17  1.26311238e-16
3.98107171e-04  6.99462469e-16  1.23457059e-16  1.84905976e-16  6.43683554e-16  6.16236818e-17  1.12116819e-16
4.64158883e-04  6.57939009e-16  1.16814206e-16  1.65027888e-16  6.01140349e-16  5.43159198e-17  9.93495897e-17
5.41169527e-04  6.14634984e-16  1.09707386e-16  1.45182306e-16  5.60810810e-16  4.77884219e-17  8.78931934e-17
6.30957344e-04  5.71213704e-16  1.01884559e-16  1.25909533e-16  5.22624370e-16  4.19616952e-17  7.76308750e-17
7.35642254e-04  5.29065468e-16  9.34152486e-17  1.07889551e-16  4.86516411e-16  3.67635945e-17  6.84480172e-17
8.57695899e-04  4.89121688e-16  8.45270409e-17  9.16765732e-17  4.52425115e-16  3.21304329e-17  6.02355834e-17
1.00000000e-03  4.51847763e-16  7.55115525e-17  7.75852808e-17  4.20288296e-16  2.80071164e-17  5.28934922e-17
1.16591440e-03  4.17332718e-16  6.66520204e-17  6.56795928e-17  3.90040673e-16  2.43463007e-17  4.63331033e-17
1.35935639e-03  3.85422963e-16  5.81832683e-17  5.58189442e-17  3.61611939e-16  2.11067724e-17  4.04782247e-17
1.58489319e-03  3.55856809e-16  5.02795206e-17  4.77352806e-17  3.34925890e-16  1.82514432e-17  3.52643741e-17
1.84784980e-03  3.28364030e-16  4.30534845e-17  4.11069281e-17  3.09900829e-16  1.57454643e-17  3.06364656e-17
2.15443469e-03  3.02721681e-16  3.65627355e-17  3.56169318e-17  2.86451326e-16  1.35549337e-17  2.65455795e-17
2.51188643e-03  2.78770695e-16  3.08194525e-17  3.09905910e-17  2.64491105e-16  1.16464555e-17  2.29457795e-17
2.92864456e-03  2.56407199e-16  2.58034292e-17  2.70132900e-17  2.43936434e-16  9.98749242e-18  1.97918822e-17
3.41454887e-03  2.35560678e-16  2.14722977e-17  2.35314832e-17  2.24709159e-16  8.54719603e-18  1.70386339e-17
3.98107171e-03  2.16172051e-16  1.77698174e-17  2.04434446e-17  2.06738598e-16  7.29731457e-18  1.46411879e-17
4.64158883e-03  1.98179056e-16  1.46325724e-17  1.76858761e-17  1.89961936e-16  6.21286026e-18  1.25563813e-17
5.41169527e-03  1.81510675e-16  1.19949763e-17  1.52205749e-17  1.74323260e-16  5.27237905e-18  1.07442075e-17
6.30957344e-03  1.66088714e-16  9.79280010e-18  1.30235326e-17  1.59771722e-16  4.45781223e-18  9.16900337e-18
7.35642254e-03  1.51832856e-16  7.96549893e-18  1.10772693e-17  1.46259360e-16  3.75403581e-18  7.80007034e-18
8.57695899e-03  1.38665873e-16  6.45760284e-18  9.36618832e-18  1.33739098e-16  3.14821806e-18  6.61164185e-18
1.00000000e-02  1.26516863e-16  5.21940817e-18  7.87426155e-18  1.22163228e-16  2.62915688e-18  5.58227280e-18
1.16591440e-02  1.15321981e-16  4.20716638e-18  6.58426402e-18  1.11482625e-16  2.18674420e-18  4.69386734e-18
1.35935639e-02  1.05023246e-16  3.38293063e-18  5.47788967e-18  1.01646762e-16  1.81164510e-18  3.93064609e-18
1.58489319e-02  9.55665655e-17  2.71418515e-18  4.53626914e-18  9.26044500e-17  1.49519141e-18  3.27832924e-18
1.84784980e-02  8.68999385e-17  2.17335202e-18  3.74058984e-18  8.43049713e-17  1.22941549e-18  2.72367764e-18
2.15443469e-02  7.89724347e-17  1.73724413e-18  3.07265872e-18  7.66992266e-17  1.00712576e-18  2.25436464e-18
2.51188643e-02  7.17340302e-17  1.38651135e-18  2.51533974e-18  6.97405526e-17  8.21950444e-19  1.85904134e-18
2.92864456e-02  6.51360700e-17  1.10511055e-18  2.05285233e-18  6.33850930e-17  6.68322356e-19  1.52744460e-18
3.41454887e-02  5.91319597e-17  8.79816721e-19  1.67094244e-18  5.75917624e-17  5.41414457e-19  1.25045050e-18
3.98107171e-02  5.36777812e-17  6.99784012e-19  1.35694876e-18  5.23219986e-17  4.37052336e-19  1.02004563e-18
4.64158883e-02  4.87326318e-17  5.56159106e-19  1.09978819e-18  4.75394555e-17  3.51627429e-19  8.29236572e-19
5.41169527e-02  4.42586467e-17  4.41745671e-19  8.89882986e-19  4.32097497e-17  2.82023970e-19  6.71934699e-19
6.30957344e-02  4.02207769e-17  3.50716641e-19  7.19049276e-19  3.93002889e-17  2.25561589e-19  5.42846254e-19
7.35642254e-02  3.65864286e-17  2.78369878e-19  5.80362750e-19  3.57801622e-17  1.79949004e-19  4.37380910e-19
8.57695899e-02  3.33250790e-17  2.20922542e-19  4.68014549e-19  3.26200577e-17  1.43243158e-19  3.51578288e-19
1.00000000e-01  3.04079429e-17  1.75339421e-19  3.77166940e-19  2.97921860e-17  1.13810078e-19  2.82045432e-19
1.16591440e-01  2.78077280e-17  1.39190717e-19  3.03815689e-19  2.72702023e-17  9.02864439e-20  2.25898768e-19
1.35935639e-01  2.54984857e-17  1.10535083e-19  2.44663545e-19  2.50291357e-17  7.15425378e-20  1.80707333e-19
1.58489319e-01  2.34555389e-17  8.78240593e-20  1.97007196e-19  2.30453295e-17  5.66477679e-20  1.44437117e-19
1.84784980e-01  2.16554189e-17  6.98244271e-20  1.58638466e-19  2.12963552e-17  4.48396463e-20  1.15397834e-19
2.15443469e-01  2.00760067e-17  5.55554690e-20  1.27759572e-19  1.97611143e-17  3.54966297e-20  9.21937398e-20
2.51188643e-01  1.86963854e-17  4.42383649e-20  1.02911122e-19  1.84196540e-17  2.81146359e-20  7.36791186e-20
2.92864456e-01  1.74969418e-17  3.52555689e-20  8.29118056e-20  1.72532410e-17  2.22870145e-20  5.89190696e-20
3.41454887e-01  1.64593416e-17  2.81181840e-20  6.68080113e-20  1.62443196e-17  1.76874861e-20  4.71551888e-20
3.98107171e-01  1.55665063e-17  2.24397949e-20  5.38319870e-20  1.53764834e-17  1.40556835e-20  3.77758442e-20
4.64158883e-01  1.48025754e-17  1.79154801e-20  4.33671785e-20  1.46344406e-17  1.11849477e-20  3.02905828e-20
5.41169527e-01  1.41528598e-17  1.43049765e-20  3.49195747e-20  1.40039753e-17  8.91208202e-21  2.43082366e-20
6.30957344e-01  1.36037877e-17  1.14191834e-20  2.80940756e-20  1.34719058e-17  7.10880837e-21  1.95183359e-20
7.35642254e-01  1.31428541e-17  9.10935245e-21  2.25750531e-20  1.30260459e-17  5.67469506e-21  1.56754584e-20
8.57695899e-01  1.27585743e-17  7.25845010e-21  1.81104309e-20  1.26551707e-17  4.53135057e-21  1.25861796e-20
1.00000000e+00  1.24404436e-17  5.77427942e-21  1.44987153e-20  1.23489876e-17  3.61769684e-21  1.00982998e-20
1.16591440e+00  1.21789066e-17  4.58403111e-21  1.15785058e-20  1.20981151e-17  2.88615695e-21  8.09204741e-21
1.35935639e+00  1.19653418e-17  3.62999534e-21  9.22008571e-21  1.18940755e-17  2.29961149e-21  6.47298254e-21
1.58489319e+00  1.17920716e-17  2.86621430e-21  7.31874793e-21  1.17293123e-17  1.82899672e-21  5.16634610e-21
1.84784980e+00  1.16967996e-17  2.25722083e-21  5.79583567e-21  1.16368730e-17  1.45495883e-21  4.12267960e-21
2.15443469e+00  1.15681829e-17  1.76997951e-21  4.56633374e-21  1.15154209e-17  1.15049191e-21  3.26894880e-21
2.51188643e+00  1.14684445e-17  1.38299377e-21  3.58460470e-21  1.14221037e-17  9.07329491e-22  2.58440780e-21
2.92864456e+00  1.13890117e-17  1.07663106e-21  2.80343551e-21  1.13484146e-17  7.13451667e-22  2.03669173e-21
3.41454887e+00  1.13272502e-17  8.35012538e-22  2.18434246e-21  1.12917646e-17  5.59273978e-22  1.59978059e-21
3.98107171e+00  1.12803534e-17  6.45198507e-22  1.69568744e-21  1.12494000e-17  4.37025378e-22  1.25239625e-21
4.64158883e+00  1.12396722e-17  4.96679781e-22  1.31157718e-21  1.12127331e-17  3.40407378e-22  9.77167797e-22
5.41169527e+00  1.12109103e-17  3.80968112e-22  1.01096093e-21  1.11874994e-17  2.64333719e-22  7.59984700e-22
6.30957344e+00  1.11924933e-17  2.91180542e-22  7.76646909e-22  1.11721742e-17  2.04649413e-22  5.89251405e-22
7.35642254e+00  1.11741023e-17  2.21775200e-22  5.94701134e-22  1.11564988e-17  1.57980162e-22  4.55504619e-22
8.57695899e+00  1.11605212e-17  1.68338563e-22  4.53969779e-22  1.11452896e-17  1.21620353e-22  3.51128529e-22
1.00000000e+01  1.11507309e-17  1.27353287e-22  3.45513944e-22  1.11375664e-17  9.33888003e-23  2.69960469e-22
1.16591440e+01  1.11444356e-17  9.60370682e-23  2.62228594e-22  1.11330662e-17  7.15414366e-23  2.07057661e-22
1.35935639e+01  1.11384339e-17  7.21893414e-23  1.98463983e-22  1.11286260e-17  5.46792850e-23  1.58442810e-22
1.58489319e+01  1.11343000e-17  5.40962394e-23  1.49805203e-22  1.11258450e-17  4.17037621e-23  1.20986521e-22
1.84784980e+01  1.11303576e-17  4.04164711e-23  1.12781100e-22  1.11230746e-17  3.17434367e-23  9.22002110e-23
2.15443469e+01  1.11283828e-17  3.01121979e-23  8.46973163e-23  1.11221116e-17  2.41176903e-23  7.01367859e-23
2.51188643e+01  1.11250044e-17  2.23750052e-23  6.34457917e-23  1.11196084e-17  1.82887266e-23  5.32540972e-23
2.92864456e+01  1.11235447e-17  1.65881535e-23  4.74159835e-23  1.11189029e-17  1.38441996e-23  4.03685111e-23
3.41454887e+01  1.11220478e-17  1.22733642e-23  3.53538832e-23  1.11180569e-17  1.04598523e-23  3.05471601e-23
3.98107171e+01  1.11205158e-17  9.06668485e-24  2.63035073e-23  1.11170856e-17  7.88742695e-24  2.30749614e-23
4.64158883e+01  1.11216312e-17  6.68972934e-24  1.95306685e-23  1.11186833e-17  5.93496397e-24  1.73980025e-23
5.41169527e+01  1.11317193e-17  4.93195221e-24  1.44769817e-23  1.11291845e-17  4.45581175e-24  1.30924537e-23
6.30957344e+01  1.11205125e-17  3.63280312e-24  1.07118176e-23  1.11183374e-17  3.33590738e-24  9.82786483e-24
7.35642254e+01  1.11192947e-17  2.67459267e-24  7.91581288e-24  1.11174270e-17  2.49074533e-24  7.35927019e-24
8.57695899e+01  1.11194255e-17  1.96828804e-24  5.84308315e-24  1.11178218e-17  1.85455195e-24  5.49580500e-24
1.00000000e+02  1.11194328e-17  1.44805961e-24  4.30917334e-24  1.11180560e-17  1.37743245e-24  4.09314490e-24
1.16591440e+02  1.11289044e-17  1.02782238e-24  3.06495235e-24  1.11277249e-17  9.66873111e-25  2.88908820e-24
1.35935639e+02  1.11287611e-17  7.52423462e-25  2.24770208e-24  1.11277488e-17  7.15144305e-25  2.13896103e-24
1.58489319e+02  1.11286513e-17  5.51470726e-25  1.64942924e-24  1.11277826e-17  5.28534608e-25  1.58199384e-24
1.84784980e+02  1.11285567e-17  4.04553228e-25  1.21104727e-24  1.11278112e-17  3.90355957e-25  1.16906446e-24
2.15443469e+02  1.11284835e-17  2.96975668e-25  8.89548557e-25  1.11278439e-17  2.88136915e-25  8.63303493e-25
2.51188643e+02  1.11284219e-17  2.18112317e-25  6.53605559e-25  1.11278732e-17  2.12581588e-25  6.37134859e-25
2.92864456e+02  1.11283681e-17  1.60248245e-25  4.80354890e-25  1.11278973e-17  1.56772885e-25  4.69983631e-25
3.41454887e+02  1.11283261e-17  1.17765222e-25  3.53087134e-25  1.11279222e-17  1.15574236e-25  3.46539101e-25
3.98107171e+02  1.11282910e-17  8.65608723e-26  2.59570774e-25  1.11279445e-17  8.51762966e-26  2.55428458e-25
4.64158883e+02  1.11282622e-17  6.36335156e-26  1.90840444e-25  1.11279650e-17  6.27571395e-26  1.88216571e-25
5.41169527e+02  1.11282327e-17  4.67838577e-26  1.40319229e-25  1.11279777e-17  4.62286230e-26  1.38655957e-25
6.30957344e+02  1.11282196e-17  3.43986625e-26  1.03178563e-25  1.11280008e-17  3.40467380e-26  1.02123919e-25
7.35642254e+02  1.11282004e-17  2.52939055e-26  7.58723224e-26  1.11280128e-17  2.50708365e-26  7.52036417e-26
8.57695899e+02  1.11281865e-17  1.86000739e-26  5.57951542e-26  1.11280256e-17  1.84587145e-26  5.53713214e-26
1.00000000e+03  1.11281754e-17  1.36783501e-26  4.10323155e-26  1.11280374e-17  1.35888081e-26  4.07638041e-26
