1.00000000e-04  5.37554517e-16  2.57301263e-16  2.20261497e-16  3.68734360e-16  8.63808192e-17  1.53799751e-16
1.16591440e-04  4.90458596e-16  2.25518438e-16  1.91656327e-16  3.50432791e-16  7.59614592e-17  1.37519742e-16
1.35935639e-04  4.49442990e-16  1.95690463e-16  1.68018060e-16  3.32241209e-16  6.64066561e-17  1.22246002e-16
1.58489319e-04  4.13155461e-16  1.68207597e-16  1.47995566e-16  3.14187443e-16  5.77160857e-17  1.08008572e-16
1.84784980e-04  3.80541963e-16  1.43308063e-16  1.30624088e-16  2.96303340e-16  4.98815484e-17  9.48373464e-17
2.15443469e-04  3.50801684e-16  1.21091052e-16  1.15257432e-16  2.78627036e-16  4.28845098e-17  8.27575474e-17
2.51188643e-04  3.23348636e-16  1.01539876e-16  1.01483059e-16  2.61204959e-16  3.66943397e-17  7.17841297e-17
2.92864456e-04  2.97774154e-16  8.45484349e-17  8.90453935e-17  2.44092885e-16  3.12678511e-17  6.19161918e-17
3.41454887e-04  2.73809305e-16  6.99471827e-17  7.77866744e-17  2.27355412e-16  2.65504784e-17  5.31327925e-17
3.98107171e-04  2.51288612e-16  5.75264768e-17  6.76056843e-17  2.11063542e-16  2.24789995e-17  4.53913940e-17
4.64158883e-04  2.30117137e-16  4.70562363e-17  5.84310451e-17  1.95290650e-16  1.89852619e-17  3.86294274e-17
5.41169527e-04  2.10242727e-16  3.83014834e-17  5.02050356e-17  1.80107580e-16  1.60001475e-17  3.27685622e-17
6.30957344e-04  1.91634479e-16  3.10338397e-17  4.28744587e-17  1.65577876e-16  1.34570600e-17  2.77205738e-17
7.35642254e-04  1.74267625e-16  2.50393549e-17  3.63859680e-17  1.51753971e-16  1.12944797e-17  2.33934967e-17
8.57695899e-04  1.58114311e-16  2.01232427e-17  3.06841010e-17  1.38674827e-16  9.45745147e-18  1.96969984e-17
1.00000000e-03  1.43139167e-16  1.61121624e-17  2.57108882e-17  1.26365114e-16  7.89811889e-18  1.65463719e-17
1.16591440e-03  1.29298383e-16  1.28546811e-17  2.14063365e-17  1.14835673e-16  6.57554655e-18  1.38650002e-17
1.35935639e-03  1.16540981e-16  1.02204817e-17  1.77093597e-17  1.04084928e-16  5.45509752e-18  1.15854612e-17
1.58489319e-03  1.04811152e-16  8.09878682e-18  1.45588877e-17  9.41008225e-17  4.50759195e-18  9.64959282e-18
1.84784980e-03  9.40508219e-17  6.39636532e-18  1.18949867e-17  8.48629911e-17  3.70841182e-18  8.00786280e-18
2.15443469e-03  8.42018708e-17  5.03538769e-18  9.65988753e-18  7.63448824e-17  3.03665840e-18  6.61834781e-18
2.51188643e-03  7.52077277e-17  3.95131040e-18  7.79885673e-18  6.85156849e-17  2.47442217e-18  5.44555811e-18
2.92864456e-03  6.70142736e-17  3.09090096e-18  6.26088019e-18  6.13419436e-17  2.00619240e-18  4.45927909e-18
3.41454887e-03  5.95701283e-17  2.41046103e-18  4.99914844e-18  5.47888145e-17  1.61840902e-18  3.63354076e-18
3.98107171e-03  5.28264960e-17  1.87426936e-18  3.97134898e-18  4.88209574e-17  1.29914271e-18  2.94577673e-18
4.64158883e-03  4.67367638e-17  1.45324199e-18  3.13978129e-18  4.34031047e-17  1.03787780e-18  2.37619045e-18
5.41169527e-03  4.12560328e-17  1.12379298e-18  2.47131668e-18  3.85003784e-17  8.25366848e-19  1.90731174e-18
6.30957344e-03  3.63407199e-17  8.66873632e-19  1.93722955e-18  3.40784446e-17  6.53527460e-19  1.52370374e-18
7.35642254e-03  3.19483041e-17  6.67165584e-19  1.51292816e-18  3.01035854e-17  5.15356887e-19  1.21177054e-18
8.57695899e-03  2.80372478e-17  5.12405519e-19  1.17761414e-18  2.65427572e-17  4.04849231e-19  9.59619567e-19
1.00000000e-02  2.45670729e-17  3.92821233e-19  9.13898115e-19  2.33636743e-17  3.16907864e-19  7.56943593e-19
1.16591440e-02  2.14985522e-17  3.00662094e-19  7.07396380e-19  2.05349276e-17  2.47252239e-19  5.94901963e-19
1.35935639e-02  1.87939675e-17  2.29809494e-19  5.46329372e-19  1.80261390e-17  1.92321799e-19  4.65992650e-19
1.58489319e-02  1.64173808e-17  1.75455174e-19  4.21138161e-19  1.58081323e-17  1.49180930e-19  3.63915468e-19
1.84784980e-02  1.43348819e-17  1.33837059e-19  3.24130242e-19  1.38531039e-17  1.15428589e-19  2.83431047e-19
2.15443469e-02  1.25147864e-17  1.02023721e-19  2.49161571e-19  1.21347757e-17  8.91152201e-20  2.20221423e-19
2.51188643e-02  1.09277683e-17  7.77396746e-20  1.91357861e-19  1.06285189e-17  6.86684015e-20  1.70757322e-19
2.92864456e-02  9.54692516e-18  5.92247636e-20  1.46875322e-19  9.31144015e-18  5.28277243e-20  1.32175872e-19
3.41454887e-02  8.34777941e-18  4.51217537e-20  1.12698841e-19  8.16242934e-18  4.05887102e-20  1.02170820e-19
3.98107171e-02  7.30822524e-18  3.43870524e-20  8.64743359e-20  7.16216667e-18  3.11551820e-20  7.88961085e-20
4.64158883e-02  6.40843190e-18  2.62202394e-20  6.63713094e-20  6.29309718e-18  2.38992782e-20  6.08826730e-20
5.41169527e-02  5.63071537e-18  2.00087516e-20  5.09714346e-20  5.53937372e-18  1.83282258e-20  4.69677302e-20
6.30957344e-02  4.95938908e-18  1.52846915e-20  3.91791183e-20  4.88677753e-18  1.40569882e-20  3.62354566e-20
7.35642254e-02  4.38060291e-18  1.16912514e-20  3.01502981e-20  4.32262113e-18  1.07859379e-20  2.79677818e-20
8.57695899e-02  3.88217851e-18  8.95672150e-21  2.32361670e-20  3.83564032e-18  8.28278179e-21  2.16039918e-20
1.00000000e-01  3.45344552e-18  6.87443993e-21  1.79389653e-20  3.41587921e-18  6.36803804e-21  1.67078624e-20
1.16591440e-01  3.08508407e-18  5.28737538e-21  1.38774349e-20  3.05457353e-18  4.90344964e-21  1.29411423e-20
1.35935639e-01  2.76897561e-18  4.07630390e-21  1.07599472e-20  2.74403526e-18  3.78280200e-21  1.00423203e-20
1.58489319e-01  2.49806395e-18  3.15076372e-21  8.36367930e-21  2.47754090e-18  2.92468934e-21  7.80973702e-21
1.84784980e-01  2.26622732e-18  2.44214931e-21  6.51853150e-21  2.24922533e-18  2.26684752e-21  6.08823650e-21
2.15443469e-01  2.06816178e-18  1.89844826e-21  5.09474113e-21  2.05398249e-18  1.76173646e-21  4.75867236e-21
2.51188643e-01  1.89927574e-18  1.48023578e-21  3.99336624e-21  1.88737335e-18  1.37311146e-21  3.72969909e-21
2.92864456e-01  1.75559533e-18  1.15763055e-21  3.13898948e-21  1.74554177e-18  1.07337287e-21  2.93137894e-21
3.41454887e-01  1.63562945e-18  9.07363479e-22  2.47297439e-21  1.62903073e-18  8.44904357e-22  2.31955987e-21
3.98107171e-01  1.53161953e-18  7.13707183e-22  1.95415915e-21  1.52578596e-18  6.63683317e-22  1.83110901e-21
4.64158883e-01  1.44399788e-18  5.62747480e-22  1.54757170e-21  1.43883898e-18  5.22751223e-22  1.44905781e-21
5.41169527e-01  1.37046166e-18  4.44619808e-22  1.22774787e-21  1.36589860e-18  4.12707173e-22  1.14905079e-21
6.30957344e-01  1.30906786e-18  3.51831253e-22  9.75252746e-22  1.30503196e-18  3.26430880e-22  9.12547522e-22
7.35642254e-01  1.25803058e-18  2.78689001e-22  7.75250851e-22  1.25446177e-18  2.58529283e-22  7.25434661e-22
8.57695899e-01  1.21576371e-18  2.20837366e-22  6.16327949e-22  1.21260963e-18  2.04888418e-22  5.76882278e-22
1.00000000e+00  1.18231190e-18  1.74985134e-22  4.89828828e-22  1.17952468e-18  1.62412072e-22  4.58707792e-22
1.16591440e+00  1.15271696e-18  1.38500658e-22  3.88757801e-22  1.15025941e-18  1.28627273e-22  3.64301567e-22
1.35935639e+00  1.12973068e-18  1.09487706e-22  3.08091072e-22  1.12756513e-18  1.01765880e-22  2.88951762e-22
1.58489319e+00  1.11131900e-18  8.63876927e-23  2.43646082e-22  1.10941333e-18  8.03742650e-23  2.28732364e-22
1.84784980e+00  1.09660883e-18  6.80031601e-23  1.92197762e-22  1.09493448e-18  6.33405481e-23  1.80627858e-22
2.15443469e+00  1.08509442e-18  5.33889374e-23  1.51185552e-22  1.08362560e-18  4.97895596e-23  1.42249452e-22
2.51188643e+00  1.07592263e-18  4.17929212e-23  1.18560140e-22  1.07463643e-18  3.90264269e-23  1.11688526e-22
2.92864456e+00  1.06916556e-18  3.26156879e-23  9.26800212e-23  1.06804095e-18  3.04984363e-23  8.74185897e-23
3.41454887e+00  1.06391765e-18  2.53738172e-23  7.22143129e-23  1.06293600e-18  2.37601680e-23  6.82024721e-23
3.98107171e+00  1.05986444e-18  1.96776837e-23  5.60854814e-23  1.05900901e-18  1.84527762e-23  5.30386410e-23
4.64158883e+00  1.05674319e-18  1.52129451e-23  4.34206357e-23  1.05599894e-18  1.42867087e-23  4.11154878e-23
5.41169527e+00  1.05421463e-18  1.17255724e-23  3.35116605e-23  1.05356818e-18  1.10277793e-23  3.17739980e-23
6.30957344e+00  1.05214452e-18  9.01208990e-24  2.57896935e-23  1.05158378e-18  8.48828736e-24  2.44843772e-23
7.35642254e+00  1.05049968e-18  6.90726709e-24  1.97910413e-23  1.05001401e-18  6.51546225e-24  1.88138141e-23
8.57695899e+00  1.04905045e-18  5.28026056e-24  1.51477702e-23  1.04863034e-18  4.98823027e-24  1.44186038e-23
1.00000000e+01  1.04785633e-18  4.02677796e-24  1.15658683e-23  1.04749331e-18  3.80991133e-24  1.10236234e-23
1.16591440e+01  1.04697718e-18  3.06378976e-24  8.81067669e-24  1.04666380e-18  2.90337015e-24  8.40884726e-24
1.35935639e+01  1.04683291e-18  2.32625400e-24  6.69807179e-24  1.04656250e-18  2.20810142e-24  6.40141982e-24
1.58489319e+01  1.04566777e-18  1.76261196e-24  5.08173940e-24  1.04543472e-18  1.67601983e-24  4.86365752e-24
1.84784980e+01  1.04522875e-18  1.33299817e-24  3.84841717e-24  1.04502797e-18  1.26990560e-24  3.68887479e-24
2.15443469e+01  1.04492811e-18  1.00615420e-24  2.90911211e-24  1.04475525e-18  9.60506621e-25  2.79306815e-24
2.51188643e+01  1.04507576e-18  7.58010283e-25  2.19521404e-24  1.04492698e-18  7.25268155e-25  2.11139684e-24
2.92864456e+01  1.04493370e-18  5.69945348e-25  1.65356020e-24  1.04480573e-18  5.46709078e-25  1.59353554e-24
3.41454887e+01  1.04533177e-18  4.27687831e-25  1.24335637e-24  1.04522172e-18  4.11412972e-25  1.20081924e-24
3.98107171e+01  1.04570412e-18  3.20272526e-25  9.33215330e-25  1.04560950e-18  3.09054928e-25  9.03454720e-25
4.64158883e+01  1.04600937e-18  2.39318832e-25  6.99120258e-25  1.04592805e-18  2.31733838e-25  6.78617164e-25
5.41169527e+01  1.04615673e-18  1.78429328e-25  5.22719283e-25  1.04608687e-18  1.73412644e-25  5.08847109e-25
6.30957344e+01  1.04614443e-18  1.32740387e-25  3.90053185e-25  1.04608442e-18  1.29500932e-25  3.80856478e-25
7.35642254e+01  1.04587187e-18  9.85368625e-26  2.90457242e-25  1.04582035e-18  9.64936368e-26  2.84489824e-25
8.57695899e+01  1.04562693e-18  7.30041562e-26  2.15859884e-25  1.04558270e-18  7.17401286e-26  2.12066696e-25
1.00000000e+02  1.04531717e-18  5.39979217e-26  1.60120452e-25  1.04527922e-18  5.32245933e-26  1.57749646e-25
1.16591440e+02  1.04657169e-18  4.02061855e-26  1.19400569e-25  1.04653911e-18  3.91766169e-26  1.16507103e-25
1.35935639e+02  1.04656619e-18  2.96522260e-26  8.82684222e-26  1.04653823e-18  2.89743837e-26  8.63359872e-26
1.58489319e+02  1.04656174e-18  2.18502831e-26  6.51675212e-26  1.04653775e-18  2.14074590e-26  6.38901695e-26
1.84784980e+02  1.04655456e-18  1.60916483e-26  4.80634970e-26  1.04653397e-18  1.58041412e-26  4.72263921e-26
2.15443469e+02  1.04655103e-18  1.18458196e-26  3.54216251e-26  1.04653336e-18  1.16600879e-26  3.48768958e-26
2.51188643e+02  1.04654840e-18  8.71778645e-27  2.60902060e-26  1.04653324e-18  8.59829147e-27  2.57377704e-26
2.92864456e+02  1.04654571e-18  6.41451543e-27  1.92092251e-26  1.04653271e-18  6.33789181e-27  1.89822658e-26
3.41454887e+02  1.04654418e-18  4.71917258e-27  1.41389058e-26  1.04653303e-18  4.67017412e-27  1.39933026e-26
3.98107171e+02  1.04654336e-18  3.47161777e-27  1.04047747e-26  1.04653379e-18  3.44035580e-27  1.03116509e-26
4.64158883e+02  1.04654454e-18  2.55373510e-27  7.65575251e-27  1.04653633e-18  2.53382684e-27  7.59634132e-27
5.41169527e+02  1.04654119e-18  1.87847959e-27  5.63249033e-27  1.04653415e-18  1.86582141e-27  5.59466378e-27
6.30957344e+02  1.04653904e-18  1.38175341e-27  4.14366645e-27  1.04653300e-18  1.37371548e-27  4.11962231e-27
7.35642254e+02  1.04653866e-18  1.01637137e-27  3.04825272e-27  1.04653348e-18  1.01127283e-27  3.03298980e-27
8.57695899e+02  1.04653961e-18  7.47609559e-28  2.24236314e-27  1.04653517e-18  7.44378428e-28  2.23268507e-27
1.00000000e+03  1.04653949e-18  5.49919461e-28  1.64950678e-27  1.04653568e-18  5.47873322e-28  1.64337553e-27
