1.00000000e-04  4.99199640e-16  2.61342873e-16  2.62403882e-16  4.18744694e-16  8.71668060e-17  1.50350046e-16
1.16591440e-04  4.82781232e-16  2.45912550e-16  2.27552642e-16  3.92959401e-16  7.81368967e-17  1.35321221e-16
1.35935639e-04  4.61214656e-16  2.27325716e-16  1.94942186e-16  3.68445013e-16  6.99383961e-17  1.21688908e-16
1.58489319e-04  4.36036557e-16  2.06527910e-16  1.66510812e-16  3.45179926e-16  6.24861207e-17  1.09317076e-16
1.84784980e-04  4.08795673e-16  1.84602733e-16  1.43022814e-16  3.23133334e-16  5.57046484e-17  9.80788503e-17
2.15443469e-04  3.80860791e-16  1.62584747e-16  1.24261658e-16  3.02266866e-16  4.95281351e-17  8.78579798e-17
2.51188643e-04  3.53294003e-16  1.41327753e-16  1.09408763e-16  2.82536197e-16  4.38998517e-17  7.85497282e-17
2.92864456e-04  3.26806718e-16  1.21438856e-16  9.74298273e-17  2.63892536e-16  3.87715220e-17  7.00612767e-17
3.41454887e-04  3.01803484e-16  1.03296137e-16  8.73734565e-17  2.46283974e-16  3.41025139e-17  6.23117414e-17
3.98107171e-04  2.78451528e-16  8.70816887e-17  7.85162887e-17  2.29656660e-16  2.98589193e-17  5.52318985e-17
4.64158883e-04  2.56759918e-16  7.28311945e-17  7.03948466e-17  2.13955814e-16  2.60125282e-17  4.87636736e-17
5.41169527e-04  2.36646264e-16  6.04802506e-17  6.27670471e-17  1.99126624e-16  2.25396873e-17  4.28594002e-17
6.30957344e-04  2.17985282e-16  4.99017552e-17  5.55462508e-17  1.85115108e-16  1.94200369e-17  3.74807923e-17
7.35642254e-04  2.00640762e-16  4.09337440e-17  4.87361438e-17  1.71869025e-16  1.66351486e-17  3.25975282e-17
8.57695899e-04  1.84484629e-16  3.33991085e-17  4.23799209e-17  1.59338938e-16  1.41671500e-17  2.81853651e-17
1.00000000e-03  1.69406572e-16  2.71190259e-17  3.65268611e-17  1.47479447e-16  1.19974945e-17  2.42238024e-17
1.16591440e-03  1.55317042e-16  2.19217227e-17  3.12139740e-17  1.36250488e-16  1.01060794e-17  2.06935085e-17
1.35935639e-03  1.42145937e-16  1.76478415e-17  2.64585440e-17  1.25618458e-16  8.47088577e-18  1.75739180e-17
1.58489319e-03  1.29838909e-16  1.41533671e-17  2.22575009e-17  1.15556822e-16  7.06820098e-18  1.48414840e-17
1.84784980e-03  1.18352827e-16  1.13108254e-17  1.85904211e-17  1.06045929e-16  5.87332521e-18  1.24689375e-17
2.15443469e-03  1.07651503e-16  9.00929242e-18  1.54239754e-17  9.70719698e-17  4.86153764e-18  1.04256189e-17
2.51188643e-03  9.77023035e-17  7.15361664e-18  1.27164936e-17  8.86252810e-17  4.00906289e-18  8.67862914e-18
2.92864456e-03  8.84738848e-17  5.66316017e-18  1.04219579e-17  8.06983545e-17  3.29383750e-18  7.19437620e-18
3.41454887e-03  7.99349725e-17  4.47028574e-18  8.49315171e-18  7.32839714e-17  2.69598072e-18  5.94009075e-18
3.98107171e-03  7.20539512e-17  3.51875395e-18  6.88394001e-18  6.63737407e-17  2.19797379e-18  4.88502128e-18
4.64158883e-03  6.47989530e-17  2.76214541e-18  5.55078641e-18  5.99571797e-17  1.78461269e-18  4.00118764e-18
5.41169527e-03  5.81381634e-17  2.16238145e-18  4.45365872e-18  5.40213159e-17  1.44281918e-18  3.26371021e-18
6.30957344e-03  5.20401361e-17  1.68838650e-18  3.55647928e-18  4.85506995e-17  1.16138724e-18  2.65080998e-18
7.35642254e-03  4.64739964e-17  1.31491072e-18  2.82725468e-18  4.35276801e-17  9.30720575e-19  2.14359822e-18
8.57695899e-03  4.14094991e-17  1.02151558e-18  2.23799330e-18  3.89328094e-17  7.42594477e-19  1.72576463e-18
1.00000000e-02  3.68169654e-17  7.91713715e-19  1.76448975e-18  3.47452644e-17  5.89956013e-19  1.38324410e-18
1.16591440e-02  3.26671570e-17  6.12248389e-19  1.38603251e-18  3.09432253e-17  4.66763240e-19  1.10391041e-18
1.35935639e-02  2.89311551e-17  4.72495079e-19  1.08507266e-18  2.75041913e-17  3.67856621e-19  8.77317533e-19
1.58489319e-02  2.55802883e-17  3.63967301e-19  8.46878866e-19  2.44052379e-17  2.88853314e-19  6.94488994e-19
1.84784980e-02  2.25861481e-17  2.79910070e-19  6.59195077e-19  2.16232376e-17  2.26055918e-19  5.47745794e-19
2.15443469e-02  1.99206870e-17  2.14966294e-19  5.11912068e-19  1.91350672e-17  1.76369936e-19  4.30560342e-19
2.51188643e-02  1.75563911e-17  1.64903559e-19  3.96759930e-19  1.69178139e-17  1.37226952e-19  3.37426070e-19
2.92864456e-02  1.54664966e-17  1.26390884e-19  3.07026404e-19  1.49489845e-17  1.06512752e-19  2.63736491e-19
3.41454887e-02  1.36252242e-17  9.68168020e-20  2.37303706e-19  1.32067121e-17  8.25006971e-20  2.05671010e-19
3.98107171e-02  1.20080007e-17  7.41416328e-20  1.83265006e-19  1.16699521e-17  6.37910608e-20  1.60087420e-19
4.64158883e-02  1.05916481e-17  5.67780376e-20  1.41470336e-19  1.03186539e-17  4.92568776e-20  1.24422109e-19
5.41169527e-02  9.35452740e-18  4.34949025e-20  1.09200650e-19  9.13390360e-18  3.79965158e-20  9.65991666e-20
6.30957344e-02  8.27663205e-18  3.33404098e-20  8.43179893e-20  8.09802977e-18  2.92928387e-20  7.49492692e-20
7.35642254e-02  7.33963024e-18  2.55807914e-20  6.51491475e-20  7.19467127e-18  2.25785400e-20  5.81386089e-20
8.57695899e-02  6.52686209e-18  1.96518415e-20  5.03900680e-20  6.40880824e-18  1.74070958e-20  4.51076956e-20
1.00000000e-01  5.82329855e-18  1.51207271e-20  3.90280850e-20  5.72675978e-18  1.34286826e-20  3.50194336e-20
1.16591440e-01  5.21547056e-18  1.16560624e-20  3.02792882e-20  5.13615320e-18  1.03704090e-20  2.72156484e-20
1.35935639e-01  4.69137665e-18  9.00456760e-21  2.35384886e-20  4.62587063e-18  8.02022947e-21  2.11811147e-20
1.58489319e-01  4.24037646e-18  6.97293955e-21  1.83395439e-20  4.18597846e-18  6.21396254e-21  1.65140961e-20
1.84784980e-01  3.85307636e-18  5.41382552e-21  1.43240992e-20  3.80764505e-18  4.82489041e-21  1.29024446e-20
2.15443469e-01  3.52121242e-18  4.21500799e-21  1.12170977e-20  3.48305128e-18  3.75548636e-21  1.01043710e-20
2.51188643e-01  3.23753431e-18  3.29108982e-21  8.80768418e-21  3.20529779e-18  2.93087532e-21  7.93308999e-21
2.92864456e-01  2.99567977e-18  2.57711627e-21  6.93436973e-21  2.96829875e-18  2.29369256e-21  6.24463237e-21
3.41454887e-01  2.79011180e-18  2.02370511e-21  5.47358175e-21  2.76673440e-18  1.80007483e-21  4.92826710e-21
3.98107171e-01  2.61596696e-18  1.59331057e-21  4.33077909e-21  2.59591231e-18  1.41652421e-21  3.89893802e-21
4.64158883e-01  2.46899759e-18  1.25738767e-21  3.43365358e-21  2.45171925e-18  1.11749151e-21  3.09140022e-21
5.41169527e-01  2.35090751e-18  9.94166673e-22  2.72735316e-21  2.33822040e-18  8.86916902e-22  2.46524425e-21
6.30957344e-01  2.24566701e-18  7.87226279e-22  2.16829113e-21  2.23442102e-18  7.01788224e-22  1.95915922e-21
7.35642254e-01  2.15824144e-18  6.23938218e-22  1.72492638e-21  2.14827934e-18  5.56074639e-22  1.55857931e-21
8.57695899e-01  2.08585243e-18  4.94673945e-22  1.37225431e-21  2.07703584e-18  4.40947090e-22  1.24039426e-21
1.00000000e+00  2.02641104e-18  3.92077775e-22  1.09107592e-21  2.01861642e-18  3.49697121e-22  9.86946250e-22
1.16591440e+00  1.97793609e-18  3.10490341e-22  8.66535197e-22  1.97105332e-18  2.77190805e-22  7.84636181e-22
1.35935639e+00  1.93855266e-18  2.45520614e-22  6.87032704e-22  1.93248409e-18  2.19465118e-22  6.22892744e-22
1.58489319e+00  1.90678833e-18  1.93768950e-22  5.43540196e-22  1.90144602e-18  1.73469809e-22  4.93530100e-22
1.84784980e+00  1.88143272e-18  1.52564800e-22  4.28920683e-22  1.87673746e-18  1.36820288e-22  3.90103113e-22
2.15443469e+00  1.86090590e-18  1.19794702e-22  3.37490662e-22  1.85678736e-18  1.07637353e-22  3.07496804e-22
2.51188643e+00  1.84519744e-18  9.37915392e-23  2.64744936e-22  1.84159006e-18  8.44456888e-23  2.41672729e-22
2.92864456e+00  1.83253761e-18  7.32019164e-23  2.07000261e-22  1.82938435e-18  6.60487025e-23  1.89330165e-22
3.41454887e+00  1.82262661e-18  5.69513587e-23  1.61321110e-22  1.81987510e-18  5.14996154e-23  1.47845748e-22
3.98107171e+00  1.81521450e-18  4.41671064e-23  1.25310070e-22  1.81281748e-18  4.00292255e-23  1.15075698e-22
4.64158883e+00  1.80844558e-18  3.41424420e-23  9.70169750e-23  1.80636197e-18  3.10143015e-23  8.92746437e-23
5.41169527e+00  1.80415856e-18  2.63155754e-23  7.48875219e-23  1.80234894e-18  2.39599270e-23  6.90525437e-23
6.30957344e+00  1.80195729e-18  2.02260086e-23  5.76413210e-23  1.80038679e-18  1.84588227e-23  5.32598867e-23
7.35642254e+00  1.79920627e-18  1.55006551e-23  4.42370471e-23  1.79784612e-18  1.41799545e-23  4.09588686e-23
8.57695899e+00  1.79741108e-18  1.18484324e-23  3.38614215e-23  1.79623423e-18  1.08652318e-23  3.14174935e-23
1.00000000e+01  1.79610081e-18  9.03434777e-24  2.58554978e-23  1.79508357e-18  8.30538077e-24  2.40402278e-23
1.16591440e+01  1.79504274e-18  6.87234744e-24  1.96963434e-23  1.79416434e-18  6.33426884e-24  1.83532878e-23
1.35935639e+01  1.79397083e-18  5.21570317e-24  1.49706458e-23  1.79321314e-18  4.82050530e-24  1.39812238e-23
1.58489319e+01  1.79322271e-18  3.94975935e-24  1.13548664e-23  1.79256964e-18  3.66117890e-24  1.06295051e-23
1.84784980e+01  1.79245518e-18  2.98462147e-24  8.59479741e-24  1.79189274e-18  2.77534302e-24  8.06603665e-24
2.15443469e+01  1.79219468e-18  2.25067500e-24  6.49327980e-24  1.79171046e-18  2.10016885e-24  6.11043723e-24
2.51188643e+01  1.79157652e-18  1.69356739e-24  4.89604949e-24  1.79115992e-18  1.58642959e-24  4.62112275e-24
2.92864456e+01  1.79138122e-18  1.27166856e-24  3.68481481e-24  1.79102289e-18  1.19635305e-24  3.48934845e-24
3.41454887e+01  1.79106904e-18  9.52738108e-25  2.76779478e-24  1.79076097e-18  9.00595982e-25  2.63050265e-24
3.98107171e+01  1.79052252e-18  7.12145752e-25  2.07479368e-24  1.79025779e-18  6.76701936e-25  1.97976341e-24
4.64158883e+01  1.79070081e-18  5.31078818e-25  1.55214148e-24  1.79047330e-18  5.07492985e-25  1.48748930e-24
5.41169527e+01  1.79323125e-18  3.95178897e-25  1.15884846e-24  1.79303556e-18  3.79848182e-25  1.11571966e-24
6.30957344e+01  1.79058937e-18  2.93303251e-25  8.63075621e-25  1.79042155e-18  2.83572619e-25  8.34908698e-25
7.35642254e+01  1.79087516e-18  2.17299654e-25  6.41596275e-25  1.79073105e-18  2.11250390e-25  6.23583586e-25
8.57695899e+01  1.79130523e-18  1.60730092e-25  4.76060228e-25  1.79118146e-18  1.57020112e-25  4.64749275e-25
1.00000000e+02  1.79147535e-18  1.18731487e-25  3.52630212e-25  1.79136908e-18  1.16464419e-25  3.45616710e-25
1.16591440e+02  1.79296379e-18  8.84403424e-26  2.62966020e-25  1.79287260e-18  8.52946025e-26  2.54036214e-25
1.35935639e+02  1.79294927e-18  6.51287274e-26  1.94078300e-25  1.79287101e-18  6.30763538e-26  1.88177905e-25
1.58489319e+02  1.79293735e-18  4.79340431e-26  1.43082781e-25  1.79287019e-18  4.66036160e-26  1.39219212e-25
1.84784980e+02  1.79292649e-18  3.52656011e-26  1.05403960e-25  1.79286887e-18  3.44076497e-26  1.02892741e-25
2.15443469e+02  1.79291750e-18  2.59391290e-26  7.76039034e-26  1.79286806e-18  2.53881853e-26  7.59814418e-26
2.51188643e+02  1.79291234e-18  1.90765480e-26  5.71139980e-26  1.79286992e-18  1.87239531e-26  5.60708086e-26
2.92864456e+02  1.79290794e-18  1.40285324e-26  4.20230749e-26  1.79287154e-18  1.38034985e-26  4.13549395e-26
3.41454887e+02  1.79290442e-18  1.03160031e-26  3.09142475e-26  1.79287319e-18  1.01727033e-26  3.04876548e-26
3.98107171e+02  1.79290031e-18  7.58595173e-27  2.27396355e-26  1.79287352e-18  7.49486629e-27  2.24679419e-26
4.64158883e+02  1.79289727e-18  5.57847251e-27  1.67255880e-26  1.79287428e-18  5.52066235e-27  1.65528935e-26
5.41169527e+02  1.79289381e-18  4.10234076e-27  1.23017195e-26  1.79287410e-18  4.06569444e-27  1.21921262e-26
6.30957344e+02  1.79289489e-18  3.01690196e-27  9.04784486e-27  1.79287798e-18  2.99369462e-27  8.97838477e-27
7.35642254e+02  1.79289335e-18  2.21872907e-27  6.65464333e-27  1.79287885e-18  2.20404423e-27  6.61066453e-27
8.57695899e+02  1.79289147e-18  1.63177816e-27  4.89450117e-27  1.79287903e-18  1.62249218e-27  4.86667857e-27
1.00000000e+03  1.79288969e-18  1.20013639e-27  3.59995929e-27  1.79287902e-18  1.19426751e-27  3.58236911e-27
