1.00000000e-04  9.68951873e-16  4.26112363e-16  3.80117294e-16  9.25758727e-16  1.65736169e-16  2.79775434e-16
1.16591440e-04  8.50124662e-16  3.97148865e-16  3.96292485e-16  8.74003755e-16  1.49748122e-16  2.53611583e-16
1.35935639e-04  7.41092646e-16  3.46032834e-16  3.79408803e-16  8.24577601e-16  1.35120202e-16  2.29749689e-16
1.58489319e-04  6.57538213e-16  2.86048908e-16  3.39028726e-16  7.77450283e-16  1.21727045e-16  2.07952352e-16
1.84784980e-04  6.05515596e-16  2.31499930e-16  2.93900381e-16  7.32571041e-16  1.09462753e-16  1.88010357e-16
2.15443469e-04  5.79845526e-16  1.89937303e-16  2.56975325e-16  6.89873038e-16  9.82379499e-17  1.69743310e-16
2.51188643e-04  5.69966506e-16  1.61895272e-16  2.31136281e-16  6.49277799e-16  8.79764686e-17  1.52998414e-16
2.92864456e-04  5.65700129e-16  1.44234686e-16  2.13074721e-16  6.10699318e-16  7.86119561e-17  1.37647755e-16
3.41454887e-04  5.59942789e-16  1.33054333e-16  1.98166425e-16  5.74047756e-16  7.00846767e-17  1.23584461e-16
3.98107171e-04  5.48997525e-16  1.25130649e-16  1.83151138e-16  5.39232741e-16  6.23387907e-17  1.10718111e-16
4.64158883e-04  5.31845697e-16  1.18299046e-16  1.66713498e-16  5.06166193e-16  5.53203628e-17  9.89698586e-17
5.41169527e-04  5.09189744e-16  1.11363049e-16  1.49011387e-16  4.74764612e-16  4.89762618e-17  8.82678395e-17
6.30957344e-04  4.82574189e-16  1.03817392e-16  1.30908514e-16  4.44950700e-16  4.32539779e-17  7.85434249e-17
7.35642254e-04  4.53751399e-16  9.56024516e-17  1.13383851e-16  4.16654216e-16  3.81022058e-17  6.97287791e-17
8.57695899e-04  4.24281780e-16  8.68985878e-17  9.72076886e-17  3.89812016e-16  3.34719057e-17  6.17559414e-17
1.00000000e-03  3.95336683e-16  7.79775985e-17  8.28398577e-17  3.64367311e-16  2.93174713e-17  5.45573447e-17
1.16591440e-03  3.67657961e-16  6.91261446e-17  7.04518471e-17  3.40268300e-16  2.55976390e-17  4.80674001e-17
1.35935639e-03  3.41605174e-16  6.05934002e-17  5.99958007e-17  3.17466374e-16  2.22758493e-17  4.22245771e-17
1.58489319e-03  3.17255473e-16  5.25693769e-17  5.12823683e-17  2.95914167e-16  1.93199116e-17  3.69733011e-17
1.84784980e-03  2.94519679e-16  4.51831057e-17  4.40526524e-17  2.75563705e-16  1.67010168e-17  3.22650177e-17
2.15443469e-03  2.73241998e-16  3.85075504e-17  3.80316121e-17  2.56364996e-16  1.43923601e-17  2.80579702e-17
2.51188643e-03  2.53268764e-16  3.25684958e-17  3.29643732e-17  2.38265421e-16  1.23678064e-17  2.43156462e-17
2.92864456e-03  2.34482984e-16  2.73555736e-17  2.86370562e-17  2.21210249e-16  1.06010364e-17  2.10043775e-17
3.41454887e-03  2.16810646e-16  2.28336817e-17  2.48846391e-17  2.05144317e-16  9.06542427e-18  1.80909569e-17
3.98107171e-03  2.00208851e-16  1.89516551e-17  2.15885636e-17  1.90014508e-16  7.73458577e-18  1.55411100e-17
4.64158883e-03  1.84648370e-16  1.56492684e-17  1.86685480e-17  1.75772217e-16  6.58329069e-18  1.33192321e-17
5.41169527e-03  1.70099292e-16  1.28626236e-17  1.60722648e-17  1.62375033e-16  5.58836405e-18  1.13892424e-17
6.30957344e-03  1.56523740e-16  1.05280390e-17  1.37654826e-17  1.49787136e-16  4.72929807e-18  9.71604430e-18
7.35642254e-03  1.43875462e-16  8.58468659e-18  1.17241426e-17  1.37978443e-16  3.98845944e-18  8.26701201e-18
8.57695899e-03  1.32103697e-16  6.97624314e-18  9.92884751e-18  1.26922884e-16  3.35091981e-18  7.01307409e-18
1.00000000e-02  1.21158093e-16  5.65179183e-18  8.36157862e-18  1.16596319e-16  2.80402410e-18  5.92918320e-18
1.16591440e-02  1.10992297e-16  4.56617710e-18  7.00412729e-18  1.06974606e-16  2.33685134e-18  4.99416478e-18
1.35935639e-02  1.01565244e-16  3.67997676e-18  5.83766063e-18  9.80321621e-17  1.93971960e-18  4.19010278e-18
1.58489319e-02  9.28404088e-17  2.95922160e-18  4.84292076e-18  8.97412664e-17  1.60384159e-18  3.50152628e-18
1.84784980e-02  8.47839823e-17  2.37496189e-18  4.00069469e-18  8.20721341e-17  1.32116148e-18  2.91467064e-18
2.15443469e-02  7.73629851e-17  1.90275563e-18  3.29232888e-18  7.49935926e-17  1.08432983e-18  2.41699102e-18
2.51188643e-02  7.05440329e-17  1.52213122e-18  2.70016971e-18  6.84740149e-17  8.86737618e-19  1.99695590e-18
2.92864456e-02  6.42929721e-17  1.21606067e-18  2.20788409e-18  6.24821690e-17  7.22540934e-19  1.64403236e-18
3.41454887e-02  5.85752279e-17  9.70465608e-19  1.80065563e-18  5.69877577e-17  5.86643333e-19  1.34873820e-18
3.98107171e-02  5.33565231e-17  7.73768333e-19  1.46527209e-18  5.19616251e-17  4.74637658e-19  1.10266863e-18
4.64158883e-02  4.86036267e-17  6.16493034e-19  1.19012691e-18  4.73757336e-17  3.82726495e-19  8.98462441e-19
5.41169527e-02  4.42848940e-17  4.90917615e-19  9.65157510e-19  4.32030438e-17  3.07641484e-19  7.29717160e-19
6.30957344e-02  4.03705157e-17  3.90773750e-19  7.81740747e-19  3.94174083e-17  2.46573586e-19  5.90881756e-19
7.35642254e-02  3.68325026e-17  3.10991154e-19  6.32562286e-19  3.59935141e-17  1.97116923e-19  4.77152205e-19
8.57695899e-02  3.36445026e-17  2.47481588e-19  5.11473240e-19  3.29068735e-17  1.57223031e-19  3.84382452e-19
1.00000000e-01  3.07815501e-17  1.96957836e-19  4.13344298e-19  3.01338347e-17  1.25160873e-19  3.09011343e-19
1.16591440e-01  2.82198318e-17  1.56783128e-19  3.33924739e-19  2.76515942e-17  9.94793613e-20  2.48000297e-19
1.35935639e-01  2.59365144e-17  1.24846798e-19  2.69711347e-19  2.54382024e-17  7.89713249e-20  1.98776374e-19
1.58489319e-01  2.39096474e-17  9.94622569e-20  2.17830145e-19  2.34725683e-17  6.26392825e-20  1.59177810e-19
1.84784980e-01  2.21181342e-17  7.92838110e-20  1.75932281e-19  2.17344652e-17  4.96638803e-20  1.27401645e-19
2.15443469e-01  2.05417134e-17  6.32391878e-20  1.42104115e-19  2.02045092e-17  3.93756604e-20  1.01954310e-19
2.51188643e-01  1.91611063e-17  5.04750770e-20  1.14790861e-19  1.88642820e-17  3.12304297e-20  8.16063196e-20
2.92864456e-01  1.79579353e-17  4.03132583e-20  9.27322969e-20  1.76962213e-17  2.47880455e-20  6.53515571e-20
3.41454887e-01  1.69148376e-17  3.22153923e-20  7.49092887e-20  1.66837110e-17  1.96943757e-20  5.23715108e-20
3.98107171e-01  1.60154754e-17  2.57547527e-20  6.04994298e-20  1.58110771e-17  1.56659954e-20  4.20041204e-20
4.64158883e-01  1.52445442e-17  2.05935484e-20  4.88404029e-20  1.50635894e-17  1.24772684e-20  3.37168970e-20
5.41169527e-01  1.45877635e-17  1.64647226e-20  3.93997731e-20  1.44274550e-17  9.94948610e-21  2.70838764e-20
6.30957344e-01  1.40318580e-17  1.31573446e-20  3.17501238e-20  1.38898051e-17  7.94178261e-21  2.17659931e-20
7.35642254e-01  1.35645289e-17  1.05048885e-20  2.55486193e-20  1.34386765e-17  6.34358320e-21  1.74944886e-20
8.57695899e-01  1.31744276e-17  8.37584392e-21  2.05202630e-20  1.30629950e-17  5.06837500e-21  1.40570103e-20
1.00000000e+00  1.28511312e-17  6.66621951e-21  1.64442424e-20  1.27525623e-17  4.04861070e-21  1.12860795e-20
1.16591440e+00  1.25851248e-17  5.29358487e-21  1.31428648e-20  1.24980474e-17  3.23157898e-21  9.04963152e-21
1.35935639e+00  1.23677907e-17  4.19236794e-21  1.04726675e-20  1.22909841e-17  2.57609322e-21  7.24334938e-21
1.58489319e+00  1.21914082e-17  3.31017137e-21  8.31733991e-21  1.21237792e-17  2.04986722e-21  5.78453319e-21
1.84784980e+00  1.20491701e-17  2.60491176e-21  6.58214752e-21  1.19897337e-17  1.62746227e-21  4.60726710e-21
2.15443469e+00  1.19655085e-17  2.04311863e-21  5.19320316e-21  1.19078042e-17  1.29059120e-21  3.66399540e-21
2.51188643e+00  1.18621051e-17  1.59583391e-21  4.07752362e-21  1.18114214e-17  1.01822658e-21  2.89808347e-21
2.92864456e+00  1.17795431e-17  1.24175729e-21  3.18938850e-21  1.17351410e-17  8.00980620e-22  2.28495954e-21
3.41454887e+00  1.17151742e-17  9.62559094e-22  2.48528676e-21  1.16763638e-17  6.28146405e-22  1.79562172e-21
3.98107171e+00  1.16670726e-17  7.43289176e-22  1.92939946e-21  1.16332196e-17  4.91045541e-22  1.40635532e-21
4.64158883e+00  1.16245751e-17  5.71791170e-22  1.49236142e-21  1.15951146e-17  3.82639243e-22  1.09778132e-21
5.41169527e+00  1.15959310e-17  4.38246591e-22  1.15029263e-21  1.15703289e-17  2.97248470e-22  8.54170267e-22
6.30957344e+00  1.15783719e-17  3.34683339e-22  8.83653876e-22  1.15561508e-17  2.30224837e-22  6.62566963e-22
7.35642254e+00  1.15594877e-17  2.54681137e-22  6.76596938e-22  1.15402374e-17  1.77791416e-22  5.12391630e-22
8.57695899e+00  1.15454685e-17  1.93132199e-22  5.16444089e-22  1.15288129e-17  1.36923272e-22  3.95139650e-22
1.00000000e+01  1.15347732e-17  1.45963929e-22  3.93023675e-22  1.15203791e-17  1.05177544e-22  3.03915829e-22
1.16591440e+01  1.15279484e-17  1.09955934e-22  2.98250194e-22  1.15155182e-17  8.06002551e-23  2.33187545e-22
1.35935639e+01  1.15210896e-17  8.25632663e-23  2.25696434e-22  1.15103674e-17  6.16240457e-23  1.78502638e-22
1.58489319e+01  1.15165324e-17  6.18031622e-23  1.70335441e-22  1.15072898e-17  4.70162366e-23  1.36352377e-22
1.84784980e+01  1.15118526e-17  4.61250139e-23  1.28215459e-22  1.15038917e-17  3.57986739e-23  1.03945371e-22
2.15443469e+01  1.15098108e-17  3.43298323e-23  9.62696544e-23  1.15029565e-17  2.72072266e-23  7.90970841e-23
2.51188643e+01  1.15056448e-17  2.54845192e-23  7.20991238e-23  1.14997475e-17  2.06378980e-23  6.00766223e-23
2.92864456e+01  1.15040485e-17  1.88776699e-23  5.38714086e-23  1.14989757e-17  1.56275308e-23  4.55553126e-23
3.41454887e+01  1.15022764e-17  1.39576259e-23  4.01583007e-23  1.14979150e-17  1.18111992e-23  3.44838124e-23
3.98107171e+01  1.15000885e-17  1.03050729e-23  2.98711740e-23  1.14963401e-17  8.90945703e-24  2.60575949e-23
4.64158883e+01  1.15015172e-17  7.60000979e-24  2.21745771e-23  1.14982959e-17  6.70631416e-24  1.96537051e-23
5.41169527e+01  1.15157828e-17  5.60096637e-24  1.64331309e-23  1.15130124e-17  5.03669360e-24  1.47952681e-23
6.30957344e+01  1.15018875e-17  4.12424913e-24  1.21566559e-23  1.14995105e-17  3.77206783e-24  1.11100414e-23
7.35642254e+01  1.15020708e-17  3.03556571e-24  8.98184612e-24  1.15000295e-17  2.81729568e-24  8.32228061e-24
8.57695899e+01  1.15026574e-17  2.23338470e-24  6.62880922e-24  1.15009045e-17  2.09824539e-24  6.21685935e-24
1.00000000e+02  1.15024584e-17  1.64274583e-24  4.88785392e-24  1.15009535e-17  1.55876503e-24  4.63135750e-24
1.16591440e+02  1.15113926e-17  1.15410675e-24  3.44245050e-24  1.15101032e-17  1.08920204e-24  3.25495960e-24
1.35935639e+02  1.15112414e-17  8.45321482e-25  2.52571247e-24  1.15101348e-17  8.05594364e-25  2.40969068e-24
1.58489319e+02  1.15111227e-17  6.19895088e-25  1.85434296e-24  1.15101731e-17  5.95363327e-25  1.78213629e-24
1.84784980e+02  1.15110220e-17  4.54971991e-25  1.36211001e-24  1.15102072e-17  4.39700609e-25  1.31690877e-24
2.15443469e+02  1.15109418e-17  3.34124350e-25  1.00088871e-24  1.15102426e-17  3.24551974e-25  9.72444353e-25
2.51188643e+02  1.15108751e-17  2.45475252e-25  7.35636025e-25  1.15102752e-17  2.39442561e-25  7.17660546e-25
2.92864456e+02  1.15108164e-17  1.80395461e-25  5.40764352e-25  1.15103017e-17  1.76578628e-25  5.29369528e-25
3.41454887e+02  1.15107718e-17  1.32594011e-25  3.97555776e-25  1.15103303e-17  1.30172943e-25  3.90318100e-25
3.98107171e+02  1.15107344e-17  9.74717579e-26  2.92293703e-25  1.15103556e-17  9.59338498e-26  2.87691775e-25
4.64158883e+02  1.15107021e-17  7.16597169e-26  2.14913728e-25  1.15103771e-17  7.06822781e-26  2.11986896e-25
5.41169527e+02  1.15106755e-17  5.26870550e-26  1.58025921e-25  1.15103968e-17  5.20658945e-26  1.56165000e-25
6.30957344e+02  1.15106557e-17  3.87399561e-26  1.16200868e-25  1.15104166e-17  3.83454238e-26  1.15018469e-25
7.35642254e+02  1.15106357e-17  2.84863825e-26  8.54488989e-26  1.15104306e-17  2.82359968e-26  8.46983033e-26
8.57695899e+02  1.15106198e-17  2.09477040e-26  6.28375819e-26  1.15104438e-17  2.07889495e-26  6.23615815e-26
1.00000000e+03  1.15106072e-17  1.54047253e-26  4.62111908e-26  1.15104563e-17  1.53041672e-26  4.59096397e-26
