1.00000000e-04  1.16345442e-15  1.53015988e-16  1.88269229e-16  9.35018297e-16  1.47337203e-16  2.55312902e-16
1.16591440e-04  1.06188513e-15  1.51557138e-16  1.89537817e-16  8.76676675e-16  1.32066470e-16  2.29548883e-16
1.35935639e-04  9.69888863e-16  1.54594633e-16  1.99562999e-16  8.21363690e-16  1.18204193e-16  2.06278153e-16
1.58489319e-04  8.87545274e-16  1.59183676e-16  2.10842646e-16  7.69014011e-16  1.05607987e-16  1.85204923e-16
1.84784980e-04  8.14511183e-16  1.62992288e-16  2.17520402e-16  7.19533244e-16  9.41618602e-17  1.66077243e-16
2.15443469e-04  7.50067128e-16  1.64473731e-16  2.16342495e-16  6.72805800e-16  8.37711573e-17  1.48685848e-16
2.51188643e-04  6.93168044e-16  1.62825688e-16  2.06749688e-16  6.28702139e-16  7.43572040e-17  1.32860516e-16
2.92864456e-04  6.42587085e-16  1.57887520e-16  1.90282337e-16  5.87085350e-16  6.58520619e-17  1.18464537e-16
3.41454887e-04  5.97073686e-16  1.49972692e-16  1.69600937e-16  5.47817063e-16  5.81937941e-17  1.05387786e-16
3.98107171e-04  5.55502334e-16  1.39686288e-16  1.47536625e-16  5.10762668e-16  5.13226838e-17  9.35390351e-17
4.64158883e-04  5.16962776e-16  1.27772307e-16  1.26381858e-16  4.75795667e-16  4.51787711e-17  8.28383132e-17
5.41169527e-04  4.80802805e-16  1.14987070e-16  1.07565304e-16  4.42800879e-16  3.97008814e-17  7.32102774e-17
6.30957344e-04  4.46612719e-16  1.01992511e-16  9.16519943e-17  4.11676218e-16  3.48270351e-17  6.45794373e-17
7.35642254e-04  4.14193746e-16  8.93167725e-17  7.85781352e-17  3.82332842e-16  3.04958540e-17  5.68677097e-17
8.57695899e-04  3.83492767e-16  7.73400764e-17  6.79309009e-17  3.54693809e-16  2.66484424e-17  4.99942598e-17
1.00000000e-03  3.54531073e-16  6.63071009e-17  5.91850050e-17  3.28691598e-16  2.32302252e-17  4.38771116e-17
1.16591440e-03  3.27341623e-16  5.63485370e-17  5.18521684e-17  3.04265039e-16  2.01923692e-17  3.84357762e-17
1.35935639e-03  3.01929620e-16  4.75089366e-17  4.55490080e-17  2.81356203e-16  1.74925825e-17  3.35941464e-17
1.58489319e-03  2.78257956e-16  3.97732785e-17  4.00087141e-17  2.59907672e-16  1.50952346e-17  2.92830738e-17
1.84784980e-03  2.56249650e-16  3.30853990e-17  3.50613447e-17  2.39860423e-16  1.29708284e-17  2.54422294e-17
2.15443469e-03  2.35801944e-16  2.73637279e-17  3.06057575e-17  2.21152390e-16  1.10949237e-17  2.20209922e-17
2.51188643e-03  2.16802805e-16  2.25132678e-17  2.65838218e-17  2.03717716e-16  9.44668261e-18  1.89781942e-17
2.92864456e-03  1.99144085e-16  1.84343155e-17  2.29610908e-17  1.87486783e-16  8.00730902e-18  1.62807048e-17
3.41454887e-03  1.82728973e-16  1.50285128e-17  1.97141667e-17  1.72387118e-16  6.75872234e-18  1.39010955e-17
3.98107171e-03  1.67474017e-16  1.22027895e-17  1.68233639e-17  1.58345246e-16  5.68276429e-18  1.18149623e-17
4.64158883e-03  1.53307389e-16  9.87169859e-18  1.42689825e-17  1.45289260e-16  4.76105544e-18  9.99864692e-18
5.41169527e-03  1.40165530e-16  7.95857185e-18  1.20297884e-17  1.33151503e-16  3.97537696e-18  8.42793068e-18
6.30957344e-03  1.27989872e-16  6.39584802e-18  1.00827248e-17  1.21870622e-16  3.30829415e-18  7.07784215e-18
7.35642254e-03  1.16724589e-16  5.12484973e-18  8.40324499e-18  1.11392477e-16  2.74373350e-18  5.92328805e-18
8.57695899e-03  1.06315625e-16  4.09522209e-18  6.96591977e-18  1.01669806e-16  2.26733850e-18  4.94002123e-18
1.00000000e-02  9.67107045e-17  3.26418545e-18  5.74512528e-18  9.26610106e-17  1.86656572e-18  4.10551618e-18
1.16591440e-02  8.78598400e-17  2.59570947e-18  4.71570629e-18  8.43285606e-17  1.53057793e-18  3.39951392e-18
1.35935639e-02  7.97158733e-17  2.05967870e-18  3.85355428e-18  7.66374798e-17  1.25002686e-18  2.80419211e-18
1.58489319e-02  7.22347674e-17  1.63109286e-18  3.13606728e-18  6.95542247e-17  1.01681121e-18  2.30404281e-18
1.84784980e-02  6.53755569e-17  1.28932646e-18  2.54247699e-18  6.30460436e-17  8.23866689e-19  1.88559160e-18
2.15443469e-02  5.91000169e-17  1.01745973e-18  2.05404425e-18  5.70807533e-17  6.65011213e-19  1.53708231e-18
2.51188643e-02  5.33721916e-17  8.01684888e-19  1.65413463e-18  5.16267872e-17  5.34841027e-19  1.24820752e-18
2.92864456e-02  4.81578937e-17  6.30787074e-19  1.32819502e-18  4.66533247e-17  4.28659667e-19  1.00991340e-18
3.41454887e-02  4.34243283e-17  4.95696274e-19  1.06365458e-18  4.21304388e-17  3.42420096e-19  8.14268081e-19
3.98107171e-02  3.91397976e-17  3.89104935e-19  8.49774759e-19  3.80291298e-17  2.72667254e-19  6.54366553e-19
4.64158883e-02  3.52735690e-17  3.05145150e-19  6.77469819e-19  3.43213331e-17  2.16476690e-19  5.24247438e-19
5.41169527e-02  3.17958276e-17  2.39118819e-19  5.39115788e-19  3.09798865e-17  1.71390711e-19  4.18807976e-19
6.30957344e-02  2.86776988e-17  1.87274152e-19  4.28360994e-19  2.79785038e-17  1.35355778e-19  3.33714323e-19
7.35642254e-02  2.58913016e-17  1.46622006e-19  3.39946915e-19  2.52917671e-17  1.06664374e-19  2.65310283e-19
8.57695899e-02  2.34098179e-17  1.14786016e-19  2.69544551e-19  2.28951450e-17  8.39031924e-20  2.10529301e-19
1.00000000e-01  2.12075607e-17  8.98809457e-20  2.13608592e-19  2.07650304e-17  6.59079960e-20  1.66813249e-19
1.16591440e-01  1.92600403e-17  7.04143534e-20  1.69249764e-19  1.88787922e-17  5.17246907e-20  1.32039664e-19
1.35935639e-01  1.75440235e-17  5.52073467e-20  1.34124552e-19  1.72148349e-17  4.05757881e-20  1.04457576e-19
1.58489319e-01  1.60375856e-17  4.33308375e-20  1.06340862e-19  1.57526589e-17  3.18314728e-20  8.26312068e-20
1.84784980e-01  1.47201509e-17  3.40543470e-20  8.43779328e-20  1.44729160e-17  2.49846387e-20  6.53906526e-20
2.15443469e-01  1.35724708e-17  2.68049346e-20  6.70187686e-20  1.33574050e-17  1.96294132e-20  5.17887241e-20
2.51188643e-01  1.25767835e-17  2.11343385e-20  5.32936225e-20  1.23892500e-17  1.54428462e-20  4.10634682e-20
2.92864456e-01  1.17166170e-17  1.66926497e-20  4.24327414e-20  1.15527245e-17  1.21693432e-20  3.26055821e-20
3.41454887e-01  1.09768660e-17  1.32073609e-20  3.38274049e-20  1.08333461e-17  9.60766210e-21  2.59306546e-20
3.98107171e-01  1.03437191e-17  1.04666781e-20  2.69978188e-20  1.02178221e-17  7.60009579e-21  2.06555788e-20
4.64158883e-01  9.80459351e-18  8.30628539e-21  2.15668874e-20  9.69399991e-18  6.02357846e-21  1.64787902e-20
5.41169527e-01  9.34805522e-18  6.59887704e-21  1.72389109e-20  9.25080170e-18  4.78243496e-21  1.31638747e-20
6.30957344e-01  8.96373496e-18  5.24590469e-21  1.37823891e-20  8.87815242e-18  3.80251675e-21  1.05261079e-20
7.35642254e-01  8.64223632e-18  4.17109137e-21  1.10162163e-20  8.56689861e-18  3.02649319e-21  8.42149861e-21
8.57695899e-01  8.37505133e-18  3.31535301e-21  8.79866893e-21  8.30873290e-18  2.41009789e-21  6.73795138e-21
1.00000000e+00  8.15448427e-18  2.63283774e-21  7.01867272e-21  8.09612541e-18  1.91915692e-21  5.38819754e-21
1.16591440e+00  7.97359338e-18  2.08785227e-21  5.58892773e-21  7.92227182e-18  1.52725353e-21  4.30418976e-21
1.35935639e+00  7.85668419e-18  1.65402976e-21  4.44606037e-21  7.81152923e-18  1.21815905e-21  3.44491970e-21
1.58489319e+00  7.72706598e-18  1.30563104e-21  3.52179209e-21  7.68716995e-18  9.65553252e-22  2.73874707e-21
1.84784980e+00  7.62295799e-18  1.02786250e-21  2.78165027e-21  7.58779793e-18  7.63824462e-22  2.17235377e-21
2.15443469e+00  7.53890954e-18  8.06771943e-22  2.19011889e-21  7.50800251e-18  6.02784551e-22  1.71845674e-21
2.51188643e+00  7.47365684e-18  6.31227527e-22  1.71866500e-21  7.44654727e-18  4.74411562e-22  1.35539943e-21
2.92864456e+00  7.42159300e-18  4.92227788e-22  1.34403216e-21  7.39786979e-18  3.72266072e-22  1.06564245e-21
3.41454887e+00  7.38103986e-18  3.82535774e-22  1.04741041e-21  7.36032262e-18  2.91212160e-22  8.35099731e-22
3.98107171e+00  7.35075305e-18  2.96275945e-22  8.13425129e-22  7.33269457e-18  2.27087849e-22  6.52273624e-22
4.64158883e+00  7.32410973e-18  2.28684460e-22  6.29535747e-22  7.30840377e-18  1.76517447e-22  5.07780433e-22
5.41169527e+00  7.30603198e-18  1.75938519e-22  4.85635793e-22  7.29238880e-18  1.36794777e-22  3.94063626e-22
6.30957344e+00  7.29481819e-18  1.34929744e-22  3.73458158e-22  7.28297986e-18  1.05702930e-22  3.04898888e-22
7.35642254e+00  7.28296072e-18  1.03151793e-22  2.86303806e-22  7.27270770e-18  8.14418443e-23  2.35210281e-22
8.57695899e+00  7.27417246e-18  7.86188628e-23  2.18849140e-22  7.26530314e-18  6.25811851e-23  1.80953641e-22
1.00000000e+01  7.26777669e-18  5.97438634e-23  1.66821148e-22  7.26011258e-18  4.79676623e-23  1.38856993e-22
1.16591440e+01  7.26404976e-18  4.52718340e-23  1.26829705e-22  7.25743124e-18  3.66828828e-23  1.06308050e-22
1.35935639e+01  7.26060929e-18  3.42063616e-23  9.61721318e-23  7.25489987e-18  2.79899878e-23  8.12047137e-23
1.58489319e+01  7.25845891e-18  2.57728742e-23  7.27430566e-23  7.25353690e-18  2.13134719e-23  6.19026518e-23
1.84784980e+01  7.25613235e-18  1.93632908e-23  5.48840823e-23  7.25189266e-18  1.61972210e-23  4.70956299e-23
2.15443469e+01  7.25457092e-18  1.45070926e-23  4.13093209e-23  7.25092088e-18  1.22862691e-23  3.57655652e-23
2.51188643e+01  7.25170669e-18  1.08379435e-23  3.10148627e-23  7.24856666e-18  9.30189713e-24  2.71114923e-23
2.92864456e+01  7.25010112e-18  8.07550915e-24  2.32316903e-23  7.24740056e-18  7.03008539e-24  2.05177275e-23
3.41454887e+01  7.24866510e-18  6.00202615e-24  1.73611249e-23  7.24634341e-18  5.30326293e-24  1.55012616e-23
3.98107171e+01  7.24716176e-18  4.45092193e-24  1.29450509e-23  7.24516646e-18  3.99289378e-24  1.16911483e-23
4.64158883e+01  7.24788635e-18  3.29428430e-24  9.63156028e-24  7.24617170e-18  2.99995874e-24  8.80118695e-24
5.41169527e+01  7.25608692e-18  2.43470403e-24  7.15277709e-24  7.25461233e-18  2.24902254e-24  6.61306931e-24
6.30957344e+01  7.24791372e-18  1.79682615e-24  5.30104620e-24  7.24664876e-18  1.68138139e-24  4.95655620e-24
7.35642254e+01  7.24776943e-18  1.32504235e-24  3.92301964e-24  7.24668332e-18  1.25387200e-24  3.70650060e-24
8.57695899e+01  7.24791033e-18  9.76472688e-25  2.89939703e-24  7.24697785e-18  9.32660678e-25  2.76472277e-24
1.00000000e+02  7.24784976e-18  7.19213619e-25  2.14052490e-24  7.24704931e-18  6.92139250e-25  2.05711420e-24
1.16591440e+02  7.25452176e-18  5.28822447e-25  1.57535659e-24  7.25383549e-18  4.95431829e-25  1.47930404e-24
1.35935639e+02  7.25443685e-18  3.87418803e-25  1.15636772e-24  7.25384790e-18  3.66473879e-25  1.09548152e-24
1.58489319e+02  7.25436762e-18  2.83967018e-25  8.48786024e-25  7.25386222e-18  2.70861878e-25  8.10381614e-25
1.84784980e+02  7.25430961e-18  2.08245918e-25  6.23089224e-25  7.25387593e-18  2.00057308e-25  5.98946114e-25
2.15443469e+02  7.25426538e-18  1.52789057e-25  4.57493547e-25  7.25389328e-18  1.47675371e-25  4.42347512e-25
2.51188643e+02  7.25422860e-18  1.12148751e-25  3.35982342e-25  7.25390934e-18  1.08955220e-25  3.26491386e-25
2.92864456e+02  7.25419656e-18  8.23488189e-26  2.46799544e-25  7.25392266e-18  8.03535471e-26  2.40854840e-25
3.41454887e+02  7.25416946e-18  6.04862619e-26  1.81327066e-25  7.25393447e-18  5.92387461e-26  1.77603355e-25
3.98107171e+02  7.25415127e-18  4.44396537e-26  1.33248543e-25  7.25394969e-18  4.36589691e-26  1.30915118e-25
4.64158883e+02  7.25413259e-18  3.26572439e-26  9.79340134e-26  7.25395965e-18  3.21682229e-26  9.64709045e-26
5.41169527e+02  7.25411642e-18  2.40030815e-26  7.19890077e-26  7.25396807e-18  2.36964538e-26  7.10709379e-26
6.30957344e+02  7.25410837e-18  1.76448741e-26  5.29237492e-26  7.25398112e-18  1.74524244e-26  5.23472325e-26
7.35642254e+02  7.25410086e-18  1.29724711e-26  3.89115642e-26  7.25399170e-18  1.28515725e-26  3.85492509e-26
8.57695899e+02  7.25408852e-18  9.53828408e-27  2.86117027e-26  7.25399489e-18  9.46227051e-27  2.83838380e-26
1.00000000e+03  7.25408397e-18  7.01379110e-27  2.10396759e-26  7.25400366e-18  6.96596241e-27  2.08962710e-26
