1.00000000e-04  8.45094746e-16  2.63526632e-16  3.83410683e-16  5.15308948e-16  1.18357775e-16  1.97743384e-16
1.16591440e-04  7.63316479e-16  2.37380865e-16  3.47275127e-16  4.89256074e-16  1.07088662e-16  1.80025172e-16
1.35935639e-04  6.91994549e-16  2.20230033e-16  3.13268379e-16  4.64137232e-16  9.66822210e-17  1.63646792e-16
1.58489319e-04  6.30048265e-16  2.07288923e-16  2.79121511e-16  4.39951573e-16  8.70718903e-17  1.48506866e-16
1.84784980e-04  5.75638670e-16  1.95432611e-16  2.44966045e-16  4.16691921e-16  7.81975345e-17  1.34508465e-16
2.15443469e-04  5.27234084e-16  1.83025068e-16  2.12082359e-16  3.94345339e-16  7.00058568e-17  1.21560492e-16
2.51188643e-04  4.83848765e-16  1.69488278e-16  1.81830542e-16  3.72893694e-16  6.24506180e-17  1.09578959e-16
2.92864456e-04  4.44909879e-16  1.54912703e-16  1.55094077e-16  3.52314197e-16  5.54926377e-17  9.84881840e-17
3.41454887e-04  4.10000042e-16  1.39702887e-16  1.32152079e-16  3.32579897e-16  4.90995083e-17  8.82218827e-17
3.98107171e-04  3.78708004e-16  1.24367459e-16  1.12843313e-16  3.13660127e-16  4.32449343e-17  7.87241057e-17
4.64158883e-04  3.50573852e-16  1.09385826e-16  9.67610699e-17  2.95520964e-16  3.79075884e-17  6.99498403e-17
5.41169527e-04  3.25111222e-16  9.51465378e-17  8.34092452e-17  2.78125790e-16  3.30694184e-17  6.18649664e-17
6.30957344e-04  3.01854662e-16  8.19292454e-17  7.22954307e-17  2.61436182e-16  2.87134646e-17  5.44451610e-17
7.35642254e-04  2.80397007e-16  6.99042185e-17  6.29732106e-17  2.45413345e-16  2.48214478e-17  4.76734140e-17
8.57695899e-04  2.60413334e-16  5.91500330e-17  5.50613553e-17  2.30020241e-16  2.13716096e-17  4.15361770e-17
1.00000000e-03  2.41666674e-16  4.96743994e-17  4.82500781e-17  2.15224304e-16  1.83373609e-17  3.60187350e-17
1.16591440e-03  2.23998294e-16  4.14321371e-17  4.22985265e-17  2.01000223e-16  1.56871349e-17  3.11009017e-17
1.35935639e-03  2.07310920e-16  3.43426354e-17  3.70285702e-17  1.87332004e-16  1.33854626e-17  2.67542211e-17
1.58489319e-03  1.91549312e-16  2.83043061e-17  3.23153833e-17  1.74213595e-16  1.13948883e-17  2.29413729e-17
1.84784980e-03  1.76682286e-16  2.32057558e-17  2.80761259e-17  1.61647756e-16  9.67813549e-18  1.96176923e-17
2.15443469e-03  1.62688722e-16  1.89339054e-17  2.42582095e-17  1.49643485e-16  8.19998483e-18  1.67340734e-17
2.51188643e-03  1.49548473e-16  1.53795185e-17  2.08285101e-17  1.38212672e-16  6.92854991e-18  1.42402875e-17
2.92864456e-03  1.37237833e-16  1.24406762e-17  1.77645100e-17  1.27366777e-16  5.83588491e-18  1.20879237e-17
3.41454887e-03  1.25728434e-16  1.00247106e-17  1.50478263e-17  1.17114098e-16  4.89802623e-18  1.02324966e-17
3.98107171e-03  1.14988207e-16  8.04903482e-18  1.26601148e-17  1.07457935e-16  4.09464285e-18  8.63460638e-18
4.64158883e-03  1.04983134e-16  6.44122406e-18  1.05809961e-17  9.83957094e-17  3.40847369e-18  7.26024991e-18
5.41169527e-03  9.56789327e-17  5.13861114e-18  8.78748380e-18  8.99189194e-17  2.82470307e-18  6.08049187e-18
6.30957344e-03  8.70422063e-17  4.08759168e-18  7.25437532e-18  8.20137778e-17  2.33038932e-18  5.07074026e-18
7.35642254e-03  7.90409337e-17  3.24277286e-18  5.95513718e-18  7.46622773e-17  1.91401939e-18  4.20986638e-18
8.57695899e-03  7.16444610e-17  2.56605921e-18  4.86293815e-18  6.78434577e-17  1.56521832e-18  3.47937498e-18
1.00000000e-02  6.48231999e-17  2.02573655e-18  3.95160552e-18  6.15346214e-17  1.27459845e-18  2.86276139e-18
1.16591440e-02  5.85482577e-17  1.59559429e-18  3.19638660e-18  5.57123048e-17  1.03370387e-18  2.34510567e-18
1.35935639e-02  5.27911448e-17  1.25411106e-18  2.57447529e-18  5.03529189e-17  8.34996855e-19  1.91287383e-18
1.58489319e-02  4.75236226e-17  9.83717811e-19  2.06531376e-18  4.54330712e-17  6.71844122e-19  1.55385084e-18
1.84784980e-02  4.27176893e-17  7.70144775e-19  1.65070608e-18  4.09296538e-17  5.38480811e-19  1.25712468e-18
2.15443469e-02  3.83456590e-17  6.01853173e-19  1.31479043e-18  3.68198252e-17  4.29948979e-19  1.01306440e-18
2.51188643e-02  3.43802795e-17  4.69548349e-19  1.04391505e-18  3.30809617e-17  3.42018319e-19  8.13266128e-19
2.92864456e-02  3.07948474e-17  3.65768449e-19  8.26456709e-19  2.96906381e-17  2.71100146e-19  6.50466226e-19
3.41454887e-02  2.75632971e-17  2.84540914e-19  6.52611032e-19  2.66266495e-17  2.14163647e-19  5.18433014e-19
3.98107171e-02  2.46602630e-17  2.21098409e-19  5.14175543e-19  2.38670680e-17  1.68659665e-19  4.11851507e-19
4.64158883e-02  2.20611217e-17  1.71645689e-19  4.04338829e-19  2.13903210e-17  1.32453765e-19  3.26211815e-19
5.41169527e-02  1.97420287e-17  1.33169361e-19  3.17483596e-19  1.91752782e-17  1.03768127e-19  2.57706913e-19
6.30957344e-02  1.76799665e-17  1.03283300e-19  2.49007619e-19  1.72013474e-17  8.11309098e-20  2.03141339e-19
7.35642254e-02  1.58528046e-17  8.01033822e-20  1.95163941e-19  1.54485715e-17  6.33316742e-20  1.59849976e-19
8.57695899e-02  1.42393746e-17  6.21461955e-20  1.52920369e-19  1.38977281e-17  4.93818746e-20  1.25625456e-19
1.00000000e-01  1.28195525e-17  4.82472894e-20  1.19837362e-19  1.25304284e-17  3.84798060e-20  9.86528507e-20
1.16591440e-01  1.15743390e-17  3.74953220e-20  9.39630515e-20  1.13292082e-17  2.99796883e-20  7.74508959e-20
1.35935639e-01  1.04859289e-17  2.91791423e-20  7.37438932e-20  1.02776085e-17  2.33646810e-20  6.08193617e-20
1.58489319e-01  9.53776223e-18  2.27453888e-20  5.79493802e-20  9.36023620e-18  1.82236233e-20  4.77924264e-20
1.84784980e-01  8.71454960e-18  1.77646301e-20  4.56092095e-20  8.56280355e-18  1.42312455e-20  3.75979000e-20
2.15443469e-01  8.00227327e-18  1.39044333e-20  3.59613403e-20  7.87214354e-18  1.11315450e-20  2.96220727e-20
2.51188643e-01  7.38816181e-18  1.09080268e-20  2.84094368e-20  7.27620071e-18  8.72398119e-21  2.33798274e-20
2.92864456e-01  6.86064308e-18  8.57747046e-21  2.24883006e-20  6.76400062e-18  6.85213112e-21  1.84895676e-20
3.41454887e-01  6.40925261e-18  6.76042662e-21  1.78359904e-20  6.32557441e-18  5.39444916e-21  1.46524147e-20
3.98107171e-01  6.02464422e-18  5.33983023e-21  1.41715742e-20  5.95198424e-18  4.25682995e-21  1.16352143e-20
4.64158883e-01  5.69839618e-18  4.22579820e-21  1.12773284e-20  5.63514360e-18  3.36661536e-21  9.25662667e-21
5.41169527e-01  5.42299071e-18  3.34936946e-21  8.98474424e-21  5.36780863e-18  2.66785523e-21  7.37601247e-21
6.30957344e-01  5.19171743e-18  2.65764009e-21  7.16347447e-21  5.14349220e-18  2.11754661e-21  5.88450919e-21
7.35642254e-01  4.99859610e-18  2.11000293e-21  5.71267091e-21  4.95639560e-18  1.68267699e-21  4.69794833e-21
8.57695899e-01  4.83830480e-18  1.67524661e-21  4.55421922e-21  4.80134428e-18  1.33790996e-21  3.75126241e-21
1.00000000e+00  4.72305572e-18  1.33040997e-21  3.63142241e-21  4.69261790e-18  1.06795692e-21  3.00605521e-21
1.16591440e+00  4.60935875e-18  1.05425969e-21  2.88744305e-21  4.58240338e-18  8.47780533e-22  2.39447212e-21
1.35935639e+00  4.51686569e-18  8.34046798e-22  2.29150802e-21  4.49304738e-18  6.72314686e-22  1.90469799e-21
1.58489319e+00  4.44220249e-18  6.58454949e-22  1.81436825e-21  4.42120077e-18  5.32347375e-22  1.51229563e-21
1.84784980e+00  4.38259262e-18  5.18532152e-22  1.43270748e-21  4.36411361e-18  4.20658260e-22  1.19794185e-21
2.15443469e+00  4.33452857e-18  4.07184038e-22  1.12792261e-21  4.31830599e-18  3.31578023e-22  9.46343311e-22
2.51188643e+00  4.29751071e-18  3.18775825e-22  8.85149888e-22  4.28329587e-18  2.60643666e-22  7.45374707e-22
2.92864456e+00  4.26808498e-18  2.48757656e-22  6.92301929e-22  4.25565609e-18  2.04266697e-22  5.85207384e-22
3.41454887e+00  4.24512130e-18  1.93483432e-22  5.39642124e-22  4.23427479e-18  1.59586630e-22  4.57958803e-22
3.98107171e+00  4.22815870e-18  1.49997469e-22  4.19231194e-22  4.21870939e-18  1.24286632e-22  3.57203161e-22
4.64158883e+00  4.21312546e-18  1.15904925e-22  3.24602640e-22  4.20491054e-18  9.64881428e-23  2.77700904e-22
5.41169527e+00  4.20332190e-18  8.92833266e-23  2.50545222e-22  4.19618803e-18  7.46831575e-23  2.15228407e-22
6.30957344e+00  4.19739650e-18  6.85690516e-23  1.92798721e-22  4.19120812e-18  5.76383796e-23  1.66314297e-22
7.35642254e+00  4.19079863e-18  5.25037517e-23  1.47921052e-22  4.18544026e-18  4.43568188e-23  1.28141771e-22
8.57695899e+00  4.18597870e-18  4.00894776e-23  1.13175196e-22  4.18134407e-18  3.40458666e-23  9.84658247e-23
1.00000000e+01  4.18193671e-18  3.05270137e-23  8.63610073e-23  4.17793270e-18  2.60665139e-23  7.54706701e-23
1.16591440e+01  4.17879814e-18  2.31847149e-23  6.57349114e-23  4.17534198e-18  1.99113017e-23  5.77109956e-23
1.35935639e+01  4.17571833e-18  1.75625645e-23  4.99124360e-23  4.17273814e-18  1.51758970e-23  4.40323526e-23
1.58489319e+01  4.17372877e-18  1.32703811e-23  3.78109691e-23  4.17116050e-18  1.15434324e-23  3.35285172e-23
1.84784980e+01  4.17181482e-18  1.00017741e-23  2.85780066e-23  4.16960307e-18  8.76341628e-24  2.54815656e-23
2.15443469e+01  4.17128736e-18  7.51965237e-24  2.15526627e-23  4.16938313e-18  6.64119269e-24  1.93328262e-23
2.51188643e+01  4.16992346e-18  5.63864371e-24  1.62168112e-23  4.16828518e-18  5.02349718e-24  1.46415239e-23
2.92864456e+01  4.16964490e-18  4.21735905e-24  1.21748931e-23  4.16823580e-18  3.79317320e-24  1.10704446e-23
3.41454887e+01  4.16930342e-18  3.14604868e-24  9.11921739e-24  4.16809204e-18  2.85875470e-24  8.35584155e-24
3.98107171e+01  4.16860561e-18  2.34095266e-24  6.81480850e-24  4.16756468e-18  2.15029962e-24  6.29581787e-24
4.64158883e+01  4.16927369e-18  1.73782303e-24  5.08134176e-24  4.16837924e-18  1.61405432e-24  4.73499127e-24
5.41169527e+01  4.17500787e-18  1.28759175e-24  3.78116348e-24  4.17423869e-18  1.20897955e-24  3.55458611e-24
6.30957344e+01  4.16978967e-18  9.52141710e-25  2.80731900e-24  4.16912987e-18  9.03144223e-25  2.66201331e-24
7.35642254e+01  4.17056849e-18  7.03256924e-25  2.08086158e-24  4.17000187e-18  6.73096963e-25  1.98930434e-24
8.57695899e+01  4.17105777e-18  5.18912992e-25  1.53999228e-24  4.17057124e-18  5.00420964e-25  1.48303664e-24
1.00000000e+02  4.17081087e-18  3.82591136e-25  1.13818608e-24  4.17039323e-18  3.71214155e-25  1.10297819e-24
1.16591440e+02  4.17373182e-18  2.84218578e-25  8.46188050e-25  4.17337362e-18  2.68629173e-25  8.01477765e-25
1.35935639e+02  4.17368689e-18  2.08660333e-25  6.22482991e-25  4.17337948e-18  1.98690316e-25  5.93578615e-25
1.58489319e+02  4.17364779e-18  1.53184543e-25  4.57672244e-25  4.17338399e-18  1.46837729e-25  4.39116429e-25
1.84784980e+02  4.17361575e-18  1.12468024e-25  3.36395409e-25  4.17338939e-18  1.08441822e-25  3.24547820e-25
2.15443469e+02  4.17359087e-18  8.25866827e-26  2.47220066e-25  4.17339666e-18  8.00392709e-26  2.39687063e-25
2.51188643e+02  4.17357026e-18  6.06556373e-26  1.81677948e-25  4.17340363e-18  5.90469836e-26  1.76903313e-25
2.92864456e+02  4.17355458e-18  4.45568596e-26  1.33515895e-25  4.17341162e-18  4.35424399e-26  1.30496641e-25
3.41454887e+02  4.17354189e-18  3.27368833e-26  9.81277865e-26  4.17341925e-18  3.20978183e-26  9.62217797e-26
3.98107171e+02  4.17353074e-18  2.40565776e-26  7.21253026e-26  4.17342553e-18  2.36542455e-26  7.09235071e-26
4.64158883e+02  4.17352045e-18  1.76805931e-26  5.30179326e-26  4.17343019e-18  1.74274037e-26  5.22607776e-26
5.41169527e+02  4.17351116e-18  1.29962754e-26  3.89760144e-26  4.17343374e-18  1.28369774e-26  3.84992386e-26
6.30957344e+02  4.17351009e-18  9.55414915e-27  2.86555579e-26  4.17344368e-18  9.45393203e-27  2.83554242e-26
7.35642254e+02  4.17350413e-18  7.02439938e-27  2.10694901e-26  4.17344716e-18  6.96134913e-27  2.08805788e-26
8.57695899e+02  4.17349973e-18  5.16492892e-27  1.54927895e-26  4.17345086e-18  5.12525745e-27  1.53738858e-26
1.00000000e+03  4.17349464e-18  3.79796854e-27  1.13928291e-26  4.17345272e-18  3.77300309e-27  1.13179840e-26
