1.00000000e-04  1.05628637e-15  4.67607627e-16  4.83290574e-16  1.05882211e-15  1.80934334e-16  3.10648076e-16
1.16591440e-04  9.31217078e-16  4.03994146e-16  4.65168961e-16  1.00176081e-15  1.62477903e-16  2.80316863e-16
1.35935639e-04  8.34991281e-16  3.36124745e-16  4.23073923e-16  9.46798729e-16  1.45652153e-16  2.52628045e-16
1.58489319e-04  7.70159769e-16  2.74300979e-16  3.71280171e-16  8.93967934e-16  1.30320771e-16  2.27347332e-16
1.84784980e-04  7.31856616e-16  2.24734626e-16  3.22776636e-16  8.43274389e-16  1.16365617e-16  2.04262085e-16
2.15443469e-04  7.11093528e-16  1.88779568e-16  2.83863640e-16  7.94701633e-16  1.03684069e-16  1.83184833e-16
2.51188643e-04  6.98460656e-16  1.64454883e-16  2.54534384e-16  7.48215060e-16  9.21854563e-17  1.63953740e-16
2.92864456e-04  6.86505592e-16  1.48421479e-16  2.31580310e-16  7.03766578e-16  8.17871893e-17  1.46430357e-16
3.41454887e-04  6.70602392e-16  1.37403025e-16  2.11477428e-16  6.61299392e-16  7.24112053e-17  1.30495190e-16
3.98107171e-04  6.48778901e-16  1.28845971e-16  1.91874920e-16  6.20752672e-16  6.39813106e-17  1.16042014e-16
4.64158883e-04  6.21070664e-16  1.21079410e-16  1.71873105e-16  5.82065742e-16  5.64218046e-17  1.02972008e-16
5.41169527e-04  5.88736027e-16  1.13188469e-16  1.51635808e-16  5.45181372e-16  4.96574744e-17  9.11888976e-17
6.30957344e-04  5.53551341e-16  1.04809010e-16  1.31839664e-16  5.10047822e-16  4.36147227e-17  8.05959633e-17
7.35642254e-04  5.17290157e-16  9.59330665e-17  1.13239961e-16  4.76619420e-16  3.82233368e-17  7.10952959e-17
8.57695899e-04  4.81403029e-16  8.67383461e-17  9.64241027e-17  4.44855747e-16  3.34183215e-17  6.25890893e-17
1.00000000e-03  4.46886810e-16  7.74783165e-17  8.17212052e-17  4.14719716e-16  2.91412719e-17  5.49823108e-17
1.16591440e-03  4.14290692e-16  6.84124545e-17  6.92094336e-17  3.86175013e-16  2.53409389e-17  4.81858573e-17
1.35935639e-03  3.83802575e-16  5.97614198e-17  5.87685800e-17  3.59183398e-16  2.19728511e-17  4.21192873e-17
1.58489319e-03  3.55374535e-16  5.16906826e-17  5.01522663e-17  3.33702321e-16  1.89981036e-17  3.67123695e-17
1.84784980e-03  3.28844522e-16  4.43087703e-17  4.30572644e-17  3.09683288e-16  1.63816470e-17  3.19049903e-17
2.15443469e-03  3.04027396e-16  3.76719650e-17  3.71769767e-17  2.87071354e-16  1.40905758e-17  2.76454376e-17
2.51188643e-03  2.80767153e-16  3.17927286e-17  3.22375355e-17  2.65806035e-16  1.20929132e-17  2.38876209e-17
2.92864456e-03  2.58954705e-16  2.66511080e-17  2.80169711e-17  2.45823599e-16  1.03571866e-17  2.05881800e-17
3.41454887e-03  2.38521150e-16  2.22051504e-17  2.43497375e-17  2.27060235e-16  8.85276475e-18  1.77044184e-17
3.98107171e-03  2.19419691e-16  1.83988946e-17  2.11208312e-17  2.09455241e-16  7.55065570e-18  1.51935623e-17
4.64158883e-03  2.01607992e-16  1.51689407e-17  1.82548503e-17  1.92953308e-16  6.42436934e-18  1.30132671e-17
5.41169527e-03  1.85037157e-16  1.24494416e-17  1.57039249e-17  1.77505383e-16  5.45053319e-18  1.11228774e-17
6.30957344e-03  1.69648647e-16  1.01756653e-17  1.34370779e-17  1.63068113e-16  4.60911292e-18  9.48484116e-18
7.35642254e-03  1.55377053e-16  8.28637551e-18  1.14322053e-17  1.49602260e-16  3.88323861e-18  8.06580341e-18
8.57695899e-03  1.42155328e-16  6.72528393e-18  9.67083279e-18  1.37070700e-16  3.25873647e-18  6.83711945e-18
1.00000000e-02  1.29919478e-16  5.44179903e-18  8.13520618e-18  1.25436464e-16  2.72351471e-18  5.77472846e-18
1.16591440e-02  1.18611067e-16  4.39126580e-18  6.80705490e-18  1.14661264e-16  2.26696427e-18  4.85850173e-18
1.35935639e-02  1.08177347e-16  3.53485274e-18  5.66738887e-18  1.04704744e-16  1.87950512e-18  4.07131007e-18
1.58489319e-02  9.85698151e-17  2.83921054e-18  4.69682732e-18  9.55245391e-17  1.55233774e-18  3.39810613e-18
1.84784980e-02  8.97422821e-17  2.27599753e-18  3.87612144e-18  8.70770298e-17  1.27737573e-18  2.82525431e-18
2.15443469e-02  8.16493507e-17  1.82134216e-18  3.18667484e-18  7.93184534e-17  1.04727870e-18  2.34019200e-18
2.51188643e-02  7.42457298e-17  1.45529153e-18  2.61096734e-18  7.22059736e-17  8.55499083e-19  1.93135694e-18
2.92864456e-02  6.74863659e-17  1.16127889e-18  2.13285211e-18  6.56984395e-17  6.96289908e-19  1.58824364e-18
3.41454887e-02  6.13270610e-17  9.25629120e-19  1.73772949e-18  5.97567064e-17  5.64662035e-19  1.30146412e-18
3.98107171e-02  5.57252704e-17  7.37112796e-19  1.41261659e-18  5.43436740e-17  4.56307157e-19  1.06274835e-18
4.64158883e-02  5.06406947e-17  5.86551935e-19  1.14613538e-18  4.94240998e-17  3.67510482e-19  8.64877939e-19
5.41169527e-02  4.60356117e-17  4.66477128e-19  9.28441719e-19  4.49644243e-17  2.95070997e-19  7.01579777e-19
6.30957344e-02  4.18748939e-17  3.70832947e-19  7.51114716e-19  4.09326295e-17  2.36236515e-19  5.67411836e-19
7.35642254e-02  3.81258061e-17  2.94727338e-19  6.07022381e-19  3.72981555e-17  1.88652070e-19  4.57661689e-19
8.57695899e-02  3.47576968e-17  2.34220380e-19  4.90176576e-19  3.40318554e-17  1.50316658e-19  3.68263631e-19
1.00000000e-01  3.17416803e-17  1.86147582e-19  3.95586946e-19  3.11059565e-17  1.19543724e-19  2.95730382e-19
1.16591440e-01  2.90503736e-17  1.47973226e-19  3.19120902e-19  2.84940179e-17  9.49231022e-20  2.37092771e-19
1.35935639e-01  2.66577164e-17  1.17669489e-19  2.57374299e-19  2.61708850e-17  7.52842617e-20  1.89842698e-19
1.58489319e-01  2.45388720e-17  9.36174930e-20  2.07555419e-19  2.41126471e-17  5.96617150e-20  1.51877769e-19
1.84784980e-01  2.26701911e-17  7.45267665e-20  1.67383260e-19  2.22966063e-17  4.72635238e-20  1.21448122e-19
2.15443469e-01  2.10291874e-17  5.93700391e-20  1.35000014e-19  2.07012275e-17  3.74434438e-20  9.71067413e-20
2.51188643e-01  1.95946434e-17  4.73306676e-20  1.08896846e-19  1.93062115e-17  2.96767971e-20  7.76643454e-20
2.92864456e-01  1.83465287e-17  3.77603286e-20  8.78514883e-20  1.80923827e-17  2.35397789e-20  6.21491753e-20
3.41454887e-01  1.72660701e-17  3.01450764e-20  7.08762954e-20  1.70417379e-17  1.86918792e-20  4.97718496e-20
3.98107171e-01  1.63357339e-17  2.40781013e-20  5.71751233e-20  1.61374179e-17  1.48609785e-20  3.98948384e-20
4.64158883e-01  1.55392047e-17  1.92378784e-20  4.61076597e-20  1.53636844e-17  1.18307686e-20  3.20061682e-20
5.41169527e-01  1.48613492e-17  1.53706348e-20  3.71599752e-20  1.47058890e-17  9.43018384e-21  2.56969078e-20
6.30957344e-01  1.42881731e-17  1.22762844e-20  2.99202538e-20  1.41504391e-17  7.52457465e-21  2.06420280e-20
7.35642254e-01  1.38067743e-17  9.79715122e-21  2.40588330e-20  1.36847624e-17  6.00838538e-21  1.65842517e-20
8.57695899e-01  1.34053010e-17  7.80894748e-21  1.93118508e-20  1.32972765e-17  4.79912869e-21  1.33205580e-20
1.00000000e+00  1.30729131e-17  6.21357919e-21  1.54679139e-20  1.29773612e-17  3.83246867e-21  1.06910143e-20
1.16591440e+00  1.27997459e-17  4.93343784e-21  1.23573049e-20  1.27153316e-17  3.05824632e-21  8.56963818e-21
1.35935639e+00  1.25768745e-17  3.90690105e-21  9.84331686e-21  1.25024118e-17  2.43729959e-21  6.85700799e-21
1.58489319e+00  1.23962887e-17  3.08481374e-21  7.81536424e-21  1.23307165e-17  1.93894836e-21  5.47436602e-21
1.84784980e+00  1.22994102e-17  2.42912108e-21  6.19050915e-21  1.22361982e-17  1.54282682e-21  4.36979351e-21
2.15443469e+00  1.21646596e-17  1.90452801e-21  4.87788171e-21  1.21090016e-17  1.22019922e-21  3.46565974e-21
2.51188643e+00  1.20599659e-17  1.48786059e-21  3.82950536e-21  1.20110800e-17  9.62488422e-22  2.74053859e-21
2.92864456e+00  1.19764201e-17  1.15801255e-21  2.99514243e-21  1.19335927e-17  7.56973864e-22  2.16022072e-21
3.41454887e+00  1.19112014e-17  8.97895184e-22  2.33379030e-21  1.18737666e-17  5.93508570e-22  1.69718805e-21
3.98107171e+00  1.18618475e-17  6.93579227e-22  1.81172487e-21  1.18291942e-17  4.63868899e-22  1.32894501e-21
4.64158883e+00  1.18189932e-17  5.33745208e-22  1.40132241e-21  1.17905753e-17  3.61387226e-22  1.03711788e-21
5.41169527e+00  1.17891214e-17  4.09249173e-22  1.08011820e-21  1.17644253e-17  2.80680134e-22  8.06783078e-22
6.30957344e+00  1.17699239e-17  3.12672860e-22  8.29752317e-22  1.17484898e-17  2.17346795e-22  6.25666775e-22
7.35642254e+00  1.17505162e-17  2.38043616e-22  6.35341262e-22  1.17319473e-17  1.67813184e-22  4.83751419e-22
8.57695899e+00  1.17358569e-17  1.80605719e-22  4.84970536e-22  1.17197906e-17  1.29213638e-22  3.72975048e-22
1.00000000e+01  1.17247862e-17  1.36569028e-22  3.69088900e-22  1.17109011e-17  9.92368254e-23  2.86810359e-22
1.16591440e+01  1.17179129e-17  1.02936001e-22  2.80104489e-22  1.17059217e-17  7.60343315e-23  2.20021140e-22
1.35935639e+01  1.17112592e-17  7.73364537e-23  2.11980442e-22  1.17009152e-17  5.81231157e-23  1.68392785e-22
1.58489319e+01  1.17069864e-17  5.79241798e-23  1.59997583e-22  1.16980695e-17  4.43378117e-23  1.28606828e-22
1.84784980e+01  1.17030164e-17  4.32548984e-23  1.20446045e-22  1.16953357e-17  3.37539047e-23  9.80239658e-23
2.15443469e+01  1.17014907e-17  3.22114989e-23  9.04466070e-23  1.16948773e-17  2.56492850e-23  7.45790642e-23
2.51188643e+01  1.16983551e-17  2.39242674e-23  6.77470417e-23  1.16926648e-17  1.94533161e-23  5.66362960e-23
2.92864456e+01  1.16971580e-17  1.77298368e-23  5.06265921e-23  1.16922630e-17  1.47283672e-23  4.29398080e-23
3.41454887e+01  1.16955948e-17  1.31137998e-23  3.77448582e-23  1.16913862e-17  1.11299779e-23  3.24988419e-23
3.98107171e+01  1.16936349e-17  9.68493925e-24  2.80801445e-23  1.16900177e-17  8.39440994e-24  2.45539030e-23
4.64158883e+01  1.16945740e-17  7.14433857e-24  2.08481157e-23  1.16914656e-17  6.31777643e-24  1.85168021e-23
5.41169527e+01  1.17062048e-17  5.26615245e-24  1.54522740e-23  1.17035318e-17  4.74428050e-24  1.39373789e-23
6.30957344e+01  1.16938374e-17  3.87836732e-24  1.14325936e-23  1.16915438e-17  3.55270292e-24  1.04645109e-23
7.35642254e+01  1.16929117e-17  2.85499503e-24  8.44785591e-24  1.16909421e-17  2.65321990e-24  7.83783712e-24
8.57695899e+01  1.16928100e-17  2.10078985e-24  6.23537040e-24  1.16911188e-17  1.97592127e-24  5.85447356e-24
1.00000000e+02  1.16923239e-17  1.54537660e-24  4.59817728e-24  1.16908719e-17  1.46782037e-24  4.36112295e-24
1.16591440e+02  1.17027178e-17  1.09156809e-24  3.25526239e-24  1.17014739e-17  1.02812232e-24  3.07217622e-24
1.35935639e+02  1.17025688e-17  7.99235651e-25  2.38767413e-24  1.17015012e-17  7.60447034e-25  2.27450031e-24
1.58489319e+02  1.17024522e-17  5.85904426e-25  1.75248987e-24  1.17015360e-17  5.62015813e-25  1.68223224e-24
1.84784980e+02  1.17023522e-17  4.29901094e-25  1.28696367e-24  1.17015660e-17  4.15083548e-25  1.24313360e-24
2.15443469e+02  1.17022752e-17  3.15639406e-25  9.45471411e-25  1.17016006e-17  3.06388942e-25  9.17996885e-25
2.51188643e+02  1.17022098e-17  2.31853509e-25  6.94792047e-25  1.17016311e-17  2.26047232e-25  6.77497316e-25
2.92864456e+02  1.17021527e-17  1.70363026e-25  5.10679022e-25  1.17016562e-17  1.66703145e-25  4.99755501e-25
3.41454887e+02  1.17021087e-17  1.25208733e-25  3.75406639e-25  1.17016827e-17  1.22894704e-25  3.68490152e-25
3.98107171e+02  1.17020726e-17  9.20372766e-26  2.75993974e-25  1.17017071e-17  9.05712089e-26  2.71607538e-25
4.64158883e+02  1.17020408e-17  6.76618850e-26  2.02922279e-25  1.17017273e-17  6.67319607e-26  2.00137949e-25
5.41169527e+02  1.17020103e-17  4.97466523e-26  1.49205834e-25  1.17017414e-17  4.91565131e-26  1.47437945e-25
6.30957344e+02  1.17019964e-17  3.65775426e-26  1.09714238e-25  1.17017657e-17  3.62030394e-26  1.08591908e-25
7.35642254e+02  1.17019768e-17  2.68962047e-26  8.06786974e-26  1.17017789e-17  2.66586312e-26  7.99665278e-26
8.57695899e+02  1.17019614e-17  1.97783488e-26  5.93296960e-26  1.17017917e-17  1.96277280e-26  5.88780913e-26
1.00000000e+03  1.17019492e-17  1.45448168e-26  4.36315626e-26  1.17018036e-17  1.44493915e-26  4.33454072e-26
