1.00000000e-04  1.00171079e-15  2.50454755e-16  3.92793677e-16  6.27741254e-16  1.24687704e-16  2.14003387e-16
1.16591440e-04  9.02237718e-16  2.33216763e-16  3.51493614e-16  5.93293216e-16  1.11863133e-16  1.93237410e-16
1.35935639e-04  8.13213566e-16  2.19856502e-16  3.12216954e-16  5.60192223e-16  1.00118656e-16  1.74201425e-16
1.58489319e-04  7.34459531e-16  2.07600769e-16  2.74365487e-16  5.28439779e-16  8.93627970e-17  1.56747198e-16
1.84784980e-04  6.65168712e-16  1.94911734e-16  2.38439570e-16  4.98024785e-16  7.95156036e-17  1.40735544e-16
2.15443469e-04  6.04366918e-16  1.81168907e-16  2.05247754e-16  4.68924822e-16  7.05087875e-17  1.26039397e-16
2.51188643e-04  5.51075355e-16  1.66368120e-16  1.75448726e-16  4.41107521e-16  6.22852186e-17  1.12546198e-16
2.92864456e-04  5.04309930e-16  1.50829197e-16  1.49366069e-16  4.14532019e-16  5.47977552e-17  1.00159552e-16
3.41454887e-04  4.63098580e-16  1.35014542e-16  1.27020683e-16  3.89150502e-16  4.80073759e-17  8.87999605e-17
3.98107171e-04  4.26505166e-16  1.19399005e-16  1.08200706e-16  3.64909965e-16  4.18806479e-17  7.84043563e-17
4.64158883e-04  3.93673045e-16  1.04396983e-16  9.25421442e-17  3.41754377e-16  3.63867055e-17  6.89241115e-17
5.41169527e-04  3.63866328e-16  9.03290106e-17  7.95988800e-17  3.19627442e-16  3.14941323e-17  6.03213360e-17
6.30957344e-04  3.36493838e-16  7.74127329e-17  6.88993589e-17  2.98475960e-16  2.71683347e-17  5.25637375e-17
7.35642254e-04  3.11110371e-16  6.57662665e-17  5.99891392e-17  2.78253431e-16  2.33700076e-17  4.56188951e-17
8.57695899e-04  2.87406628e-16  5.54298807e-17  5.24673262e-17  2.58923215e-16  2.00550545e-17  3.94492498e-17
1.00000000e-03  2.65181988e-16  4.63816996e-17  4.60043604e-17  2.40460344e-16  1.71758886e-17  3.40090369e-17
1.16591440e-03  2.44314177e-16  3.85557174e-17  4.03481523e-17  2.22851404e-16  1.46836270e-17  2.92437772e-17
1.35935639e-03  2.24730200e-16  3.18577112e-17  3.53195276e-17  2.06092430e-16  1.25305107e-17  2.50920913e-17
1.58489319e-03  2.06382451e-16  2.61781117e-17  3.08004622e-17  1.90185386e-16  1.06719645e-17  2.14889656e-17
1.84784980e-03  1.89231849e-16  2.14017207e-17  2.67189298e-17  1.75134117e-16  9.06796979e-18  1.83694121e-17
2.15443469e-03  1.73238012e-16  1.74145899e-17  2.30336395e-17  1.60940627e-16  7.68368896e-18  1.56716740e-17
2.51188643e-03  1.58355198e-16  1.41085550e-17  1.97209044e-17  1.47602233e-16  6.48945585e-18  1.33395111e-17
2.92864456e-03  1.44532200e-16  1.13839619e-17  1.67647549e-17  1.35109830e-16  5.46032302e-18  1.13234468e-17
3.41454887e-03  1.31714282e-16  9.15106254e-18  1.41504686e-17  1.23447242e-16  4.57535441e-18  9.58108596e-18
3.98107171e-03  1.19845705e-16  7.33048019e-18  1.18610682e-17  1.12591460e-16  3.81682434e-18  8.07671078e-18
4.64158883e-03  1.08871856e-16  5.85305023e-18  9.87604900e-18  1.02513574e-16  3.16944910e-18  6.78039552e-18
5.41169527e-03  9.87405786e-17  4.65926568e-18  8.17155371e-18  9.31801573e-17  2.61974392e-18  5.66687931e-18
6.30957344e-03  8.94026763e-17  3.69849096e-18  6.72132813e-18  8.45548722e-17  2.15556099e-18  4.71442415e-18
7.35642254e-03  8.08118128e-17  2.92805816e-18  5.49795833e-18  7.66000436e-17  1.76581800e-18  3.90384297e-18
8.57695899e-03  7.29240970e-17  2.31232592e-18  4.47407170e-18  6.92779912e-17  1.44038497e-18  3.21781076e-18
1.00000000e-02  6.56976040e-17  1.82175375e-18  3.62332834e-18  6.25519612e-17  1.17006861e-18  2.64047625e-18
1.16591440e-02  5.90919979e-17  1.43202741e-18  2.92113801e-18  5.63866233e-17  9.46630911e-19  2.15731253e-18
1.35935639e-02  5.30683093e-17  1.12325680e-18  2.34510585e-18  5.07482055e-17  7.62795610e-19  1.75510486e-18
1.58489319e-02  4.75888599e-17  8.79258134e-19  1.87524648e-18  4.56043995e-17  6.12221122e-19  1.42197994e-18
1.84784980e-02  4.26172782e-17  6.86924400e-19  1.49402043e-18  4.09241746e-17  4.89439722e-19  1.14741311e-18
2.15443469e-02  3.81185460e-17  5.35683102e-19  1.18624687e-18  3.66775958e-17  3.89774247e-19  9.22188983e-19
2.51188643e-02  3.40590336e-17  4.17035957e-19  9.38938602e-19  3.28356963e-17  3.09246022e-19  7.38317781e-19
2.92864456e-02  3.04065005e-17  3.24173238e-19  7.41095483e-19  2.93704126e-17  2.44484882e-19  5.88924110e-19
3.41454887e-02  2.71300699e-17  2.51653906e-19  5.83481808e-19  2.62545657e-17  1.92647320e-19  4.68125600e-19
3.98107171e-02  2.42001854e-17  1.95142485e-19  4.58404465e-19  2.34618733e-17  1.51344761e-19  3.70914610e-19
4.64158883e-02  2.15885688e-17  1.51193917e-19  3.59502174e-19  2.09669763e-17  1.18581343e-19  2.93049738e-19
5.41169527e-02  1.92682007e-17  1.17078389e-19  2.81551299e-19  1.87454776e-17  9.26996033e-20  2.30958900e-19
6.30957344e-02  1.72133254e-17  9.06391646e-20  2.20290815e-19  1.67739911e-17  7.23324865e-20  1.81653046e-19
7.35642254e-02  1.53994814e-17  7.01774113e-20  1.72267034e-19  1.50301970e-17  5.63605171e-20  1.42648706e-19
8.57695899e-02  1.38035498e-17  5.43591214e-20  1.34697723e-19  1.34929044e-17  4.38735449e-20  1.11897903e-19
1.00000000e-01  1.24038085e-17  4.21400155e-20  1.05354574e-19  1.21421129e-17  3.41367601e-20  8.77245930e-20
1.16591440e-01  1.11799818e-17  3.27051176e-20  8.24626682e-20  1.09590676e-17  2.65608360e-20  6.87673173e-20
1.35935639e-01  1.01132747e-17  2.54202811e-20  6.46154170e-20  9.92630134e-18  2.06760465e-20  5.39280083e-20
1.58489319e-01  9.18638546e-18  1.97934407e-20  5.07033190e-20  9.02765757e-18  1.61101373e-20  4.23269279e-20
1.84784980e-01  8.38349389e-18  1.54437623e-20  3.98549034e-20  8.24829234e-18  1.25696551e-20  3.32635864e-20
2.15443469e-01  7.69022435e-18  1.20771871e-20  3.13882392e-20  7.57465354e-18  9.82438512e-21  2.61833495e-20
2.51188643e-01  7.09358668e-18  9.46712888e-21  2.47714728e-20  6.99443921e-18  7.69452002e-21  2.06492943e-20
2.92864456e-01  6.58187312e-18  7.43929934e-21  1.95909671e-20  6.49651228e-18  6.04017907e-21  1.63187749e-20
3.41454887e-01  6.14465103e-18  5.85985268e-21  1.55258415e-20  6.07090984e-18  4.75294721e-21  1.29242019e-20
3.98107171e-01  5.77256097e-18  4.62610864e-21  1.23276118e-20  5.70865744e-18  3.74904835e-21  1.02572855e-20
4.64158883e-01  5.45727660e-18  3.65937150e-21  9.80416834e-21  5.40174275e-18  2.96393126e-21  8.15639894e-21
5.41169527e-01  5.19139253e-18  2.89935443e-21  7.80712603e-21  5.14301566e-18  2.34796851e-21  6.49641917e-21
6.30957344e-01  4.96832964e-18  2.29987228e-21  6.22191572e-21  4.92610401e-18  1.86307042e-21  5.18064889e-21
7.35642254e-01  4.78224735e-18  1.82551949e-21  4.96004370e-21  4.74533478e-18  1.48003060e-21  4.13442626e-21
8.57695899e-01  4.64816721e-18  1.45052118e-21  3.95820096e-21  4.61838840e-18  1.18201359e-21  3.31599052e-21
1.00000000e+00  4.51500279e-18  1.15048765e-21  3.15070576e-21  4.48859829e-18  9.38416307e-22  2.64243283e-21
1.16591440e+00  4.40667727e-18  9.11643488e-22  2.50489791e-21  4.38330468e-18  7.44832895e-22  2.10437865e-21
1.35935639e+00  4.31860174e-18  7.21207395e-22  1.98772054e-21  4.29795677e-18  5.90567125e-22  1.67354871e-21
1.58489319e+00  4.24761888e-18  5.69378429e-22  1.57372961e-21  4.22942007e-18  4.67525927e-22  1.32844319e-21
1.84784980e+00  4.19090818e-18  4.48398135e-22  1.24262760e-21  4.17489878e-18  3.69355189e-22  1.05203226e-21
2.15443469e+00  4.14536165e-18  3.52128982e-22  9.78253717e-22  4.13130890e-18  2.91072067e-22  8.30859160e-22
2.51188643e+00  4.10999821e-18  2.75691397e-22  7.67681720e-22  4.09768646e-18  2.28745836e-22  6.54232030e-22
2.92864456e+00  4.08197090e-18  2.15154937e-22  6.00429778e-22  4.07120682e-18  1.79224006e-22  5.13509802e-22
3.41454887e+00  4.06006367e-18  1.67364250e-22  4.68038077e-22  4.05067055e-18  1.39986653e-22  4.01742288e-22
3.98107171e+00  4.04370196e-18  1.29764313e-22  3.63617698e-22  4.03551917e-18  1.08995234e-22  3.13271862e-22
4.64158883e+00  4.02960462e-18  1.00285073e-22  2.81558673e-22  4.02249051e-18  8.45969326e-23  2.43486088e-22
5.41169527e+00  4.02001529e-18  7.72632632e-23  2.17335779e-22  4.01383758e-18  6.54633288e-23  1.88662265e-22
6.30957344e+00  4.01368851e-18  5.93478626e-23  1.67255479e-22  4.00833018e-18  5.05101990e-23  1.45747567e-22
7.35642254e+00  4.00727070e-18  4.54524179e-23  1.28336266e-22  4.00263113e-18  3.88621389e-23  1.12268162e-22
8.57695899e+00  4.00234940e-18  3.47133142e-23  9.82015402e-23  3.99833683e-18  2.98213214e-23  8.62468177e-23
1.00000000e+01  3.99821658e-18  2.64400277e-23  7.49444380e-23  3.99475037e-18  2.28265495e-23  6.60885739e-23
1.16591440e+01  3.99531993e-18  2.00873378e-23  5.70554996e-23  3.99232792e-18  1.74328387e-23  5.05259583e-23
1.35935639e+01  3.99266976e-18  1.52220960e-23  4.33316283e-23  3.99008970e-18  1.32842643e-23  3.85424736e-23
1.58489319e+01  3.99115157e-18  1.15071962e-23  3.28347967e-23  3.98892788e-18  1.01028809e-23  2.93431537e-23
1.84784980e+01  3.98984670e-18  8.67745370e-24  2.48250065e-23  3.98793145e-18  7.66860494e-24  2.22971374e-23
2.15443469e+01  3.98952919e-18  6.52775077e-24  1.87288812e-23  3.98788016e-18  5.81054854e-24  1.69139203e-23
2.51188643e+01  3.98856919e-18  4.89790951e-24  1.40975201e-23  3.98715042e-18  4.39442350e-24  1.28072988e-23
2.92864456e+01  3.98830994e-18  3.66572606e-24  1.05881120e-23  3.98708969e-18  3.31755435e-24  9.68173608e-24
3.41454887e+01  3.98799615e-18  2.73639878e-24  7.93416241e-24  3.98694714e-18  2.49986163e-24  7.30632605e-24
3.98107171e+01  3.98741751e-18  2.03752042e-24  5.93196809e-24  3.98651608e-18  1.88005232e-24  5.50413797e-24
4.64158883e+01  3.98780258e-18  1.51353580e-24  4.42513578e-24  3.98702803e-18  1.41100257e-24  4.13895336e-24
5.41169527e+01  3.99206029e-18  1.12205366e-24  3.29437561e-24  3.99139429e-18  1.05676756e-24  3.10674573e-24
6.30957344e+01  3.98801798e-18  8.30126784e-25  2.44695455e-24  3.98744660e-18  7.89371708e-25  2.32640059e-24
7.35642254e+01  3.98834205e-18  6.13359129e-25  1.81441799e-24  3.98785139e-18  5.88262872e-25  1.73835631e-24
8.57695899e+01  3.98835182e-18  4.52702433e-25  1.34321311e-24  3.98793055e-18  4.37324780e-25  1.29586775e-24
1.00000000e+02  3.98785186e-18  3.33844172e-25  9.92996401e-25  3.98749028e-18  3.24393460e-25  9.63731473e-25
1.16591440e+02  3.99125351e-18  2.48260294e-25  7.39013499e-25  3.99094332e-18  2.35189581e-25  7.01566289e-25
1.35935639e+02  3.99121236e-18  1.82340017e-25  5.43889268e-25  3.99094615e-18  1.73953866e-25  5.19597841e-25
1.58489319e+02  3.99117694e-18  1.33907950e-25  4.00034614e-25  3.99094850e-18  1.28553731e-25  3.84391888e-25
1.84784980e+02  3.99114934e-18  9.83417297e-26  2.94117237e-25  3.99095332e-18  9.49362031e-26  2.84101729e-25
2.15443469e+02  3.99112682e-18  7.22287891e-26  2.16199302e-25  3.99095864e-18  7.00689671e-26  2.09815292e-25
2.51188643e+02  3.99110906e-18  5.30569586e-26  1.58909802e-25  3.99096476e-18  5.16901763e-26  1.54854473e-25
2.92864456e+02  3.99109410e-18  3.89798597e-26  1.16799643e-25  3.99097031e-18  3.81163516e-26  1.14230243e-25
3.41454887e+02  3.99108268e-18  2.86420988e-26  8.58512576e-26  3.99097647e-18  2.80972124e-26  8.42264730e-26
3.98107171e+02  3.99107260e-18  2.10490854e-26  6.31069896e-26  3.99098149e-18  2.07055552e-26  6.20810015e-26
4.64158883e+02  3.99106332e-18  1.54710759e-26  4.63916028e-26  3.99098516e-18  1.52546253e-26  4.57443917e-26
5.41169527e+02  3.99105624e-18  1.13726351e-26  3.41062818e-26  3.99098919e-18  1.12363095e-26  3.36982991e-26
6.30957344e+02  3.99105508e-18  8.36080895e-27  2.50761741e-26  3.99099757e-18  8.27496880e-27  2.48191147e-26
7.35642254e+02  3.99104967e-18  6.14718463e-27  1.84381877e-26  3.99100033e-18  6.09314012e-27  1.82762678e-26
8.57695899e+02  3.99104634e-18  4.52001276e-27  1.35582248e-26  3.99100402e-18  4.48598754e-27  1.34562481e-26
1.00000000e+03  3.99104077e-18  3.32378576e-27  9.97037969e-27  3.99100447e-18  3.30236338e-27  9.90615834e-27
