1.00000000e-04  1.21211660e-15  2.23843716e-16  3.59033202e-16  8.45590004e-16  1.25027303e-16  2.22903926e-16
1.16591440e-04  1.08518436e-15  2.14382347e-16  3.21307517e-16  7.89592828e-16  1.10945469e-16  1.98656249e-16
1.35935639e-04  9.72362931e-16  2.05511382e-16  2.85591664e-16  7.36585209e-16  9.82453529e-17  1.76884235e-16
1.58489319e-04  8.73341864e-16  1.95778414e-16  2.51300608e-16  6.86509562e-16  8.67799702e-17  1.57284144e-16
1.84784980e-04  7.87068412e-16  1.84528503e-16  2.18685740e-16  6.39275426e-16  7.64307604e-17  1.39596823e-16
2.15443469e-04  7.12101900e-16  1.71693640e-16  1.88350030e-16  5.94767704e-16  6.71026600e-17  1.23607664e-16
2.51188643e-04  6.46836875e-16  1.57560474e-16  1.60895098e-16  5.52854392e-16  5.87186013e-17  1.09143770e-16
2.92864456e-04  5.89677523e-16  1.42603975e-16  1.36745619e-16  5.13393852e-16  5.12137965e-17  9.60688382e-17
3.41454887e-04  5.39153408e-16  1.27357595e-16  1.16069204e-16  4.76241700e-16  4.45302335e-17  8.42761078e-17
3.98107171e-04  4.93992425e-16  1.12323807e-16  9.87698180e-17  4.41257334e-16  3.86119415e-17  7.36799023e-17
4.64158883e-04  4.53158432e-16  9.79222628e-17  8.45360460e-17  4.08309825e-16  3.34016210e-17  6.42066766e-17
5.41169527e-04  4.15856816e-16  8.44683803e-17  7.29195004e-17  3.77282549e-16  2.88390519e-17  5.57868483e-17
6.30957344e-04  3.81508251e-16  7.21640978e-17  6.34143392e-17  3.48075857e-16  2.48613147e-17  4.83487347e-17
7.35642254e-04  3.49714258e-16  6.11160553e-17  5.55335476e-17  3.20607283e-16  2.14044132e-17  4.18154333e-17
8.57695899e-04  3.20210248e-16  5.13519115e-17  4.88580408e-17  2.94809342e-16  1.84056061e-17  3.61046942e-17
1.00000000e-03  2.92820307e-16  4.28395810e-17  4.30609315e-17  2.70625577e-16  1.58057267e-17  3.11310662e-17
1.16591440e-03  2.67419516e-16  3.55060097e-17  3.79105582e-17  2.48005854e-16  1.35509762e-17  2.68092096e-17
1.35935639e-03  2.43906303e-16  2.92530785e-17  3.32585831e-17  2.26901898e-16  1.15939617e-17  2.30573181e-17
1.58489319e-03  2.22185144e-16  2.39700390e-17  2.90204806e-17  2.07263761e-16  9.89399259e-18  1.97999107e-17
1.84784980e-03  2.02158146e-16  1.95426116e-17  2.51545193e-17  1.89037539e-16  8.41678875e-18  1.69696562e-17
2.15443469e-03  1.83723037e-16  1.58592324e-17  2.16432892e-17  1.72164316e-16  7.13379351e-18  1.45081993e-17
2.51188643e-03  1.66774922e-16  1.28150431e-17  1.84797350e-17  1.56580144e-16  6.02126766e-18  1.23661270e-17
2.92864456e-03  1.51209531e-16  1.03141940e-17  1.56580370e-17  1.42216772e-16  5.05930693e-18  1.05022812e-17
3.41454887e-03  1.36926386e-16  8.27093583e-18  1.31686811e-17  1.29002914e-16  4.23089490e-18  8.88262003e-18
3.98107171e-03  1.23831023e-16  6.60987641e-18  1.09966357e-17  1.16865815e-16  3.52108281e-18  7.47883039e-18
4.64158883e-03  1.11836045e-16  5.26568533e-18  9.12151971e-18  1.05732957e-16  2.91636441e-18  6.26689312e-18
5.41169527e-03  1.00861171e-16  4.18245159e-18  7.51883353e-18  9.55336900e-17  2.40427871e-18  5.22579608e-18
6.30957344e-03  9.08326409e-17  3.31284358e-18  6.16157838e-18  8.62005938e-17  1.97322781e-18  4.33655007e-18
7.35642254e-03  8.16823461e-17  2.61717530e-18  5.02184057e-18  7.76704092e-17  1.61245390e-18  3.58157894e-18
8.57695899e-03  7.33469762e-17  2.06245272e-18  4.07211647e-18  6.98844589e-17  1.31209880e-18  2.94445684e-18
1.00000000e-02  6.57673285e-17  1.62144979e-18  3.28629374e-18  6.27885994e-17  1.06327449e-18  2.40988934e-18
1.16591440e-02  5.88878369e-17  1.27184659e-18  2.64029268e-18  5.63328583e-17  8.58099023e-19  1.96381014e-18
1.35935639e-02  5.26562687e-17  9.95448783e-19  2.11241661e-18  5.04709031e-17  6.89681974e-19  1.59348699e-18
1.58489319e-02  4.70235347e-17  7.77497291e-19  1.68347754e-18  4.51595157e-17  5.52065485e-19  1.28757485e-18
1.84784980e-02  4.19435351e-17  6.06069827e-19  1.33676269e-18  4.03581368e-17  4.40137669e-19  1.03609896e-18
2.15443469e-02  3.73729967e-17  4.71570723e-19  1.05789856e-18  3.60285256e-17  3.49535577e-19  8.30379109e-19
2.51188643e-02  3.32712928e-17  3.66301851e-19  8.34655938e-19  3.21345197e-17  2.76550290e-19  6.62918132e-19
2.92864456e-02  2.96002296e-17  2.84105827e-19  6.56727641e-19  2.86418573e-17  2.18040933e-19  5.27277346e-19
3.41454887e-02  2.63238600e-17  2.20071770e-19  5.15499822e-19  2.55180701e-17  1.71359508e-19  4.17954241e-19
3.98107171e-02  2.34082899e-17  1.70294204e-19  4.03829985e-19  2.27323770e-17  1.34285690e-19  3.30270225e-19
4.64158883e-02  2.08215463e-17  1.31676367e-19  3.15839288e-19  2.02556241e-17  1.04969675e-19  2.60270276e-19
5.41169527e-02  1.85334838e-17  1.01770239e-19  2.46722973e-19  1.80602372e-17  8.18812810e-20  2.04633242e-19
6.30957344e-02  1.65157364e-17  7.86467443e-20  1.92580572e-19  1.61201981e-17  6.37641317e-20  1.60590755e-19
7.35642254e-02  1.47417018e-17  6.07906344e-20  1.50266071e-19  1.44110387e-17  4.95943346e-20  1.25853144e-19
8.57695899e-02  1.31865462e-17  4.70155636e-20  1.17257461e-19  1.29098468e-17  3.85434691e-20  9.85415565e-20
1.00000000e-01  1.18272141e-17  3.63956498e-20  9.15445470e-20  1.15952762e-17  2.99458332e-20  7.71261196e-20
1.16591440e-01  1.06424302e-17  2.82105044e-20  7.15335931e-20  1.04475521e-17  2.32698809e-20  6.03702658e-20
1.35935639e-01  9.61268615e-18  2.19012473e-20  5.59671968e-20  9.44846543e-18  1.80936820e-20  4.72813716e-20
1.58489319e-01  8.72020669e-18  1.70354582e-20  4.38576765e-20  8.58135149e-18  1.40841306e-20  3.70676894e-20
1.84784980e-01  7.94889324e-18  1.32793748e-20  3.44322599e-20  7.83104970e-18  1.09795522e-20  2.91013563e-20
2.15443469e-01  7.28421972e-18  1.03759344e-20  2.70883944e-20  7.18381807e-18  8.57531446e-21  2.28870692e-20
2.51188643e-01  6.71322338e-18  8.12753430e-21  2.13577008e-20  6.62734308e-18  6.71206660e-21  1.80359824e-20
2.92864456e-01  6.22429277e-18  6.38250521e-21  1.68769765e-20  6.15054725e-18  5.26616580e-21  1.42440594e-20
3.41454887e-01  5.80711316e-18  5.02459379e-21  1.33651969e-20  5.74355217e-18  4.14200187e-21  1.12744766e-20
3.98107171e-01  5.45253517e-18  3.96478153e-21  1.06052848e-20  5.39756334e-18  3.26585553e-21  8.94334824e-21
4.64158883e-01  5.15245688e-18  3.13495138e-21  8.42976733e-21  5.10476647e-18  2.58102732e-21  7.10827366e-21
5.41169527e-01  4.89970879e-18  2.48299595e-21  6.70953747e-21  4.85822455e-18  2.04399547e-21  5.65921021e-21
6.30957344e-01  4.68794618e-18  1.96904800e-21  5.34508117e-21  4.65178037e-18  1.62140114e-21  4.51124382e-21
7.35642254e-01  4.51154602e-18  1.56258055e-21  4.25965006e-21  4.47996199e-18  1.28769338e-21  3.59889299e-21
8.57695899e-01  4.38170671e-18  1.24111934e-21  3.39745987e-21  4.35648706e-18  1.02754291e-21  2.88378033e-21
1.00000000e+00  4.25669830e-18  9.84322661e-22  2.70394249e-21  4.23434924e-18  8.15675526e-22  2.29756646e-21
1.16591440e+00  4.15530268e-18  7.79942696e-22  2.14946062e-21  4.13552818e-18  6.47314227e-22  1.82935080e-21
1.35935639e+00  4.07262348e-18  6.17009406e-22  1.70552056e-21  4.05516255e-18  5.13155847e-22  1.45449802e-21
1.58489319e+00  4.00598268e-18  4.87121803e-22  1.35022234e-21  3.99059441e-18  4.06163425e-22  1.15428737e-21
1.84784980e+00  3.95244230e-18  3.83629028e-22  1.06609493e-21  3.93890822e-18  3.20806824e-22  9.13877400e-22
2.15443469e+00  3.90937047e-18  3.01278901e-22  8.39255993e-22  3.89749237e-18  2.52754598e-22  7.21558436e-22
2.51188643e+00  3.87562263e-18  2.35892257e-22  6.58591651e-22  3.86521778e-18  1.98583717e-22  5.68009728e-22
2.92864456e+00  3.84882615e-18  1.84108534e-22  5.15107570e-22  3.83973027e-18  1.55553181e-22  4.45712536e-22
3.41454887e+00  3.82791244e-18  1.43226754e-22  4.01535472e-22  3.81997564e-18  1.21467834e-22  3.48607692e-22
3.98107171e+00  3.81229304e-18  1.11061464e-22  3.11962207e-22  3.80537915e-18  9.45531759e-23  2.71767456e-22
4.64158883e+00  3.79906477e-18  8.58412420e-23  2.41570472e-22  3.79305389e-18  7.33696469e-23  2.11172358e-22
5.41169527e+00  3.78987191e-18  6.61442207e-23  1.86479080e-22  3.78465230e-18  5.67616249e-23  1.63582720e-22
6.30957344e+00  3.78357287e-18  5.08150414e-23  1.43519284e-22  3.77904572e-18  4.37858364e-23  1.26341745e-22
7.35642254e+00  3.77747466e-18  3.89243226e-23  1.10132622e-22  3.77355481e-18  3.36806366e-23  9.72964867e-23
8.57695899e+00  3.77279470e-18  2.97333639e-23  8.42800291e-23  3.76940480e-18  2.58390633e-23  7.47267844e-23
1.00000000e+01  3.76916312e-18  2.26520292e-23  6.43271651e-23  3.76623491e-18  1.97737313e-23  5.72473025e-23
1.16591440e+01  3.76693165e-18  1.72146020e-23  4.89811131e-23  3.76440372e-18  1.50985517e-23  4.37582740e-23
1.35935639e+01  3.76518010e-18  1.30495747e-23  3.72069145e-23  3.76299994e-18  1.15033594e-23  3.33736630e-23
1.58489319e+01  3.76433942e-18  9.86881682e-24  2.82006915e-23  3.76246011e-18  8.74701060e-24  2.54037448e-23
1.84784980e+01  3.76370925e-18  7.44530845e-24  2.13272468e-23  3.76209040e-18  6.63830137e-24  1.93003943e-23
2.15443469e+01  3.76329865e-18  5.60352205e-24  1.60946425e-23  3.76190484e-18  5.02888124e-24  1.46377787e-23
2.51188643e+01  3.76222720e-18  4.20662385e-24  1.21184747e-23  3.76102804e-18  3.80246543e-24  1.10814937e-23
2.92864456e+01  3.76141413e-18  3.15008863e-24  9.10479000e-24  3.76038286e-18  2.87002161e-24  8.37527490e-24
3.41454887e+01  3.76062855e-18  2.35286923e-24  6.82519669e-24  3.75974206e-18  2.16217459e-24  6.31909114e-24
3.98107171e+01  3.75982178e-18  1.75300025e-24  5.10491306e-24  3.75906002e-18  1.62576287e-24  4.75948494e-24
4.64158883e+01  3.75993919e-18  1.30293991e-24  3.80974124e-24  3.75928465e-18  1.21991723e-24  3.57831926e-24
5.41169527e+01  3.76309748e-18  9.66447670e-25  2.83741552e-24  3.76253467e-18  9.13496506e-25  2.68547579e-24
6.30957344e+01  3.75996538e-18  7.15316122e-25  2.10831462e-24  3.75948252e-18  6.82229353e-25  2.01058347e-24
7.35642254e+01  3.75997374e-18  5.28707714e-25  1.56381538e-24  3.75955912e-18  5.08330963e-25  1.50210993e-24
8.57695899e+01  3.75973737e-18  3.90323519e-25  1.15799997e-24  3.75938142e-18  3.77844706e-25  1.11958145e-24
1.00000000e+02  3.75935219e-18  2.87901492e-25  8.56265339e-25  3.75904668e-18  2.80238477e-25  8.32522172e-25
1.16591440e+02  3.76316305e-18  2.14231466e-25  6.37681338e-25  3.76290090e-18  2.03536173e-25  6.07055668e-25
1.35935639e+02  3.76312630e-18  1.57415416e-25  4.69515624e-25  3.76290132e-18  1.50533805e-25  4.49591343e-25
1.58489319e+02  3.76309678e-18  1.15645102e-25  3.45457550e-25  3.76290371e-18  1.11239884e-25  3.32592409e-25
1.84784980e+02  3.76307172e-18  8.49542241e-26  2.54066404e-25  3.76290606e-18  8.21455300e-26  2.45808815e-25
2.15443469e+02  3.76305256e-18  6.24107045e-26  1.86804076e-25  3.76291041e-18  6.06254742e-26  1.81528664e-25
2.51188643e+02  3.76303717e-18  4.58534893e-26  1.37330643e-25  3.76291521e-18  4.47215019e-26  1.33972666e-25
2.92864456e+02  3.76302362e-18  3.36926313e-26  1.00954536e-25  3.76291899e-18  3.29761786e-26  9.88230567e-26
3.41454887e+02  3.76301269e-18  2.47600068e-26  7.42137974e-26  3.76292293e-18  2.43071900e-26  7.28637273e-26
3.98107171e+02  3.76300434e-18  1.81978334e-26  5.45579323e-26  3.76292733e-18  1.79119440e-26  5.37041802e-26
4.64158883e+02  3.76299713e-18  1.33763924e-26  4.01100620e-26  3.76293108e-18  1.31960351e-26  3.95708157e-26
5.41169527e+02  3.76299076e-18  9.83342733e-27  2.94900018e-26  3.76293409e-18  9.71971054e-27  2.91497008e-26
6.30957344e+02  3.76298893e-18  7.22956454e-27  2.16831610e-26  3.76294032e-18  7.15789317e-27  2.14685415e-26
7.35642254e+02  3.76298532e-18  5.31564538e-27  1.59439566e-26  3.76294362e-18  5.27048520e-27  1.58086592e-26
8.57695899e+02  3.76298240e-18  3.90869736e-27  1.17244864e-26  3.76294663e-18  3.88024621e-27  1.16392180e-26
1.00000000e+03  3.76297847e-18  2.87432242e-27  8.62210151e-27  3.76294779e-18  2.85639932e-27  8.56837162e-27
