1.00000000e-04  1.03292834e-15  4.03049638e-16  3.31667259e-16  8.83322368e-16  1.63812377e-16  2.77057797e-16
1.16591440e-04  8.87884648e-16  3.97881003e-16  3.58575209e-16  8.35599727e-16  1.47947767e-16  2.50899934e-16
1.35935639e-04  7.47058072e-16  3.60252681e-16  3.53708523e-16  7.89713595e-16  1.33488836e-16  2.27085917e-16
1.58489319e-04  6.34799747e-16  3.01820432e-16  3.19085453e-16  7.45697956e-16  1.20300186e-16  2.05396884e-16
1.84784980e-04  5.63581728e-16  2.42419236e-16  2.74895308e-16  7.03563358e-16  1.08263078e-16  1.85627754e-16
2.15443469e-04  5.28725434e-16  1.95167797e-16  2.38397850e-16  6.63299795e-16  9.72746172e-17  1.67591714e-16
2.51188643e-04  5.17020299e-16  1.63052823e-16  2.14618789e-16  6.24879968e-16  8.72460617e-17  1.51122597e-16
2.92864456e-04  5.15452845e-16  1.43212154e-16  2.00127337e-16  5.88262734e-16  7.81005863e-17  1.36075393e-16
3.41454887e-04  5.14836277e-16  1.31250088e-16  1.89308874e-16  5.53396502e-16  6.97708009e-17  1.22325198e-16
3.98107171e-04  5.10078935e-16  1.23373242e-16  1.77999665e-16  5.20222491e-16  6.21963016e-17  1.09764925e-16
4.64158883e-04  4.99235242e-16  1.16982702e-16  1.64406622e-16  4.88677723e-16  5.53215165e-17  9.83021934e-17
5.41169527e-04  4.82402476e-16  1.10604528e-16  1.48612044e-16  4.58697685e-16  4.90940628e-17  8.78557925e-17
6.30957344e-04  4.60776505e-16  1.03588833e-16  1.31649957e-16  4.30218571e-16  4.34637604e-17  7.83522267e-17
7.35642254e-04  4.35966096e-16  9.58087851e-17  1.14735676e-16  4.03178987e-16  3.83823272e-17  6.97227955e-17
8.57695899e-04  4.09556066e-16  8.74279816e-17  9.88389547e-17  3.77521060e-16  3.38036631e-17  6.19015948e-17
1.00000000e-03  3.82860954e-16  7.87261254e-17  8.45512946e-17  3.53190889e-16  2.96845080e-17  5.48246373e-17
1.16591440e-03  3.56826702e-16  7.00046255e-17  7.21210403e-17  3.30138367e-16  2.59851945e-17  4.84300700e-17
1.35935639e-03  3.32024497e-16  6.15314861e-17  6.15469998e-17  3.08316456e-16  2.26702025e-17  4.26592387e-17
1.58489319e-03  3.08706688e-16  5.35145177e-17  5.26726606e-17  2.87680058e-16  1.97082693e-17  3.74581649e-17
1.84784980e-03  2.86900386e-16  4.60976526e-17  4.52646202e-17  2.68184649e-16  1.70719188e-17  3.27788755e-17
2.15443469e-03  2.66507213e-16  3.93663482e-17  3.90680051e-17  2.49784898e-16  1.47364485e-17  2.85800115e-17
2.51188643e-03  2.47386345e-16  3.33565891e-17  3.38417226e-17  2.32433545e-16  1.26786161e-17  2.48263017e-17
2.92864456e-03  2.29409014e-16  2.80656882e-17  2.93787974e-17  2.16080931e-16  1.08754301e-17  2.14868794e-17
3.41454887e-03  2.12482987e-16  2.34639538e-17  2.55152263e-17  2.00675510e-16  9.30344443e-18  1.85329232e-17
3.98107171e-03  1.96552547e-16  1.95040176e-17  2.21296735e-17  1.86165449e-16  7.93876069e-18  1.59354523e-17
4.64158883e-03  1.81585261e-16  1.61281557e-17  1.91373717e-17  1.72500988e-16  6.75764001e-18  1.36640416e-17
5.41169527e-03  1.67556236e-16  1.32739743e-17  1.64814119e-17  1.59636808e-16  5.73740811e-18  1.16867722e-17
6.30957344e-03  1.54436775e-16  1.08785548e-17  1.41238111e-17  1.47533633e-16  4.85729567e-18  9.97120233e-18
7.35642254e-03  1.42189942e-16  8.88129836e-18  1.20378963e-17  1.36158614e-16  4.09896859e-18  8.48582383e-18
8.57695899e-03  1.30771968e-16  7.22574068e-18  1.02026962e-17  1.25484484e-16  3.44666666e-18  7.20145352e-18
1.00000000e-02  1.20136654e-16  5.86058035e-18  8.59937628e-18  1.15487902e-16  2.88700038e-18  6.09217395e-18
1.16591440e-02  1.10239831e-16  4.74013079e-18  7.20936606e-18  1.06147457e-16  2.40853292e-18  5.13566612e-18
1.35935639e-02  1.01042019e-16  3.82436543e-18  6.01368257e-18  9.74418171e-17  2.00130019e-18  4.31297590e-18
1.58489319e-02  9.25088357e-17  3.07869021e-18  4.99297344e-18  8.93484057e-17  1.65640438e-18  3.60790661e-18
1.84784980e-02  8.46096755e-17  2.47354680e-18  4.12790695e-18  8.18427900e-17  1.36575866e-18  3.00630380e-18
2.15443469e-02  7.73157438e-17  1.98392420e-18  3.39965968e-18  7.48987969e-17  1.12198603e-18  2.49546798e-18
2.51188643e-02  7.05983263e-17  1.58883434e-18  2.79035950e-18  6.84891294e-17  9.18416425e-19  2.06381196e-18
2.92864456e-02  6.44278378e-17  1.27079080e-18  2.28342133e-18  6.25861581e-17  7.49110670e-19  1.70074471e-18
3.41454887e-02  5.87737160e-17  1.01531489e-18  1.86376051e-18  5.71625840e-17  6.08860978e-19  1.39668166e-18
3.98107171e-02  5.36049164e-17  8.10483713e-19  1.51789530e-18  5.21918175e-17  4.93152151e-19  1.14307657e-18
4.64158883e-02  4.88906574e-17  6.46526669e-19  1.23395938e-18  4.76480939e-17  3.98093483e-19  9.32412833e-19
5.41169527e-02  4.46011074e-17  5.15471814e-19  1.00164773e-18  4.35064302e-17  3.20340412e-19  7.58141964e-19
6.30957344e-02  4.07078354e-17  4.10840467e-19  8.12116679e-19  3.97425388e-17  2.57021437e-19  6.14587865e-19
7.35642254e-02  3.71839834e-17  3.27386276e-19  6.57855679e-19  3.63327686e-17  2.05677133e-19  4.96842799e-19
8.57695899e-02  3.40042137e-17  2.60874454e-19  5.32544646e-19  3.32540932e-17  1.64210831e-19  4.00673064e-19
1.00000000e-01  3.11445285e-17  2.07896441e-19  4.30907513e-19  3.04841306e-17  1.30847050e-19  3.22440131e-19
1.16591440e-01  2.85820536e-17  1.65715491e-19  3.48569725e-19  2.80011723e-17  1.04093921e-19  2.59034737e-19
1.35935639e-01  2.62948532e-17  1.32138903e-19  2.81924963e-19  2.57842078e-17  8.27076113e-20  2.07818726e-19
1.58489319e-01  2.42618066e-17  1.05413008e-19  2.28014320e-19  2.38129460e-17  6.56584621e-20  1.66570790e-19
1.84784980e-01  2.24625538e-17  8.41373744e-20  1.84419492e-19  2.20678331e-17  5.20994509e-20  1.33434623e-19
2.15443469e-01  2.08774952e-17  6.71951254e-20  1.49170285e-19  2.05300759e-17  4.13376729e-20  1.06869805e-19
2.51188643e-01  1.94877934e-17  5.36965827e-20  1.20665787e-19  1.91816347e-17  3.28092148e-20  8.56062886e-20
2.92864456e-01  1.82755231e-17  4.29338909e-20  9.76081589e-20  1.80053516e-17  2.60574729e-20  6.86033569e-20
3.41454887e-01  1.72235990e-17  3.43445080e-20  7.89473354e-20  1.69848565e-17  2.07145974e-20  5.50131515e-20
3.98107171e-01  1.63158862e-17  2.74819323e-20  6.38353390e-20  1.61046597e-17  1.64857907e-20  4.41489282e-20
4.64158883e-01  1.55372104e-17  2.19921989e-20  5.15885650e-20  1.53501537e-17  1.31360345e-20  3.54575654e-20
5.41169527e-01  1.48733685e-17  1.75950162e-20  4.16567471e-20  1.47076211e-17  1.04789275e-20  2.84959695e-20
6.30957344e-01  1.43111233e-17  1.40686215e-20  3.35974573e-20  1.41642336e-17  8.36734065e-21  2.29109539e-20
7.35642254e-01  1.38381922e-17  1.12376212e-20  2.70551744e-20  1.37080480e-17  6.68563535e-21  1.84221996e-20
8.57695899e-01  1.34432272e-17  8.96324351e-21  2.17441502e-20  1.33279957e-17  5.34323143e-21  1.48079486e-20
1.00000000e+00  1.31157975e-17  7.13554455e-21  1.74344391e-20  1.30138746e-17  4.26933224e-21  1.18931083e-20
1.16591440e+00  1.28463715e-17  5.66720816e-21  1.39405773e-20  1.27563408e-17  3.40864053e-21  9.53946906e-21
1.35935639e+00  1.26262985e-17  4.48864412e-21  1.11124816e-20  1.25468986e-17  2.71791569e-21  7.63776213e-21
1.58489319e+00  1.24477930e-17  3.54414353e-21  8.82819920e-21  1.23778927e-17  2.16324007e-21  6.10129429e-21
1.84784980e+00  1.23039306e-17  2.78888823e-21  6.98818803e-21  1.22425099e-17  1.71787614e-21  4.86092091e-21
2.15443469e+00  1.22200612e-17  2.18705036e-21  5.51471338e-21  1.21599815e-17  1.36256957e-21  3.86665057e-21
2.51188643e+00  1.21146883e-17  1.70800211e-21  4.33064864e-21  1.20619172e-17  1.07523577e-21  3.05910779e-21
2.92864456e+00  1.20301247e-17  1.32878180e-21  3.38782163e-21  1.19838947e-17  8.46001870e-22  2.41248846e-21
3.41454887e+00  1.19639308e-17  1.02977801e-21  2.64020003e-21  1.19235240e-17  6.63591459e-22  1.89628456e-21
3.98107171e+00  1.19142979e-17  7.94982556e-22  2.04984796e-21  1.18790542e-17  5.18861217e-22  1.48553651e-21
4.64158883e+00  1.18699020e-17  6.11373611e-22  1.58564587e-21  1.18392337e-17  4.04395634e-22  1.15984680e-21
5.41169527e+00  1.18405885e-17  4.68432473e-22  1.22227964e-21  1.18139378e-17  3.14213434e-22  9.02662958e-22
6.30957344e+00  1.18234927e-17  3.57613148e-22  9.39017886e-22  1.18003610e-17  2.43414511e-22  7.00337884e-22
7.35642254e+00  1.18041960e-17  2.72029584e-22  7.19030769e-22  1.17841578e-17  1.88013921e-22  5.41715810e-22
8.57695899e+00  1.17900855e-17  2.06208362e-22  5.48865136e-22  1.17727483e-17  1.44823936e-22  4.17840073e-22
1.00000000e+01  1.17791566e-17  1.55783873e-22  4.17719242e-22  1.17641737e-17  1.11267431e-22  3.21440271e-22
1.16591440e+01  1.17722042e-17  1.17304532e-22  3.17005763e-22  1.17592659e-17  8.52825618e-23  2.46681134e-22
1.35935639e+01  1.17650200e-17  8.80439702e-23  2.39899913e-22  1.17538598e-17  6.52156135e-23  1.88867362e-22
1.58489319e+01  1.17604351e-17  6.58779734e-23  1.81061836e-22  1.17508151e-17  4.97652151e-23  1.44296222e-22
1.84784980e+01  1.17557201e-17  4.91458212e-23  1.36293586e-22  1.17474344e-17  3.78984063e-23  1.10021040e-22
2.15443469e+01  1.17540116e-17  3.65636739e-23  1.02336973e-22  1.17468777e-17  2.88080294e-23  8.37350959e-23
2.51188643e+01  1.17499305e-17  2.71328452e-23  7.66435645e-23  1.17437929e-17  2.18559799e-23  6.36103653e-23
2.92864456e+01  1.17485205e-17  2.00922067e-23  5.72668370e-23  1.17432411e-17  1.65529615e-23  4.82436574e-23
3.41454887e+01  1.17465195e-17  1.48516058e-23  4.26889785e-23  1.17419805e-17  1.25131380e-23  3.65258196e-23
3.98107171e+01  1.17436167e-17  1.09626491e-23  3.17528930e-23  1.17397157e-17  9.44097400e-24  2.76062392e-23
4.64158883e+01  1.17447320e-17  8.08345322e-24  2.35706949e-23  1.17413797e-17  7.10805100e-24  2.08262982e-23
5.41169527e+01  1.17604068e-17  5.95628827e-24  1.74671149e-23  1.17575237e-17  5.33977236e-24  1.56817569e-23
6.30957344e+01  1.17446186e-17  4.38524857e-24  1.29210038e-23  1.17421450e-17  4.00011273e-24  1.17787427e-23
7.35642254e+01  1.17451689e-17  3.22725730e-24  9.54617873e-24  1.17430446e-17  2.98842249e-24  8.82558762e-24
8.57695899e+01  1.17462373e-17  2.37415209e-24  7.04498886e-24  1.17444130e-17  2.22624182e-24  6.59458798e-24
1.00000000e+02  1.17461765e-17  1.74611200e-24  5.19449156e-24  1.17446103e-17  1.65418763e-24  4.91392644e-24
1.16591440e+02  1.17553759e-17  1.22055201e-24  3.64084354e-24  1.17540338e-17  1.15344023e-24  3.44693631e-24
1.35935639e+02  1.17552200e-17  8.94262089e-25  2.67205190e-24  1.17540683e-17  8.53111922e-25  2.55183034e-24
1.58489319e+02  1.17550959e-17  6.55976633e-25  1.96233195e-24  1.17541075e-17  6.30483761e-25  1.88726773e-24
1.84784980e+02  1.17549901e-17  4.81574902e-25  1.44178059e-24  1.17541420e-17  4.65640288e-25  1.39460048e-24
2.15443469e+02  1.17549085e-17  3.53731275e-25  1.05963396e-24  1.17541808e-17  3.43699524e-25  1.02981674e-24
2.51188643e+02  1.17548396e-17  2.59918134e-25  7.78923188e-25  1.17542152e-17  2.53569430e-25  7.60002504e-25
2.92864456e+02  1.17547794e-17  1.91028505e-25  5.72640698e-25  1.17542437e-17  1.86996844e-25  5.60602974e-25
3.41454887e+02  1.17547335e-17  1.40418474e-25  4.21016674e-25  1.17542739e-17  1.37853336e-25  4.13347672e-25
3.98107171e+02  1.17546954e-17  1.03227383e-25  3.09553754e-25  1.17543011e-17  1.01594153e-25  3.04666341e-25
4.64158883e+02  1.17546601e-17  7.58924441e-26  2.27608195e-25  1.17543219e-17  7.48527190e-26  2.24494758e-25
5.41169527e+02  1.17546330e-17  5.57993572e-26  1.67360811e-25  1.17543429e-17  5.51379430e-26  1.65379259e-25
6.30957344e+02  1.17546131e-17  4.10282373e-26  1.23064619e-25  1.17543642e-17  4.06079338e-26  1.21804972e-25
7.35642254e+02  1.17545913e-17  3.01687793e-26  9.04954986e-26  1.17543778e-17  2.99020221e-26  8.96958206e-26
8.57695899e+02  1.17545759e-17  2.21846681e-26  6.65481551e-26  1.17543928e-17  2.20155773e-26  6.60411614e-26
1.00000000e+03  1.17545618e-17  1.63142280e-26  4.89395266e-26  1.17544047e-17  1.62071744e-26  4.86184964e-26
