1.00000000e-04  1.10540238e-15  1.28629612e-16  2.41144408e-16  7.27812108e-16  1.34378703e-16  2.32561274e-16
1.16591440e-04  1.01558339e-15  1.07989966e-16  1.95521869e-16  6.86638463e-16  1.20457042e-16  2.09062474e-16
1.35935639e-04  9.27423614e-16  9.62633804e-17  1.66114713e-16  6.46954748e-16  1.07890307e-16  1.87797775e-16
1.58489319e-04  8.43195316e-16  9.15723633e-17  1.50742218e-16  6.08826915e-16  9.65422277e-17  1.68575628e-16
1.84784980e-04  7.64468236e-16  9.18931840e-17  1.45788153e-16  5.72297924e-16  8.62894696e-17  1.51206057e-16
2.15443469e-04  6.92257658e-16  9.52023505e-17  1.46761721e-16  5.37388735e-16  7.70228522e-17  1.35507657e-16
2.51188643e-04  6.27121368e-16  9.96305580e-17  1.49136045e-16  5.04100259e-16  6.86472891e-17  1.21312746e-16
2.92864456e-04  5.69205838e-16  1.03614977e-16  1.49259144e-16  4.72415994e-16  6.10807203e-17  1.08470584e-16
3.41454887e-04  5.18274114e-16  1.06009693e-16  1.45004643e-16  4.42305062e-16  5.42523349e-17  9.68487332e-17
3.98107171e-04  4.73767037e-16  1.06143276e-16  1.35960924e-16  4.13725441e-16  4.81003816e-17  8.63327738e-17
4.64158883e-04  4.34892838e-16  1.03804168e-16  1.23115955e-16  3.86627214e-16  4.25698613e-17  7.68246622e-17
5.41169527e-04  4.00731616e-16  9.91628963e-17  1.08216163e-16  3.60955696e-16  3.76103796e-17  6.82400924e-17
6.30957344e-04  3.70354554e-16  9.26472744e-17  9.30955758e-17  3.36654312e-16  3.31744122e-17  6.05052856e-17
7.35642254e-04  3.42929853e-16  8.48263771e-17  7.91707960e-17  3.13667052e-16  2.92161599e-17  5.35536923e-17
8.57695899e-04  3.17789335e-16  7.62849925e-17  6.72249008e-17  2.91940351e-16  2.56910660e-17  4.73230979e-17
1.00000000e-03  2.94454469e-16  6.75348312e-17  5.74448252e-17  2.71424249e-16  2.25559318e-17  4.17535223e-17
1.16591440e-03  2.72631161e-16  5.89787726e-17  4.96179426e-17  2.52072781e-16  1.97694607e-17  3.67861139e-17
1.35935639e-03  2.52166735e-16  5.09015137e-17  4.33442791e-17  2.33843667e-16  1.72930046e-17  3.23630146e-17
1.58489319e-03  2.32993984e-16  4.34812140e-17  3.82008090e-17  2.16697454e-16  1.50912937e-17  2.84279823e-17
1.84784980e-03  2.15079348e-16  3.68086502e-17  3.38339022e-17  2.00596375e-16  1.31329865e-17  2.49274563e-17
2.15443469e-03  1.98390307e-16  3.09128407e-17  2.99929726e-17  1.85503156e-16  1.13909467e-17  2.18117552e-17
2.51188643e-03  1.82878486e-16  2.57788698e-17  2.65235276e-17  1.71379952e-16  9.84221272e-18  1.90361540e-17
2.92864456e-03  1.68478133e-16  2.13630078e-17  2.33434740e-17  1.58187537e-16  8.46766325e-18  1.65616623e-17
3.41454887e-03  1.55112939e-16  1.76045349e-17  2.04169922e-17  1.45884775e-16  7.25141256e-18  1.43553763e-17
3.98107171e-03  1.42704919e-16  1.44344617e-17  1.77330427e-17  1.34428375e-16  6.18000181e-18  1.23903042e-17
4.64158883e-03  1.31181381e-16  1.17816788e-17  1.52905572e-17  1.23772954e-16  5.24150515e-18  1.06446182e-17
5.41169527e-03  1.20478438e-16  9.57706861e-18  1.30896835e-17  1.13871462e-16  4.42471631e-18  9.10039919e-18
6.30957344e-03  1.10541290e-16  7.75606343e-18  1.11274994e-17  1.04676058e-16  3.71858501e-18  7.74211357e-18
7.35642254e-03  1.01322427e-16  6.26005728e-18  9.39658050e-18  9.61393828e-17  3.11200042e-18  6.55519284e-18
8.57695899e-03  9.27791399e-17  5.03700614e-18  7.88515933e-18  8.82160442e-17  2.59389777e-18  5.52506836e-18
1.00000000e-02  8.48713991e-17  4.04147935e-18  6.57802468e-18  8.08639414e-17  2.15355713e-18  4.63682293e-18
1.16591440e-02  7.75606131e-17  3.23436254e-18  5.45765248e-18  7.40450958e-17  1.78093141e-18  3.87537546e-18
1.35935639e-02  7.08093149e-17  2.58235899e-18  4.50530001e-18  6.77258185e-17  1.46688252e-18  3.22595397e-18
1.58489319e-02  6.45814738e-17  2.05739241e-18  3.70194154e-18  6.18762903e-17  1.20327983e-18  2.67459635e-18
1.84784980e-02  5.88430544e-17  1.63598032e-18  3.02900525e-18  5.64697941e-17  9.82978210e-19  2.20850579e-18
2.15443469e-02  5.35624739e-17  1.29862153e-18  2.46891242e-18  5.14818757e-17  7.99724350e-19  1.81620481e-18
2.51188643e-02  4.87107883e-17  1.02922318e-18  2.00543777e-18  4.68896359e-17  6.48041082e-19  1.48751936e-18
2.92864456e-02  4.42615685e-17  8.14580469e-19  1.62391808e-18  4.26712556e-17  5.23123903e-19  1.21346585e-18
3.41454887e-02  4.01905454e-17  6.43914092e-19  1.31133795e-18  3.88057431e-17  4.20762756e-19  9.86111710e-19
3.98107171e-02  3.64751479e-17  5.08465683e-19  1.05632167e-18  3.52728330e-17  3.37286295e-19  7.98453607e-19
4.64158883e-02  3.30940415e-17  4.01148717e-19  8.49057603e-19  3.20529461e-17  2.69518480e-19  6.44326983e-19
5.41169527e-02  3.00267502e-17  3.16250693e-19  6.81178727e-19  2.91271520e-17  2.14737878e-19  5.18339533e-19
6.30957344e-02  2.72533978e-17  2.49181775e-19  5.45618714e-19  2.64771179e-17  1.70634696e-19  4.15814739e-19
7.35642254e-02  2.47545636e-17  1.96264634e-19  4.36458624e-19  2.40850440e-17  1.35265030e-19  3.32734706e-19
8.57695899e-02  2.25112339e-17  1.54560321e-19  3.48775203e-19  2.19336099e-17  1.07004474e-19  2.65678350e-19
1.00000000e-01  2.05048198e-17  1.21725131e-19  2.78497928e-19  2.00059420e-17  8.45036836e-20  2.11756070e-19
1.16591440e-01  1.87172135e-17  9.58937448e-20  2.22278945e-19  1.82856076e-17  6.66477392e-20  1.68544328e-19
1.35935639e-01  1.71308630e-17  7.55843727e-20  1.77377724e-19  1.67566360e-17  5.25201520e-20  1.34023357e-19
1.58489319e-01  1.57288503e-17  5.96220914e-20  1.41560655e-19  1.54035577e-17  4.13715280e-20  1.06520048e-19
1.84784980e-01  1.44949659e-17  4.70770752e-20  1.13014819e-19  1.42114553e-17  3.25925047e-20  8.46567947e-20
2.15443469e-01  1.34137724e-17  3.72149418e-20  9.02746746e-20  1.31660203e-17  2.56904507e-20  6.73062870e-20
2.51188643e-01  1.24706563e-17  2.94568856e-20  7.21601491e-20  1.22536068e-17  2.02694460e-20  5.35518240e-20
2.92864456e-01  1.16518368e-17  2.33477020e-20  5.77246745e-20  1.14612520e-17  1.60131479e-20  4.26526486e-20
3.41454887e-01  1.09444674e-17  1.85301867e-20  4.62118341e-20  1.07767929e-17  1.26702387e-20  3.40139143e-20
3.98107171e-01  1.03365439e-17  1.47246155e-20  3.70192290e-20  1.01887910e-17  1.00421149e-20  2.71607164e-20
4.64158883e-01  9.81695278e-18  1.17123725e-20  2.96686589e-20  9.68659919e-18  7.97261935e-21  2.17160061e-20
5.41169527e-01  9.37544161e-18  9.32287885e-21  2.37815375e-20  9.26034764e-18  6.33952071e-21  1.73818901e-20
6.30957344e-01  9.00259178e-18  7.42319324e-21  1.90587621e-20  8.90093126e-18  5.04751678e-21  1.39239976e-20
7.35642254e-01  8.68978461e-18  5.90975744e-21  1.52643168e-20  8.59998850e-18  4.02253423e-21  1.11585344e-20
8.57695899e-01  8.42916115e-18  4.70186833e-21  1.22119986e-20  8.34987182e-18  3.20712275e-21  8.94167118e-21
1.00000000e+00  8.21357908e-18  3.73653703e-21  9.75474569e-21  8.14361341e-18  2.55676305e-21  7.16092994e-21
1.16591440e+00  8.03656852e-18  2.96446274e-21  7.77612538e-21  7.97488831e-18  2.03693284e-21  5.72826558e-21
1.35935639e+00  7.89229108e-18  2.34690073e-21  6.18360735e-21  7.83797942e-18  1.62079729e-21  4.57456954e-21
1.58489319e+00  7.80433364e-18  1.85476367e-21  4.90905406e-21  7.75531713e-18  1.29130220e-21  3.65652070e-21
1.84784980e+00  7.69953316e-18  1.45993752e-21  3.87883456e-21  7.65629027e-18  1.02240683e-21  2.90337511e-21
2.15443469e+00  7.61476111e-18  1.14556682e-21  3.05473254e-21  7.57671537e-18  8.07580723e-22  2.29917767e-21
2.51188643e+00  7.54935379e-18  8.95920292e-22  2.39746426e-21  7.51595661e-18  6.36184306e-22  1.81536497e-21
2.92864456e+00  7.49649876e-18  6.98245773e-22  1.87489987e-21  7.46725502e-18  4.99674494e-22  1.42878020e-21
3.41454887e+00  7.45493817e-18  5.42275760e-22  1.46099984e-21  7.42938656e-18  3.91245440e-22  1.12083895e-21
3.98107171e+00  7.42322067e-18  4.19658577e-22  1.13442106e-21  7.40093972e-18  3.05375502e-22  8.76344219e-22
4.64158883e+00  7.39434093e-18  3.23622229e-22  8.77743318e-22  7.37495665e-18  2.37589816e-22  6.82898364e-22
5.41169527e+00  7.37530750e-18  2.48716464e-22  6.76874362e-22  7.35846441e-18  1.84288907e-22  5.30478032e-22
6.30957344e+00  7.36491779e-18  1.90515243e-22  5.20295605e-22  7.35029808e-18  1.42526514e-22  4.10831855e-22
7.35642254e+00  7.35259155e-18  1.45450000e-22  3.98667207e-22  7.33992655e-18  1.09907609e-22  3.17220873e-22
8.57695899e+00  7.34358013e-18  1.10689740e-22  3.04553419e-22  7.33262178e-18  8.45249336e-23  2.44262606e-22
1.00000000e+01  7.33652290e-18  8.39728194e-23  2.31984909e-22  7.32705219e-18  6.48387985e-23  1.87596097e-22
1.16591440e+01  7.33277229e-18  6.35125732e-23  1.76228497e-22  7.32459236e-18  4.96230761e-23  1.43739158e-22
1.35935639e+01  7.32859509e-18  4.78902814e-23  1.33507919e-22  7.32153823e-18  3.78916259e-23  1.09882273e-22
1.58489319e+01  7.32654172e-18  3.60038547e-23  1.00883029e-22  7.32045723e-18  2.88743626e-23  8.38279702e-23
1.84784980e+01  7.32445673e-18  2.69875919e-23  7.60352066e-23  7.31921473e-18  2.19592192e-23  6.38252752e-23
2.15443469e+01  7.32397952e-18  2.01716019e-23  5.71661301e-23  7.31946541e-18  1.66693040e-23  4.85077489e-23
2.51188643e+01  7.32191540e-18  1.50340349e-23  4.28704702e-23  7.31803133e-18  1.26292034e-23  3.67974369e-23
2.92864456e+01  7.32105761e-18  1.11763447e-23  3.20740683e-23  7.31771671e-18  9.55124529e-24  2.78675130e-23
3.41454887e+01  7.31956452e-18  8.28895314e-24  2.39404317e-23  7.31669227e-18  7.20974311e-24  2.10679518e-23
3.98107171e+01  7.31729115e-18  6.13539087e-24  1.78303086e-23  7.31482270e-18  5.43167897e-24  1.58998129e-23
4.64158883e+01  7.31753312e-18  4.53406392e-24  1.32522104e-23  7.31541187e-18  4.08341473e-24  1.19770666e-23
5.41169527e+01  7.32744880e-18  3.34698232e-24  9.83225148e-24  7.32562442e-18  3.06306235e-24  9.00499475e-24
6.30957344e+01  7.31602169e-18  2.46779917e-24  7.28076955e-24  7.31445682e-18  2.29117788e-24  6.75327372e-24
7.35642254e+01  7.31569257e-18  1.81848002e-24  5.38422285e-24  7.31434891e-18  1.70939784e-24  5.05270480e-24
8.57695899e+01  7.31641871e-18  1.33927001e-24  3.97689593e-24  7.31526499e-18  1.27196288e-24  3.77050450e-24
1.00000000e+02  7.31642625e-18  9.85906669e-25  2.93446132e-24  7.31543583e-18  9.44215793e-25  2.80641169e-24
1.16591440e+02  7.32344406e-18  7.16413367e-25  2.13504540e-24  7.32259531e-18  6.70619435e-25  2.00312814e-24
1.35935639e+02  7.32334743e-18  5.24412545e-25  1.56580664e-24  7.32261901e-18  4.96055166e-25  1.48325482e-24
1.58489319e+02  7.32326727e-18  3.84193503e-25  1.14868407e-24  7.32264218e-18  3.66635054e-25  1.09716165e-24
1.84784980e+02  7.32320195e-18  2.81678029e-25  8.42984941e-25  7.32266556e-18  2.70795812e-25  8.10862958e-25
2.15443469e+02  7.32314996e-18  2.06648514e-25  6.18864159e-25  7.32268973e-18  1.99893210e-25  5.98836238e-25
2.51188643e+02  7.32310321e-18  1.51684414e-25  4.54480464e-25  7.32270833e-18  1.47482591e-25  4.41982836e-25
2.92864456e+02  7.32306819e-18  1.11387000e-25  3.33856545e-25  7.32272940e-18  1.08767798e-25  3.26047835e-25
3.41454887e+02  7.32303930e-18  8.18230996e-26  2.45306957e-25  7.32274866e-18  8.01868831e-26  2.40420513e-25
3.98107171e+02  7.32301454e-18  6.01222293e-26  1.80279890e-25  7.32276520e-18  5.90979792e-26  1.77217248e-25
4.64158883e+02  7.32299201e-18  4.41862834e-26  1.32512339e-25  7.32277811e-18  4.35439131e-26  1.30589841e-25
5.41169527e+02  7.32297111e-18  3.24798602e-26  9.74146111e-26  7.32278762e-18  3.20763250e-26  9.62061165e-26
6.30957344e+02  7.32296469e-18  2.38780773e-26  7.16208074e-26  7.32280729e-18  2.36242210e-26  7.08602069e-26
7.35642254e+02  7.32295147e-18  1.75562350e-26  5.26614788e-26  7.32281646e-18  1.73963530e-26  5.21822783e-26
8.57695899e+02  7.32293847e-18  1.29092606e-26  3.87238884e-26  7.32282266e-18  1.28084711e-26  3.84217253e-26
1.00000000e+03  7.32293085e-18  9.49295790e-27  2.84767744e-26  7.32283151e-18  9.42937447e-27  2.82861190e-26
