1.00000000e-04  6.38839571e-16  2.92474235e-16  2.84737011e-16  5.44025744e-16  9.61353211e-17  1.71166536e-16
1.16591440e-04  6.09967506e-16  2.68426636e-16  2.43821212e-16  5.08763284e-16  8.53381945e-17  1.52402805e-16
1.35935639e-04  5.76326939e-16  2.42588388e-16  2.07716443e-16  4.75145060e-16  7.56776766e-17  1.35609183e-16
1.58489319e-04  5.39964328e-16  2.16088999e-16  1.77429036e-16  4.43198954e-16  6.70209071e-17  1.20583791e-16
1.84784980e-04  5.02631531e-16  1.89950033e-16  1.52851325e-16  4.12929384e-16  5.92498865e-17  1.07132752e-16
2.15443469e-04  4.65685160e-16  1.64995037e-16  1.33169596e-16  3.84319806e-16  5.22620406e-17  9.50754765e-17
2.51188643e-04  4.30057343e-16  1.41797138e-16  1.17270549e-16  3.57335744e-16  4.59698582e-17  8.42482073e-17
2.92864456e-04  3.96312518e-16  1.20706601e-16  1.04072287e-16  3.31928040e-16  4.02998783e-17  7.45059989e-17
3.41454887e-04  3.64722849e-16  1.01881954e-16  9.27008434e-17  3.08036047e-16  3.51912465e-17  6.57234231e-17
3.98107171e-04  3.35354181e-16  8.53366421e-17  8.25480386e-17  2.85590609e-16  3.05940019e-17  5.77943011e-17
4.64158883e-04  3.08141970e-16  7.09836244e-17  7.32491946e-17  2.64516754e-16  2.64671860e-17  5.06307021e-17
5.41169527e-04  2.82950403e-16  5.86721795e-17  6.46233243e-17  2.44736131e-16  2.27768214e-17  4.41613426e-17
6.30957344e-04  2.59614587e-16  4.82159127e-17  5.66068572e-17  2.26169295e-16  1.94938136e-17  3.83294154e-17
7.35642254e-04  2.37968268e-16  3.94129621e-17  4.91978253e-17  2.08737950e-16  1.65918684e-17  3.30898261e-17
8.57695899e-04  2.17860005e-16  3.20600097e-17  4.24163882e-17  1.92367239e-16  1.40456038e-17  2.84058881e-17
1.00000000e-03  1.99160493e-16  2.59615902e-17  3.62810087e-17  1.76988031e-16  1.18290888e-17  2.42457085e-17
1.16591440e-03  1.81763627e-16  2.09359177e-17  3.07967808e-17  1.62538923e-16  9.91502944e-18  2.05787318e-17
1.35935639e-03  1.65583621e-16  1.68181620e-17  2.59519043e-17  1.48967575e-16  8.27470122e-18  1.73730292e-17
1.58489319e-03  1.50550267e-16  1.34618837e-17  2.17188952e-17  1.36230995e-16  6.87853614e-18  1.45938051e-17
1.84784980e-03  1.36603871e-16  1.07391684e-17  1.80580448e-17  1.24294646e-16  5.69710785e-18  1.22032587e-17
2.15443469e-03  1.23690909e-16  8.53987790e-18  1.49215267e-17  1.13130566e-16  4.70219559e-18  1.01615529e-17
2.51188643e-03  1.11760883e-16  6.77034004e-18  1.22572409e-17  1.02714976e-16  3.86766265e-18  8.42838898e-18
2.92864456e-03  1.00764464e-16  5.35172369e-18  1.00119749e-17  9.30259038e-17  3.17001055e-18  6.96466108e-18
3.41454887e-03  9.06526930e-17  4.21828341e-18  8.13376299e-18  8.40412462e-17  2.58859389e-18  5.73380608e-18
3.98107171e-03  8.13769277e-17  3.31560552e-18  6.57349275e-18  7.57374759e-17  2.10556306e-18  4.70267051e-18
4.64158883e-03  7.28891642e-17  2.59894452e-18  5.28588871e-18  6.80890074e-17  1.70563241e-18  3.84188892e-18
5.41169527e-03  6.51424528e-17  2.03170388e-18  4.23001670e-18  6.10681020e-17  1.37576595e-18  3.12587166e-18
6.30957344e-03  5.80912290e-17  1.58408837e-18  3.36944583e-18  5.46451382e-17  1.10484919e-18  2.53253742e-18
7.35642254e-03  5.16914665e-17  1.23193518e-18  2.67217828e-18  4.87890682e-17  8.83389439e-19  2.04291765e-18
8.57695899e-03  4.59006637e-17  9.55717633e-19  2.11043162e-18  4.34679209e-17  7.03263778e-19  1.64073147e-18
1.00000000e-02  4.06777123e-17  7.39707351e-19  1.66033352e-18  3.86492598e-17  5.57517495e-19  1.31199253e-18
1.16591440e-02  3.59827271e-17  5.71276197e-19  1.30157017e-18  3.43005556e-17  4.40205768e-19  1.04467683e-18
1.35935639e-02  3.17769003e-17  4.40318649e-19  1.01701580e-18  3.03894727e-17  3.46267347e-19  8.28455573e-19
1.58489319e-02  2.80224296e-17  3.38775784e-19  7.92361590e-19  2.68840936e-17  2.71419127e-19  6.54482386e-19
1.84784980e-02  2.46825392e-17  2.60244080e-19  6.15756018e-19  2.37531081e-17  2.12063295e-19  5.15219251e-19
2.15443469e-02  2.17215871e-17  1.99654595e-19  4.77465205e-19  2.09659920e-17  1.65202158e-19  4.04286746e-19
2.51188643e-02  1.91052327e-17  1.53010348e-19  3.69558762e-19  1.84931844e-17  1.28358606e-19  3.16328494e-19
2.92864456e-02  1.68006395e-17  1.17171913e-19  2.85624937e-19  1.63062649e-17  9.95020847e-20  2.46884723e-19
3.41454887e-02  1.47766772e-17  8.96829169e-20  2.20516897e-19  1.43781233e-17  7.69806494e-20  1.92273317e-19
3.98107171e-02  1.30040997e-17  6.86285715e-20  1.70130609e-19  1.26831109e-17  5.94598062e-20  1.49478866e-19
4.64158883e-02  1.14556819e-17  5.25215458e-20  1.31213483e-19  1.11971657e-17  4.58685114e-20  1.16050855e-19
5.41169527e-02  1.01063026e-17  4.02103504e-20  1.01201964e-19  9.89789997e-18  3.53523317e-20  9.00120488e-20
6.30957344e-02  8.93297617e-18  3.08062123e-20  7.80855977e-20  8.76465251e-18  2.72334446e-20  6.97776113e-20
7.35642254e-02  7.91483348e-18  2.36250176e-20  6.02946524e-20  7.77850165e-18  2.09769231e-20  5.40849357e-20
8.57695899e-02  7.03306100e-18  1.81414767e-20  4.66082741e-20  6.92224361e-18  1.61626470e-20  4.19337241e-20
1.00000000e-01  6.27080552e-18  1.39531216e-20  3.60801715e-20  6.18034044e-18  1.24621353e-20  3.25355147e-20
1.16591440e-01  5.61305482e-18  1.07521641e-20  2.79790200e-20  5.53884374e-18  9.61961054e-21  2.52716863e-20
1.35935639e-01  5.04650242e-18  8.30359828e-21  2.17410462e-20  4.98530017e-18  7.43665309e-21  1.96588943e-20
1.58489319e-01  4.55940395e-18  6.42822905e-21  1.69325618e-20  4.50864485e-18  5.75985941e-21  1.53208985e-20
1.84784980e-01  4.14143093e-18  4.98956693e-21  1.32205350e-20  4.09908754e-18  4.47098752e-21  1.19658001e-20
2.15443469e-01  3.78352684e-18  3.88374063e-21  1.03495973e-20  3.74799631e-18  3.47914120e-21  9.36779576e-21
2.51188643e-01  3.47776838e-18  3.03175376e-21  8.12415564e-21  3.44778192e-18  2.71460829e-21  7.35265268e-21
2.92864456e-01  3.21722206e-18  2.37355321e-21  6.39452387e-21  3.19177325e-18  2.12402797e-21  5.78621449e-21
3.41454887e-01  2.99586135e-18  1.86350565e-21  5.04623800e-21  2.97414958e-18  1.66663062e-21  4.56538941e-21
3.98107171e-01  2.80840788e-18  1.46693086e-21  3.99177785e-21  2.78979415e-18  1.31130199e-21  3.61105064e-21
4.64158883e-01  2.65818369e-18  1.15739178e-21  3.16493241e-21  2.64486308e-18  1.03914402e-21  2.87606175e-21
5.41169527e-01  2.52282724e-18  9.14990247e-22  2.51271311e-21  2.51101980e-18  8.20562554e-22  2.28164406e-21
6.30957344e-01  2.40990610e-18  7.24447965e-22  1.99735500e-21  2.39944347e-18  6.49232171e-22  1.81302109e-21
7.35642254e-01  2.31612392e-18  5.74120931e-22  1.58872515e-21  2.30685842e-18  5.14382533e-22  1.44212529e-21
8.57695899e-01  2.23853268e-18  4.55134957e-22  1.26374428e-21  2.23033445e-18  4.07844700e-22  1.14755311e-21
1.00000000e+00  2.17485985e-18  3.60707587e-22  1.00468266e-21  2.16761326e-18  3.23407033e-22  9.12937586e-22
1.16591440e+00  2.12300362e-18  2.85626785e-22  7.97840399e-22  2.11660560e-18  2.56320732e-22  7.25689418e-22
1.35935639e+00  2.08093797e-18  2.25844426e-22  6.32508413e-22  2.07529730e-18  2.02914975e-22  5.76007765e-22
1.58489319e+00  2.04708482e-18  1.78229536e-22  5.00361139e-22  2.04211942e-18  1.60366686e-22  4.56310810e-22
1.84784980e+00  2.02007802e-18  1.40322565e-22  3.94817079e-22  2.01571412e-18  1.26468263e-22  3.60627660e-22
2.15443469e+00  1.99830234e-18  1.10177332e-22  3.10636114e-22  1.99447439e-18  9.94798837e-23  2.84219787e-22
2.51188643e+00  1.98149682e-18  8.62581660e-23  2.43663056e-22  1.97814402e-18  7.80348041e-23  2.23343680e-22
2.92864456e+00  1.96794529e-18  6.73198525e-23  1.90505387e-22  1.96501457e-18  6.10258826e-23  1.74944098e-22
3.41454887e+00  1.95727878e-18  5.23732807e-23  1.48457750e-22  1.95472149e-18  4.75764378e-23  1.36590865e-22
3.98107171e+00  1.94917713e-18  4.06153707e-23  1.15311818e-22  1.94694938e-18  3.69745531e-23  1.06299191e-22
4.64158883e+00  1.94200183e-18  3.13962212e-23  8.92724770e-23  1.94006529e-18  2.86438127e-23  8.24544208e-23
5.41169527e+00  1.93729056e-18  2.41983812e-23  6.89065373e-23  1.93560869e-18  2.21256245e-23  6.37680925e-23
6.30957344e+00  1.93462563e-18  1.85983014e-23  5.30352555e-23  1.93316609e-18  1.70432743e-23  4.91767594e-23
7.35642254e+00  1.93164086e-18  1.42530990e-23  4.07008152e-23  1.93037678e-18  1.30908850e-23  3.78137909e-23
8.57695899e+00  1.92962881e-18  1.08948062e-23  3.11538097e-23  1.92853505e-18  1.00295200e-23  2.90013740e-23
1.00000000e+01  1.92812164e-18  8.30723646e-24  2.37875068e-23  1.92717625e-18  7.66562299e-24  2.21886246e-23
1.16591440e+01  1.92692318e-18  6.31925085e-24  1.81204979e-23  1.92610685e-18  5.84558270e-24  1.69374183e-23
1.35935639e+01  1.92582862e-18  4.79601369e-24  1.37726911e-23  1.92512448e-18  4.44805781e-24  1.29010049e-23
1.58489319e+01  1.92513559e-18  3.63204749e-24  1.04462130e-23  1.92452867e-18  3.37790356e-24  9.80705527e-24
1.84784980e+01  1.92455771e-18  2.74468615e-24  7.90712506e-24  1.92403498e-18  2.56032596e-24  7.44110179e-24
2.15443469e+01  1.92445389e-18  2.06990565e-24  5.97397031e-24  1.92400384e-18  1.93727074e-24  5.63646066e-24
2.51188643e+01  1.92406186e-18  1.55770795e-24  4.50474316e-24  1.92367463e-18  1.46324908e-24  4.26229079e-24
2.92864456e+01  1.92394093e-18  1.16979882e-24  3.39055512e-24  1.92360784e-18  1.10336037e-24  3.21810909e-24
3.41454887e+01  1.92361591e-18  8.76540032e-25  2.54697865e-24  1.92332954e-18  8.30514584e-25  2.42579958e-24
3.98107171e+01  1.92300613e-18  6.55289264e-25  1.90944214e-24  1.92276004e-18  6.23981025e-25  1.82552088e-24
4.64158883e+01  1.92300143e-18  4.88756374e-25  1.42858740e-24  1.92278996e-18  4.67906659e-25  1.37146025e-24
5.41169527e+01  1.92501453e-18  3.63741314e-25  1.06670559e-24  1.92483266e-18  3.50178856e-25  1.02857397e-24
6.30957344e+01  1.92266755e-18  2.70016757e-25  7.94554406e-25  1.92251157e-18  2.61402846e-25  7.69636842e-25
7.35642254e+01  1.92284943e-18  2.00076878e-25  5.90729665e-25  1.92271547e-18  1.94719510e-25  5.74787162e-25
8.57695899e+01  1.92315793e-18  1.48009034e-25  4.38365875e-25  1.92304289e-18  1.44722952e-25  4.28351476e-25
1.00000000e+02  1.92323037e-18  1.09344809e-25  3.24739750e-25  1.92313160e-18  1.07337070e-25  3.18529241e-25
1.16591440e+02  1.92509579e-18  8.14349319e-26  2.42136314e-25  1.92501103e-18  7.86494963e-26  2.34231498e-25
1.35935639e+02  1.92508036e-18  5.99785041e-26  1.78729814e-25  1.92500762e-18  5.81599516e-26  1.73502884e-25
1.58489319e+02  1.92506831e-18  4.41490870e-26  1.31783468e-25  1.92500589e-18  4.29694827e-26  1.28358562e-25
1.84784980e+02  1.92505795e-18  3.24844975e-26  9.70906804e-26  1.92500438e-18  3.17233592e-26  9.48631857e-26
2.15443469e+02  1.92504931e-18  2.38957501e-26  7.14899433e-26  1.92500335e-18  2.34067100e-26  7.00499611e-26
2.51188643e+02  1.92504446e-18  1.75751662e-26  5.26185494e-26  1.92500503e-18  1.72620313e-26  5.16921976e-26
2.92864456e+02  1.92503938e-18  1.29253118e-26  3.87180844e-26  1.92500555e-18  1.27253695e-26  3.81244921e-26
3.41454887e+02  1.92503513e-18  9.50527880e-27  2.84845829e-26  1.92500611e-18  9.37790281e-27  2.81054164e-26
3.98107171e+02  1.92503202e-18  6.99011276e-27  2.09534659e-26  1.92500712e-18  6.90911721e-27  2.07118797e-26
4.64158883e+02  1.92502879e-18  5.14051714e-27  1.54124458e-26  1.92500743e-18  5.08909238e-27  1.52588315e-26
5.41169527e+02  1.92502600e-18  3.78040085e-27  1.13362890e-26  1.92500768e-18  3.74779159e-27  1.12387712e-26
6.30957344e+02  1.92502678e-18  2.78022250e-27  8.33801591e-27  1.92501107e-18  2.75956557e-27  8.27619045e-27
7.35642254e+02  1.92502497e-18  2.04471552e-27  6.13271541e-27  1.92501149e-18  2.03164094e-27  6.09355967e-27
8.57695899e+02  1.92502332e-18  1.50382865e-27  4.51071337e-27  1.92501176e-18  1.49555888e-27  4.48593582e-27
1.00000000e+03  1.92502153e-18  1.10605082e-27  3.31773529e-27  1.92501161e-18  1.10082303e-27  3.30206675e-27
