1.00000000e-04  3.09526385e-16  1.05633005e-16  1.41835279e-16  2.14796146e-16  4.25325220e-17  8.22227239e-17
1.16591440e-04  2.79258864e-16  8.55855004e-17  1.21273691e-16  1.98781047e-16  3.59234673e-17  7.06551030e-17
1.35935639e-04  2.51648207e-16  6.90025133e-17  1.02729003e-16  1.83231696e-16  3.01346012e-17  6.02597598e-17
1.58489319e-04  2.26359366e-16  5.53617159e-17  8.62295477e-17  1.68215681e-16  2.51143183e-17  5.10136253e-17
1.84784980e-04  2.03142835e-16  4.42036963e-17  7.17456204e-17  1.53799147e-16  2.08031660e-17  4.28765974e-17
2.15443469e-04  1.81815024e-16  3.51277471e-17  5.91947040e-17  1.40043962e-16  1.71357955e-17  3.57917650e-17
2.51188643e-04  1.62240201e-16  2.77868782e-17  4.84521222e-17  1.27004623e-16  1.40434701e-17  2.96872523e-17
2.92864456e-04  1.44314710e-16  2.18826557e-17  3.93636404e-17  1.14725410e-16  1.14568021e-17  2.44795235e-17
3.41454887e-04  1.27953937e-16  1.71601664e-17  3.17578220e-17  1.03238218e-16  9.30834528e-18  2.00776477e-17
3.98107171e-04  1.13082296e-16  1.34032380e-17  2.54569070e-17  9.25613688e-17  7.53473342e-18  1.63878577e-17
4.64158883e-04  9.96262185e-17  1.04299514e-17  2.02856170e-17  8.26994963e-17  6.07818373e-18  1.33177604e-17
5.41169527e-04  8.75098911e-17  8.08844103e-18  1.60777134e-17  7.36443734e-17  4.88732738e-18  1.07797329e-17
6.30957344e-04  7.66532980e-17  6.25298109e-18  1.26804164e-17  6.53764487e-17  3.91744592e-18  8.69329063e-18
7.35642254e-04  6.69720070e-17  4.82035643e-18  9.95694661e-18  5.78667901e-17  3.13025543e-18  6.98642645e-18
8.57695899e-04  5.83781348e-17  3.70653212e-18  7.78754190e-18  5.10791758e-17  2.49339791e-18  5.59607721e-18
1.00000000e-03  5.07819712e-17  2.84363522e-18  6.06932242e-18  4.49721238e-17  1.97978034e-18  4.46794010e-18
1.16591440e-03  4.40938441e-17  2.17726087e-18  4.71535441e-18  3.95007291e-17  1.56686832e-18  3.55586664e-18
1.35935639e-03  3.82259229e-17  1.66410687e-18  3.65321893e-18  3.46182458e-17  1.23600457e-18  2.82102915e-18
1.58489319e-03  3.30937731e-17  1.26993032e-18  2.82332911e-18  3.02773920e-17  9.71790920e-19  2.23100448e-18
1.84784980e-03  2.86175665e-17  9.67810287e-19  2.17717787e-18  2.64313914e-17  7.61550081e-19  1.75887090e-18
2.15443469e-03  2.47229244e-17  7.36692573e-19  1.67564125e-18  2.30347800e-17  5.94868216e-19  1.38237357e-18
2.51188643e-03  2.13414167e-17  5.60187100e-19  1.28741409e-18  2.00440073e-17  4.63211675e-19  1.08318361e-18
2.92864456e-03  1.84107674e-17  4.25586278e-19  9.87619397e-19  1.74178685e-17  3.59607760e-19  8.46257092e-19
3.41454887e-03  1.58748246e-17  3.23072304e-19  7.56605275e-19  1.51177928e-17  2.78378860e-19  6.59288544e-19
3.98107171e-03  1.36833564e-17  2.45083128e-19  5.78926607e-19  1.31080158e-17  2.14920428e-19  5.12248995e-19
4.64158883e-03  1.17917258e-17  1.85809482e-19  4.42497941e-19  1.13556554e-17  1.65514899e-19  3.96996783e-19
5.41169527e-03  1.01604905e-17  1.40798693e-19  3.37898623e-19  9.83070996e-18  1.27175277e-19  3.06950101e-19
6.30957344e-03  8.75496390e-18  1.06644538e-19  2.57809434e-19  8.50599594e-18  9.75135879e-20  2.36811675e-19
7.35642254e-03  7.54476281e-18  8.07456680e-20  1.96560105e-19  7.35703784e-18  7.46303914e-20  1.82337494e-19
8.57695899e-03  6.50336281e-18  6.11182984e-20  1.49768835e-19  6.36192417e-18  5.70223590e-20  1.40143034e-19
1.00000000e-02  5.60767337e-18  4.62514972e-20  1.14056953e-19  5.50113919e-18  4.35053778e-20  1.07541482e-19
1.16591440e-02  4.83764033e-18  3.49957372e-20  8.68243315e-20  4.75738180e-18  3.31510131e-20  8.24093306e-20
1.35935639e-02  4.17588120e-18  2.64772942e-20  6.60734502e-20  4.11537724e-18  2.52343995e-20  6.30753795e-20
1.58489319e-02  3.60735419e-18  2.00326432e-20  5.02721072e-20  3.56168979e-18  1.91918324e-20  4.82296519e-20
1.84784980e-02  3.11906086e-18  1.51582741e-20  3.82466613e-20  3.08453944e-18  1.45865149e-20  3.68491510e-20
2.15443469e-02  2.69978228e-18  1.14723675e-20  2.90992600e-20  2.67362832e-18  1.10810960e-20  2.81377559e-20
2.51188643e-02  2.33984439e-18  8.68556499e-21  2.21438198e-20  2.31997663e-18  8.41579911e-21  2.14778745e-20
2.92864456e-02  2.03091245e-18  6.57870510e-21  1.68566303e-20  2.01577147e-18  6.39111630e-21  1.63918022e-20
3.41454887e-02  1.76581073e-18  4.98588107e-21  1.28383100e-20  1.75422873e-18  4.85419031e-21  1.25110120e-20
3.98107171e-02  1.53836514e-18  3.78156103e-21  9.78455937e-21  1.52946750e-18  3.68815500e-21  9.55188199e-21
4.64158883e-02  1.34326624e-18  2.87080451e-21  7.46371203e-21  1.33639778e-18  2.80382973e-21  7.29660363e-21
5.41169527e-02  1.17595024e-18  2.18183627e-21  5.69952751e-21  1.17061981e-18  2.13327431e-21  5.57823274e-21
6.30957344e-02  1.03249619e-18  1.66041390e-21  4.35802087e-21  1.02833516e-18  1.62480656e-21  4.26903202e-21
7.35642254e-02  9.09536570e-19  1.26555810e-21  3.33739246e-21  9.06267889e-19  1.23916247e-21  3.27141243e-21
8.57695899e-02  8.04180383e-19  9.66318278e-22  2.56033779e-21  8.01595414e-19  9.46545980e-22  2.51091825e-21
1.00000000e-01  7.13946543e-19  7.39323659e-22  1.96818060e-21  7.11887819e-19  7.24367859e-22  1.93081007e-21
1.16591440e-01  6.36418955e-19  5.66017485e-22  1.51410084e-21  6.35594896e-19  5.56880885e-22  1.49156073e-21
1.35935639e-01  5.70338984e-19  4.35224499e-22  1.16972092e-21  5.69619037e-19  4.27894780e-22  1.15161787e-21
1.58489319e-01  5.13859972e-19  3.35549864e-22  9.06075127e-22  5.13230271e-19  3.29670202e-22  8.91538267e-22
1.84784980e-01  4.65677420e-19  2.59442835e-22  7.03838297e-22  4.65125966e-19  2.54727136e-22  6.92167987e-22
2.15443469e-01  4.24550836e-19  2.01197914e-22  5.48344409e-22  4.24067339e-19  1.97416816e-22  5.38978728e-22
2.51188643e-01  3.89569191e-19  1.56509603e-22  4.28481574e-22  3.89144727e-19  1.53479217e-22  4.20969242e-22
2.92864456e-01  3.59850438e-19  1.22122035e-22  3.35810909e-22  3.59477348e-19  1.19694885e-22  3.29789456e-22
3.41454887e-01  3.34651633e-19  9.55749093e-23  2.63929668e-22  3.34323330e-19  9.36326698e-23  2.59107861e-22
3.98107171e-01  3.13386782e-19  7.50080035e-23  2.07977055e-22  3.13097589e-19  7.34556705e-23  2.04120755e-22
4.64158883e-01  2.95475595e-19  5.90147924e-23  1.64263107e-22  2.95220646e-19  5.77760083e-23  1.61183900e-22
5.41169527e-01  2.80441781e-19  4.65300280e-23  1.29981566e-22  2.80216885e-19  4.55433553e-23  1.27527684e-22
6.30957344e-01  2.67894914e-19  3.67463118e-23  1.02996546e-22  2.67696457e-19  3.59622548e-23  1.01045593e-22
7.35642254e-01  2.57460073e-19  2.90512895e-23  8.16813690e-23  2.57284935e-19  2.84299212e-23  8.01345135e-23
8.57695899e-01  2.48817364e-19  2.29785979e-23  6.47915152e-23  2.48662841e-19  2.24876762e-23  6.35688760e-23
1.00000000e+00  2.41966042e-19  1.81749790e-23  5.13807915e-23  2.41829696e-19  1.77884420e-23  5.04177414e-23
1.16591440e+00  2.35941807e-19  1.43614667e-23  4.06958341e-23  2.35821733e-19  1.40582574e-23  3.99401208e-23
1.35935639e+00  2.31271371e-19  1.13345377e-23  3.21876070e-23  2.31165673e-19  1.10976328e-23  3.15969512e-23
1.58489319e+00  2.27526587e-19  8.92928384e-24  2.54068417e-23  2.27433653e-19  8.74494968e-24  2.49471132e-23
1.84784980e+00  2.24551729e-19  7.01861610e-24  2.00059795e-23  2.24470129e-19  6.87579455e-24  1.96496791e-23
2.15443469e+00  2.22225913e-19  5.50253871e-24  1.57101522e-23  2.22154368e-19  5.39235332e-24  1.54351937e-23
2.51188643e+00  2.20396319e-19  4.30165842e-24  1.23000064e-23  2.20333691e-19  4.21701148e-24  1.20887203e-23
2.92864456e+00  2.19028759e-19  3.35287563e-24  9.60043808e-24  2.18974013e-19  3.28811751e-24  9.43875311e-24
3.41454887e+00  2.17968108e-19  2.60533448e-24  7.46964497e-24  2.17920331e-19  2.55599085e-24  7.34641250e-24
3.98107171e+00  2.17144682e-19  2.01821495e-24  5.79337305e-24  2.17103055e-19  1.98076147e-24  5.69980821e-24
4.64158883e+00  2.16498898e-19  1.55865950e-24  4.47933004e-24  2.16462686e-19  1.53033547e-24  4.40854921e-24
5.41169527e+00  2.15979938e-19  1.20018286e-24  3.45287945e-24  2.15948488e-19  1.17883787e-24  3.39951912e-24
6.30957344e+00  2.15553687e-19  9.21589472e-25  2.65413764e-24  2.15526410e-19  9.05557582e-25  2.61404161e-24
7.35642254e+00  2.15219312e-19  7.05744832e-25  2.03454641e-24  2.15195688e-19  6.93742244e-25  2.00451115e-24
8.57695899e+00  2.14928983e-19  5.39105789e-25  1.55566025e-24  2.14908548e-19  5.30148051e-25  1.53322877e-24
1.00000000e+01  2.14678889e-19  4.10851162e-25  1.18668883e-24  2.14661232e-19  4.04186855e-25  1.16998543e-24
1.16591440e+01  2.14501684e-19  3.12429905e-25  9.03257658e-25  2.14486441e-19  3.07487897e-25  8.90856519e-25
1.35935639e+01  2.14452305e-19  2.37114546e-25  6.86158722e-25  2.14439154e-19  2.33462394e-25  6.76980166e-25
1.58489319e+01  2.14208040e-19  1.79612783e-25  5.20255372e-25  2.14196709e-19  1.76924170e-25  5.13484658e-25
1.84784980e+01  2.14116878e-19  1.35821314e-25  3.93798322e-25  2.14107118e-19  1.33850735e-25  3.88822508e-25
2.15443469e+01  2.14075603e-19  1.02535401e-25  2.97596635e-25  2.14067201e-19  1.01098616e-25  2.93955798e-25
2.51188643e+01  2.14123767e-19  7.72848929e-26  2.24558476e-25  2.14116535e-19  7.62439225e-26  2.21908270e-25
2.92864456e+01  2.14133268e-19  5.81594736e-26  1.69192037e-25  2.14127048e-19  5.74111412e-26  1.67275096e-25
3.41454887e+01  2.14222203e-19  4.36985027e-26  1.27294381e-25  2.14216853e-19  4.31657291e-26  1.25918587e-25
3.98107171e+01  2.14299227e-19  3.27797110e-26  9.56323066e-26  2.14294627e-19  3.24049341e-26  9.46543520e-26
4.64158883e+01  2.14357363e-19  2.45473617e-26  7.17380974e-26  2.14353409e-19  2.42875892e-26  7.10511080e-26
5.41169527e+01  2.14381205e-19  1.83492431e-26  5.37290772e-26  2.14377808e-19  1.81723575e-26  5.32533470e-26
6.30957344e+01  2.14367504e-19  1.36901291e-26  4.01745385e-26  2.14364586e-19  1.35721539e-26  3.98506367e-26
7.35642254e+01  2.14305881e-19  1.01936311e-26  2.99862987e-26  2.14303376e-19  1.01167309e-26  2.97699860e-26
8.57695899e+01  2.14259454e-19  7.57502862e-27  2.23410152e-26  2.14257303e-19  7.52606025e-27  2.21995286e-26
1.00000000e+02  2.14196197e-19  5.61833525e-27  1.66142602e-26  2.14194351e-19  5.58779500e-27  1.65236065e-26
1.16591440e+02  2.14497659e-19  4.18077261e-27  1.23860647e-26  2.14496075e-19  4.14413436e-27  1.22854477e-26
1.35935639e+02  2.14497178e-19  3.09122868e-27  9.18139232e-27  2.14495818e-19  3.06667980e-27  9.11286815e-27
1.58489319e+02  2.14496532e-19  2.28269061e-27  6.79496850e-27  2.14495365e-19  2.26641906e-27  6.74886455e-27
1.84784980e+02  2.14495476e-19  1.68399787e-27  5.02200835e-27  2.14494475e-19  1.67330662e-27  4.99132638e-27
2.15443469e+02  2.14494950e-19  1.24143646e-27  3.70759176e-27  2.14494091e-19  1.23446049e-27  3.68736330e-27
2.51188643e+02  2.14494255e-19  9.14695318e-28  2.73484688e-27  2.14493518e-19  9.10168992e-28  2.72161392e-27
2.92864456e+02  2.14494245e-19  6.73685522e-28  2.01598182e-27  2.14493612e-19  6.70762011e-28  2.00738042e-27
3.41454887e+02  2.14494116e-19  4.96033049e-28  1.48532383e-27  2.14493574e-19  4.94151838e-28  1.47976210e-27
3.98107171e+02  2.14494181e-19  3.65148164e-28  1.09393138e-27  2.14493716e-19  3.63941389e-28  1.09035043e-27
4.64158883e+02  2.14494144e-19  2.68755254e-28  8.05442633e-28  2.14493744e-19  2.67983110e-28  8.03145020e-28
5.41169527e+02  2.14493552e-19  1.97784180e-28  5.92905465e-28  2.14493209e-19  1.97291191e-28  5.91435447e-28
6.30957344e+02  2.14493462e-19  1.45541362e-28  4.36381537e-28  2.14493168e-19  1.45227171e-28  4.35443201e-28
7.35642254e+02  2.14493267e-19  1.07090650e-28  3.21140466e-28  2.14493015e-19  1.06890712e-28  3.20542654e-28
8.57695899e+02  2.14493600e-19  7.87942032e-29  2.36311373e-28  2.14493384e-19  7.86671334e-29  2.35931106e-28
1.00000000e+03  2.14493745e-19  5.79722049e-29  1.73878035e-28  2.14493560e-19  5.78915331e-29  1.73636463e-28
