1.00000000e-04  5.89052357e-16  1.68285137e-16  2.52468022e-16  4.02787620e-16  1.06367392e-16  1.79908416e-16
1.16591440e-04  5.39657098e-16  1.71589503e-16  2.39714402e-16  3.85985083e-16  9.53999427e-17  1.63590367e-16
1.35935639e-04  4.96143009e-16  1.72549916e-16  2.23505019e-16  3.69220772e-16  8.51823440e-17  1.48102963e-16
1.58489319e-04  4.58004520e-16  1.70320594e-16  2.04020243e-16  3.52515430e-16  7.57241557e-17  1.33470247e-16
1.84784980e-04  4.24479055e-16  1.64758647e-16  1.82370307e-16  3.35890989e-16  6.70305393e-17  1.19720180e-16
2.15443469e-04  3.94715463e-16  1.56205446e-16  1.60041317e-16  3.19371995e-16  5.90998549e-17  1.06882140e-16
2.51188643e-04  3.67895665e-16  1.45276601e-16  1.38458552e-16  3.02987283e-16  5.19213473e-17  9.49831021e-17
2.92864456e-04  3.43325915e-16  1.32713908e-16  1.18733640e-16  2.86771630e-16  4.54734520e-17  8.40428239e-17
3.41454887e-04  3.20468723e-16  1.19264805e-16  1.01534231e-16  2.70766906e-16  3.97232272e-17  7.40688752e-17
3.98107171e-04  2.98943340e-16  1.05599659e-16  8.70784021e-17  2.55022266e-16  3.46272093e-17  6.50526131e-17
4.64158883e-04  2.78508474e-16  9.22652434e-17  7.52219521e-17  2.39593044e-16  3.01336223e-17  5.69671414e-17
5.41169527e-04  2.59034009e-16  7.96670091e-17  6.55907558e-17  2.24538374e-16  2.61855134e-17  4.97677856e-17
6.30957344e-04  2.40465422e-16  6.80683975e-17  5.77114842e-17  2.09917886e-16  2.27241921e-17  4.33949289e-17
7.35642254e-04  2.22797576e-16  5.76168531e-17  5.11229978e-17  1.95788095e-16  1.96923638e-17  3.77784649e-17
8.57695899e-04  2.06046439e-16  4.83653007e-17  4.54405709e-17  1.82199106e-16  1.70365507e-17  3.28428706e-17
1.00000000e-03  1.90229577e-16  4.02974793e-17  4.03829842e-17  1.69192102e-16  1.47086357e-17  2.85119863e-17
1.16591440e-03  1.75354102e-16  3.33506290e-17  3.57705251e-17  1.56797841e-16  1.26665759e-17  2.47128976e-17
1.35935639e-03  1.61411365e-16  2.74338830e-17  3.15060392e-17  1.45036127e-16  1.08744485e-17  2.13786593e-17
1.58489319e-03  1.48376929e-16  2.24421358e-17  2.75497448e-17  1.33916124e-16  9.30202606e-18  1.84498778e-17
1.84784980e-03  1.36213898e-16  1.82658948e-17  2.38952187e-17  1.23437249e-16  7.92405765e-18  1.58753143e-17
2.15443469e-03  1.24877726e-16  1.47978907e-17  2.05504498e-17  1.13590473e-16  6.71939578e-18  1.36117245e-17
2.51188643e-03  1.14320958e-16  1.19372294e-17  1.75250961e-17  1.04359841e-16  5.67007694e-18  1.16231325e-17
2.92864456e-03  1.04496920e-16  9.59175991e-18  1.48233628e-17  9.57241274e-17  4.76044730e-18  9.87971740e-18
3.41454887e-03  9.53619928e-17  7.67918570e-18  1.24411530e-17  8.76585286e-17  3.97641499e-18  8.35647925e-18
3.98107171e-03  8.68765093e-17  6.12732219e-18  1.03660106e-17  8.01363144e-17  3.30489679e-18  7.03187011e-18
4.64158883e-03  7.90046594e-17  4.87379375e-18  8.57859785e-18  7.31303178e-17  2.73349461e-18  5.88657887e-18
5.41169527e-03  7.17138164e-17  3.86538229e-18  7.05478644e-18  6.66141131e-17  2.25039025e-18  4.90262921e-18
6.30957344e-03  6.49736931e-17  3.05717999e-18  5.76777558e-18  6.05627739e-17  1.84440107e-18  4.06286804e-18
7.35642254e-03  5.87555876e-17  2.41165300e-18  4.68991804e-18  5.49531668e-17  1.50511412e-18  3.35081615e-18
8.57695899e-03  5.30318580e-17  1.89769160e-18  3.79412611e-18  4.97638549e-17  1.22302181e-18  2.75077138e-18
1.00000000e-02  4.77756380e-17  1.48969659e-18  3.05484646e-18  4.49747503e-17  9.89608456e-19  2.24802371e-18
1.16591440e-02  4.29607391e-17  1.16673413e-18  2.44865777e-18  4.05666765e-17  7.97370504e-19  1.82906433e-18
1.35935639e-02  3.85616601e-17  9.11776494e-19  1.95456956e-18  3.65209764e-17  6.39778106e-19  1.48171964e-18
1.58489319e-02  3.45536233e-17  7.11036128e-19  1.55410352e-18  3.28192234e-17  5.11197893e-19  1.19519052e-18
1.84784980e-02  3.09125885e-17  5.53392753e-19  1.23122810e-18  2.94430586e-17  4.06798008e-19  9.60010953e-19
2.15443469e-02  2.76152292e-17  4.29908234e-19  9.72202900e-19  2.63741299e-17  3.22451393e-19  7.67954327e-19
2.51188643e-02  2.46388730e-17  3.33420875e-19  7.65373908e-19  2.35940958e-17  2.54646387e-19  6.11915601e-19
2.92864456e-02  2.19614339e-17  2.58209467e-19  6.00948201e-19  2.10846668e-17  2.00407991e-19  4.85789918e-19
3.41454887e-02  1.95613569e-17  1.99717044e-19  4.70766292e-19  1.88276657e-17  1.57229397e-19  3.84358638e-19
3.98107171e-02  1.74175992e-17  1.54324899e-19  3.68083385e-19  1.68051003e-17  1.23011882e-19  3.03186481e-19
4.64158883e-02  1.55096539e-17  1.19168363e-19  2.87365841e-19  1.49992485e-17  9.60110844e-20  2.38529141e-19
5.41169527e-02  1.38176155e-17  9.19869936e-20  2.24106106e-19  1.33927556e-17  7.47882693e-20  1.87249291e-19
6.30957344e-02  1.23222777e-17  7.10030268e-20  1.74657454e-19  1.19687440e-17  5.81659493e-20  1.46739196e-19
7.35642254e-02  1.10052466e-17  5.48229646e-20  1.36088620e-19  1.07109274e-17  4.51876813e-20  1.14848997e-19
8.57695899e-02  9.84905534e-18  4.23581132e-20  1.06057713e-19  9.60372355e-18  3.50821069e-20  8.98205564e-20
1.00000000e-01  8.83726562e-18  3.27606266e-20  8.27042523e-20  8.63235644e-18  2.72312732e-20  7.02271449e-20
1.16591440e-01  7.95454652e-18  2.53722254e-20  6.45578425e-20  7.78294059e-18  2.11431731e-20  5.49193316e-20
1.35935639e-01  7.18672432e-18  1.96832536e-20  5.04618334e-20  7.04254196e-18  1.64282986e-20  4.29772786e-20
1.58489319e-01  6.52080323e-18  1.53001390e-20  3.95101908e-20  6.39921451e-18  1.27798947e-20  3.36693858e-20
1.84784980e-01  5.94495703e-18  1.19196533e-20  3.09958242e-20  5.84201082e-18  9.95753110e-21  2.64170027e-20
2.15443469e-01  5.44849587e-18  9.30864645e-21  2.43686857e-20  5.36096949e-18  7.77358160e-21  2.07647451e-20
2.51188643e-01  5.02181248e-18  7.28816211e-21  1.92020769e-20  4.94708214e-18  6.08220344e-21  1.63558404e-20
2.92864456e-01  4.65631347e-18  5.72104074e-21  1.51657598e-20  4.59224438e-18  4.77043338e-21  1.29118826e-20
3.41454887e-01  4.34434034e-18  4.50228044e-21  1.20046405e-20  4.28919495e-18  3.75104947e-21  1.02163726e-20
3.98107171e-01  4.07908535e-18  3.55156835e-21  9.52196608e-21  4.03144747e-18  2.95688919e-21  8.10145313e-21
4.64158883e-01  3.85450631e-18  2.80751028e-21  7.56614435e-21  3.81321898e-18  2.33635537e-21  6.43730185e-21
5.41169527e-01  3.66524411e-18  2.22318337e-21  6.02044779e-21  3.62935899e-18  1.84988136e-21  5.12370521e-21
6.30957344e-01  3.50653743e-18  1.76271360e-21  4.79499215e-21  3.47527391e-18  1.46716275e-21  4.08339915e-21
7.35642254e-01  3.38979501e-18  1.39981882e-21  3.82498614e-21  3.36542894e-18  1.17078872e-21  3.27332466e-21
8.57695899e-01  3.27567561e-18  1.11065885e-21  3.04624187e-21  3.25405355e-18  9.29153329e-22  2.60818411e-21
1.00000000e+00  3.18157917e-18  8.80822979e-22  2.42422136e-21  3.16242600e-18  7.37521789e-22  2.07776508e-21
1.16591440e+00  3.10485419e-18  6.97914826e-22  1.92696323e-21  3.08791373e-18  5.85233561e-22  1.65411693e-21
1.35935639e+00  3.04250513e-18  5.52114990e-22  1.52890266e-21  3.02755070e-18  4.63890283e-22  1.31498492e-21
1.58489319e+00  2.99225114e-18  4.35892922e-22  1.21035756e-21  2.97907457e-18  3.67123739e-22  1.04341165e-21
1.84784980e+00  2.95215901e-18  3.43291120e-22  9.55639607e-22  2.94057182e-18  2.89930901e-22  8.25960015e-22
2.15443469e+00  2.92014074e-18  2.69609848e-22  7.52297891e-22  2.90997196e-18  2.28395780e-22  6.52037291e-22
2.51188643e+00  2.89543458e-18  2.11106036e-22  5.90354203e-22  2.88652713e-18  1.79418690e-22  5.13197740e-22
2.92864456e+00  2.87614252e-18  1.64773605e-22  4.61745100e-22  2.86835517e-18  1.40520519e-22  4.02638085e-22
3.41454887e+00  2.86125079e-18  1.28194699e-22  3.59949393e-22  2.85445509e-18  1.09713497e-22  3.14869154e-22
3.98107171e+00  2.85009026e-18  9.94133804e-23  2.79663313e-22  2.84416996e-18  8.53910140e-23  2.45427844e-22
4.64158883e+00  2.84039563e-18  7.68448071e-23  2.16567882e-22  2.83524830e-18  6.62502524e-23  1.90675535e-22
5.41169527e+00  2.83336098e-18  5.92171026e-23  1.67184231e-22  2.82889154e-18  5.12455468e-23  1.47680207e-22
6.30957344e+00  2.82848101e-18  4.54978227e-23  1.28675399e-22  2.82460481e-18  3.95246191e-23  1.14041193e-22
7.35642254e+00  2.82375370e-18  3.48553882e-23  9.87477229e-23  2.82039754e-18  3.03983655e-23  8.78103464e-23
8.57695899e+00  2.81985245e-18  2.66285252e-23  7.55723306e-23  2.81695025e-18  2.33173947e-23  6.74304585e-23
1.00000000e+01  2.81671862e-18  2.02898104e-23  5.76860213e-23  2.81421172e-18  1.78415394e-23  5.16504128e-23
1.16591440e+01  2.81497239e-18  1.54226021e-23  4.39300684e-23  2.81280793e-18  1.36217722e-23  3.94759755e-23
1.35935639e+01  2.81315311e-18  1.16938297e-23  3.33748675e-23  2.81128631e-18  1.03771082e-23  3.01043592e-23
1.58489319e+01  2.81203363e-18  8.84580720e-24  2.53002964e-23  2.81042440e-18  7.88975317e-24  2.29126377e-23
1.84784980e+01  2.81082704e-18  6.67541539e-24  1.91371132e-23  2.80944091e-18  5.98699364e-24  1.74057001e-23
2.15443469e+01  2.81033258e-18  5.02560407e-24  1.44444666e-23  2.80913920e-18  4.53484829e-24  1.31989694e-23
2.51188643e+01  2.80959679e-18  3.77406671e-24  1.08782563e-23  2.80857010e-18  3.42844992e-24  9.99090196e-24
2.92864456e+01  2.80960823e-18  2.82723536e-24  8.17492856e-24  2.80872525e-18  2.58737510e-24  7.55001688e-24
3.41454887e+01  2.80988256e-18  2.11259269e-24  6.12981377e-24  2.80912346e-18  1.94900474e-24  5.69577191e-24
3.98107171e+01  2.81018601e-18  1.57466050e-24  4.58617361e-24  2.80953361e-18  1.46532181e-24  4.28956313e-24
4.64158883e+01  2.81088964e-18  1.17087264e-24  3.42365047e-24  2.81032902e-18  1.09941088e-24  3.22468520e-24
5.41169527e+01  2.81397427e-18  8.68814873e-25  2.55061590e-24  2.81349222e-18  8.23173671e-25  2.41983178e-24
6.30957344e+01  2.81108333e-18  6.43258243e-25  1.89572899e-24  2.81066975e-18  6.14713262e-25  1.81152224e-24
7.35642254e+01  2.81055898e-18  4.75557402e-25  1.40643961e-24  2.81020391e-18  4.57973098e-25  1.35323640e-24
8.57695899e+01  2.81013172e-18  3.51148068e-25  1.04166295e-24  2.80982692e-18  3.40382834e-25  1.00852748e-24
1.00000000e+02  2.80963350e-18  2.59044642e-25  7.70372376e-25  2.80937190e-18  2.52437849e-25  7.49895025e-25
1.16591440e+02  2.81264596e-18  1.92824376e-25  5.73927253e-25  2.81242142e-18  1.83560765e-25  5.47414187e-25
1.35935639e+02  2.81261699e-18  1.41727130e-25  4.22699514e-25  2.81242429e-18  1.35755597e-25  4.05417323e-25
1.58489319e+02  2.81259181e-18  1.04144889e-25  3.11088807e-25  2.81242645e-18  1.00315666e-25  2.99909654e-25
1.84784980e+02  2.81256949e-18  7.65211399e-26  2.28836996e-25  2.81242760e-18  7.40758321e-26  2.21649765e-25
2.15443469e+02  2.81255499e-18  5.62244256e-26  1.68282238e-25  2.81243324e-18  5.46679250e-26  1.63683748e-25
2.51188643e+02  2.81254167e-18  4.13137262e-26  1.23730977e-25  2.81243721e-18  4.03254799e-26  1.20799911e-25
2.92864456e+02  2.81253191e-18  3.03600054e-26  9.09670846e-26  2.81244230e-18  2.97337884e-26  8.91043136e-26
3.41454887e+02  2.81252331e-18  2.23127774e-26  6.68776596e-26  2.81244643e-18  2.19165711e-26  6.56964978e-26
3.98107171e+02  2.81251523e-18  1.64002806e-26  4.91682348e-26  2.81244928e-18  1.61498953e-26  4.84205693e-26
4.64158883e+02  2.81250805e-18  1.20557295e-26  3.61496559e-26  2.81245148e-18  1.18976376e-26  3.56770094e-26
5.41169527e+02  2.81250293e-18  8.86293735e-27  2.65793792e-26  2.81245439e-18  8.76318514e-27  2.62808817e-26
6.30957344e+02  2.81250268e-18  6.51627654e-27  1.95437514e-26  2.81246105e-18  6.45336577e-27  1.93553723e-26
7.35642254e+02  2.81249980e-18  4.79131880e-27  1.43712209e-26  2.81246409e-18  4.75165640e-27  1.42523978e-26
8.57695899e+02  2.81249748e-18  3.52322585e-27  1.05682031e-26  2.81246685e-18  3.49822626e-27  1.04932805e-26
1.00000000e+03  2.81249267e-18  2.59090477e-27  7.77191921e-27  2.81246639e-18  2.57514954e-27  7.72468885e-27
