1.00000000e-04  5.39617792e-16  2.11341116e-16  1.80326111e-16  4.43079062e-16  6.93474532e-17  1.33303370e-16
1.16591440e-04  4.97565087e-16  1.84133400e-16  1.57897728e-16  4.11113887e-16  5.95503986e-17  1.15304329e-16
1.35935639e-04  4.57966260e-16  1.58721053e-16  1.38573136e-16  3.80292751e-16  5.10658237e-17  9.94309983e-17
1.58489319e-04  4.20543491e-16  1.35467252e-16  1.21836212e-16  3.50746450e-16  4.37516892e-17  8.55415642e-17
1.84784980e-04  3.85167912e-16  1.14574631e-16  1.07224795e-16  3.22587451e-16  3.74655664e-17  7.34678127e-17
2.15443469e-04  3.51803838e-16  9.61061555e-17  9.43471309e-17  2.95903801e-16  3.20709853e-17  6.30258939e-17
2.51188643e-04  3.20461987e-16  8.00132860e-17  8.28892725e-17  2.70755546e-16  2.74421657e-17  5.40272662e-17
2.92864456e-04  2.91163997e-16  6.61661849e-17  7.26134303e-17  2.47173861e-16  2.34668821e-17  4.62882092e-17
3.41454887e-04  2.63918711e-16  5.43821044e-17  6.33490498e-17  2.25162511e-16  2.00476053e-17  3.96369725e-17
3.98107171e-04  2.38709237e-16  4.44496000e-17  5.49794177e-17  2.04701002e-16  1.71013000e-17  3.39183209e-17
4.64158883e-04  2.15488711e-16  3.61475333e-17  4.74267070e-17  1.85748708e-16  1.45583244e-17  2.89957226e-17
5.41169527e-04  1.94182249e-16  2.92588177e-17  4.06378611e-17  1.68249324e-16  1.23608354e-17  2.47516817e-17
6.30957344e-04  1.74692629e-16  2.35794827e-17  3.45728878e-17  1.52135208e-16  1.04610099e-17  2.10867803e-17
7.35642254e-04  1.56907617e-16  1.89239248e-17  2.91962699e-17  1.37331308e-16  8.81928717e-18  1.79179307e-17
8.57695899e-04  1.40707368e-16  1.51272903e-17  2.44715109e-17  1.23758546e-16  7.40275209e-18  1.51762337e-17
1.00000000e-03  1.25970890e-16  1.20458512e-17  2.03583701e-17  1.11336613e-16  6.18372048e-18  1.28047197e-17
1.16591440e-03  1.12581018e-16  9.55609240e-18  1.68121291e-17  9.99861747e-17  5.13854821e-18  1.07561513e-17
1.35935639e-03  1.00427736e-16  7.55306006e-18  1.37842023e-17  8.96305317e-17  4.24666866e-18  8.99100389e-18
1.58489319e-03  8.94099278e-17  5.94836645e-18  1.12234916e-17  8.01967732e-17  3.48985152e-18  7.47569417e-18
1.84784980e-03  7.94358224e-17  4.66811122e-18  9.07802704e-18  7.16164602e-17  2.85166864e-18  6.18110421e-18
2.15443469e-03  7.04224897e-17  3.65088106e-18  7.29657912e-18  6.38258934e-17  2.31714461e-18  5.08142890e-18
2.51188643e-03  6.22947445e-17  2.84591240e-18  5.83005477e-18  5.67660289e-17  1.87255911e-18  4.15334954e-18
2.92864456e-03  5.49838071e-17  2.21145457e-18  4.63258444e-18  5.03821351e-17  1.50536111e-18  3.37551019e-18
3.41454887e-03  4.84259815e-17  1.71333820e-18  3.66227265e-18  4.46232918e-17  1.20415007e-18  2.72824374e-18
3.98107171e-03  4.25615344e-17  1.32373806e-18  2.88162862e-18  3.94418397e-17  9.58683876e-19  2.19347578e-18
4.64158883e-03  3.73338680e-17  1.02011162e-18  2.25771820e-18  3.47928727e-17  7.59881939e-19  1.75472885e-18
5.41169527e-03  3.26890060e-17  7.84292510e-19  1.76209095e-18  3.06338287e-17  5.99805245e-19  1.39715963e-18
6.30957344e-03  2.85753567e-17  6.01719796e-19  1.37054053e-18  2.69242129e-17  4.71607087e-19  1.10758154e-18
7.35642254e-03  2.49436851e-17  4.60785206e-19  1.06275264e-18  2.36254425e-17  3.69457297e-19  8.74447008e-19
8.57695899e-03  2.17472221e-17  3.52283470e-19  8.21889284e-19  2.07007973e-17  2.88447797e-19  6.87783494e-19
1.00000000e-02  1.89418333e-17  2.68952258e-19  6.34148366e-19  1.81154383e-17  2.24488434e-19  5.39089146e-19
1.16591440e-02  1.64861941e-17  2.05089977e-19  4.88328222e-19  1.58364677e-17  1.74201068e-19  4.21200259e-19
1.35935639e-02  1.43419309e-17  1.56240737e-19  3.75417718e-19  1.38329999e-17  1.34817819e-19  3.28143716e-19
1.58489319e-02  1.24737055e-17  1.18936822e-19  2.88224362e-19  1.20762255e-17  1.04087149e-19  2.54985736e-19
1.84784980e-02  1.08492341e-17  9.04898730e-20  2.21046676e-19  1.05394507e-17  8.01896754e-20  1.97685348e-19
2.15443469e-02  9.43924407e-18  6.88229274e-20  1.69392337e-19  9.19811130e-18  6.16643205e-20  1.52958114e-19
2.51188643e-02  8.21737530e-18  5.23363174e-20  1.29740369e-19  8.02975289e-18  4.73445857e-20  1.18153107e-19
2.92864456e-02  7.16003747e-18  3.98013520e-20  9.93437823e-20  7.01398121e-18  3.63042951e-20  9.11444434e-20
3.41454887e-02  6.24623751e-18  3.02765501e-20  7.60679747e-20  6.13238661e-18  2.78119099e-20  7.02373721e-20
3.98107171e-02  5.45738633e-18  2.30420195e-20  5.82599412e-20  5.36844574e-18  2.12924501e-20  5.40882114e-20
4.64158883e-02  4.77709563e-18  1.75483073e-20  4.46434423e-20  4.70740651e-18  1.62960489e-20  4.16369795e-20
5.41169527e-02  4.19097347e-18  1.33767073e-20  3.42356670e-20  4.13616249e-18  1.24722116e-20  3.20513502e-20
6.30957344e-02  3.68642417e-18  1.02085804e-20  2.62814487e-20  3.64312085e-18  9.54892008e-21  2.46805120e-20
7.35642254e-02  3.25245678e-18  7.80171816e-21  2.02016389e-20  3.21806856e-18  7.31580114e-21  1.90175261e-20
8.57695899e-02  2.87950558e-18  5.97218912e-21  1.55528017e-20  2.85204037e-18  5.61067021e-21  1.46688810e-20
1.00000000e-01  2.55926379e-18  4.58043005e-21  1.19958787e-20  2.53719134e-18  4.30884443e-21  1.13300541e-20
1.16591440e-01  2.28453164e-18  3.52061334e-21  9.27191973e-21  2.26667590e-18  3.31470925e-21  8.76603123e-21
1.35935639e-01  2.04907869e-18  2.71253452e-21  7.18334456e-21  2.03453474e-18  2.55510058e-21  6.79587663e-21
1.58489319e-01  1.84752020e-18  2.09543252e-21  5.57951475e-21  1.83559044e-18  1.97413848e-21  5.28058027e-21
1.84784980e-01  1.67520661e-18  1.62328895e-21  4.34565019e-21  1.66535195e-18  1.52921219e-21  4.11353420e-21
2.15443469e-01  1.52812554e-18  1.26125689e-21  3.39433231e-21  1.51992807e-18  1.18787292e-21  3.21310389e-21
2.51188643e-01  1.40281502e-18  9.82950336e-22  2.65900107e-21  1.39594966e-18  9.25437573e-22  2.51685617e-21
2.92864456e-01  1.29834765e-18  7.67735461e-22  2.08760702e-21  1.29413947e-18  7.25785909e-22  1.98436176e-21
3.41454887e-01  1.20743150e-18  6.02026097e-22  1.64481650e-21  1.20371740e-18  5.68399556e-22  1.56194464e-21
3.98107171e-01  1.13060459e-18  4.73369340e-22  1.29919761e-21  1.12732459e-18  4.46450402e-22  1.23277570e-21
4.64158883e-01  1.06595238e-18  3.73125569e-22  1.02848994e-21  1.06305413e-18  3.51612092e-22  9.75347144e-22
5.41169527e-01  1.01172442e-18  2.94716711e-22  8.15654868e-22  1.00916266e-18  2.77558180e-22  7.73227091e-22
6.30957344e-01  9.66457360e-19  2.33151403e-22  6.47703681e-22  9.64192795e-19  2.19499328e-22  6.13915482e-22
7.35642254e-01  9.28862215e-19  1.84638960e-22  5.14726194e-22  9.26860600e-19  1.73807212e-22  4.87895942e-22
8.57695899e-01  8.97783596e-19  1.46281370e-22  4.09104711e-22  8.96015159e-19  1.37714630e-22  3.87868927e-22
1.00000000e+00  8.72468688e-19  1.15882674e-22  3.25044110e-22  8.70906919e-19  1.09131086e-22  3.08296371e-22
1.16591440e+00  8.51586099e-19  9.17111460e-23  2.57933732e-22  8.50208689e-19  8.64105167e-23  2.44777044e-22
1.35935639e+00  8.34894754e-19  7.24894110e-23  2.04373201e-22  8.33681011e-19  6.83447535e-23  1.94079921e-22
1.58489319e+00  8.21472664e-19  5.71882000e-23  1.61594600e-22  8.20404601e-19  5.39611166e-23  1.53575963e-22
1.84784980e+00  8.10822846e-19  4.50127582e-23  1.27451623e-22  8.09884358e-19  4.25109817e-23  1.21232246e-22
2.15443469e+00  8.02405092e-19  3.53356492e-23  1.00239870e-22  8.01581779e-19  3.34046163e-23  9.54372026e-23
2.51188643e+00  7.95820911e-19  2.76587548e-23  7.85987624e-23  7.95099821e-19  2.61747090e-23  7.49062223e-23
2.92864456e+00  7.90574958e-19  2.15830718e-23  6.14324822e-23  7.89944550e-19  2.04473869e-23  5.86055430e-23
3.41454887e+00  7.86444550e-19  1.67893636e-23  4.78602930e-23  7.85894358e-19  1.59238455e-23  4.57049469e-23
3.98107171e+00  7.83167166e-19  1.30192285e-23  3.71658256e-23  7.82687812e-19  1.23622254e-23  3.55290122e-23
4.64158883e+00  7.80521855e-19  1.00642944e-23  2.87691014e-23  7.80104934e-19  9.56747246e-24  2.75307582e-23
5.41169527e+00  7.78403665e-19  7.75657621e-24  2.22008732e-23  7.78041623e-19  7.38225757e-24  2.12673622e-23
6.30957344e+00  7.76750465e-19  5.96114340e-24  1.70830629e-23  7.76436488e-19  5.68011919e-24  1.63817636e-23
7.35642254e+00  7.75489423e-19  4.56880379e-24  1.31086484e-23  7.75217478e-19  4.35855212e-24  1.25835462e-23
8.57695899e+00  7.74502956e-19  3.49272357e-24  1.00329222e-23  7.74267688e-19  3.33596499e-24  9.64102840e-24
1.00000000e+01  7.73788926e-19  2.66379981e-24  7.66068573e-24  7.73585572e-19  2.54733868e-24  7.36916348e-24
1.16591440e+01  7.73261000e-19  2.02699784e-24  5.83609544e-24  7.73085408e-19  1.94080015e-24  5.61997104e-24
1.35935639e+01  7.72968788e-19  1.53927337e-24  4.43707850e-24  7.72817265e-19  1.47573815e-24  4.27743166e-24
1.58489319e+01  7.72714869e-19  1.16652370e-24  3.36669198e-24  7.72584231e-19  1.11991269e-24  3.24923853e-24
1.84784980e+01  7.72672229e-19  8.82361361e-25  2.54983725e-24  7.72559663e-19  8.48354939e-25  2.46382529e-24
2.15443469e+01  7.72738998e-19  6.66158958e-25  1.92770032e-24  7.72642065e-19  6.41513255e-25  1.86505746e-24
2.51188643e+01  7.72849325e-19  5.01998476e-25  1.45483632e-24  7.72765898e-19  4.84281926e-25  1.40951435e-24
2.92864456e+01  7.73003462e-19  3.77586066e-25  1.09609633e-24  7.72931690e-19  3.64978254e-25  1.06357064e-24
3.41454887e+01  7.73039096e-19  2.83460738e-25  8.24393740e-25  7.72977382e-19  2.74599632e-25  8.01282856e-25
3.98107171e+01  7.73001286e-19  2.12377844e-25  6.18962140e-25  7.72948240e-19  2.06244484e-25  6.02740157e-25
4.64158883e+01  7.72854718e-19  1.58790576e-25  4.63882132e-25  7.72809143e-19  1.54622659e-25  4.52662582e-25
5.41169527e+01  7.72632481e-19  1.18467834e-25  3.46998022e-25  7.72593338e-19  1.15695591e-25  3.39372621e-25
6.30957344e+01  7.72399295e-19  8.81935245e-26  2.59064155e-25  7.72365683e-19  8.63927170e-26  2.53983560e-25
7.35642254e+01  7.72162830e-19  6.55139139e-26  1.93024014e-25  7.72133975e-19  6.43717695e-26  1.89710515e-25
8.57695899e+01  7.71992100e-19  4.85702078e-26  1.43535667e-25  7.71967330e-19  4.78606919e-26  1.41419579e-25
1.00000000e+02  7.71877731e-19  3.59464348e-26  1.06534770e-25  7.71856468e-19  3.55115694e-26  1.05207479e-25
1.16591440e+02  7.73153997e-19  2.67562896e-26  7.94274152e-26  7.73135737e-19  2.61869052e-26  7.78330576e-26
1.35935639e+02  7.73149368e-19  1.97437407e-26  5.87523132e-26  7.73133696e-19  1.93676895e-26  5.76836439e-26
1.58489319e+02  7.73146043e-19  1.45555696e-26  4.33986042e-26  7.73132594e-19  1.43092504e-26  4.26899231e-26
1.84784980e+02  7.73142215e-19  1.07235969e-26  3.20223177e-26  7.73130674e-19  1.05633083e-26  3.15565794e-26
2.15443469e+02  7.73139892e-19  7.89670778e-27  2.36085299e-26  7.73129989e-19  7.79295487e-27  2.33047207e-26
2.51188643e+02  7.73137871e-19  5.81306993e-27  1.73946104e-26  7.73129375e-19  5.74620176e-27  1.71976332e-26
2.92864456e+02  7.73136557e-19  4.27821428e-27  1.28103543e-26  7.73129267e-19  4.23527049e-27  1.26832737e-26
3.41454887e+02  7.73135684e-19  3.14809602e-27  9.43109404e-27  7.73129430e-19  3.12059721e-27  9.34943678e-27
3.98107171e+02  7.73134818e-19  2.31624244e-27  6.94157240e-27  7.73129453e-19  2.29867624e-27  6.88927377e-27
4.64158883e+02  7.73134604e-19  1.70406748e-27  5.10832690e-27  7.73130001e-19  1.69286873e-27  5.07492044e-27
5.41169527e+02  7.73133420e-19  1.25362279e-27  3.75877073e-27  7.73129472e-19  1.24649534e-27  3.73747811e-27
6.30957344e+02  7.73132379e-19  9.22215757e-28  2.76551246e-27  7.73128993e-19  9.17685839e-28  2.75196499e-27
7.35642254e+02  7.73132261e-19  6.78405675e-28  2.03460328e-27  7.73129356e-19  6.75530014e-28  2.02599617e-27
8.57695899e+02  7.73132194e-19  4.99046799e-28  1.49680851e-27  7.73129702e-19  4.97223078e-28  1.49134667e-27
1.00000000e+03  7.73132079e-19  3.67105069e-28  1.10113575e-27  7.73129941e-19  3.65949434e-28  1.09767321e-27
