1.00000000e-04  8.74437620e-16  3.14684419e-16  4.72590092e-16  6.75815117e-16  1.50695398e-16  2.53975920e-16
1.16591440e-04  8.84844089e-16  2.57913084e-16  4.24829129e-16  6.45363967e-16  1.35850197e-16  2.30614797e-16
1.35935639e-04  8.77990055e-16  2.11240986e-16  3.71105924e-16  6.15369644e-16  1.22237346e-16  2.08908118e-16
1.58489319e-04  8.51823887e-16  1.74695641e-16  3.17612249e-16  5.85896630e-16  1.09796842e-16  1.88828463e-16
1.84784980e-04  8.09094719e-16  1.48281932e-16  2.71097409e-16  5.57009766e-16  9.84603142e-17  1.70333397e-16
2.15443469e-04  7.55431502e-16  1.31122764e-16  2.35382000e-16  5.28773052e-16  8.81532331e-17  1.53365003e-16
2.51188643e-04  6.96902439e-16  1.21234086e-16  2.10060089e-16  5.01248089e-16  7.87976156e-17  1.37850801e-16
2.92864456e-04  6.38292628e-16  1.16034589e-16  1.91818629e-16  4.74492344e-16  7.03149117e-17  1.23706043e-16
3.41454887e-04  5.82583547e-16  1.13041947e-16  1.76752779e-16  4.48557374e-16  6.26287557e-17  1.10837057e-16
3.98107171e-04  5.31304298e-16  1.10371564e-16  1.62047903e-16  4.23487231e-16  5.56673122e-17  9.91452410e-17
4.64158883e-04  4.85073614e-16  1.06881011e-16  1.46463308e-16  3.99317165e-16  4.93650275e-17  8.85312439e-17
5.41169527e-04  4.43975651e-16  1.02071946e-16  1.30013293e-16  3.76072729e-16  4.36636771e-17  7.88989167e-17
6.30957344e-04  4.07748253e-16  9.59095072e-17  1.13391667e-16  3.53769310e-16  3.85126662e-17  7.01587049e-17
7.35642254e-04  3.75883211e-16  8.86332735e-17  9.74720205e-17  3.32412071e-16  3.38685855e-17  6.22302123e-17
8.57695899e-04  3.47719692e-16  8.06077650e-17  8.29868023e-17  3.11996297e-16  2.96940872e-17  5.50437063e-17
1.00000000e-03  3.22552022e-16  7.22285852e-17  7.03776841e-17  2.92508146e-16  2.59562306e-17  4.85403577e-17
1.16591440e-03  2.99723606e-16  6.38531608e-17  5.97744329e-17  2.73925880e-16  2.26245702e-17  4.26711055e-17
1.35935639e-03  2.78695582e-16  5.57678673e-17  5.10564632e-17  2.56221666e-16  1.96693729e-17  3.73942715e-17
1.58489319e-03  2.59080015e-16  4.81812086e-17  4.39534164e-17  2.39363954e-16  1.70603653e-17  3.26723924e-17
1.84784980e-03  2.40633383e-16  4.12269502e-17  3.81382783e-17  2.23320254e-16  1.47662841e-17  2.84690420e-17
2.15443469e-03  2.23225457e-16  3.49743681e-17  3.32976071e-17  2.08059897e-16  1.27552496e-17  2.47464614e-17
2.51188643e-03  2.06798855e-16  2.94424561e-17  2.91721754e-17  1.93556191e-16  1.09957273e-17  2.14645301e-17
2.92864456e-03  1.91331801e-16  2.46151367e-17  2.55715834e-17  1.79787539e-16  9.45770351e-18  1.85811299e-17
3.41454887e-03  1.76809758e-16  2.04523389e-17  2.23695367e-17  1.66737318e-16  8.11372423e-18  1.60535244e-17
3.98107171e-03  1.63210104e-16  1.68993158e-17  1.94898852e-17  1.54392724e-16  6.93957059e-18  1.38401834e-17
4.64158883e-03  1.50497967e-16  1.38938554e-17  1.68904233e-17  1.42742981e-16  5.91449120e-18  1.19025181e-17
5.41169527e-03  1.38629198e-16  1.13715375e-17  1.45486819e-17  1.31777387e-16  5.02102310e-18  1.02061606e-17
6.30957344e-03  1.27556147e-16  9.26936646e-18  1.24514795e-17  1.21483542e-16  4.24450032e-18  8.72159863e-18
7.35642254e-03  1.17232916e-16  7.52811708e-18  1.05883281e-17  1.11846023e-16  3.57238814e-18  7.42412341e-18
8.57695899e-03  1.07618319e-16  6.09370000e-18  8.94795424e-18  1.02845629e-16  2.99360429e-18  6.29318347e-18
1.00000000e-02  9.86763454e-17  4.91780889e-18  7.51696576e-18  9.44592969e-17  2.49797744e-18  5.31136461e-18
1.16591440e-02  9.03748540e-17  3.95806257e-18  6.27978985e-18  8.66606992e-17  2.07593729e-18  4.46330847e-18
1.35935639e-02  8.26836323e-17  3.17781167e-18  5.21923781e-18  7.94213670e-17  1.71843851e-18  3.73486544e-18
1.58489319e-02  7.55727470e-17  2.54573916e-18  4.31728007e-18  7.27120470e-17  1.41703978e-18  3.11264080e-18
1.84784980e-02  6.90116811e-17  2.03535025e-18  3.55580009e-18  6.65039131e-17  1.16402855e-18  2.58391055e-18
2.15443469e-02  6.29693256e-17  1.62441882e-18  2.91722038e-18  6.07693737e-17  9.52507360e-19  2.13675791e-18
2.51188643e-02  5.74145301e-17  1.29443512e-18  2.38496721e-18  5.54823747e-17  7.76407248e-19  1.76025898e-18
2.92864456e-02  5.23168789e-17  1.03008244e-18  1.94377951e-18  5.06183289e-17  6.30437471e-19  1.44460220e-18
3.41454887e-02  4.76473514e-17  8.18758002e-19  1.57988336e-18  4.61538466e-17  5.10000967e-19  1.18110377e-18
3.98107171e-02  4.33787092e-17  6.50144868e-19  1.28105861e-18  4.20664499e-17  4.11104809e-19  9.62139153e-19
4.64158883e-02  3.94855659e-17  5.15836357e-19  1.03662371e-18  3.83343687e-17  3.30283189e-19  7.81034131e-19
5.41169527e-02  3.59442218e-17  4.09010982e-19  8.37362126e-19  3.49364474e-17  2.64537378e-19  6.31953438e-19
6.30957344e-02  3.27323643e-17  3.24154414e-19  6.75410477e-19  3.18521218e-17  2.11288596e-19  5.09806965e-19
7.35642254e-02  2.98287463e-17  2.56823934e-19  5.44124773e-19  2.90614231e-17  1.68337196e-19  4.10175551e-19
8.57695899e-02  2.72129189e-17  2.03450716e-19  4.37937898e-19  2.65449817e-17  1.33823406e-19  3.29249468e-19
1.00000000e-01  2.48650520e-17  1.61175227e-19  3.52217910e-19  2.42840200e-17  1.06187911e-19  2.63771628e-19
1.16591440e-01  2.27658459e-17  1.27711273e-19  2.83133847e-19  2.22603405e-17  8.41328642e-20  2.10981040e-19
1.35935639e-01  2.08965202e-17  1.01234508e-19  2.27533139e-19  2.04563202e-17  6.65848164e-20  1.68555872e-19
1.58489319e-01  1.92388516e-17  8.02915994e-20  1.82832636e-19  1.88549184e-17  5.26608237e-20  1.34557623e-19
1.84784980e-01  1.77752401e-17  6.37265904e-20  1.46923737e-19  1.74396966e-17  4.16384049e-20  1.07378388e-19
2.15443469e-01  1.64887815e-17  5.06214772e-20  1.18091112e-19  1.61948491e-17  3.29294366e-20  8.56926463e-20
2.51188643e-01  1.53633339e-17  4.02483821e-20  9.49438565e-20  1.51052371e-17  2.60577100e-20  6.84142006e-20
2.92864456e-01  1.43835709e-17  3.20311438e-20  7.63576521e-20  1.41564239e-17  2.06397501e-20  5.46582906e-20
3.41454887e-01  1.35350183e-17  2.55144963e-20  6.14264583e-20  1.33347045e-17  1.63684778e-20  4.37085619e-20
3.98107171e-01  1.28040516e-17  2.03393458e-20  4.94222962e-20  1.26271061e-17  1.29993470e-20  3.49884468e-20
4.64158883e-01  1.21779704e-17  1.62229647e-20  3.97619378e-20  1.20214717e-17  1.03386655e-20  2.80365886e-20
5.41169527e-01  1.16449125e-17  1.29430886e-20  3.19792569e-20  1.15063874e-17  8.23377621e-21  2.24857593e-20
6.30957344e-01  1.11938950e-17  1.03252039e-20  2.57024915e-20  1.10712368e-17  6.56491464e-21  1.80450699e-20
7.35642254e-01  1.08147943e-17  8.23237167e-21  2.06355216e-20  1.07061948e-17  5.23847807e-21  1.44850020e-20
8.57695899e-01  1.04983354e-17  6.55711340e-21  1.65425589e-20  1.04022299e-17  4.18151945e-21  1.16249709e-20
1.00000000e+00  1.02360772e-17  5.21496379e-21  1.32356971e-20  1.01510995e-17  3.33727933e-21  9.32309121e-21
1.16591440e+00  1.00203866e-17  4.13937513e-21  1.05648661e-20  9.94533418e-18  2.66159380e-21  7.46784956e-21
1.35935639e+00  9.84440236e-18  3.27771808e-21  8.40980150e-21  9.77820854e-18  2.12003657e-21  5.97140952e-21
1.58489319e+00  9.70198699e-18  2.58816886e-21  6.67369260e-21  9.64369955e-18  1.68567140e-21  4.76430137e-21
1.84784980e+00  9.62042405e-18  2.03852421e-21  5.28356245e-21  9.56564948e-18  1.34044602e-21  3.80023298e-21
2.15443469e+00  9.51500434e-18  1.59880915e-21  4.16224759e-21  9.46678265e-18  1.05968553e-21  3.01240189e-21
2.51188643e+00  9.43406496e-18  1.24958444e-21  3.26718994e-21  9.39171267e-18  8.35510062e-22  2.38089986e-21
2.92864456e+00  9.36913239e-18  9.73093634e-22  2.55513229e-21  9.33203066e-18  6.56809852e-22  1.87576314e-21
3.41454887e+00  9.31826968e-18  7.55003464e-22  1.99090147e-21  9.28584020e-18  5.14739177e-22  1.47294537e-21
3.98107171e+00  9.27920085e-18  5.83634954e-22  1.54558990e-21  9.25091449e-18  4.02119722e-22  1.15276701e-21
4.64158883e+00  9.24403851e-18  4.49510173e-22  1.19556548e-21  9.21942261e-18  3.13136389e-22  8.99173388e-22
5.41169527e+00  9.22010751e-18  3.44978478e-22  9.21633588e-22  9.19871551e-18  2.43095686e-22  6.99131882e-22
6.30957344e+00  9.20635998e-18  2.63834663e-22  7.08117071e-22  9.18779118e-18  1.88161746e-22  5.41928434e-22
7.35642254e+00  9.19102365e-18  2.01080185e-22  5.42306184e-22  9.17493605e-18  1.45217610e-22  4.18814297e-22
8.57695899e+00  9.17982343e-18  1.52739253e-22  4.14045303e-22  9.16590246e-18  1.11769805e-22  3.22766569e-22
1.00000000e+01  9.17101489e-18  1.15639699e-22  3.15186923e-22  9.15898263e-18  8.58056119e-23  2.48094950e-22
1.16591440e+01  9.16527261e-18  8.72733087e-23  2.39259978e-22  9.15488103e-18  6.57176315e-23  1.90241581e-22
1.35935639e+01  9.15892761e-18  6.56558765e-23  1.81119340e-22  9.14996343e-18  5.02171450e-23  1.45540902e-22
1.58489319e+01  9.15493818e-18  4.92420085e-23  1.36745304e-22  9.14721040e-18  3.82926685e-23  1.11110394e-22
1.84784980e+01  9.15108891e-18  3.68211190e-23  1.02975160e-22  9.14443204e-18  2.91414506e-23  8.46566085e-23
2.15443469e+01  9.15040971e-18  2.74563100e-23  7.73541196e-23  9.14467717e-18  2.21367889e-23  6.43859775e-23
2.51188643e+01  9.14839381e-18  2.04173092e-23  5.79609240e-23  9.14346099e-18  1.67835403e-23  4.88781274e-23
2.92864456e+01  9.14853160e-18  1.51471167e-23  4.33285344e-23  9.14428809e-18  1.27024331e-23  3.70440098e-23
3.41454887e+01  9.14795985e-18  1.12135995e-23  3.23147741e-23  9.14431130e-18  9.59542149e-24  2.80259252e-23
3.98107171e+01  9.14641723e-18  8.28764870e-24  2.40486539e-23  9.14328138e-18  7.23431090e-24  2.11664032e-23
4.64158883e+01  9.14730381e-18  6.11716817e-24  1.78609322e-23  9.14460892e-18  5.44263623e-24  1.59561131e-23
5.41169527e+01  9.15843520e-18  4.51117180e-24  1.32424906e-23  9.15611773e-18  4.08560271e-24  1.20054092e-23
6.30957344e+01  9.14546375e-18  3.32363835e-24  9.80038800e-24  9.14347554e-18  3.05832959e-24  9.01039392e-24
7.35642254e+01  9.14478814e-18  2.44750091e-24  7.24369341e-24  9.14308091e-18  2.28328637e-24  6.74631865e-24
8.57695899e+01  9.14566369e-18  1.80150557e-24  5.34789445e-24  9.14419769e-18  1.69998536e-24  5.03764378e-24
1.00000000e+02  9.14557961e-18  1.32555790e-24  3.94455504e-24  9.14432101e-18  1.26256773e-24  3.75168254e-24
1.16591440e+02  9.15334417e-18  9.47236905e-25  2.82391833e-24  9.15226596e-18  8.89006800e-25  2.65608172e-24
1.35935639e+02  9.15321985e-18  6.93252193e-25  2.07054306e-24  9.15229450e-18  6.57583736e-25  1.96660679e-24
1.58489319e+02  9.15312054e-18  5.07951518e-25  1.51905450e-24  9.15232645e-18  4.86014559e-25  1.45461420e-24
1.84784980e+02  9.15303772e-18  3.72519540e-25  1.11504327e-24  9.15235632e-18  3.58965314e-25  1.07499173e-24
2.15443469e+02  9.15297147e-18  2.73389117e-25  8.18841585e-25  9.15238680e-18  2.64974622e-25  7.93871008e-25
2.51188643e+02  9.15291196e-18  2.00745398e-25  6.01533730e-25  9.15241031e-18  1.95498264e-25  5.85914654e-25
2.92864456e+02  9.15286623e-18  1.47462870e-25  4.42014730e-25  9.15243584e-18  1.44177854e-25  4.32214798e-25
3.41454887e+02  9.15283100e-18  1.08354762e-25  3.24864564e-25  9.15246177e-18  1.06291284e-25  3.18699115e-25
3.98107171e+02  9.15280071e-18  7.96359488e-26  2.38800856e-25  9.15248395e-18  7.83363258e-26  2.34913378e-25
4.64158883e+02  9.15277112e-18  5.85385986e-26  1.75558357e-25  9.15249939e-18  5.77184168e-26  1.73103033e-25
5.41169527e+02  9.15274446e-18  4.30358929e-26  1.29076791e-25  9.15251136e-18  4.25175402e-26  1.27524138e-25
6.30957344e+02  9.15273549e-18  3.16418503e-26  9.49089214e-26  9.15253553e-18  3.13139465e-26  9.39263219e-26
7.35642254e+02  9.15271772e-18  2.32662771e-26  6.97898698e-26  9.15254620e-18  2.30587397e-26  6.91677730e-26
8.57695899e+02  9.15270697e-18  1.71088138e-26  5.13216087e-26  9.15255984e-18  1.69774316e-26  5.09277017e-26
1.00000000e+03  9.15269284e-18  1.25815916e-26  3.77421672e-26  9.15256663e-18  1.24984224e-26  3.74927710e-26
