1.00000000e-04  5.03429146e-16  1.66278930e-16  2.27374177e-16  4.65243022e-16  9.94515839e-17  1.76173506e-16
1.16591440e-04  4.80573899e-16  1.69791157e-16  2.18598316e-16  4.40574192e-16  8.80181844e-17  1.57416248e-16
1.35935639e-04  4.58903702e-16  1.70072602e-16  2.04436744e-16  4.16284234e-16  7.77072132e-17  1.40157877e-16
1.58489319e-04  4.37465572e-16  1.66927029e-16  1.86029730e-16  3.92443890e-16  6.84660633e-17  1.24390475e-16
1.84784980e-04  4.15703537e-16  1.60522636e-16  1.65151876e-16  3.69128377e-16  6.02298146e-17  1.10087426e-16
2.15443469e-04  3.93398603e-16  1.51305243e-16  1.43729895e-16  3.46415424e-16  5.29234124e-17  9.72014921e-17
2.51188643e-04  3.70596546e-16  1.39912118e-16  1.23438937e-16  3.24382350e-16  4.64648742e-17  8.56650787e-17
2.92864456e-04  3.47522494e-16  1.27077580e-16  1.05439245e-16  3.03102577e-16  4.07690381e-17  7.53927550e-17
3.41454887e-04  3.24489879e-16  1.13535357e-16  9.02803830e-17  2.82642077e-16  3.57512829e-17  6.62855478e-17
3.98107171e-04  3.01827551e-16  9.99399843e-17  7.79699684e-17  2.63056286e-16  3.13307409e-17  5.82362426e-17
4.64158883e-04  2.79831374e-16  8.68184343e-17  6.81440629e-17  2.44387874e-16  2.74327013e-17  5.11348314e-17
5.41169527e-04  2.58732405e-16  7.45426177e-17  6.02566229e-17  2.26665558e-16  2.39901107e-17  4.48733911e-17
6.30957344e-04  2.38695272e-16  6.33463857e-17  5.37494335e-17  2.09903951e-16  2.09442408e-17  3.93499487e-17
7.35642254e-04  2.19819348e-16  5.33445421e-17  4.81539233e-17  1.94104269e-16  1.82446853e-17  3.44711617e-17
8.57695899e-04  2.02147691e-16  4.45610854e-17  4.31346475e-17  1.79255666e-16  1.58488826e-17  3.01538735e-17
1.00000000e-03  1.85678347e-16  3.69567944e-17  3.84881055e-17  1.65336945e-16  1.37213358e-17  2.63257229e-17
1.16591440e-03  1.70376014e-16  3.04523823e-17  3.41164574e-17  1.52318424e-16  1.18326645e-17  2.29250353e-17
1.35935639e-03  1.56183204e-16  2.49462416e-17  2.99929081e-17  1.40163811e-16  1.01585780e-17  1.99002015e-17
1.58489319e-03  1.43030228e-16  2.03271934e-17  2.61296366e-17  1.28831995e-16  8.67882784e-18  1.72086962e-17
1.84784980e-03  1.30843413e-16  1.64831713e-17  2.25534098e-17  1.18278722e-16  7.37618340e-18  1.48158346e-17
2.15443469e-03  1.19551086e-16  1.33068205e-17  1.92899029e-17  1.08458168e-16  6.23547954e-18  1.26933336e-17
2.51188643e-03  1.09087206e-16  1.06988472e-17  1.63554757e-17  9.93244162e-17  5.24279803e-18  1.08177479e-17
2.92864456e-03  9.93929129e-17  8.56977746e-18  1.37543329e-17  9.08328377e-17  4.38485126e-18  9.16889948e-18
3.41454887e-03  9.04165025e-17  6.84061676e-18  1.14790240e-17  8.29412892e-17  3.64861922e-18  7.72846371e-18
3.98107171e-03  8.21124706e-17  5.44277581e-18  9.51265937e-18  7.56110193e-17  3.02124767e-18  6.47888796e-18
4.64158883e-03  7.44401773e-17  4.31752613e-18  7.83171936e-18  6.88071560e-17  2.49015913e-18  5.40276051e-18
5.41169527e-03  6.73625520e-17  3.41517753e-18  6.40877948e-18  6.24987234e-17  2.04328628e-18  4.48263861e-18
6.30957344e-03  6.08450768e-17  2.69411504e-18  5.21480772e-18  5.66582399e-17  1.66932863e-18  3.70123278e-18
7.35642254e-03  5.48551108e-17  2.11979163e-18  4.22091346e-18  5.12610395e-17  1.35795539e-18  3.04178065e-18
8.57695899e-03  4.93615240e-17  1.66374300e-18  3.39956074e-18  4.62845048e-17  1.09991791e-18  2.48844794e-18
1.00000000e-02  4.43345368e-17  1.30266648e-18  2.72532355e-18  4.17073642e-17  8.87070667e-19  2.02664366e-18
1.16591440e-02  3.97456564e-17  1.01758850e-18  2.17528419e-18  3.75091480e-17  7.12322489e-19  1.64320137e-18
1.35935639e-02  3.55676319e-17  7.93131443e-19  1.72917357e-18  3.36698313e-17  5.69546761e-19  1.32643018e-18
1.58489319e-02  3.17743750e-17  6.16881554e-19  1.36933731e-18  3.01696370e-17  4.53475837e-19  1.06606816e-18
1.84784980e-02  2.83408400e-17  4.78852672e-19  1.08059310e-18  2.69889555e-17  3.59596784e-19  8.53178053e-19
2.15443469e-02  2.52428793e-17  3.71037303e-19  8.50026981e-19  2.41083291e-17  2.84057133e-19  6.80019944e-19
2.51188643e-02  2.24570990e-17  2.87034323e-19  6.66760993e-19  2.15084712e-17  2.23582885e-19  5.39922770e-19
2.92864456e-02  1.99607544e-17  2.21742484e-19  5.21713620e-19  1.91703058e-17  1.75407480e-19  4.27165845e-19
3.41454887e-02  1.77316922e-17  1.71109270e-19  4.07366093e-19  1.70750184e-17  1.37209094e-19  3.36872697e-19
3.98107171e-02  1.57483558e-17  1.31925825e-19  3.17542455e-19  1.52041252e-17  1.07054002e-19  2.64915591e-19
4.64158883e-02  1.39898427e-17  1.01659897e-19  2.47207729e-19  1.35395595e-17  8.33445693e-20  2.07827974e-19
5.41169527e-02  1.24360014e-17  7.83200642e-20  1.92286311e-19  1.20637739e-17  6.47713749e-20  1.62722808e-19
6.30957344e-02  1.10675495e-17  6.03456526e-20  1.49501333e-19  1.07598530e-17  5.02694818e-20  1.27216013e-19
7.35642254e-02  9.86619321e-18  4.65177323e-20  1.16234669e-19  9.61162529e-18  3.89790736e-20  9.93551106e-20
8.57695899e-02  8.81473220e-18  3.58874212e-20  9.04066778e-20  8.60376538e-18  3.02106344e-20  7.75536822e-20
1.00000000e-01  7.89714181e-18  2.77183584e-20  7.03742354e-20  7.72187927e-18  2.34146665e-20  6.05322342e-20
1.16591440e-01  7.09862373e-18  2.14407598e-20  5.48453584e-20  6.95256655e-18  1.81557726e-20  4.72658331e-20
1.35935639e-01  6.40562547e-18  1.66148981e-20  4.28085306e-20  6.28345680e-18  1.40907851e-20  3.69385692e-20
1.58489319e-01  5.80582969e-18  1.29022183e-20  3.34748241e-20  5.70322026e-18  1.09505385e-20  2.89045994e-20
1.84784980e-01  5.28811755e-18  1.00425992e-20  2.62309511e-20  5.20155452e-18  8.52484406e-21  2.26553055e-20
2.15443469e-01  4.84251134e-18  7.83653996e-21  2.06015170e-20  4.76915085e-18  6.65022593e-21  1.77919684e-20
2.51188643e-01  4.46010145e-18  6.13126132e-21  1.62189000e-20  4.39764391e-18  5.19999816e-21  1.40032909e-20
2.92864456e-01  4.13296350e-18  4.80990776e-21  1.27993858e-20  4.07954957e-18  4.07630115e-21  1.10470984e-20
3.41454887e-01  3.85406997e-18  3.78318579e-21  1.01243664e-20  3.80819493e-18  3.20375593e-21  8.73557526e-21
3.98107171e-01  3.61720079e-18  2.98290977e-21  8.02560444e-21  3.57764467e-18  2.52444111e-21  6.92344660e-21
4.64158883e-01  3.41684262e-18  2.35702969e-21  6.37372471e-21  3.38261370e-18  1.99393682e-21  5.49857629e-21
5.41169527e-01  3.24814850e-18  1.86582161e-21  5.06929654e-21  3.21843753e-18  1.57823807e-21  4.37457034e-21
6.30957344e-01  3.10681235e-18  1.47894869e-21  4.03586697e-21  3.08095607e-18  1.25133166e-21  3.48491162e-21
7.35642254e-01  2.99946491e-18  1.17385277e-21  3.21719515e-21  2.97951627e-18  9.97495774e-22  2.79026734e-21
8.57695899e-01  2.89863467e-18  9.31241928e-22  2.56164528e-21  2.88094479e-18  7.91515751e-22  2.22279148e-21
1.00000000e+00  2.81564081e-18  7.38469254e-22  2.03824959e-21  2.79997852e-18  6.28177874e-22  1.77035894e-21
1.16591440e+00  2.74795766e-18  5.85072235e-22  1.61990622e-21  2.73411084e-18  4.98363816e-22  1.40900459e-21
1.35935639e+00  2.69304461e-18  4.62822895e-22  1.28511946e-21  2.68082493e-18  3.94944384e-22  1.11981471e-21
1.58489319e+00  2.64890965e-18  3.65387204e-22  1.01726708e-21  2.63814496e-18  3.12483923e-22  8.88289991e-22
1.84784980e+00  2.61374327e-18  2.87761223e-22  8.03121673e-22  2.60427833e-18  2.46715564e-22  7.02954174e-22
2.15443469e+00  2.58560329e-18  2.25999754e-22  6.32192621e-22  2.57729786e-18  1.94298917e-22  5.54760151e-22
2.51188643e+00  2.56398778e-18  1.76965382e-22  4.96087248e-22  2.55671246e-18  1.52592746e-22  4.36504347e-22
2.92864456e+00  2.54674848e-18  1.38131184e-22  3.88002052e-22  2.54038839e-18  1.19476317e-22  3.42360162e-22
3.41454887e+00  2.53329073e-18  1.07472795e-22  3.02459514e-22  2.52774074e-18  9.32566033e-23  2.67649383e-22
3.98107171e+00  2.52277150e-18  8.33487079e-23  2.34993365e-22  2.51793705e-18  7.25611128e-23  2.08556403e-22
4.64158883e+00  2.51335033e-18  6.44304459e-23  1.81971728e-22  2.50914802e-18  5.62784714e-23  1.61975610e-22
5.41169527e+00  2.50659047e-18  4.96547521e-23  1.40478017e-22  2.50294206e-18  4.35194983e-23  1.25413169e-22
6.30957344e+00  2.50251771e-18  3.81565283e-23  1.08128034e-22  2.49935307e-18  3.35577115e-23  9.68220519e-23
7.35642254e+00  2.49828864e-18  2.92356444e-23  8.29843360e-23  2.49554852e-18  2.58025812e-23  7.45317635e-23
8.57695899e+00  2.49505050e-18  2.23394273e-23  6.35144285e-23  2.49268076e-18  1.97874772e-23  5.72196097e-23
1.00000000e+01  2.49268821e-18  1.70259242e-23  4.84888842e-23  2.49064079e-18  1.51375438e-23  4.38199259e-23
1.16591440e+01  2.49155143e-18  1.29455405e-23  3.69327637e-23  2.48978328e-18  1.15551746e-23  3.34847652e-23
1.35935639e+01  2.49023100e-18  9.81896557e-24  2.80644886e-23  2.48870578e-18  8.80110268e-24  2.55304400e-23
1.58489319e+01  2.48945682e-18  7.43036230e-24  2.12793992e-23  2.48814196e-18  6.69015728e-24  1.94273052e-23
1.84784980e+01  2.48864947e-18  5.60966404e-24  1.60997658e-23  2.48751687e-18  5.07564278e-24  1.47548368e-23
2.15443469e+01  2.48842960e-18  4.22529376e-24  1.21553783e-23  2.48745453e-18  3.84371116e-24  1.11862440e-23
2.51188643e+01  2.48811068e-18  3.17486485e-24  9.15753836e-24  2.48727177e-18  2.90537457e-24  8.46565700e-24
2.92864456e+01  2.48823911e-18  2.37988513e-24  6.88463665e-24  2.48751760e-18  2.19223524e-24  6.39619999e-24
3.41454887e+01  2.48828468e-18  1.77957611e-24  5.16474222e-24  2.48766441e-18  1.65110970e-24  4.82453858e-24
3.98107171e+01  2.48811134e-18  1.32742553e-24  3.86613412e-24  2.48757828e-18  1.24120332e-24  3.63291860e-24
4.64158883e+01  2.48832416e-18  9.87768824e-25  2.88771816e-24  2.48786610e-18  9.31173912e-25  2.73074939e-24
5.41169527e+01  2.49070260e-18  7.33456074e-25  2.15253988e-24  2.49030873e-18  6.97166418e-25  2.04900798e-24
6.30957344e+01  2.48747086e-18  5.43346431e-25  1.60064659e-24  2.48713301e-18  5.20580872e-25  1.53377562e-24
7.35642254e+01  2.48662590e-18  4.01873672e-25  1.18804551e-24  2.48633590e-18  3.87828201e-25  1.14568877e-24
8.57695899e+01  2.48650340e-18  2.96850570e-25  8.80276353e-25  2.48625444e-18  2.88253429e-25  8.53855981e-25
1.00000000e+02  2.48640965e-18  2.19054643e-25  6.51253733e-25  2.48619594e-18  2.13785401e-25  6.34919694e-25
1.16591440e+02  2.48951592e-18  1.63141895e-25  4.85459367e-25  2.48933245e-18  1.55744095e-25  4.64324026e-25
1.35935639e+02  2.48949090e-18  1.19965772e-25  3.57723222e-25  2.48933344e-18  1.15182104e-25  3.43898668e-25
1.58489319e+02  2.48946966e-18  8.81873005e-26  2.63378907e-25  2.48933454e-18  8.51111041e-26  2.54408439e-25
1.84784980e+02  2.48945244e-18  6.48159297e-26  1.93807494e-25  2.48933650e-18  6.28464768e-26  1.88024091e-25
2.15443469e+02  2.48943827e-18  4.76355899e-26  1.42561323e-25  2.48933879e-18  4.63790953e-26  1.38851748e-25
2.51188643e+02  2.48942835e-18  3.50095025e-26  1.04842477e-25  2.48934300e-18  3.42100804e-26  1.02472718e-25
2.92864456e+02  2.48941985e-18  2.57312705e-26  7.70937204e-26  2.48934662e-18  2.52237617e-26  7.55846800e-26
3.41454887e+02  2.48941286e-18  1.89132859e-26  5.66860205e-26  2.48935003e-18  1.85916510e-26  5.57274669e-26
3.98107171e+02  2.48940663e-18  1.39029718e-26  4.16799549e-26  2.48935273e-18  1.36994106e-26  4.10722515e-26
4.64158883e+02  2.48940088e-18  1.02207794e-26  3.06467547e-26  2.48935465e-18  1.00920825e-26  3.02620585e-26
5.41169527e+02  2.48939612e-18  7.51441853e-27  2.25348664e-26  2.48935646e-18  7.43311939e-27  2.22916200e-26
6.30957344e+02  2.48939666e-18  5.52508430e-27  1.65707345e-26  2.48936264e-18  5.47375891e-27  1.64170617e-26
7.35642254e+02  2.48939388e-18  4.06267203e-27  1.21855812e-26  2.48936470e-18  4.03028481e-27  1.20885607e-26
8.57695899e+02  2.48939176e-18  2.98752131e-27  8.96125118e-27  2.48936673e-18  2.96709152e-27  8.90002745e-27
1.00000000e+03  2.48938800e-18  2.19701527e-27  6.59033770e-27  2.48936653e-18  2.18413142e-27  6.55171666e-27
