1.00000000e-04  1.09210215e-15  4.81962973e-16  5.24375834e-16  1.10534725e-15  1.90014851e-16  3.28274221e-16
1.16591440e-04  9.66445636e-16  4.07106561e-16  4.92104704e-16  1.04858637e-15  1.70155379e-16  2.95827048e-16
1.35935639e-04  8.75891899e-16  3.34995375e-16  4.41563061e-16  9.93530170e-16  1.52053841e-16  2.66098973e-16
1.58489319e-04  8.17626475e-16  2.73224849e-16  3.86201024e-16  9.40244926e-16  1.35580380e-16  2.38891724e-16
1.84784980e-04  7.83756881e-16  2.25223357e-16  3.36301812e-16  8.88773383e-16  1.20618857e-16  2.14018592e-16
2.15443469e-04  7.64574846e-16  1.90707675e-16  2.96152823e-16  8.39136515e-16  1.07065091e-16  1.91309836e-16
2.51188643e-04  7.51176949e-16  1.67145763e-16  2.65063166e-16  7.91336428e-16  9.48237883e-17  1.70614783e-16
2.92864456e-04  7.36934245e-16  1.51236086e-16  2.39969682e-16  7.45360297e-16  8.38049344e-17  1.51800601e-16
3.41454887e-04  7.17930670e-16  1.39930651e-16  2.17718680e-16  7.01185030e-16  7.39204972e-17  1.34748290e-16
3.98107171e-04  6.92682804e-16  1.30893960e-16  1.96236032e-16  6.58782263e-16  6.50822348e-17  1.19347053e-16
4.64158883e-04  6.61527141e-16  1.22608017e-16  1.74740275e-16  6.18123044e-16  5.72010686e-17  1.05488589e-16
5.41169527e-04  6.25885519e-16  1.14239396e-16  1.53390501e-16  5.79181505e-16  5.01880341e-17  9.30628215e-17
6.30957344e-04  5.87612410e-16  1.05461328e-16  1.32804636e-16  5.41936910e-16  4.39563774e-17  8.19560789e-17
7.35642254e-04  5.48504787e-16  9.62747686e-17  1.13668314e-16  5.06373775e-16  3.84240965e-17  7.20519196e-17
8.57695899e-04  5.10001879e-16  8.68494765e-17  9.65072662e-17  4.72480245e-16  3.35162111e-17  6.32340801e-17
1.00000000e-03  4.73072424e-16  7.74276581e-17  8.16006442e-17  4.40245207e-16  2.91662135e-17  5.53905257e-17
1.16591440e-03  4.38231640e-16  6.82551936e-17  6.89856785e-17  4.09654856e-16  2.53164158e-17  4.84174762e-17
1.35935639e-03  4.05637767e-16  5.95397135e-17  5.85080696e-17  3.80689374e-16  2.19171913e-17  4.22224208e-17
1.58489319e-03  3.75223903e-16  5.14358741e-17  4.98945794e-17  3.53320320e-16  1.89253589e-17  3.67254318e-17
1.84784980e-03  3.46820286e-16  4.40432542e-17  4.28218618e-17  3.27509155e-16  1.63021729e-17  3.18585176e-17
2.15443469e-03  3.20242646e-16  3.74109815e-17  3.69698622e-17  3.03207302e-16  1.40114826e-17  2.75632925e-17
2.51188643e-03  2.95339922e-16  3.15459293e-17  3.20570976e-17  2.80357850e-16  1.20185407e-17  2.37877606e-17
2.92864456e-03  2.72007901e-16  2.64241811e-17  2.78585279e-17  2.58898689e-16  1.02896730e-17  2.04832801e-17
3.41454887e-03  2.50179515e-16  2.20009179e-17  2.42083530e-17  2.38766357e-16  8.79268220e-18  1.76025878e-17
3.98107171e-03  2.29805859e-16  1.82181717e-17  2.09926753e-17  2.19899562e-16  7.49762670e-18  1.50992332e-17
4.64158883e-03  2.10839156e-16  1.50112018e-17  1.81375339e-17  2.02241531e-16  6.37758066e-18  1.29281939e-17
5.41169527e-03  1.93223114e-16  1.23133164e-17  1.55962622e-17  1.85740775e-16  5.40909871e-18  1.10471111e-17
6.30957344e-03  1.76891230e-16  1.00593014e-17  1.33386440e-17  1.70350433e-16  4.57227990e-18  9.41755840e-18
7.35642254e-03  1.61770489e-16  8.18769589e-18  1.13429149e-17  1.56026689e-16  3.85046075e-18  8.00591672e-18
8.57695899e-03  1.47786924e-16  6.64216438e-18  9.59064060e-18  1.42726863e-16  3.22965256e-18  6.78364861e-18
1.00000000e-02  1.34870215e-16  5.37218548e-18  8.06394328e-18  1.30407673e-16  2.69787760e-18  5.72695346e-18
1.16591440e-02  1.22955873e-16  4.33324594e-18  6.74437285e-18  1.19024038e-16  2.24456275e-18  4.81595174e-18
1.35935639e-02  1.11985123e-16  3.48669467e-18  5.61277118e-18  1.08528639e-16  1.86010939e-18  4.03366421e-18
1.58489319e-02  1.01903343e-16  2.79937809e-18  4.64963320e-18  9.88723001e-17  1.53568056e-18  3.36508187e-18
1.84784980e-02  9.26582024e-17  2.24314982e-18  3.83563776e-18  9.00049748e-17  1.26316236e-18  2.79653450e-18
2.15443469e-02  8.41983160e-17  1.79432341e-18  3.15216313e-18  8.18769991e-17  1.03520979e-18  2.31540457e-18
2.51188643e-02  7.64727506e-17  1.43311549e-18  2.58170054e-18  7.44401900e-17  8.45291876e-19  1.91009312e-18
2.92864456e-02  6.94312982e-17  1.14311070e-18  2.10814031e-18  6.76485576e-17  6.87690312e-19  1.57009010e-18
3.41454887e-02  6.30251756e-17  9.10766919e-19  1.71693632e-18  6.14585766e-17  5.57447382e-19  1.28603029e-18
3.98107171e-02  5.72077891e-17  7.24969858e-19  1.39516798e-18  5.58291395e-17  4.50283119e-19  1.04968074e-18
4.64158883e-02  5.19352890e-17  5.76640299e-19  1.13152294e-18  5.07213594e-17  3.62506223e-19  8.53862702e-19
5.41169527e-02  4.71668121e-17  4.58392781e-19  9.16222065e-19  4.60983651e-17  2.90935142e-19  6.92338737e-19
6.30957344e-02  4.28644254e-17  3.64242703e-19  7.40906076e-19  4.19251507e-17  2.32834772e-19  5.59697107e-19
7.35642254e-02  3.89928649e-17  2.89357361e-19  5.98499493e-19  3.81684792e-17  1.85866111e-19  4.51251654e-19
8.57695899e-02  3.55191881e-17  2.29846235e-19  4.83064607e-19  3.47968171e-17  1.48043470e-19  3.62960789e-19
1.00000000e-01  3.24124332e-17  1.82585724e-19  3.89655067e-19  3.17802719e-17  1.17694839e-19  2.91360323e-19
1.16591440e-01  2.96433426e-17  1.45073768e-19  3.14175989e-19  2.90905235e-17  9.34234811e-20  2.33503337e-19
1.35935639e-01  2.71841736e-17  1.15310143e-19  2.53255075e-19  2.67007535e-17  7.40708837e-20  1.86902781e-19
1.58489319e-01  2.50085910e-17  9.16985224e-20  2.04127234e-19  2.45855813e-17  5.86820407e-20  1.49475623e-19
1.84784980e-01  2.30916199e-17  7.29668341e-20  1.64533591e-19  2.27210119e-17  4.64739954e-20  1.19489353e-19
2.15443469e-01  2.14096377e-17  5.81028079e-20  1.32634697e-19  2.10843983e-17  3.68081231e-20  9.55122072e-20
2.51188643e-01  1.99403382e-17  4.63020082e-20  1.06936891e-19  1.96543706e-17  2.91661462e-20  7.63680357e-20
2.92864456e-01  1.86628702e-17  3.69260903e-20  8.62305998e-20  1.84109434e-17  2.31296531e-20  6.10963998e-20
3.41454887e-01  1.75576721e-17  2.94692350e-20  6.95387387e-20  1.73353315e-17  1.83626238e-20  4.89174895e-20
3.98107171e-01  1.66065461e-17  2.35312684e-20  5.60740261e-20  1.64100140e-17  1.45966725e-20  3.92018575e-20
4.64158883e-01  1.57926035e-17  1.87960811e-20  4.52036035e-20  1.56186792e-17  1.16185723e-20  3.14442980e-20
5.41169527e-01  1.51002182e-17  1.50143173e-20  3.64198233e-20  1.49461845e-17  9.25978255e-21  2.52415021e-20
6.30957344e-01  1.45149725e-17  1.19894914e-20  2.93161681e-20  1.43785120e-17  7.38770593e-21  2.02730738e-20
7.35642254e-01  1.40236068e-17  9.56686027e-21  2.35674462e-20  1.39027303e-17  5.89844278e-21  1.62855259e-20
8.57695899e-01  1.36139697e-17  7.62452465e-21  1.89135677e-20  1.35069553e-17  4.71083286e-21  1.30789162e-20
1.00000000e+00  1.32749746e-17  6.06633633e-21  1.51463224e-20  1.31803190e-17  3.76159820e-21  1.04958005e-20
1.16591440e+00  1.29965539e-17  4.81627400e-21  1.20986793e-20  1.29129326e-17  3.00142000e-21  8.41220102e-21
1.35935639e+00  1.27696061e-17  3.81401220e-21  9.63619987e-21  1.26958429e-17  2.39180226e-21  6.73030868e-21
1.58489319e+00  1.25859478e-17  3.01145793e-21  7.65021383e-21  1.25209904e-17  1.90259281e-21  5.37266336e-21
1.84784980e+00  1.24866096e-17  2.37142734e-21  6.05919531e-21  1.24240501e-17  1.51376294e-21  4.28816374e-21
2.15443469e+00  1.23505422e-17  1.85935634e-21  4.77416822e-21  1.22954584e-17  1.19713054e-21  3.40064014e-21
2.51188643e+00  1.22446825e-17  1.45264146e-21  3.74793110e-21  1.21963008e-17  9.44223900e-22  2.68889795e-21
2.92864456e+00  1.21601412e-17  1.13067098e-21  2.93125027e-21  1.21177553e-17  7.42554792e-22  2.11933800e-21
3.41454887e+00  1.20940161e-17  8.76759905e-22  2.28395235e-21  1.20569672e-17  5.82160197e-22  1.66493020e-21
3.98107171e+00  1.20435214e-17  6.77310151e-22  1.77300314e-21  1.20112051e-17  4.54965292e-22  1.30357814e-21
4.64158883e+00  1.19999486e-17  5.21274500e-22  1.37135456e-21  1.19718237e-17  3.54424806e-22  1.01723988e-21
5.41169527e+00  1.19691197e-17  3.99727599e-22  1.05700724e-21  1.19446787e-17  2.75252063e-22  7.91255629e-22
6.30957344e+00  1.19490145e-17  3.05431148e-22  8.11990327e-22  1.19278022e-17  2.13127771e-22  6.13576189e-22
7.35642254e+00  1.19291571e-17  2.32557372e-22  6.21736788e-22  1.19107802e-17  1.64544197e-22  4.74367738e-22
8.57695899e+00  1.19140385e-17  1.76464628e-22  4.74582752e-22  1.18981384e-17  1.26687818e-22  3.65713270e-22
1.00000000e+01  1.19026105e-17  1.33454447e-22  3.61181018e-22  1.18888690e-17  9.72904688e-23  2.81206282e-22
1.16591440e+01  1.18956244e-17  1.00601564e-22  2.74101838e-22  1.18837570e-17  7.45383160e-23  2.15707695e-22
1.35935639e+01  1.18889268e-17  7.55924478e-23  2.07436397e-22  1.18786894e-17  5.69758898e-23  1.65080598e-22
1.58489319e+01  1.18847532e-17  5.66252615e-23  1.56566712e-22  1.18759281e-17  4.34599163e-23  1.26068998e-22
1.84784980e+01  1.18811450e-17  4.22902691e-23  1.17862400e-22  1.18735432e-17  3.30834733e-23  9.60834920e-23
2.15443469e+01  1.18800514e-17  3.14969480e-23  8.85058210e-23  1.18735057e-17  2.51382137e-23  7.30980632e-23
2.51188643e+01  1.18776548e-17  2.33961810e-23  6.62929152e-23  1.18720226e-17  1.90644434e-23  5.55080773e-23
2.92864456e+01  1.18768903e-17  1.73401902e-23  4.95395393e-23  1.18720453e-17  1.44328872e-23  4.20815198e-23
3.41454887e+01  1.18755235e-17  1.28266783e-23  3.69341034e-23  1.18713578e-17  1.09057998e-23  3.18468583e-23
3.98107171e+01  1.18735981e-17  9.47356822e-24  2.74768271e-23  1.18700177e-17  8.22458937e-24  2.40593482e-23
4.64158883e+01  1.18741754e-17  6.98883308e-24  2.04000987e-23  1.18710986e-17  6.18933363e-24  1.81421813e-23
5.41169527e+01  1.18845656e-17  5.15178674e-24  1.51201647e-23  1.18819200e-17  4.64728696e-24  1.36539709e-23
6.30957344e+01  1.18725850e-17  3.79432134e-24  1.11869073e-23  1.18703147e-17  3.47964339e-24  1.02505589e-23
7.35642254e+01  1.18710262e-17  2.79323820e-24  8.26632793e-24  1.18690768e-17  2.59832210e-24  7.67662150e-24
8.57695899e+01  1.18705988e-17  2.05542492e-24  6.10142206e-24  1.18689250e-17  1.93480788e-24  5.73333562e-24
1.00000000e+02  1.18699283e-17  1.51205684e-24  4.49943741e-24  1.18684913e-17  1.43713716e-24  4.27039267e-24
1.16591440e+02  1.18813849e-17  1.06966002e-24  3.18999227e-24  1.18801538e-17  1.00727959e-24  3.00993996e-24
1.35935639e+02  1.18812381e-17  7.83166067e-25  2.33969343e-24  1.18801814e-17  7.45021010e-25  2.22838653e-24
1.58489319e+02  1.18811178e-17  5.74094675e-25  1.71717815e-24  1.18802111e-17  5.50609057e-25  1.64810381e-24
1.84784980e+02  1.18810197e-17  4.21213405e-25  1.26096231e-24  1.18802416e-17  4.06655279e-25  1.21789985e-24
2.15443469e+02  1.18809421e-17  3.09245925e-25  9.26323823e-25  1.18802745e-17  3.00165458e-25  8.99354688e-25
2.51188643e+02  1.18808773e-17  2.27148185e-25  6.80693737e-25  1.18803045e-17  2.21454295e-25  6.63734086e-25
2.92864456e+02  1.18808209e-17  1.66900569e-25  5.00301197e-25  1.18803294e-17  1.63315140e-25  4.89600051e-25
3.41454887e+02  1.18807770e-17  1.22661348e-25  3.67769657e-25  1.18803554e-17  1.20396518e-25  3.61000294e-25
3.98107171e+02  1.18807407e-17  9.01634888e-26  2.70375415e-25  1.18803790e-17  8.87297683e-26  2.66085787e-25
4.64158883e+02  1.18807091e-17  6.62837965e-26  1.98789534e-25  1.18803988e-17  6.53750047e-26  1.96068485e-25
5.41169527e+02  1.18806785e-17  4.87332461e-26  1.46166438e-25  1.18804123e-17  4.81568199e-26  1.44439632e-25
6.30957344e+02  1.18806657e-17  3.58323653e-26  1.07479152e-25  1.18804373e-17  3.54667027e-26  1.06383315e-25
7.35642254e+02  1.18806452e-17  2.63482789e-26  7.90351609e-26  1.18804494e-17  2.61163706e-26  7.83399730e-26
8.57695899e+02  1.18806304e-17  1.93754615e-26  5.81211644e-26  1.18804624e-17  1.92284518e-26  5.76803862e-26
1.00000000e+03  1.18806181e-17  1.42485699e-26  4.27428923e-26  1.18804740e-17  1.41554360e-26  4.24636079e-26
