1.00000000e-04  1.10930704e-15  1.37653420e-16  2.67790613e-16  6.96846099e-16  1.36075741e-16  2.34031453e-16
1.16591440e-04  1.02485953e-15  1.14280180e-16  2.17058095e-16  6.59439318e-16  1.22126902e-16  2.10909050e-16
1.35935639e-04  9.39447103e-16  1.00414430e-16  1.82370536e-16  6.23209811e-16  1.09481615e-16  1.89843556e-16
1.58489319e-04  8.55696720e-16  9.41156107e-17  1.62206860e-16  5.88224401e-16  9.80233918e-17  1.70687863e-16
1.84784980e-04  7.75729774e-16  9.32803775e-17  1.53377599e-16  5.54533438e-16  8.76434304e-17  1.53290171e-16
2.15443469e-04  7.01212544e-16  9.57954757e-17  1.51554008e-16  5.22170561e-16  7.82426143e-17  1.37500045e-16
2.51188643e-04  6.33338224e-16  9.97107795e-17  1.52156459e-16  4.91153242e-16  6.97324259e-17  1.23173582e-16
2.92864456e-04  5.72766124e-16  1.03394380e-16  1.51342304e-16  4.61484023e-16  6.20348782e-17  1.10177332e-16
3.41454887e-04  5.19598828e-16  1.05652202e-16  1.46734954e-16  4.33152288e-16  5.50816259e-17  9.83907914e-17
3.98107171e-04  4.73436386e-16  1.05772570e-16  1.37662846e-16  4.06136429e-16  4.88124766e-17  8.77074260e-17
4.64158883e-04  4.33505594e-16  1.03508066e-16  1.24892554e-16  3.80406272e-16  4.31735556e-17  7.80343138e-17
5.41169527e-04  3.98813306e-16  9.89951094e-17  1.10016630e-16  3.55925632e-16  3.81154069e-17  6.92905946e-17
6.30957344e-04  3.68310982e-16  9.26272358e-17  9.47978360e-17  3.32654880e-16  3.35913156e-17  6.14050589e-17
7.35642254e-04  3.41037428e-16  8.49455017e-17  8.06557581e-17  3.10553332e-16  2.95560926e-17  5.43133124e-17
8.57695899e-04  3.16207744e-16  7.65174571e-17  6.84221266e-17  2.89581272e-16  2.59654702e-17  4.79550358e-17
1.00000000e-03  2.93250123e-16  6.78479800e-17  5.83441510e-17  2.69701400e-16  2.27761165e-17  4.22718176e-17
1.16591440e-03  2.71803534e-16  5.93400257e-17  5.02552803e-17  2.50879561e-16  1.99461437e-17  3.72058826e-17
1.35935639e-03  2.51674785e-16  5.12829515e-17  4.37793579e-17  2.33084722e-16  1.74358941e-17  3.26998052e-17
1.58489319e-03  2.32778478e-16  4.38615458e-17  3.84967763e-17  2.16288320e-16  1.52087689e-17  2.86970620e-17
1.84784980e-03  2.15078815e-16  3.71728889e-17  3.40442854e-17  2.00463178e-16  1.32319073e-17  2.51431280e-17
2.15443469e-03  1.98550407e-16  3.12511546e-17  3.01563931e-17  1.85582269e-16  1.14765955e-17  2.19867851e-17
2.51188643e-03  1.83155960e-16  2.60856994e-17  2.66641870e-17  1.71617548e-16  9.91835678e-18  1.91813539e-17
2.92864456e-03  1.68840640e-16  2.16360253e-17  2.34742948e-17  1.58539007e-16  8.53672108e-18  1.66856449e-17
3.41454887e-03  1.55536813e-16  1.78437180e-17  2.05433606e-17  1.46314033e-16  7.31470436e-18  1.44644903e-17
3.98107171e-03  1.43172441e-16  1.46413279e-17  1.78560147e-17  1.34907071e-16  6.23805933e-18  1.24887579e-17
4.64158883e-03  1.31678546e-16  1.19586854e-17  1.54091424e-17  1.24279600e-16  5.29440176e-18  1.07347913e-17
5.41169527e-03  1.20993584e-16  9.72716390e-18  1.32022534e-17  1.14390483e-16  4.47236547e-18  9.18330949e-18
6.30957344e-03  1.11064504e-16  7.88236742e-18  1.12325323e-17  1.05196733e-16  3.76095695e-18  7.81795880e-18
7.35642254e-03  1.01845459e-16  6.36564689e-18  9.49297730e-18  9.66547275e-17  3.14923040e-18  6.62385161e-18
8.57695899e-03  9.32954793e-17  5.12478111e-18  7.97231565e-18  8.87216962e-17  2.62629507e-18  5.58646042e-18
1.00000000e-02  8.53762864e-17  4.11408749e-18  6.65578504e-18  8.13571927e-17  2.18155193e-18  4.69108708e-18
1.16591440e-02  7.80508858e-17  3.29416654e-18  5.52622002e-18  7.45241590e-17  1.80500316e-18  3.92289065e-18
1.35935639e-02  7.12830969e-17  2.63143063e-18  4.56513925e-18  6.81893697e-17  1.48750138e-18  3.26726883e-18
1.58489319e-02  6.50377955e-17  2.09752379e-18  3.75369056e-18  6.23232548e-17  1.22087393e-18  2.71033322e-18
1.84784980e-02  5.92814815e-17  1.66870456e-18  3.07340254e-18  5.68992912e-17  9.97924584e-19  2.23928332e-18
2.15443469e-02  5.39828260e-17  1.32523815e-18  2.50673907e-18  5.18932387e-17  8.12354332e-19  1.84259522e-18
2.51188643e-02  4.91129631e-17  1.05082493e-18  2.03747371e-18  4.72824381e-17  6.58650455e-19  1.51003663e-18
2.92864456e-02  4.46454720e-17  8.32079743e-19  1.65091084e-18  4.30453176e-17  5.31981272e-19  1.23257185e-18
3.41454887e-02  4.05560946e-17  6.58067924e-19  1.33398205e-18  3.91611071e-17  4.28113731e-19  1.00222711e-18
3.98107171e-02  3.68223130e-17  5.19898700e-19  1.07524681e-18  3.56097240e-17  3.43354156e-19  8.11965783e-19
4.64158883e-02  3.34228942e-17  4.10373795e-19  8.64823712e-19  3.23717292e-17  2.74503251e-19  6.55592758e-19
5.41169527e-02  3.03375052e-17  3.23687230e-19  6.94276136e-19  2.94283039e-17  2.18815597e-19  5.27684305e-19
6.30957344e-02  2.75464303e-17  2.55171592e-19  5.56471706e-19  2.67612053e-17  1.73957740e-19  4.23530634e-19
7.35642254e-02  2.50304093e-17  2.01085604e-19  4.45430995e-19  2.43527141e-17  1.37963555e-19  3.39079647e-19
8.57695899e-02  2.27705747e-17  1.58437900e-19  3.56176761e-19  2.21855838e-17  1.09188600e-19  2.70876729e-19
1.00000000e-01  2.07484604e-17  1.24841987e-19  2.84591155e-19  2.02430083e-17  8.62659604e-20  2.16000838e-19
1.16591440e-01  1.89460548e-17  9.83977160e-20  2.27285337e-19  1.85086155e-17  6.80655555e-20  1.71999917e-19
1.35935639e-01  1.73458756e-17  7.75949961e-20  1.81483574e-19  1.69664853e-17  5.36579205e-20  1.36828909e-19
1.58489319e-01  1.59310507e-17  6.12359262e-20  1.44922162e-19  1.56011873e-17  4.22825973e-20  1.08792569e-19
1.84784980e-01  1.46853943e-17  4.83720349e-20  1.15762551e-19  1.43978300e-17  3.33208173e-20  8.64940842e-20
2.15443469e-01  1.35934737e-17  3.82538156e-20  9.25174193e-20  1.33421164e-17  2.62719854e-20  6.87895830e-20
2.51188643e-01  1.26406627e-17  3.02902043e-20  7.39882498e-20  1.24203968e-17  2.07334789e-20  5.47481767e-20
2.92864456e-01  1.18131795e-17  2.40160787e-20  5.92129217e-20  1.16197169e-17  1.63833622e-20  4.36170646e-20
3.41454887e-01  1.10980736e-17  1.90662045e-20  4.74218990e-20  1.09278180e-17  1.29656690e-20  3.47912033e-20
3.98107171e-01  1.04833445e-17  1.51544057e-20  3.80018771e-20  1.03332729e-17  1.02780020e-20  2.77872433e-20
4.64158883e-01  9.95779922e-18  1.20568675e-20  3.04655473e-20  9.82536109e-18  8.16110550e-21  2.22211194e-20
5.41169527e-01  9.51111573e-18  9.59884539e-21  2.44267956e-20  9.39414758e-18  6.49025160e-21  1.77892033e-20
6.30957344e-01  9.13380175e-18  7.64406720e-21  1.95803221e-20  9.03045727e-18  5.16813977e-21  1.42524696e-20
7.35642254e-01  8.81716423e-18  6.08631624e-21  1.56850294e-20  8.72585691e-18  4.11910816e-21  1.14233748e-20
8.57695899e-01  8.55327477e-18  4.84277021e-21  1.25505609e-20  8.47263153e-18  3.28445090e-21  9.15508825e-21
1.00000000e+00  8.33492942e-18  3.84875082e-21  1.00264645e-20  8.26375323e-18  2.61866031e-21  7.33273954e-21
1.16591440e+00  8.15560828e-18  3.05360855e-21  7.99354053e-21  8.09284822e-18  2.08643768e-21  5.86638006e-21
1.35935639e+00  8.00943562e-18  2.41751895e-21  6.35699655e-21  7.95416306e-18  1.66033820e-21  4.68538609e-21
1.58489319e+00  7.92159890e-18  1.91060694e-21  5.04717439e-21  7.87155340e-18  1.32299110e-21  3.74569454e-21
1.84784980e+00  7.81526010e-18  1.50386149e-21  3.98810199e-21  7.77110595e-18  1.04757030e-21  2.97443510e-21
2.15443469e+00  7.72935623e-18  1.17999189e-21  3.14085196e-21  7.69050585e-18  8.27518342e-22  2.35565622e-21
2.51188643e+00  7.66312713e-18  9.22798921e-22  2.46507691e-21  7.62902153e-18  6.51939809e-22  1.86012101e-21
2.92864456e+00  7.60971928e-18  7.19150933e-22  1.92777505e-21  7.57985343e-18  5.12088951e-22  1.46413365e-21
3.41454887e+00  7.56774813e-18  5.58471177e-22  1.50218841e-21  7.54165158e-18  4.00997153e-22  1.14867225e-21
3.98107171e+00  7.53564967e-18  4.32155845e-22  1.16638208e-21  7.51289258e-18  3.13011113e-22  8.98182492e-22
4.64158883e+00  7.50649765e-18  3.33228475e-22  9.02451826e-22  7.48669814e-18  2.43549756e-22  6.99976247e-22
5.41169527e+00  7.48711354e-18  2.56071567e-22  6.95905180e-22  7.46990927e-18  1.88925842e-22  5.43787968e-22
6.30957344e+00  7.47635531e-18  1.96124954e-22  5.34900784e-22  7.46142214e-18  1.46122760e-22  4.21171193e-22
7.35642254e+00  7.46381077e-18  1.49712701e-22  4.09838729e-22  7.45087400e-18  1.12688819e-22  3.25229047e-22
8.57695899e+00  7.45456705e-18  1.13916835e-22  3.13070489e-22  7.44337345e-18  8.66697747e-23  2.50447242e-22
1.00000000e+01  7.44726643e-18  8.64069610e-23  2.38457749e-22  7.43759235e-18  6.64884955e-23  1.92359443e-22
1.16591440e+01  7.44329727e-18  6.53420274e-23  1.81132890e-22  7.43494173e-18  5.08888127e-23  1.47398615e-22
1.35935639e+01  7.43887033e-18  4.92604144e-23  1.37212994e-22  7.43166199e-18  3.88605005e-23  1.12686988e-22
1.58489319e+01  7.43662351e-18  3.70265367e-23  1.03674286e-22  7.43040844e-18  2.96144341e-23  8.59730005e-23
1.84784980e+01  7.43436806e-18  2.77485034e-23  7.81324244e-23  7.42901355e-18  2.25234095e-23  6.54625563e-23
2.15443469e+01  7.43390764e-18  2.07361383e-23  5.87379991e-23  7.42929659e-18  1.70986635e-23  4.97553269e-23
2.51188643e+01  7.43194808e-18  1.54517493e-23  4.40455649e-23  7.42798052e-18  1.29553214e-23  3.77462709e-23
2.92864456e+01  7.43131355e-18  1.14847616e-23  3.29504932e-23  7.42790077e-18  9.79850564e-24  2.85879186e-23
3.41454887e+01  7.43007064e-18  8.51628233e-24  2.45925948e-23  7.42713654e-18  7.39684965e-24  2.16139314e-23
3.98107171e+01  7.42803457e-18  6.30277268e-24  1.83146048e-23  7.42551293e-18  5.57299256e-24  1.63128809e-23
4.64158883e+01  7.42836717e-18  4.65722737e-24  1.36111713e-23  7.42620019e-18  4.18991406e-24  1.22889910e-23
5.41169527e+01  7.43819734e-18  3.43758243e-24  1.00978906e-23  7.43633367e-18  3.14313981e-24  9.24007762e-24
6.30957344e+01  7.42680567e-18  2.53442829e-24  7.47707192e-24  7.42520705e-18  2.35122942e-24  6.93003965e-24
7.35642254e+01  7.42635029e-18  1.86746714e-24  5.52911544e-24  7.42497766e-18  1.75430066e-24  5.18527404e-24
8.57695899e+01  7.42699250e-18  1.37527812e-24  4.08374006e-24  7.42581390e-18  1.30543872e-24  3.86964327e-24
1.00000000e+02  7.42690023e-18  1.01237075e-24  3.01318711e-24  7.42588845e-18  9.69104831e-25  2.88033463e-24
1.16591440e+02  7.43399488e-18  7.34741255e-25  2.18971783e-24  7.43312787e-18  6.87810220e-25  2.05452118e-24
1.35935639e+02  7.43389640e-18  5.37801382e-25  1.60581810e-24  7.43315231e-18  5.08771490e-25  1.52130350e-24
1.58489319e+02  7.43381477e-18  3.93994237e-25  1.17800776e-24  7.43317622e-18  3.76034064e-25  1.12530285e-24
1.84784980e+02  7.43374752e-18  2.88863109e-25  8.64499871e-25  7.43319959e-18  2.77738174e-25  8.31659105e-25
2.15443469e+02  7.43369451e-18  2.11921730e-25  6.34662834e-25  7.43322437e-18  2.05018032e-25  6.14193624e-25
2.51188643e+02  7.43364649e-18  1.55557406e-25  4.66088402e-25  7.43324311e-18  1.51263830e-25  4.53317154e-25
2.92864456e+02  7.43361126e-18  1.14233012e-25  3.42388719e-25  7.43326518e-18  1.11556513e-25  3.34408818e-25
3.41454887e+02  7.43358200e-18  8.39151340e-26  2.51579928e-25  7.43328510e-18  8.22428426e-26  2.46585564e-25
3.98107171e+02  7.43355714e-18  6.16603524e-26  1.84892578e-25  7.43330243e-18  6.06132450e-26  1.81761499e-25
4.64158883e+02  7.43353391e-18  4.53173007e-26  1.35904485e-25  7.43331541e-18  4.46603824e-26  1.33938404e-25
5.41169527e+02  7.43351220e-18  3.33115886e-26  9.99093076e-26  7.43332476e-18  3.28987671e-26  9.86729826e-26
6.30957344e+02  7.43350540e-18  2.44897433e-26  7.34555415e-26  7.43334462e-18  2.42299501e-26  7.26771436e-26
7.35642254e+02  7.43349276e-18  1.80060774e-26  5.40108632e-26  7.43335484e-18  1.78423978e-26  5.35202765e-26
8.57695899e+02  7.43347916e-18  1.32400991e-26  3.97163267e-26  7.43336085e-18  1.31368812e-26  3.94068814e-26
1.00000000e+03  7.43347105e-18  9.73627857e-27  2.92066947e-26  7.43336957e-18  9.67114356e-27  2.90113860e-26
