1.00000000e-04  3.02402739e-16  7.95978872e-17  1.19340770e-16  2.24353794e-16  3.34824972e-17  6.83010223e-17
1.16591440e-04  2.70646013e-16  6.38316412e-17  9.95552169e-17  2.03960316e-16  2.76479868e-17  5.70875475e-17
1.35935639e-04  2.41505564e-16  5.09171703e-17  8.23599112e-17  1.84680312e-16  2.27327731e-17  4.74382103e-17
1.58489319e-04  2.14811367e-16  4.04073687e-17  6.75956799e-17  1.66580118e-16  1.86225176e-17  3.92156146e-17
1.84784980e-04  1.90431777e-16  3.19096536e-17  5.50643657e-17  1.49702860e-16  1.52067760e-17  3.22702492e-17
2.15443469e-04  1.68254889e-16  2.50822260e-17  4.45435214e-17  1.34067965e-16  1.23826373e-17  2.64487716e-17
2.51188643e-04  1.48175209e-16  1.96302538e-17  3.58001076e-17  1.19672410e-16  1.00571199e-17  2.16012784e-17
2.92864456e-04  1.30085204e-16  1.53019363e-17  2.86021112e-17  1.06493298e-16  8.14834709e-18  1.75868886e-17
3.41454887e-04  1.13870966e-16  1.18844384e-17  2.27275715e-17  9.44912275e-17  6.58570191e-18  1.42774041e-17
3.98107171e-04  9.94110757e-17  9.19973712e-18  1.79709378e-17  8.36139651e-17  5.30925075e-18  1.15591809e-17
4.64158883e-04  8.65776734e-17  7.10046013e-18  1.41469609e-17  7.38000209e-17  4.26872313e-18  9.33355099e-18
5.41169527e-04  7.52388478e-17  5.46581912e-18  1.10924990e-17  6.49818647e-17  3.42228983e-18  7.51621984e-18
6.30957344e-04  6.52615844e-17  4.19774309e-18  8.66669666e-18  5.70886575e-17  2.73531347e-18  6.03603544e-18
7.35642254e-04  5.65147193e-17  3.21729829e-18  6.74999646e-18  5.00484574e-17  2.17917978e-18  4.83345256e-18
8.57695899e-04  4.88715447e-17  2.46145870e-18  5.24240122e-18  4.37899324e-17  1.73026596e-18  3.85892497e-18
1.00000000e-03  4.22118744e-17  1.88026002e-18  4.06132905e-18  3.82436393e-17  1.36906436e-18  3.07137261e-18
1.16591440e-03  3.64235120e-17  1.43434465e-18  3.13932267e-18  3.33429443e-17  1.07945699e-18  2.43680397e-18
1.35935639e-03  3.14031481e-17  1.09288360e-18  2.42179622e-18  2.90246565e-17  8.48123850e-19  1.92712527e-18
1.58489319e-03  2.70567650e-17  8.31846189e-19  1.86493576e-18  2.52294387e-17  6.64063250e-19  1.51913698e-18
1.84784980e-03  2.32996460e-17  6.32579929e-19  1.43381748e-18  2.19020455e-17  5.18202201e-19  1.19370088e-18
2.15443469e-03  2.00560917e-17  4.80659387e-19  1.10076991e-18  1.89914312e-17  4.03077656e-19  9.35053425e-19
2.51188643e-03  1.72589319e-17  3.64962817e-19  8.43980284e-19  1.64507550e-17  3.12572708e-19  7.30239622e-19
2.92864456e-03  1.48489133e-17  2.76938241e-19  6.46330187e-19  1.42373084e-17  2.41695806e-19  5.68644375e-19
3.41454887e-03  1.27740200e-17  2.10024479e-19  4.94436544e-19  1.23123823e-17  1.86394083e-19  4.41601734e-19
3.98107171e-03  1.09887737e-17  1.59197365e-19  3.77871225e-19  1.06410866e-17  1.43394588e-19  3.42066926e-19
4.64158883e-03  9.45354431e-18  1.20615983e-19  2.88532068e-19  9.19213712e-18  1.10068946e-19  2.64339631e-19
5.41169527e-03  8.13389355e-18  9.13481189e-20  2.20140010e-19  7.93761689e-18  8.43181950e-20  2.03829894e-19
6.30957344e-03  6.99996230e-18  6.91579985e-20  1.67839758e-19  6.85272508e-18  6.44752942e-20  1.56860204e-19
7.35642254e-03  6.02591031e-18  5.23426726e-20  1.27884407e-19  5.91551829e-18  4.92231362e-20  1.20498620e-19
8.57695899e-03  5.18940961e-18  3.96062485e-20  9.73875733e-20  5.10665349e-18  3.75261952e-20  9.24188111e-20
1.00000000e-02  4.47119157e-18  2.99634110e-20  7.41293436e-20  4.40913647e-18  2.85740340e-20  7.07834063e-20
1.16591440e-02  3.85464491e-18  2.26655511e-20  5.64048885e-20  3.80808155e-18  2.17350305e-20  5.41474768e-20
1.35935639e-02  3.32546144e-18  1.71442923e-20  4.29067071e-20  3.29048480e-18  1.65188020e-20  4.13792842e-20
1.58489319e-02  2.87132557e-18  1.29683722e-20  3.26332684e-20  2.84501307e-18  1.25459380e-20  3.15956912e-20
1.84784980e-02  2.48164293e-18  9.81075860e-21  2.48182911e-20  2.46180999e-18  9.52380172e-21  2.41099043e-20
2.15443469e-02  2.14730415e-18  7.42359672e-21  1.88761132e-20  2.13231945e-18  7.22731633e-21  1.83894882e-20
2.51188643e-02  1.86047991e-18  5.61913750e-21  1.43595637e-20  1.84912585e-18  5.48380104e-21  1.40228419e-20
2.92864456e-02  1.61444351e-18  4.25523252e-21  1.09275331e-20  1.60581161e-18  4.16107067e-21  1.06925948e-20
3.41454887e-02  1.40341725e-18  3.22430870e-21  8.32004313e-21  1.39682960e-18  3.15814081e-21  8.15460091e-21
3.98107171e-02  1.22243993e-18  2.44499434e-21  6.33911124e-21  1.21739048e-18  2.39800040e-21  6.22143715e-21
4.64158883e-02  1.06725287e-18  1.85576273e-21  4.83408078e-21  1.06336359e-18  1.82201322e-21  4.74949535e-21
5.41169527e-02  9.34200971e-19  1.41010998e-21  3.69038746e-21  9.31189206e-19  1.38559582e-21  3.62892368e-21
6.30957344e-02  8.20148668e-19  1.07289953e-21  2.82096938e-21  8.17802763e-19  1.05489168e-21  2.77581872e-21
7.35642254e-02  7.22406256e-19  8.17591653e-22  2.15970236e-21  7.20567466e-19  8.04217792e-22  2.12618055e-21
8.57695899e-02  6.38621903e-19  6.22998271e-22  1.65349731e-21  6.38030196e-19  6.15687823e-22  1.63547617e-21
1.00000000e-01  5.66892558e-19  4.76685527e-22  1.27105177e-21  5.66377216e-19  4.70823152e-22  1.25658324e-21
1.16591440e-01  5.05505825e-19  3.65550190e-22  9.79258321e-22  5.05056545e-19  3.60849046e-22  9.67643129e-22
1.35935639e-01  4.52999227e-19  2.81009198e-22  7.56291493e-22  4.52607128e-19  2.77239339e-22  7.46967912e-22
1.58489319e-01  4.08120554e-19  2.16598912e-22  5.85650087e-22  4.07777953e-19  2.13576034e-22  5.78167028e-22
1.84784980e-01  3.69823248e-19  1.67430737e-22  4.54796340e-22  3.69523500e-19  1.65007165e-22  4.48791734e-22
2.15443469e-01  3.37155952e-19  1.29812095e-22  3.54219428e-22  3.36893346e-19  1.27869511e-22  3.49402725e-22
2.51188643e-01  3.09361213e-19  1.00956426e-22  2.76713295e-22  3.09130817e-19  9.94000232e-23  2.72851335e-22
2.92864456e-01  2.85747543e-19  7.87572519e-23  2.16807711e-22  2.85545132e-19  7.75110388e-23  2.13713359e-22
3.41454887e-01  2.65731758e-19  6.16236200e-23  1.70354826e-22  2.65553704e-19  6.06266570e-23  1.67877826e-22
3.98107171e-01  2.48828144e-19  4.83525659e-23  1.34205616e-22  2.48671333e-19  4.75559478e-23  1.32225246e-22
4.64158883e-01  2.34600374e-19  3.80353518e-23  1.05972119e-22  2.34462137e-19  3.73997891e-23  1.04391290e-22
5.41169527e-01  2.22659837e-19  2.99831160e-23  8.38364475e-23  2.22537890e-19  2.94770104e-23  8.25769988e-23
6.30957344e-01  2.12695476e-19  2.36743356e-23  6.64168075e-23  2.12587854e-19  2.32722410e-23  6.54157385e-23
7.35642254e-01  2.04411619e-19  1.87134326e-23  5.26607382e-23  2.04316633e-19  1.83948299e-23  5.18672025e-23
8.57695899e-01  1.97552265e-19  1.47991787e-23  4.17631782e-23  1.97468450e-19  1.45475044e-23  4.11360982e-23
1.00000000e+00  1.92019756e-19  1.17031782e-23  3.31113908e-23  1.91945818e-19  1.15050481e-23  3.26175470e-23
1.16591440e+00  1.87373173e-19  9.24657482e-24  2.62220750e-23  1.87308030e-19  9.09117864e-24  2.58346202e-23
1.35935639e+00  1.83720308e-19  7.29680056e-24  2.07367522e-23  1.83662951e-19  7.17540123e-24  2.04339710e-23
1.58489319e+00  1.80778090e-19  5.74763303e-24  1.63657211e-23  1.80727652e-19  5.65318398e-24  1.61300899e-23
1.84784980e+00  1.78460999e-19  4.51726297e-24  1.28850250e-23  1.78416703e-19  4.44409170e-24  1.27024292e-23
2.15443469e+00  1.76641173e-19  3.54110393e-24  1.01168985e-23  1.76602326e-19  3.48465814e-24  9.97600486e-24
2.51188643e+00  1.75234570e-19  2.76807751e-24  7.92008835e-24  1.75200088e-19  2.72470030e-24  7.81177966e-24
2.92864456e+00  1.74119458e-19  2.15727190e-24  6.18088984e-24  1.74089328e-19  2.12408745e-24  6.09801063e-24
3.41454887e+00  1.73248772e-19  1.67610437e-24  4.80840095e-24  1.73222492e-19  1.65081912e-24  4.74523395e-24
3.98107171e+00  1.72559210e-19  1.29822538e-24  3.72878999e-24  1.72536329e-19  1.27903296e-24  3.68083072e-24
4.64158883e+00  1.71998972e-19  1.00246198e-24  2.88252945e-24  1.71979086e-19  9.87947539e-25  2.84624874e-24
5.41169527e+00  1.71548440e-19  7.71786867e-25  2.22159948e-24  1.71531186e-19  7.60848386e-25  2.19424770e-24
6.30957344e+00  1.71179055e-19  5.92548878e-25  1.70739888e-24  1.71164105e-19  5.84332658e-25  1.68684546e-24
7.35642254e+00  1.70894537e-19  4.53713768e-25  1.30863204e-24  1.70881599e-19  4.47561974e-25  1.29323488e-24
8.57695899e+00  1.70651341e-19  3.46545704e-25  1.00047835e-24  1.70640159e-19  3.41953912e-25  9.88978086e-25
1.00000000e+01  1.70454943e-19  2.64082444e-25  7.63113497e-25  1.70445245e-19  2.60663907e-25  7.54543535e-25
1.16591440e+01  1.70314536e-19  2.00807827e-25  5.80800844e-25  1.70306173e-19  1.98272104e-25  5.74436961e-25
1.35935639e+01  1.70237631e-19  1.52394690e-25  4.41177517e-25  1.70230425e-19  1.50520127e-25  4.36466084e-25
1.58489319e+01  1.70126734e-19  1.15438792e-25  3.34500746e-25  1.70120528e-19  1.14058141e-25  3.31024009e-25
1.84784980e+01  1.70107446e-19  8.72951800e-26  2.53191577e-25  1.70102104e-19  8.62826184e-26  2.50635266e-25
2.15443469e+01  1.70137407e-19  6.59044328e-26  1.91340456e-25  1.70132810e-19  6.51655444e-26  1.89468775e-25
2.51188643e+01  1.70192227e-19  4.96773222e-26  1.44381971e-25  1.70188272e-19  4.91414054e-26  1.43018395e-25
2.92864456e+01  1.70262263e-19  3.73877771e-26  1.08789733e-25  1.70258861e-19  3.70019711e-26  1.07802339e-25
3.41454887e+01  1.70306853e-19  2.80943673e-26  8.18530918e-26  1.70303929e-19  2.78191905e-26  8.11434181e-26
3.98107171e+01  1.70332284e-19  2.10773636e-26  6.14976946e-26  1.70329771e-19  2.08833396e-26  6.09923115e-26
4.64158883e+01  1.70331850e-19  1.57866272e-26  4.61363026e-26  1.70329691e-19  1.56517472e-26  4.57804619e-26
5.41169527e+01  1.70300883e-19  1.18028887e-26  3.45580674e-26  1.70299029e-19  1.17107158e-26  3.43109490e-26
6.30957344e+01  1.70252662e-19  8.80819653e-27  2.58440195e-26  1.70251070e-19  8.74646049e-27  2.56751914e-26
7.35642254e+01  1.70183294e-19  6.56043930e-27  1.92938000e-26  1.70181929e-19  6.52004363e-27  1.91807149e-26
8.57695899e+01  1.70127281e-19  4.87677156e-27  1.43783556e-26  1.70126110e-19  4.85092684e-27  1.43040781e-26
1.00000000e+02  1.70069813e-19  3.61829784e-27  1.06958185e-26  1.70068808e-19  3.60211208e-27  1.06480286e-26
1.16591440e+02  1.70400002e-19  2.69328502e-27  7.97611041e-27  1.70399139e-19  2.67415587e-27  7.92375753e-27
1.35935639e+02  1.70399180e-19  1.99206592e-27  5.91448161e-27  1.70398439e-19  1.97921399e-27  5.87872770e-27
1.58489319e+02  1.70398539e-19  1.47143584e-27  4.37859353e-27  1.70397903e-19  1.46289897e-27  4.35447809e-27
1.84784980e+02  1.70397966e-19  1.08576003e-27  3.23703029e-27  1.70397421e-19  1.08014032e-27  3.22094355e-27
2.15443469e+02  1.70397524e-19  8.00562530e-28  2.39036453e-27  1.70397056e-19  7.96890046e-28  2.37973694e-27
2.51188643e+02  1.70397300e-19  5.89943574e-28  1.76355942e-27  1.70396899e-19  5.87557616e-28  1.75659503e-27
2.92864456e+02  1.70397076e-19  4.34552702e-28  1.30020782e-27  1.70396732e-19  4.33009924e-28  1.29567430e-27
3.41454887e+02  1.70396899e-19  3.19990885e-28  9.58083361e-28  1.70396603e-19  3.18997183e-28  9.55148264e-28
3.98107171e+02  1.70396878e-19  2.35575596e-28  7.05695740e-28  1.70396624e-19  2.34937599e-28  7.03803899e-28
4.64158883e+02  1.70396689e-19  1.73398857e-28  5.19635254e-28  1.70396471e-19  1.72990320e-28  5.18420241e-28
5.41169527e+02  1.70396593e-19  1.27615692e-28  3.82542016e-28  1.70396406e-19  1.27354663e-28  3.81763976e-28
6.30957344e+02  1.70396582e-19  9.39113812e-29  2.81568560e-28  1.70396422e-19  9.37449057e-29  2.81071526e-28
7.35642254e+02  1.70396538e-19  6.91033956e-29  2.07220390e-28  1.70396401e-19  6.89973852e-29  2.06903489e-28
8.57695899e+02  1.70396521e-19  5.08458381e-29  1.52488848e-28  1.70396403e-19  5.07784173e-29  1.52287118e-28
1.00000000e+03  1.70396475e-19  3.74103812e-29  1.12204781e-28  1.70396374e-19  3.73675481e-29  1.12076532e-28
