1.00000000e-04  9.93966682e-16  1.11737935e-16  1.80583972e-16  7.41576716e-16  1.26298422e-16  2.17465820e-16
1.16591440e-04  9.04400106e-16  9.55145251e-17  1.47672047e-16  6.94582086e-16  1.13568109e-16  1.95665508e-16
1.35935639e-04  8.22461436e-16  8.73711813e-17  1.30113552e-16  6.50075969e-16  1.02066183e-16  1.76091447e-16
1.58489319e-04  7.48750262e-16  8.55727098e-17  1.24987427e-16  6.08020449e-16  9.16502762e-17  1.58474891e-16
1.84784980e-04  6.83035301e-16  8.81961539e-17  1.28235454e-16  5.68351098e-16  8.22014712e-17  1.42578493e-16
2.15443469e-04  6.24622152e-16  9.32859379e-17  1.35223824e-16  5.30983353e-16  7.36212993e-17  1.28197393e-16
2.51188643e-04  5.72652900e-16  9.90135499e-17  1.41546173e-16  4.95818385e-16  6.58283579e-17  1.15158170e-16
2.92864456e-04  5.26297541e-16  1.03855290e-16  1.43888437e-16  4.62748329e-16  5.87548544e-17  1.03316302e-16
3.41454887e-04  4.84814243e-16  1.06709679e-16  1.40608254e-16  4.31660765e-16  5.23432777e-17  9.25526300e-17
3.98107171e-04  4.47556886e-16  1.06972211e-16  1.31834670e-16  4.02442519e-16  4.65433602e-17  8.27692093e-17
4.64158883e-04  4.13939414e-16  1.04518288e-16  1.19031957e-16  3.74982804e-16  4.13094811e-17  7.38848541e-17
5.41169527e-04  3.83409767e-16  9.96117699e-17  1.04273261e-16  3.49175727e-16  3.65986491e-17  6.58306739e-17
6.30957344e-04  3.55457535e-16  9.27749651e-17  8.95279442e-17  3.24922173e-16  3.23691656e-17  5.85459328e-17
7.35642254e-04  3.29637779e-16  8.46485496e-17  7.61865914e-17  3.02130995e-16  2.85799950e-17  5.19745582e-17
8.57695899e-04  3.05596225e-16  7.58578285e-17  6.49172967e-17  2.80719517e-16  2.51907745e-17  4.60625867e-17
1.00000000e-03  2.83086330e-16  6.69305819e-17  5.57847889e-17  2.60613327e-16  2.21623009e-17  4.07566874e-17
1.16591440e-03  2.61967225e-16  5.82681479e-17  4.84930555e-17  2.41745483e-16  1.94572796e-17  3.60037318e-17
1.35935639e-03  2.42172938e-16  5.01444130e-17  4.26092535e-17  2.24055270e-16  1.70411217e-17  3.17512148e-17
1.58489319e-03  2.23672563e-16  4.27225098e-17  3.77173919e-17  2.07486749e-16  1.48826127e-17  2.79482303e-17
1.84784980e-03  2.06437589e-16  3.60802475e-17  3.34933870e-17  1.91987283e-16  1.29543424e-17  2.45466909e-17
2.15443469e-03  1.90424062e-16  3.02354878e-17  2.97218467e-17  1.77506222e-16  1.12328410e-17  2.15025276e-17
2.51188643e-03  1.75567539e-16  2.51642987e-17  2.62790100e-17  1.63993827e-16  9.69840572e-18  1.87766698e-17
2.92864456e-03  1.61788862e-16  2.08161835e-17  2.31051652e-17  1.51400488e-16  8.33463150e-18  1.63356577e-17
3.41454887e-03  1.49003852e-16  1.71256260e-17  2.01785133e-17  1.39676195e-16  7.12769082e-18  1.41517629e-17
3.98107171e-03  1.37132030e-16  1.40204535e-17  1.74954726e-17  1.28770316e-16  6.06545751e-18  1.22025227e-17
4.64158883e-03  1.26101902e-16  1.14276263e-17  1.50580439e-17  1.18631708e-16  5.13663100e-18  1.04696864e-17
5.41169527e-03  1.15852486e-16  9.27702593e-18  1.28668986e-17  1.09209259e-16  4.33004953e-18  8.93773871e-18
6.30957344e-03  1.06332072e-16  7.50373991e-18  1.09183917e-17  1.00452894e-16  3.63434112e-18  7.59235098e-18
7.35642254e-03  9.74956547e-17  6.04925454e-18  9.20392507e-18  9.23148968e-17  3.03794498e-18  6.41917126e-18
8.57695899e-03  8.93023298e-17  4.86188851e-18  7.71053340e-18  8.47512202e-17  2.52940496e-18  5.40323249e-18
1.00000000e-02  8.17134523e-17  3.89672302e-18  6.42197358e-18  7.77224086e-17  2.09776225e-18  4.52899796e-18
1.16591440e-02  7.46917892e-17  3.11522076e-18  5.31991600e-18  7.11938666e-17  1.73288960e-18  3.78083542e-18
1.35935639e-02  6.82015140e-17  2.48467230e-18  4.38503566e-18  6.51354864e-17  1.42568177e-18  3.14362694e-18
1.58489319e-02  6.22086296e-17  1.97756523e-18  3.59791964e-18  5.95208240e-17  1.16809544e-18  2.60327783e-18
1.84784980e-02  5.66814591e-17  1.57093865e-18  2.93976902e-18  5.43261196e-17  9.53081556e-19  2.14700946e-18
2.15443469e-02  5.15909362e-17  1.24576166e-18  2.39290377e-18  4.95294178e-17  7.74467800e-19  1.76343509e-18
2.51188643e-02  4.69105857e-17  9.86357457e-19  1.94109187e-18  4.51099244e-17  6.26838289e-19  1.44248461e-18
2.92864456e-02  4.26162418e-17  7.79883914e-19  1.56973065e-18  4.10476394e-17  5.05436349e-19  1.17526275e-18
3.41454887e-02  3.86855868e-17  6.15873894e-19  1.26590940e-18  3.73231837e-17  4.06095105e-19  9.53905757e-19
3.98107171e-02  3.50976791e-17  4.85834812e-19  1.01838226e-18  3.39177650e-17  3.25187787e-19  7.71468568e-19
4.64158883e-02  3.18325018e-17  3.82904171e-19  8.17477969e-19  3.08131379e-17  2.59586022e-19  6.21844393e-19
5.41169527e-02  2.88706483e-17  3.01556623e-19  6.54969750e-19  2.79915734e-17  2.06617694e-19  4.99703663e-19
6.30957344e-02  2.61931229e-17  2.37357453e-19  5.23924396e-19  2.54358000e-17  1.64021314e-19  4.00437660e-19
7.35642254e-02  2.37812508e-17  1.86757037e-19  4.18544858e-19  2.31289434e-17  1.29897941e-19  3.20098285e-19
8.57695899e-02  2.16166722e-17  1.46921014e-19  3.34016712e-19  2.10544840e-17  1.02663443e-19  2.55332510e-19
1.00000000e-01  1.96813873e-17  1.15590992e-19  2.66364906e-19  1.91962413e-17  8.10036603e-20  2.03314196e-19
1.16591440e-01  1.79578307e-17  9.09710611e-20  2.12324347e-19  1.75383882e-17  6.38339958e-20  1.61677124e-19
1.35935639e-01  1.64289568e-17  7.16358216e-20  1.69225696e-19  1.60654894e-17  5.02639261e-20  1.28452274e-19
1.58489319e-01  1.50783249e-17  5.64561198e-20  1.34896273e-19  1.47625582e-17  3.95662201e-20  1.02010929e-19
1.84784980e-01  1.38901791e-17  4.45392639e-20  1.07575117e-19  1.36151214e-17  3.11503733e-20  8.10140260e-20
2.15443469e-01  1.28495165e-17  3.51809813e-20  8.58408453e-20  1.26092872e-17  2.45397241e-20  6.43675044e-20
2.51188643e-01  1.19420979e-17  2.78268480e-20  6.85507623e-20  1.17317642e-17  1.93517790e-20  5.11831229e-20
2.92864456e-01  1.11546220e-17  2.20414014e-20  5.47898853e-20  1.09700490e-17  1.52814207e-20  4.07443677e-20
3.41454887e-01  1.04745808e-17  1.74833499e-20  4.38282378e-20  1.03122990e-17  1.20865932e-20  3.24767312e-20
3.98107171e-01  9.89036107e-18  1.38857904e-20  3.50855222e-20  9.74745224e-18  9.57629340e-21  2.59222911e-20
4.64158883e-01  9.39121549e-18  1.10403979e-20  2.81018758e-20  9.26521571e-18  7.60053601e-21  2.07180060e-20
5.41169527e-01  8.96724037e-18  8.78483076e-21  2.25138473e-20  8.85605899e-18  6.04206044e-21  1.65774320e-20
6.30957344e-01  8.60934383e-18  6.99272429e-21  1.80347635e-20  8.51119670e-18  4.80953734e-21  1.32754761e-20
7.35642254e-01  8.30920424e-18  5.56575990e-21  1.44387724e-20  8.22255903e-18  3.83204722e-21  1.06358054e-20
8.57695899e-01  8.05922451e-18  4.42740446e-21  1.15479584e-20  7.98275623e-18  3.05462976e-21  8.52055578e-21
1.00000000e+00  7.85248456e-18  3.51798820e-21  9.22200706e-21  7.78503962e-18  2.43472382e-21  6.82199964e-21
1.16591440e+00  7.68269869e-18  2.79085619e-21  7.34998070e-21  7.62326592e-18  1.93934424e-21  5.45586784e-21
1.35935639e+00  7.54418557e-18  2.20937903e-21  5.84383179e-21  7.49187293e-18  1.54286322e-21  4.35605573e-21
1.58489319e+00  7.45746749e-18  1.74601309e-21  4.63845911e-21  7.41056893e-18  1.22886045e-21  3.48073588e-21
1.84784980e+00  7.35681667e-18  1.37439227e-21  3.66478678e-21  7.31544983e-18  9.72828537e-22  2.76331708e-21
2.15443469e+00  7.27512965e-18  1.07851369e-21  2.88604106e-21  7.23874078e-18  7.68303347e-22  2.18787597e-21
2.51188643e+00  7.21208657e-18  8.43557991e-22  2.26502792e-21  7.18014839e-18  6.05149448e-22  1.72717740e-21
2.92864456e+00  7.16114517e-18  6.57513371e-22  1.77133299e-21  7.13318247e-18  4.75224434e-22  1.35913163e-21
3.41454887e+00  7.12122315e-18  5.10713724e-22  1.38032417e-21  7.09679332e-18  3.72042676e-22  1.06601548e-21
3.98107171e+00  7.09119545e-18  3.95298617e-22  1.07182040e-21  7.06989394e-18  2.90342682e-22  8.33338590e-22
4.64158883e+00  7.06366961e-18  3.04893312e-22  8.29348350e-22  7.04513882e-18  2.25858442e-22  6.49274838e-22
5.41169527e+00  7.04590212e-18  2.34372833e-22  6.39599574e-22  7.02980100e-18  1.75163435e-22  5.04278371e-22
6.30957344e+00  7.03645505e-18  1.79571949e-22  4.91687392e-22  7.02247937e-18  1.35450014e-22  3.90482419e-22
7.35642254e+00  7.02480768e-18  1.37131757e-22  3.76783728e-22  7.01270102e-18  1.04435697e-22  3.01462023e-22
8.57695899e+00  7.01641864e-18  1.04390212e-22  2.87868698e-22  7.00594366e-18  8.03055955e-23  2.32093877e-22
1.00000000e+01  7.01001993e-18  7.92195171e-23  2.19304119e-22  7.00096711e-18  6.15939194e-23  1.78225111e-22
1.16591440e+01  7.00670841e-18  5.99387734e-23  1.66619867e-22  6.99888943e-18  4.71336945e-23  1.36540662e-22
1.35935639e+01  7.00303026e-18  4.52128307e-23  1.26248760e-22  6.99628477e-18  3.59863311e-23  1.04365830e-22
1.58489319e+01  7.00118819e-18  3.40046986e-23  9.54141181e-23  6.99537219e-18  2.74191650e-23  7.96094730e-23
1.84784980e+01  6.99910570e-18  2.54996837e-23  7.19260799e-23  6.99409511e-18  2.08499720e-23  6.06056616e-23
2.15443469e+01  6.99819704e-18  1.90674051e-23  5.40864023e-23  6.99388242e-18  1.58252541e-23  4.60547596e-23
2.51188643e+01  6.99546086e-18  1.42168504e-23  4.05682574e-23  6.99174866e-18  1.19882062e-23  3.49320977e-23
2.92864456e+01  6.99394319e-18  1.05729043e-23  3.03571503e-23  6.99075028e-18  9.06533619e-24  2.64514856e-23
3.41454887e+01  6.99204921e-18  7.84413961e-24  2.26629887e-23  6.98930428e-18  6.84212966e-24  1.99949919e-23
3.98107171e+01  6.98964729e-18  5.80787065e-24  1.68817975e-23  6.98728832e-18  5.15410911e-24  1.50882385e-23
4.64158883e+01  6.99011957e-18  4.29306824e-24  1.25492609e-23  6.98809238e-18  3.87429122e-24  1.13643777e-23
5.41169527e+01  7.00058616e-18  3.16970251e-24  9.31210862e-24  6.99884251e-18  2.90587408e-24  8.54337682e-24
6.30957344e+01  6.98937503e-18  2.33742255e-24  6.89643386e-24  6.98787950e-18  2.17334478e-24  6.40629113e-24
7.35642254e+01  6.98949016e-18  1.72262160e-24  5.10056476e-24  6.98820602e-18  1.62132390e-24  4.79257606e-24
8.57695899e+01  6.99037602e-18  1.26880463e-24  3.76773299e-24  6.98927341e-18  1.20632399e-24  3.57604119e-24
1.00000000e+02  6.99060556e-18  9.34115541e-25  2.78034793e-24  6.98965902e-18  8.95427518e-25  2.66145775e-24
1.16591440e+02  6.99693942e-18  6.80404925e-25  2.02761609e-24  6.99612822e-18  6.36871743e-25  1.90222706e-24
1.35935639e+02  6.99684747e-18  4.98110274e-25  1.48719674e-24  6.99615128e-18  4.71092559e-25  1.40855811e-24
1.58489319e+02  6.99677196e-18  3.64942823e-25  1.09108231e-24  6.99617452e-18  3.48185125e-25  1.04191817e-24
1.84784980e+02  6.99670918e-18  2.67567321e-25  8.00729906e-25  6.99619653e-18  2.57168598e-25  7.70040195e-25
2.15443469e+02  6.99665845e-18  1.96294116e-25  5.87841025e-25  6.99621857e-18  1.89833892e-25  5.68690781e-25
2.51188643e+02  6.99661456e-18  1.44080521e-25  4.31689838e-25  6.99623716e-18  1.40060674e-25  4.19734969e-25
2.92864456e+02  6.99658135e-18  1.05800033e-25  3.17106808e-25  6.99625756e-18  1.03294120e-25  3.09636615e-25
3.41454887e+02  6.99655310e-18  7.77166249e-26  2.32993494e-25  6.99627531e-18  7.61515028e-26  2.28319748e-25
3.98107171e+02  6.99652972e-18  5.71032364e-26  1.71226110e-25  6.99629141e-18  5.61238870e-26  1.68297910e-25
4.64158883e+02  6.99650912e-18  4.19664559e-26  1.25854577e-25  6.99630469e-18  4.13525784e-26  1.24017441e-25
5.41169527e+02  6.99648886e-18  3.08474936e-26  9.25184396e-26  6.99631349e-18  3.04620986e-26  9.13643122e-26
6.30957344e+02  6.99648140e-18  2.26776333e-26  6.80199766e-26  6.99633097e-18  2.24353492e-26  6.72940680e-26
7.35642254e+02  6.99646946e-18  1.66733920e-26  5.00132206e-26  6.99634042e-18  1.65208994e-26  4.95561767e-26
8.57695899e+02  6.99645750e-18  1.22599725e-26  3.67761704e-26  6.99634681e-18  1.21639021e-26  3.64881593e-26
1.00000000e+03  6.99645100e-18  9.01542811e-27  2.70442642e-26  6.99635605e-18  8.95485725e-27  2.68626439e-26
