1.00000000e-04  1.18866811e-15  2.41100134e-16  3.87244798e-16  8.14316982e-16  1.29096826e-16  2.29555055e-16
1.16591440e-04  1.07008487e-15  2.27575440e-16  3.44301120e-16  7.63646071e-16  1.14631073e-16  2.04771673e-16
1.35935639e-04  9.63241856e-16  2.15786319e-16  3.04154327e-16  7.15259787e-16  1.01591271e-16  1.82468387e-16
1.58489319e-04  8.68254014e-16  2.03946685e-16  2.66220557e-16  6.69179883e-16  8.98252607e-17  1.62374211e-16
1.84784980e-04  7.84535433e-16  1.91152732e-16  2.30708604e-16  6.25394622e-16  7.92052565e-17  1.44243242e-16
2.15443469e-04  7.11107677e-16  1.77166660e-16  1.98123230e-16  5.83863535e-16  6.96259278e-17  1.27860031e-16
2.51188643e-04  6.46768391e-16  1.62159835e-16  1.68931187e-16  5.44522649e-16  6.10012062e-17  1.13041960e-16
2.92864456e-04  5.90226118e-16  1.46524807e-16  1.43411514e-16  5.07289951e-16  5.32601759e-17  9.96389223e-17
3.41454887e-04  5.40210064e-16  1.30737279e-16  1.21611499e-16  4.72071007e-16  4.63424055e-17  8.75304983e-17
3.98107171e-04  4.95553107e-16  1.15258845e-16  1.03354603e-16  4.38764777e-16  4.01932034e-17  7.66208608e-17
4.64158883e-04  4.55252046e-16  1.00480813e-16  8.82877462e-17  4.07269597e-16  3.47594127e-17  6.68318761e-17
5.41169527e-04  4.18499264e-16  8.66995218e-17  7.59479878e-17  3.77488967e-16  2.99864015e-17  5.80953422e-17
6.30957344e-04  3.84681512e-16  7.41062116e-17  6.58288690e-17  3.49336503e-16  2.58167106e-17  5.03457209e-17
7.35642254e-04  3.53361803e-16  6.27999602e-17  5.74432268e-17  3.22739153e-16  2.21904114e-17  4.35147514e-17
8.57695899e-04  3.24245385e-16  5.28045174e-17  5.03674082e-17  2.97638062e-16  1.90467722e-17  3.75288428e-17
1.00000000e-03  2.97139282e-16  4.40855183e-17  4.42636593e-17  2.73986976e-16  1.63265419e-17  3.23092908e-17
1.16591440e-03  2.71914944e-16  3.65683328e-17  3.88847421e-17  2.51748771e-16  1.39741547e-17  2.77745955e-17
1.35935639e-03  2.48477939e-16  3.01534491e-17  3.40648786e-17  2.30891084e-16  1.19393726e-17  2.38437836e-17
1.58489319e-03  2.26746760e-16  2.47286761e-17  2.97029313e-17  2.11382064e-16  1.01781740e-17  2.04397091e-17
1.84784980e-03  2.06640535e-16  2.01781808e-17  2.57431929e-17  1.93186972e-16  8.65292759e-18  1.74916522e-17
2.15443469e-03  1.88073977e-16  1.63887573e-17  2.21576787e-17  1.76265975e-16  7.33201803e-18  1.49369299e-17
2.51188643e-03  1.70957215e-16  1.32538694e-17  1.89320926e-17  1.60573157e-16  6.18911655e-18  1.27215208e-17
2.92864456e-03  1.55198198e-16  1.06760038e-17  1.60561451e-17  1.46056552e-16  5.20227248e-18  1.07998687e-17
3.41454887e-03  1.40705802e-16  8.56780320e-18  1.35178766e-17  1.32658960e-16  4.35296436e-18  9.13407375e-18
3.98107171e-03  1.27392472e-16  6.85235239e-18  1.13011193e-17  1.20319309e-16  3.62522156e-18  7.69269374e-18
4.64158883e-03  1.15175876e-16  5.46290200e-18  9.38509229e-18  1.08974317e-16  3.00490159e-18  6.44936830e-18
5.41169527e-03  1.03979510e-16  4.34223900e-18  7.74522993e-18  9.85602741e-17  2.47917571e-18  5.38147805e-18
6.30957344e-03  9.37325329e-17  3.44185395e-18  6.35455483e-18  8.90146841e-17  2.03623370e-18  4.46902115e-18
7.35642254e-03  8.43691654e-17  2.72101029e-18  5.18513481e-18  8.02775839e-17  1.66517205e-18  3.69382268e-18
8.57695899e-03  7.58279678e-17  2.14579003e-18  4.20936027e-18  7.22923840e-17  1.35599882e-18  3.03909790e-18
1.00000000e-02  6.80512039e-17  1.68816572e-18  3.40092441e-18  6.50062096e-17  1.09968183e-18  2.48930125e-18
1.16591440e-02  6.09843931e-17  1.32513157e-18  2.73548552e-18  5.83698361e-17  8.88184015e-19  2.03014484e-18
1.35935639e-02  5.45760245e-17  1.03791344e-18  2.19104466e-18  5.23373627e-17  7.14458313e-19  1.64867255e-18
1.58489319e-02  4.87774066e-17  8.11267567e-19  1.74809632e-18  4.68657962e-17  5.72399177e-19  1.33331079e-18
1.84784980e-02  4.35425600e-17  6.32870325e-19  1.38961417e-18  4.19146544e-17  4.56762910e-19  1.07386149e-18
2.15443469e-02  3.88281248e-17  4.92796247e-19  1.10092781e-18  3.74456497e-17  3.63073191e-19  8.61437463e-19
2.51188643e-02  3.45932315e-17  3.83077762e-19  8.69534918e-19  3.34224626e-17  2.87525367e-19  6.88357626e-19
2.92864456e-02  3.07993567e-17  2.97338235e-19  6.84882202e-19  2.98105915e-17  2.26897936e-19  5.48024146e-19
3.41454887e-02  2.74101509e-17  2.30488846e-19  5.38137139e-19  2.65772405e-17  1.78474457e-19  4.34798190e-19
3.98107171e-02  2.43912998e-17  1.78479943e-19  4.21965078e-19  2.36912598e-17  1.39975850e-19  3.43884193e-19
4.64158883e-02  2.17103856e-17  1.38098076e-19  3.30319799e-19  2.11230804e-17  1.09501429e-19  2.71225927e-19
5.41169527e-02  1.93368069e-17  1.06800896e-19  2.58251948e-19  1.88446870e-17  8.54768185e-20  2.13413980e-19
6.30957344e-02  1.72417314e-17  8.25831896e-20  2.01737156e-19  1.68296022e-17  6.66073840e-20  1.67602742e-19
7.35642254e-02  1.53980801e-17  6.38683803e-20  1.57524131e-19  1.50528855e-17  5.18363566e-20  1.31435070e-19
8.57695899e-02  1.37805332e-17  4.94208617e-20  1.23002188e-19  1.34911447e-17  4.03073495e-20  1.02973571e-19
1.00000000e-01  1.23655417e-17  3.82753143e-20  9.60871040e-20  1.21225490e-17  3.13311312e-20  8.06380685e-20
1.16591440e-01  1.11313334e-17  2.96798962e-20  7.51238876e-20  1.09268391e-17  2.43565725e-20  6.31492528e-20
1.35935639e-01  1.00579046e-17  2.30507434e-20  5.88048803e-20  9.88532546e-18  1.89456104e-20  4.94786012e-20
1.58489319e-01  9.12699126e-18  1.79356725e-20  4.61015055e-20  8.98087146e-18  1.47519727e-20  3.88045472e-20
1.84784980e-01  8.32201777e-18  1.39853520e-20  3.62079628e-20  8.19785725e-18  1.15033310e-20  3.04747166e-20
2.15443469e-01  7.62802560e-18  1.09305072e-20  2.84952258e-20  7.52212571e-18  8.98650365e-21  2.39738654e-20
2.51188643e-01  7.03155515e-18  8.56397117e-21  2.24737637e-20  6.94088340e-18  7.03530804e-21  1.88970022e-20
2.92864456e-01  6.52062819e-18  6.72663953e-21  1.77636619e-20  6.44270115e-18  5.52070774e-21  1.49272137e-20
3.41454887e-01  6.08452844e-18  5.29647140e-21  1.40706786e-20  6.01731285e-18  4.34283449e-21  1.18174007e-20
3.98107171e-01  5.71374626e-18  4.17996423e-21  1.11673556e-20  5.65557588e-18  3.42463508e-21  9.37555758e-21
4.64158883e-01  5.39984893e-18  3.30553236e-21  8.87808958e-21  5.34935563e-18  2.70681043e-21  7.45289689e-21
5.41169527e-01  5.13536734e-18  2.61838953e-21  7.06742186e-21  5.09142443e-18  2.14382002e-21  5.93437445e-21
6.30957344e-01  4.91368902e-18  2.07660145e-21  5.63088572e-21  4.87536490e-18  1.70074274e-21  4.73117408e-21
7.35642254e-01  4.72895711e-18  1.64804661e-21  4.48787430e-21  4.69547763e-18  1.35082184e-21  3.77477809e-21
8.57695899e-01  4.59367473e-18  1.30916376e-21  3.58009976e-21  4.56682083e-18  1.07821100e-21  3.02562991e-21
1.00000000e+00  4.46250319e-18  1.03831072e-21  2.84942965e-21  4.43870140e-18  8.55928678e-22  2.41072282e-21
1.16591440e+00  4.35604044e-18  8.22730287e-22  2.26519227e-21  4.33497760e-18  6.79291011e-22  1.91957388e-21
1.35935639e+00  4.26940857e-18  6.50860031e-22  1.79739520e-21  4.25080785e-18  5.38535122e-22  1.52634245e-21
1.58489319e+00  4.19966155e-18  5.13843813e-22  1.42298259e-21  4.18326725e-18  4.26277876e-22  1.21139563e-21
1.84784980e+00  4.14377134e-18  4.04669978e-22  1.12355954e-21  4.12935121e-18  3.36718204e-22  9.59171325e-22
2.15443469e+00  4.09885693e-18  3.17798250e-22  8.84499972e-22  4.08620034e-18  2.65310662e-22  7.57385132e-22
2.51188643e+00  4.06370449e-18  2.48821787e-22  6.94099124e-22  4.05261702e-18  2.08465551e-22  5.96265706e-22
2.92864456e+00  4.03571467e-18  1.94194690e-22  5.42877499e-22  4.02602171e-18  1.63306671e-22  4.67925160e-22
3.41454887e+00  4.01377561e-18  1.51068487e-22  4.23179028e-22  4.00531771e-18  1.27532378e-22  3.66011963e-22
3.98107171e+00  3.99727808e-18  1.17137614e-22  3.28772582e-22  3.98991036e-18  9.92814465e-23  2.85358448e-22
4.64158883e+00  3.98325147e-18  9.05338760e-23  2.54583416e-22  3.97684615e-18  7.70445466e-23  2.21751071e-22
5.41169527e+00  3.97356928e-18  6.97568903e-23  1.96520322e-22  3.96800720e-18  5.96092384e-23  1.71791217e-22
6.30957344e+00  3.96703521e-18  5.35877161e-23  1.51243606e-22  3.96221096e-18  4.59859664e-23  1.32691977e-22
7.35642254e+00  3.96062279e-18  4.10458451e-23  1.16056755e-22  3.95644569e-18  3.53756538e-23  1.02194754e-22
8.57695899e+00  3.95569134e-18  3.13520415e-23  8.88109392e-23  3.95207888e-18  2.71415683e-23  7.84951326e-23
1.00000000e+01  3.95171259e-18  2.38835001e-23  6.77829238e-23  3.94859210e-18  2.07720573e-23  6.01388250e-23
1.16591440e+01  3.94918518e-18  1.81487285e-23  5.16094534e-23  3.94649139e-18  1.58617709e-23  4.59712072e-23
1.35935639e+01  3.94709629e-18  1.37562060e-23  3.92008704e-23  3.94477319e-18  1.20855511e-23  3.50634871e-23
1.58489319e+01  3.94610792e-18  1.04019115e-23  2.97096891e-23  3.94410549e-18  9.19021166e-24  2.66914948e-23
1.84784980e+01  3.94543690e-18  7.84640829e-24  2.24665451e-23  3.94371205e-18  6.97506648e-24  2.02799312e-23
2.15443469e+01  3.94525809e-18  5.90454776e-24  1.69529689e-23  3.94377296e-18  5.28437292e-24  1.53817455e-23
2.51188643e+01  3.94443145e-18  4.43191015e-24  1.27635584e-23  3.94315368e-18  3.99594757e-24  1.16455582e-23
2.92864456e+01  3.94387426e-18  3.31823336e-24  9.58847687e-24  3.94277534e-18  3.01629568e-24  8.80225777e-24
3.41454887e+01  3.94317998e-18  2.47801001e-24  7.18695489e-24  3.94223532e-18  2.27254449e-24  6.64172418e-24
3.98107171e+01  3.94228169e-18  1.84588980e-24  5.37481767e-24  3.94146995e-18  1.70887604e-24  5.00283108e-24
4.64158883e+01  3.94230585e-18  1.37173217e-24  4.01065435e-24  3.94160839e-18  1.28237625e-24  3.76152955e-24
5.41169527e+01  3.94569095e-18  1.01730113e-24  2.98666354e-24  3.94509125e-18  9.60332278e-25  2.82315039e-24
6.30957344e+01  3.94215039e-18  7.52852150e-25  2.21896217e-24  3.94163588e-18  7.17261373e-25  2.11380890e-24
7.35642254e+01  3.94220381e-18  5.56392400e-25  1.64572864e-24  3.94176201e-18  5.34472792e-25  1.57934378e-24
8.57695899e+01  3.94200934e-18  4.10729241e-25  1.21856009e-24  3.94163004e-18  3.97303080e-25  1.17722794e-24
1.00000000e+02  3.94152488e-18  3.02933097e-25  9.00984594e-25  3.94119932e-18  2.94686569e-25  8.75438654e-25
1.16591440e+02  3.94554383e-18  2.25380599e-25  6.70867884e-25  3.94526450e-18  2.13907913e-25  6.38013911e-25
1.35935639e+02  3.94550511e-18  1.65583803e-25  4.93881811e-25  3.94526539e-18  1.58208518e-25  4.72526716e-25
1.58489319e+02  3.94547397e-18  1.21631381e-25  3.63342667e-25  3.94526825e-18  1.16914042e-25  3.49565090e-25
1.84784980e+02  3.94544691e-18  8.93429889e-26  2.67193655e-25  3.94527039e-18  8.63375923e-26  2.58357241e-25
2.15443469e+02  3.94542660e-18  6.56295827e-26  1.96440030e-25  3.94527515e-18  6.37206691e-26  1.90798847e-25
2.51188643e+02  3.94540885e-18  4.82152771e-26  1.44405040e-25  3.94527890e-18  4.70056403e-26  1.40816570e-25
2.92864456e+02  3.94539614e-18  3.54261912e-26  1.06149391e-25  3.94528466e-18  3.46610378e-26  1.03872946e-25
3.41454887e+02  3.94538460e-18  2.60328699e-26  7.80292861e-26  3.94528896e-18  2.55495257e-26  7.65881591e-26
3.98107171e+02  3.94537611e-18  1.91327052e-26  5.73608941e-26  3.94529406e-18  1.88276845e-26  5.64499901e-26
4.64158883e+02  3.94536774e-18  1.40631962e-26  4.21695898e-26  3.94529735e-18  1.38708492e-26  4.15944856e-26
5.41169527e+02  3.94536112e-18  1.03380977e-26  3.10035397e-26  3.94530074e-18  1.02168653e-26  3.06407432e-26
6.30957344e+02  3.94536086e-18  7.60046925e-27  2.27956214e-26  3.94530907e-18  7.52408527e-27  2.25668877e-26
7.35642254e+02  3.94535545e-18  5.58828169e-27  1.67617293e-26  3.94531103e-18  5.54016525e-27  1.66175740e-26
8.57695899e+02  3.94535184e-18  4.10912674e-27  1.23257013e-26  3.94531374e-18  4.07882021e-27  1.22348717e-26
1.00000000e+03  3.94534749e-18  3.02168447e-27  9.06414826e-27  3.94531480e-18  3.00259634e-27  9.00692553e-27
