1.00000000e-04  8.94645169e-16  2.60253168e-16  3.90510868e-16  5.48671632e-16  1.20905676e-16  2.03652230e-16
1.16591440e-04  8.08186033e-16  2.37436790e-16  3.52282635e-16  5.20336545e-16  1.09109210e-16  1.84959773e-16
1.35935639e-04  7.31766609e-16  2.21658777e-16  3.15795492e-16  4.93030493e-16  9.82410483e-17  1.67716510e-16
1.58489319e-04  6.64610978e-16  2.08851074e-16  2.79627991e-16  4.66754868e-16  8.82281173e-17  1.51810424e-16
1.84784980e-04  6.05341821e-16  1.96509093e-16  2.44243250e-16  4.41503260e-16  7.90048314e-17  1.37134447e-16
2.15443469e-04  5.52752336e-16  1.83407793e-16  2.10835531e-16  4.17262112e-16  7.05135653e-17  1.23588339e-16
2.51188643e-04  5.05976048e-16  1.69213886e-16  1.80499247e-16  3.94011398e-16  6.27048268e-17  1.11080392e-16
2.92864456e-04  4.64370149e-16  1.54118706e-16  1.53855668e-16  3.71725306e-16  5.55370877e-17  9.95289246e-17
3.41454887e-04  4.27355758e-16  1.38551659e-16  1.31030661e-16  3.50372893e-16  4.89761942e-17  8.88635512e-17
3.98107171e-04  3.94344020e-16  1.23006204e-16  1.11808874e-16  3.29918742e-16  4.29942664e-17  7.90260504e-17
4.64158883e-04  3.64728485e-16  1.07932516e-16  9.57862806e-17  3.10323732e-16  3.75680141e-17  6.99705880e-17
5.41169527e-04  3.37922678e-16  9.36887844e-17  8.24863288e-17  2.91546059e-16  3.26764942e-17  6.16628957e-17
6.30957344e-04  3.13404252e-16  8.05282288e-17  7.14312123e-17  2.73542786e-16  2.82985314e-17  5.40780453e-17
7.35642254e-04  2.90741052e-16  6.85983189e-17  6.21776064e-17  2.56272053e-16  2.44102411e-17  4.71967174e-17
8.57695899e-04  2.69605563e-16  5.79614522e-17  5.43407224e-17  2.39695933e-16  2.09832411e-17  4.10004155e-17
1.00000000e-03  2.49768989e-16  4.86128453e-17  4.76041908e-17  2.23783474e-16  1.79840389e-17  3.54666451e-17
1.16591440e-03  2.31084097e-16  4.04984723e-17  4.17215595e-17  2.08513165e-16  1.53747485e-17  3.05653200e-17
1.35935639e-03  2.13463343e-16  3.35318235e-17  3.65117114e-17  1.93874013e-16  1.31148596e-17  2.62573283e-17
1.58489319e-03  1.96856905e-16  2.76076853e-17  3.18494522e-17  1.79864801e-16  1.11634822e-17  2.24954265e-17
1.84784980e-03  1.81234201e-16  2.26127180e-17  2.76533543e-17  1.66491675e-16  9.48146051e-18  1.92268801e-17
2.15443469e-03  1.66570698e-16  1.84330811e-17  2.38729941e-17  1.53764728e-16  8.03294141e-18  1.63968780e-17
2.51188643e-03  1.52840195e-16  1.49595690e-17  2.04773448e-17  1.41694395e-16  6.78624270e-18  1.39518002e-17
2.92864456e-03  1.40011697e-16  1.20907928e-17  1.74454483e-17  1.30288353e-16  5.71407855e-18  1.18417461e-17
3.41454887e-03  1.28049413e-16  9.73490165e-18  1.47598005e-17  1.19549325e-16  4.79330535e-18  1.00220885e-17
3.98107171e-03  1.16914364e-16  7.81026863e-18  1.24023345e-17  1.09473887e-16  4.00437544e-18  8.45409177e-18
4.64158883e-03  1.06566403e-16  6.24547642e-18  1.03525305e-17  1.00052206e-16  3.33066619e-18  7.10477633e-18
5.41169527e-03  9.69658798e-17  4.97885276e-18  8.58704591e-18  9.12685402e-17  2.75781706e-18  5.94626486e-18
6.30957344e-03  8.80746282e-17  3.95773886e-18  7.08027100e-18  8.31022720e-17  2.27317081e-18  4.95485995e-18
7.35642254e-03  7.98562808e-17  3.13761689e-18  5.80532382e-18  7.55292473e-17  1.86537152e-18  4.11008057e-18
8.57695899e-03  7.22761254e-17  2.48118430e-18  4.73513922e-18  6.85231554e-17  1.52412772e-18  3.39383904e-18
1.00000000e-02  6.53007385e-17  1.95743292e-18  3.84343919e-18  6.20567319e-17  1.24010814e-18  2.78985958e-18
1.16591440e-02  5.88976088e-17  1.54077098e-18  3.10548178e-18  5.61026246e-17  1.00491575e-18  2.28335007e-18
1.35935639e-02  5.30348711e-17  1.21021172e-18  2.49856196e-18  5.06338980e-17  8.11085654e-19  1.86086809e-18
1.58489319e-02  4.76811978e-17  9.48641865e-19  2.00228420e-18  4.56242199e-17  6.52069952e-19  1.51029239e-18
1.84784980e-02  4.28058011e-17  7.42175543e-19  1.59864958e-18  4.10478585e-17  5.22194454e-19  1.22082051e-18
2.15443469e-02  3.83785235e-17  5.79593971e-19  1.27200702e-18  3.68796068e-17  4.16589558e-19  9.82944240e-19
2.51188643e-02  3.43699381e-17  4.51866866e-19  1.00891423e-18  3.30947057e-17  3.31105764e-19  7.88386540e-19
2.92864456e-02  3.07514369e-17  3.51749264e-19  7.97946789e-19  2.96688126e-17  2.62225415e-19  6.30005843e-19
3.41454887e-02  2.74952870e-17  2.73445612e-19  6.29483169e-19  2.65780125e-17  2.06978912e-19  5.01682208e-19
3.98107171e-02  2.45746607e-17  2.12332521e-19  4.95485566e-19  2.37988659e-17  1.62869632e-19  3.98199919e-19
4.64158883e-02  2.19636506e-17  1.64731531e-19  3.89288639e-19  2.13084715e-17  1.27808429e-19  3.15136182e-19
5.41169527e-02  1.96372877e-17  1.27723861e-19  3.05403221e-19  1.90845417e-17  1.00056782e-19  2.48760280e-19
6.30957344e-02  1.75715749e-17  9.89999486e-20  2.39338431e-19  1.71054827e-17  7.81770678e-20  1.95943823e-19
7.35642254e-02  1.57435375e-17  7.67375483e-20  1.87443255e-19  1.53504802e-17  6.09885959e-20  1.54080767e-19
8.57695899e-02  1.41312903e-17  5.95031777e-20  1.46767496e-19  1.37995874e-17  4.75285227e-20  1.21015673e-19
1.00000000e-01  1.27141108e-17  4.61725848e-20  1.14941090e-19  1.24338118e-17  3.70171411e-20  9.49789842e-20
1.16591440e-01  1.14725111e-17  3.58667008e-20  9.00705376e-20  1.12351963e-17  2.88272949e-20  7.45287005e-20
1.35935639e-01  1.03882962e-17  2.79001975e-20  7.06509093e-20  1.01868864e-17  2.24577347e-20  5.84981902e-20
1.58489319e-01  9.44460323e-18  2.17402984e-20  5.54918419e-20  9.27317995e-18  1.75102115e-20  4.59500383e-20
1.84784980e-01  8.62591467e-18  1.69739169e-20  4.36559103e-20  8.47955405e-18  1.36700419e-20  3.61357905e-20
2.15443469e-01  7.91804721e-18  1.32815457e-20  3.44077930e-20  7.79266821e-18  1.06898241e-20  2.84613507e-20
2.51188643e-01  7.30811496e-18  1.04165957e-20  2.71727138e-20  7.20034441e-18  8.37594650e-21  2.24576447e-20
2.92864456e-01  6.78447215e-18  8.18911814e-21  2.15027580e-20  6.69152656e-18  6.57752667e-21  1.77560771e-20
3.41454887e-01  6.33660831e-18  6.45302546e-21  1.70497576e-20  6.25619218e-18  5.17741789e-21  1.40682163e-20
3.98107171e-01  5.95516631e-18  5.09612876e-21  1.35437105e-20  5.88538535e-18  4.08498866e-21  1.11692492e-20
4.64158883e-01  5.63172314e-18  4.03233648e-21  1.07755200e-20  5.57101184e-18  3.23030573e-21  8.88444461e-21
5.41169527e-01  5.35877575e-18  3.19563152e-21  8.58346886e-21  5.30583681e-18  2.55954771e-21  7.07837516e-21
6.30957344e-01  5.12963776e-18  2.53539240e-21  6.84254217e-21  5.08339210e-18  2.03136749e-21  5.64626953e-21
7.35642254e-01  4.93835847e-18  2.01278055e-21  5.45607221e-21  4.89790419e-18  1.61403640e-21  4.50715959e-21
8.57695899e-01  4.77964774e-18  1.59795556e-21  4.34922096e-21  4.74422662e-18  1.28321119e-21  3.59847577e-21
1.00000000e+00  4.66485272e-18  1.26890403e-21  3.46745129e-21  4.63574832e-18  1.02405287e-21  2.88285948e-21
1.16591440e+00  4.55265778e-18  1.00550478e-21  2.75694511e-21  4.52688738e-18  8.12886016e-22  2.29617458e-21
1.35935639e+00  4.46141234e-18  7.95470235e-22  2.18786766e-21  4.43864396e-18  6.44602657e-22  1.82636123e-21
1.58489319e+00  4.38779624e-18  6.28001928e-22  1.73226648e-21  4.36772214e-18  5.10370457e-22  1.44997806e-21
1.84784980e+00  4.32902072e-18  4.94555265e-22  1.36785252e-21  4.31135919e-18  4.03262327e-22  1.14847744e-21
2.15443469e+00  4.28170782e-18  3.88362649e-22  1.07685433e-21  4.26620356e-18  3.17841393e-22  9.07187326e-22
2.51188643e+00  4.24517207e-18  3.04047127e-22  8.45067669e-22  4.23158735e-18  2.49824684e-22  7.14466754e-22
2.92864456e+00  4.21617978e-18  2.37270777e-22  6.60953136e-22  4.20430213e-18  1.95771606e-22  5.60889707e-22
3.41454887e+00  4.19354637e-18  1.84555137e-22  5.15209075e-22  4.18318110e-18  1.52936867e-22  4.38888769e-22
3.98107171e+00  4.17676588e-18  1.43081554e-22  4.00254567e-22  4.16773594e-18  1.19097920e-22  3.42298277e-22
4.64158883e+00  4.16205496e-18  1.10566319e-22  3.09915507e-22  4.15420448e-18  9.24527396e-23  2.66091198e-22
5.41169527e+00  4.15230635e-18  8.51753482e-23  2.39213943e-22  4.14548903e-18  7.15538891e-23  2.06212732e-22
6.30957344e+00  4.14619627e-18  6.54177546e-23  1.84083100e-22  4.14028276e-18  5.52186080e-23  1.59333351e-22
7.35642254e+00  4.13964425e-18  5.00941696e-23  1.41238647e-22  4.13452391e-18  4.24913035e-23  1.22753026e-22
8.57695899e+00  4.13476399e-18  3.82524701e-23  1.08066212e-22  4.13033539e-18  3.26113695e-23  9.43171191e-23
1.00000000e+01  4.13065148e-18  2.91305978e-23  8.24657007e-23  4.12682561e-18  2.49661607e-23  7.22846429e-23
1.16591440e+01  4.12755043e-18  2.21264699e-23  6.27734618e-23  4.12424805e-18  1.90694085e-23  5.52705947e-23
1.35935639e+01  4.12457663e-18  1.67629638e-23  4.76670059e-23  4.12172902e-18  1.45332205e-23  4.21673722e-23
1.58489319e+01  4.12271900e-18  1.26680393e-23  3.61130441e-23  4.12026491e-18  1.10539226e-23  3.21064570e-23
1.84784980e+01  4.12099079e-18  9.54938945e-24  2.72974510e-23  4.11887729e-18  8.39133122e-24  2.43994336e-23
2.15443469e+01  4.12053738e-18  7.18084938e-24  2.05891876e-23  4.11871771e-18  6.35884738e-24  1.85107334e-23
2.51188643e+01  4.11932366e-18  5.38564565e-24  1.54937081e-23  4.11775810e-18  4.80963089e-24  1.40180519e-23
2.92864456e+01  4.11907876e-18  4.02895007e-24  1.16334599e-23  4.11773223e-18  3.63144087e-24  1.05983208e-23
3.41454887e+01  4.11878250e-18  3.00612675e-24  8.71482143e-24  4.11762491e-18  2.73667961e-24  7.99894938e-24
3.98107171e+01  4.11816297e-18  2.23730103e-24  6.51350208e-24  4.11716825e-18  2.05834530e-24  6.02652727e-24
4.64158883e+01  4.11874931e-18  1.66119708e-24  4.85734618e-24  4.11789458e-18  1.54493611e-24  4.53218038e-24
5.41169527e+01  4.12395717e-18  1.23102824e-24  3.61496537e-24  4.12322218e-18  1.15714272e-24  3.40214081e-24
6.30957344e+01  4.11918355e-18  9.10445902e-25  2.68426466e-24  4.11855303e-18  8.64380434e-25  2.54772526e-24
7.35642254e+01  4.11981097e-18  6.72534011e-25  1.98986352e-24  4.11926951e-18  6.44178608e-25  1.90380884e-24
8.57695899e+01  4.12012347e-18  4.96284063e-25  1.47277598e-24  4.11965856e-18  4.78902244e-25  1.41923917e-24
1.00000000e+02  4.11976703e-18  3.65930130e-25  1.08858469e-24  4.11936796e-18  3.55239250e-25  1.05549253e-24
1.16591440e+02  4.12283606e-18  2.71931183e-25  8.09582131e-25  4.12249376e-18  2.57226030e-25  7.67416583e-25
1.35935639e+02  4.12279235e-18  1.99667885e-25  5.95640303e-25  4.12249859e-18  1.90253693e-25  5.68352182e-25
1.58489319e+02  4.12275461e-18  1.46599623e-25  4.37988068e-25  4.12250253e-18  1.40600976e-25  4.20452803e-25
1.84784980e+02  4.12272364e-18  1.07643101e-25  3.21957681e-25  4.12250734e-18  1.03834502e-25  3.10751796e-25
2.15443469e+02  4.12269957e-18  7.90492810e-26  2.36627341e-25  4.12251398e-18  7.66376883e-26  2.29496679e-25
2.51188643e+02  4.12267932e-18  5.80607995e-26  1.73903708e-25  4.12252008e-18  5.65368636e-26  1.69380881e-25
2.92864456e+02  4.12266417e-18  4.26525424e-26  1.27808378e-25  4.12252756e-18  4.16909592e-26  1.24946561e-25
3.41454887e+02  4.12265228e-18  3.13387696e-26  9.39363297e-26  4.12253508e-18  3.07326664e-26  9.21287185e-26
3.98107171e+02  4.12264158e-18  2.30297584e-26  6.90463799e-26  4.12254104e-18  2.26480003e-26  6.79060836e-26
4.64158883e+02  4.12263163e-18  1.69262496e-26  5.07557214e-26  4.12254538e-18  1.66859117e-26  5.00370192e-26
5.41169527e+02  4.12262247e-18  1.24419724e-26  3.73135435e-26  4.12254849e-18  1.22907089e-26  3.68608250e-26
6.30957344e+02  4.12262188e-18  9.14675939e-27  2.74336234e-26  4.12255841e-18  9.05157000e-27  2.71485518e-26
7.35642254e+02  4.12261603e-18  6.72493698e-27  2.01712289e-26  4.12256159e-18  6.66503590e-27  1.99917555e-26
8.57695899e+02  4.12261198e-18  4.94477222e-27  1.48323872e-26  4.12256528e-18  4.90707513e-27  1.47194022e-26
1.00000000e+03  4.12260634e-18  3.63609793e-27  1.09072537e-26  4.12256628e-18  3.61237144e-27  1.08361235e-26
