1.00000000e-04  4.26360913e-16  2.18267501e-16  2.45043485e-16  4.18361256e-16  8.62715273e-17  1.50535114e-16
1.16591440e-04  4.24875823e-16  2.13642784e-16  2.22344505e-16  3.92542757e-16  7.70640426e-17  1.34856140e-16
1.35935639e-04  4.16726074e-16  2.04997514e-16  1.96463163e-16  3.67843195e-16  6.87927569e-17  1.20724800e-16
1.58489319e-04  4.02899211e-16  1.92791213e-16  1.70269678e-16  3.44287600e-16  6.13586825e-17  1.08006918e-16
1.84784980e-04  3.84691809e-16  1.77798369e-16  1.46050617e-16  3.21886821e-16  5.46703761e-17  9.65689805e-17
2.15443469e-04  3.63516337e-16  1.60977461e-16  1.25188796e-16  3.00638562e-16  4.86450282e-17  8.62817952e-17
2.51188643e-04  3.40712286e-16  1.43315342e-16  1.08128877e-16  2.80528775e-16  4.32089673e-17  7.70233844e-17
2.92864456e-04  3.17404850e-16  1.25693419e-16  9.45841677e-17  2.61533291e-16  3.82976854e-17  6.86810639e-17
3.41454887e-04  2.94430810e-16  1.08797704e-16  8.38518959e-17  2.43619547e-16  3.38554939e-17  6.11527529e-17
3.98107171e-04  2.72340880e-16  9.30980780e-17  7.51181261e-17  2.26748306e-16  2.98349227e-17  5.43476237e-17
4.64158883e-04  2.51447517e-16  7.88700112e-17  6.76683692e-17  2.10875275e-16  2.61959492e-17  4.81862278e-17
5.41169527e-04  2.31886016e-16  6.62315679e-17  6.09830143e-17  1.95952565e-16  2.29051206e-17  4.26002303e-17
6.30957344e-04  2.13674353e-16  5.51871333e-17  5.47482313e-17  1.81929990e-16  1.99346056e-17  3.75318652e-17
7.35642254e-04  1.96760882e-16  4.56658373e-17  4.88179166e-17  1.68756178e-16  1.72611827e-17  3.29331703e-17
8.57695899e-04  1.81058642e-16  3.75515426e-17  4.31588135e-17  1.56379570e-16  1.48651737e-17  2.87650161e-17
1.00000000e-03  1.66468401e-16  3.07046419e-17  3.77991225e-17  1.44749360e-16  1.27293312e-17  2.49958902e-17
1.16591440e-03  1.52893091e-16  2.49771517e-17  3.27897350e-17  1.33816443e-16  1.08377300e-17  2.16003934e-17
1.35935639e-03  1.40245779e-16  2.02227230e-17  2.81796390e-17  1.23534441e-16  9.17475598e-18  1.85574467e-17
1.58489319e-03  1.28452882e-16  1.63029466e-17  2.40032007e-17  1.13860778e-16  7.72432047e-18  1.58483217e-17
1.84784980e-03  1.17454100e-16  1.30910083e-17  2.02758210e-17  1.04757669e-16  6.46942502e-18  1.34547383e-17
2.15443469e-03  1.07200418e-16  1.04734869e-17  1.69946818e-17  9.61928339e-17  5.39213814e-18  1.13573541e-17
2.51188643e-03  9.76512795e-17  8.35087152e-18  1.41420563e-17  8.81396893e-17  4.47394219e-18  9.53491601e-18
2.92864456e-03  8.87717772e-17  6.63722898e-18  1.16894904e-17  8.05769209e-17  3.69631587e-18  7.96417778e-18
3.41454887e-03  8.05303449e-17  5.25933277e-18  9.60185519e-18  7.34874865e-17  3.04137392e-18  6.62046296e-18
3.98107171e-03  7.28971663e-17  4.15548590e-18  7.84077352e-18  6.68572744e-17  2.49241089e-18  5.47860385e-18
4.64158883e-03  6.58432730e-17  3.27420305e-18  6.36725205e-18  6.06737034e-17  2.03426133e-18  4.51395240e-18
5.41169527e-03  5.93401781e-17  2.57286939e-18  5.14353941e-18  5.49245124e-17  1.65346088e-18  3.70322987e-18
6.30957344e-03  5.33598416e-17  2.01645425e-18  4.13432392e-18  4.95968891e-17  1.33824279e-18  3.02509809e-18
7.35642254e-03  4.78747734e-17  1.57632731e-18  3.30741373e-18  4.46769657e-17  1.07842531e-18  2.46043881e-18
8.57695899e-03  4.28581359e-17  1.22920289e-18  2.63403965e-18  4.01496325e-17  8.65244786e-19  1.99239521e-18
1.00000000e-02  3.82837745e-17  9.56220634e-19  2.08889855e-18  3.59985762e-17  6.91175763e-19  1.60625486e-18
1.16591440e-02  3.41261576e-17  7.42160025e-19  1.65002949e-18  3.22064414e-17  5.49763357e-19  1.28925116e-18
1.35935639e-02  3.03602551e-17  5.74778731e-19  1.29858985e-18  2.87550379e-17  4.35479065e-19  1.03034135e-18
1.58489319e-02  2.69614010e-17  4.44261297e-19  1.01857793e-18  2.56255462e-17  3.43601139e-19  8.19996381e-19
1.84784980e-02  2.39051849e-17  3.42763202e-19  7.96532952e-19  2.27987009e-17  2.70115293e-19  6.50017636e-19
2.15443469e-02  2.11674077e-17  2.64035776e-19  6.21232392e-19  2.02549587e-17  2.11629913e-19  5.13381766e-19
2.51188643e-02  1.87241138e-17  2.03118638e-19  4.83399183e-19  1.79746576e-17  1.65300701e-19  4.04107732e-19
2.92864456e-02  1.65516964e-17  1.56088167e-19  3.75426775e-19  1.59381827e-17  1.28761588e-19  3.17139013e-19
3.41454887e-02  1.46270571e-17  1.19852198e-19  2.91126631e-19  1.41261399e-17  1.00060489e-19  2.48235361e-19
3.98107171e-02  1.29277982e-17  9.19828555e-20  2.25500842e-19  1.25195365e-17  7.75997621e-20  1.93871227e-19
4.64158883e-02  1.14324189e-17  7.05808425e-20  1.74540859e-19  1.10999593e-17  6.00817683e-20  1.51140132e-19
5.41169527e-02  1.01204964e-17  5.41656571e-20  1.35052200e-19  9.84974090e-18  4.64599827e-20  1.17665543e-19
6.30957344e-02  8.97283409e-18  4.15871718e-20  1.04504094e-19  8.75210297e-18  3.58959234e-20  9.15192309e-20
7.35642254e-02  7.97156972e-18  3.19547491e-20  8.09022740e-20  7.79127123e-18  2.77218499e-20  7.11479202e-20
8.57695899e-02  7.10023975e-18  2.45807149e-20  6.26827817e-20  6.95255744e-18  2.14089643e-20  5.53086411e-20
1.00000000e-01  6.34380173e-18  1.89355109e-20  4.86243478e-20  6.22240741e-18  1.65406593e-20  4.30127557e-20
1.16591440e-01  5.68861959e-18  1.46123006e-20  3.77768785e-20  5.58841725e-18  1.27902760e-20  3.34782500e-20
1.35935639e-01  5.12241882e-18  1.12991741e-20  2.94036539e-20  5.03932146e-18  9.90280145e-21  2.60896398e-20
1.58489319e-01  4.63421834e-18  8.75742372e-21  2.29350098e-20  4.56495761e-18  7.67994774e-21  2.03646885e-20
1.84784980e-01  4.21424594e-18  6.80463778e-21  1.79315036e-20  4.15621275e-18  5.96808884e-21  1.59270815e-20
2.15443469e-01  3.85384371e-18  5.30159597e-21  1.40548203e-20  3.80495660e-18  4.64858539e-21  1.24842101e-20
2.51188643e-01  3.54536823e-18  4.14214723e-21  1.10449229e-20  3.50396611e-18  3.63007821e-21  9.80926559e-21
2.92864456e-01  3.28208987e-18  3.24541593e-21  8.70219937e-21  3.24684553e-18  2.84239114e-21  7.72692128e-21
3.41454887e-01  3.05809433e-18  2.54981624e-21  6.87357162e-21  3.02794512e-18  2.23173480e-21  6.10196059e-21
3.98107171e-01  2.86816931e-18  2.00846155e-21  5.44171444e-21  2.84226211e-18  1.75694994e-21  4.83028858e-21
4.64158883e-01  2.70777934e-18  1.58566880e-21  4.31676818e-21  2.68542661e-18  1.38659720e-21  3.83192113e-21
5.41169527e-01  2.57290944e-18  1.25426296e-21  3.42987171e-21  2.55355483e-18  1.09667437e-21  3.04542872e-21
6.30957344e-01  2.46570883e-18  9.93649318e-22  2.72914439e-21  2.45115815e-18  8.72075362e-22  2.43272581e-21
7.35642254e-01  2.36963482e-18  7.87740256e-22  2.17181236e-21  2.35673507e-18  6.91146583e-22  1.93592491e-21
8.57695899e-01  2.29009169e-18  6.24676532e-22  1.72828259e-21  2.27866797e-18  5.48185150e-22  1.54122193e-21
1.00000000e+00  2.22476508e-18  4.95210947e-22  1.37451526e-21  2.21466051e-18  4.34859910e-22  1.22674054e-21
1.16591440e+00  2.17146423e-18  3.92226219e-22  1.09190021e-21  2.16253837e-18  3.44797809e-22  9.75637720e-22
1.35935639e+00  2.12819712e-18  3.10197261e-22  8.65897422e-22  2.12032490e-18  2.73080430e-22  7.74821062e-22
1.58489319e+00  2.09335959e-18  2.44843252e-22  6.85180209e-22  2.08642792e-18  2.15922580e-22  6.14151685e-22
1.84784980e+00  2.06557861e-18  1.92797105e-22  5.40781145e-22  2.05948565e-18  1.70363101e-22  4.85638907e-22
2.15443469e+00  2.04310050e-18  1.51397740e-22  4.25569549e-22  2.03775540e-18  1.34073627e-22  3.82955458e-22
2.51188643e+00  2.02595596e-18  1.18541968e-22  3.33880585e-22  2.02127399e-18  1.05223555e-22  3.01096791e-22
2.92864456e+00  2.01203406e-18  9.25234142e-23  2.61085505e-22  2.00794147e-18  8.23294610e-23  2.35975737e-22
3.41454887e+00  2.00110257e-18  7.19861647e-23  2.03491525e-22  1.99753144e-18  6.42170929e-23  1.84341824e-22
3.98107171e+00  1.99272890e-18  5.58278682e-23  1.58079521e-22  1.98961815e-18  4.99314787e-23  1.43535540e-22
4.64158883e+00  1.98495036e-18  4.31564309e-23  1.22395000e-22  1.98224673e-18  3.86993793e-23  1.11392909e-22
5.41169527e+00  1.97992785e-18  3.32623349e-23  9.44805372e-23  1.97758017e-18  2.99065095e-23  8.61896330e-23
6.30957344e+00  1.97749411e-18  2.55644569e-23  7.27248494e-23  1.97545679e-18  2.30475509e-23  6.65002414e-23
7.35642254e+00  1.97435273e-18  1.95908927e-23  5.58140883e-23  1.97258846e-18  1.77105132e-23  5.11579111e-23
8.57695899e+00  1.97228296e-18  1.49736442e-23  4.27226717e-23  1.97075664e-18  1.35744112e-23  3.92525286e-23
1.00000000e+01  1.97085672e-18  1.14160811e-23  3.26209138e-23  1.96953750e-18  1.03792683e-23  3.00445093e-23
1.16591440e+01  1.96992928e-18  8.68327252e-24  2.48501076e-23  1.96878997e-18  7.91854791e-24  2.29449928e-23
1.35935639e+01  1.96886526e-18  6.58911714e-24  1.88871079e-23  1.96788245e-18  6.02801324e-24  1.74846531e-23
1.58489319e+01  1.96815955e-18  4.98886534e-24  1.43243959e-23  1.96731238e-18  4.57965718e-24  1.32972061e-23
1.84784980e+01  1.96740110e-18  3.76884737e-24  1.08412137e-23  1.96667146e-18  3.47256706e-24  1.00933310e-23
2.15443469e+01  1.96719099e-18  2.84104428e-24  8.18879496e-24  1.96656284e-18  2.62839916e-24  7.64811674e-24
2.51188643e+01  1.96666489e-18  2.13685519e-24  6.17284535e-24  1.96612448e-18  1.98586185e-24  5.78529952e-24
2.92864456e+01  1.96654631e-18  1.60366667e-24  4.64416221e-24  1.96608151e-18  1.49784447e-24  4.36925472e-24
3.41454887e+01  1.96621748e-18  1.20074157e-24  3.48700425e-24  1.96581789e-18  1.12774443e-24  3.29444112e-24
3.98107171e+01  1.96557587e-18  8.96930332e-25  2.61276782e-24  1.96523250e-18  8.47517469e-25  2.47990502e-24
4.64158883e+01  1.96569272e-18  6.68412322e-25  1.95362839e-24  1.96539764e-18  6.35682009e-25  1.86356254e-24
5.41169527e+01  1.96842530e-18  4.97026315e-25  1.45785266e-24  1.96817149e-18  4.75851613e-25  1.39800294e-24
6.30957344e+01  1.96515387e-18  3.68649715e-25  1.08517842e-24  1.96493624e-18  3.55266699e-25  1.04624248e-24
7.35642254e+01  1.96510439e-18  2.72956681e-25  8.06264236e-25  1.96491754e-18  2.64661840e-25  7.81450908e-25
8.57695899e+01  1.96553724e-18  2.01799800e-25  5.97949291e-25  1.96537678e-18  1.96718331e-25  5.82407781e-25
1.00000000e+02  1.96577829e-18  1.49014572e-25  4.42731003e-25  1.96564052e-18  1.45907123e-25  4.33106750e-25
1.16591440e+02  1.96776359e-18  1.11013417e-25  3.30171236e-25  1.96764534e-18  1.06674551e-25  3.17826250e-25
1.35935639e+02  1.96774561e-18  8.17117943e-26  2.43549338e-25  1.96764413e-18  7.88891648e-26  2.35419292e-25
1.58489319e+02  1.96773165e-18  6.01143901e-26  1.79474016e-25  1.96764456e-18  5.82893658e-26  1.74166214e-25
1.84784980e+02  1.96771874e-18  4.42117383e-26  1.32162014e-25  1.96764401e-18  4.30375654e-26  1.28721183e-25
2.15443469e+02  1.96770872e-18  3.25101495e-26  9.72739370e-26  1.96764460e-18  3.17577143e-26  9.50560937e-26
2.51188643e+02  1.96770170e-18  2.39035283e-26  7.15719136e-26  1.96764669e-18  2.34228891e-26  7.01489007e-26
2.92864456e+02  1.96769572e-18  1.75748142e-26  5.26495975e-26  1.96764852e-18  1.72685818e-26  5.17398975e-26
3.41454887e+02  1.96769128e-18  1.29217396e-26  3.87248582e-26  1.96765079e-18  1.27270333e-26  3.81449991e-26
3.98107171e+02  1.96768729e-18  9.50085670e-27  2.84808140e-26  1.96765255e-18  9.37726787e-27  2.81120561e-26
4.64158883e+02  1.96768302e-18  6.98588069e-27  2.09459155e-26  1.96765322e-18  6.90753973e-27  2.07118366e-26
5.41169527e+02  1.96767940e-18  5.13687567e-27  1.54043056e-26  1.96765384e-18  5.08727092e-27  1.52559338e-26
6.30957344e+02  1.96768070e-18  3.77743268e-27  1.13288896e-26  1.96765877e-18  3.74605104e-27  1.12349516e-26
7.35642254e+02  1.96767825e-18  2.77788068e-27  8.33180367e-27  1.96765944e-18  2.75804158e-27  8.27238300e-27
8.57695899e+02  1.96767604e-18  2.04290765e-27  6.12773110e-27  1.96765990e-18  2.03037265e-27  6.09017115e-27
1.00000000e+03  1.96767336e-18  1.50245065e-27  4.50681664e-27  1.96765953e-18  1.49453414e-27  4.48308809e-27
