1.00000000e-04  8.39613356e-16  3.10949801e-16  2.87374943e-16  6.82184649e-16  1.00019606e-16  1.81510184e-16
1.16591440e-04  7.78483620e-16  2.75071845e-16  2.43135310e-16  6.33942651e-16  8.82578639e-17  1.60643589e-16
1.35935639e-04  7.18357023e-16  2.40856278e-16  2.07357430e-16  5.88412305e-16  7.77540646e-17  1.42117769e-16
1.58489319e-04  6.60640500e-16  2.08870579e-16  1.78677783e-16  5.45563580e-16  6.83480219e-17  1.25627952e-16
1.84784980e-04  6.06217537e-16  1.79503189e-16  1.55514754e-16  5.05330929e-16  5.99076382e-17  1.10905359e-16
2.15443469e-04  5.55534403e-16  1.52976686e-16  1.36407990e-16  4.67621177e-16  5.23257502e-17  9.77193920e-17
2.51188643e-04  5.08701364e-16  1.29361526e-16  1.20186649e-16  4.32320852e-16  4.55164338e-17  8.58771388e-17
2.92864456e-04  4.65601741e-16  1.08607184e-16  1.06013462e-16  3.99302720e-16  3.94110935e-17  7.52210867e-17
3.41454887e-04  4.25987469e-16  9.05755232e-17  9.33484605e-17  3.68431488e-16  3.39544861e-17  6.56255962e-17
3.98107171e-04  3.89552814e-16  7.50705267e-17  8.18770064e-17  3.39568858e-16  2.91007746e-17  5.69924300e-17
4.64158883e-04  3.55985430e-16  6.18625188e-17  7.14337215e-17  3.12578173e-16  2.48097439e-17  4.92454346e-17
5.41169527e-04  3.24997552e-16  5.07068453e-17  6.19390617e-17  2.87328798e-16  2.10434261e-17  4.23244976e-17
6.30957344e-04  2.96341325e-16  4.13577266e-17  5.33539823e-17  2.63700182e-16  1.77634821e-17  3.61791570e-17
7.35642254e-04  2.69812509e-16  3.35781085e-17  4.56515919e-17  2.41585166e-16  1.49296724e-17  3.07625754e-17
8.57695899e-04  2.45246562e-16  2.71462847e-17  3.88019863e-17  2.20891982e-16  1.24995682e-17  2.60267935e-17
1.00000000e-03  2.22510688e-16  2.18599413e-17  3.27660217e-17  2.01544412e-16  1.04293564e-17  2.19199937e-17
1.16591440e-03  2.01494690e-16  1.75381902e-17  2.74944522e-17  1.83480023e-16  8.67532481e-18  1.83859867e-17
1.35935639e-03  1.82102611e-16  1.40220751e-17  2.29298194e-17  1.66646923e-16  7.19551168e-18  1.53655202e-17
1.58489319e-03  1.64246271e-16  1.11739729e-17  1.90093926e-17  1.50999847e-16  5.95108761e-18  1.27986127e-17
1.84784980e-03  1.47841043e-16  8.87624469e-18  1.56681706e-17  1.36496414e-16  4.90723872e-18  1.06270693e-17
2.15443469e-03  1.32803692e-16  7.02943267e-18  1.28414595e-17  1.23094193e-16  4.03351792e-18  8.79656435e-18
2.51188643e-03  1.19051757e-16  5.55023416e-18  1.04668478e-17  1.10748834e-16  3.30376346e-18  7.25799554e-18
2.92864456e-03  1.06503919e-16  4.36942807e-18  8.48558300e-18  9.94132493e-17  2.69573546e-18  5.96808781e-18
3.41454887e-03  9.50807820e-17  3.42987530e-18  6.84343135e-18  8.90376185e-17  2.19061308e-18  4.88938461e-18
3.98107171e-03  8.47056823e-17  2.68467105e-18  5.49113097e-18  7.95699463e-17  1.77246163e-18  3.98982705e-18
4.64158883e-03  7.53052671e-17  2.09549114e-18  4.38454489e-18  7.09568918e-17  1.42773914e-18  3.24211370e-18
5.41169527e-03  6.68097602e-17  1.63114781e-18  3.48460217e-18  6.31446533e-17  1.14487824e-18  2.62299468e-18
6.30957344e-03  5.91529381e-17  1.26635197e-18  2.75709598e-18  5.60797617e-17  9.13953696e-19  2.11260589e-18
7.35642254e-03  5.22719010e-17  9.80666901e-19  2.17238785e-18  4.97097005e-17  7.26429056e-19  1.69390039e-18
8.57695899e-03  4.61067560e-17  7.57632728e-19  1.70505413e-18  4.39833381e-17  5.74966435e-19  1.35219669e-18
1.00000000e-02  4.06003135e-17  5.84038462e-19  1.33349938e-18  3.88512035e-17  4.53280498e-19  1.07483475e-18
1.16591440e-02  3.56978642e-17  4.49319366e-19  1.03955543e-18  3.42656497e-17  3.56019630e-19  8.50916126e-19
1.35935639e-02  3.13470686e-17  3.45059320e-19  8.08080329e-19  3.01809614e-17  2.78661890e-19  6.71100913e-19
1.58489319e-02  2.74979603e-17  2.64580677e-19  6.26568632e-19  2.65534415e-17  2.17418607e-19  5.27437900e-19
1.84784980e-02  2.41030337e-17  2.02606916e-19  4.84782100e-19  2.33415000e-17  1.69142779e-19  4.13212079e-19
2.15443469e-02  2.11173828e-17  1.54985879e-19  3.74407726e-19  2.05057490e-17  1.31242192e-19  3.22801255e-19
2.51188643e-02  1.84988504e-17  1.18463488e-19  2.88747783e-19  1.80090971e-17  1.01598346e-19  2.51539063e-19
2.92864456e-02  1.62081612e-17  9.04995460e-20  2.22444528e-19  1.58168353e-17  7.84924638e-20  1.95585057e-19
3.41454887e-02  1.42090045e-17  6.91185455e-20  1.71240151e-19  1.38966925e-17  6.05394192e-20  1.51803640e-19
3.98107171e-02  1.24680809e-17  5.27895091e-20  1.31771036e-19  1.22188788e-17  4.66298955e-20  1.17653678e-19
4.64158883e-02  1.09550687e-17  4.03297749e-20  1.01394110e-19  1.07560692e-17  3.58805873e-20  9.10899043e-20
5.41169527e-02  9.64255451e-18  3.08284174e-20  7.80423345e-20  9.48336902e-18  2.75919393e-20  7.04765599e-20
6.30957344e-02  8.50591189e-18  2.35856475e-20  6.01059267e-20  8.37823851e-18  2.12127078e-20  5.45130107e-20
7.35642254e-02  7.52314544e-18  1.80651170e-20  4.63358011e-20  7.42038951e-18  1.63105518e-20  4.21706040e-20
8.57695899e-02  6.67471149e-18  1.38565769e-20  3.57658345e-20  6.59165965e-18  1.25478596e-20  3.26397651e-20
1.00000000e-01  5.94332437e-18  1.06467779e-20  2.76508133e-20  5.87587027e-18  9.66204706e-21  2.52861697e-20
1.16591440e-01  5.31375707e-18  8.19688966e-21  2.14172666e-20  5.25867451e-18  7.44962940e-21  1.96148046e-20
1.35935639e-01  4.77264321e-18  6.32504659e-21  1.66247585e-20  4.72740126e-18  5.75343965e-21  1.52407668e-20
1.58489319e-01  4.30828516e-18  4.89290136e-21  1.29355834e-20  4.27089929e-18  4.45244319e-21  1.18657332e-20
1.84784980e-01  3.91047166e-18  3.79529621e-21  1.00911543e-20  3.87938513e-18  3.45367345e-21  9.25914030e-21
2.15443469e-01  3.57030730e-18  2.95235017e-21  7.89368056e-21  3.54429737e-18  2.68588511e-21  7.24323439e-21
2.51188643e-01  3.28003498e-18  2.30340553e-21  6.19198714e-21  3.25813945e-18  2.09458119e-21  5.68125338e-21
2.92864456e-01  3.03295453e-18  1.80242587e-21  4.87063273e-21  3.01441397e-18  1.63815595e-21  4.46819660e-21
3.41454887e-01  2.82321406e-18  1.41446336e-21  3.84146011e-21  2.80742725e-18  1.28487631e-21  3.52352977e-21
3.98107171e-01  2.64573855e-18  1.11299278e-21  3.03717779e-21  2.63222762e-18  1.01057129e-21  2.78557416e-21
4.64158883e-01  2.50208097e-18  8.77589555e-22  2.40607084e-21  2.49240525e-18  7.99696176e-22  2.21506432e-21
5.41169527e-01  2.37486369e-18  6.93606088e-22  1.90960670e-21  2.36629563e-18  6.31424974e-22  1.75690510e-21
6.30957344e-01  2.26857470e-18  5.49021495e-22  1.51744612e-21  2.26098947e-18  4.99507101e-22  1.39569064e-21
7.35642254e-01  2.18041937e-18  4.34997156e-22  1.20664595e-21  2.17370696e-18  3.95682690e-22  1.10985774e-21
8.57695899e-01  2.10782885e-18  3.44775347e-22  9.59568714e-22  2.10189287e-18  3.13661130e-22  8.82887484e-22
1.00000000e+00  2.04719646e-18  2.73224199e-22  7.62764102e-22  2.04195144e-18  2.48687956e-22  7.02236690e-22
1.16591440e+00  1.99959292e-18  2.16300960e-22  6.05541447e-22  1.99496382e-18  1.97027556e-22  5.57956176e-22
1.35935639e+00  1.96000379e-18  1.71011404e-22  4.79982486e-22  1.95592350e-18  1.55934209e-22  4.42728814e-22
1.58489319e+00  1.92832298e-18  1.34943865e-22  3.79642941e-22  1.92473171e-18  1.23199883e-22  3.50604948e-22
1.84784980e+00  1.90286062e-18  1.06234340e-22  2.99520627e-22  1.89970488e-18  9.71268275e-23  2.76987187e-22
2.15443469e+00  1.88253139e-18  8.34085506e-23  2.35634935e-22  1.87976314e-18  7.63768636e-23  2.18227173e-22
2.51188643e+00  1.86620157e-18  6.52952359e-23  1.84805561e-22  1.86377767e-18  5.98900911e-23  1.71417070e-22
2.92864456e+00  1.85340357e-18  5.09574628e-23  1.44474649e-22  1.85128490e-18  4.68205342e-23  1.34222022e-22
3.41454887e+00  1.84328435e-18  3.96422840e-23  1.12576263e-22  1.84143576e-18  3.64892882e-23  1.04757949e-22
3.98107171e+00  1.83550483e-18  3.07421963e-23  8.74356872e-23  1.83389449e-18  2.83488557e-23  8.14977449e-23
4.64158883e+00  1.82970827e-18  2.37662394e-23  6.76936550e-23  1.82830757e-18  2.19566316e-23  6.32012563e-23
5.41169527e+00  1.82529681e-18  1.83178089e-23  5.22478664e-23  1.82408025e-18  1.69547332e-23  4.88616778e-23
6.30957344e+00  1.82222082e-18  1.40784580e-23  4.02104324e-23  1.82116542e-18  1.30555102e-23  3.76671457e-23
7.35642254e+00  1.81956381e-18  1.07902811e-23  3.08595949e-23  1.81864951e-18  1.00253873e-23  2.89560186e-23
8.57695899e+00  1.81762758e-18  8.24852621e-24  2.36210598e-23  1.81683648e-18  7.67869692e-24  2.22011900e-23
1.00000000e+01  1.81613203e-18  6.28997012e-24  1.80358184e-23  1.81544832e-18  5.86708855e-24  1.69804504e-23
1.16591440e+01  1.81474966e-18  4.78519443e-24  1.37390744e-23  1.81415942e-18  4.47266165e-24  1.29575173e-23
1.35935639e+01  1.81341640e-18  3.63233515e-24  1.04431267e-23  1.81290732e-18  3.40241912e-24  9.86665204e-24
1.58489319e+01  1.81355798e-18  2.75145611e-24  7.92176567e-24  1.81311915e-18  2.58321355e-24  7.49846812e-24
1.84784980e+01  1.81338801e-18  2.08002571e-24  5.99769822e-24  1.81300997e-18  1.95768533e-24  5.68849511e-24
2.15443469e+01  1.81313664e-18  1.56932517e-24  4.53254587e-24  1.81281116e-18  1.48103778e-24  4.30808308e-24
2.51188643e+01  1.81273798e-18  1.18168449e-24  3.41915211e-24  1.81245789e-18  1.11856293e-24  3.25742611e-24
2.92864456e+01  1.81233807e-18  8.87982026e-25  2.57454395e-24  1.81209717e-18  8.43368220e-25  2.45908531e-24
3.41454887e+01  1.81191940e-18  6.65867377e-25  1.93495680e-24  1.81171229e-18  6.34775953e-25  1.85344970e-24
3.98107171e+01  1.81154395e-18  4.98217865e-25  1.45147783e-24  1.81136595e-18  4.76916944e-25  1.39471754e-24
4.64158883e+01  1.81123281e-18  3.71933991e-25  1.08664268e-24  1.81107988e-18  3.57631934e-25  1.04775326e-24
5.41169527e+01  1.81125867e-18  2.77027755e-25  8.11862178e-25  1.81112729e-18  2.67641667e-25  7.85714254e-25
6.30957344e+01  1.81142902e-18  2.05883445e-25  6.05328641e-25  1.81131617e-18  1.99870170e-25  5.88110098e-25
7.35642254e+01  1.81171756e-18  1.52693591e-25  4.50417041e-25  1.81162063e-18  1.48927062e-25  4.39318963e-25
8.57695899e+01  1.81163418e-18  1.13038004e-25  3.34488621e-25  1.81155095e-18  1.10718558e-25  3.27475006e-25
1.00000000e+02  1.81151208e-18  8.35559421e-26  2.47949612e-25  1.81144063e-18  8.21386842e-26  2.43583689e-25
1.16591440e+02  1.81338981e-18  6.22337624e-26  1.84915960e-25  1.81332851e-18  6.03088357e-26  1.79481106e-25
1.35935639e+02  1.81337649e-18  4.58642575e-26  1.36592693e-25  1.81332388e-18  4.46023042e-26  1.32980825e-25
1.58489319e+02  1.81336476e-18  3.37762705e-26  1.00775293e-25  1.81331961e-18  3.29548308e-26  9.83982611e-26
1.84784980e+02  1.81335749e-18  2.48620090e-26  7.42822105e-26  1.81331874e-18  2.43303629e-26  7.27303919e-26
2.15443469e+02  1.81335221e-18  1.82944038e-26  5.47174432e-26  1.81331897e-18  1.79519096e-26  5.37109951e-26
2.51188643e+02  1.81334692e-18  1.34588321e-26  4.02864109e-26  1.81331840e-18  1.32390218e-26  3.96371412e-26
2.92864456e+02  1.81334278e-18  9.90007281e-27  2.96513902e-26  1.81331831e-18  9.75943273e-27  2.92343413e-26
3.41454887e+02  1.81333954e-18  7.28173678e-27  2.18187888e-26  1.81331855e-18  7.19197784e-27  2.15518332e-26
3.98107171e+02  1.81333635e-18  5.35566188e-27  1.60527034e-26  1.81331834e-18  5.29849447e-27  1.58823019e-26
4.64158883e+02  1.81333403e-18  3.93898107e-27  1.18092275e-26  1.81331858e-18  3.90263315e-27  1.17007037e-26
5.41169527e+02  1.81333234e-18  2.89703332e-27  8.68693300e-27  1.81331908e-18  2.87395521e-27  8.61794347e-27
6.30957344e+02  1.81332997e-18  2.13072079e-27  6.38991218e-27  1.81331860e-18  2.11608497e-27  6.34611967e-27
7.35642254e+02  1.81332986e-18  1.56713299e-27  4.70018383e-27  1.81332011e-18  1.55786005e-27  4.67241887e-27
8.57695899e+02  1.81333040e-18  1.15263723e-27  3.45725543e-27  1.81332204e-18  1.14676674e-27  3.43966915e-27
1.00000000e+03  1.81332892e-18  8.47787557e-28  2.54300819e-27  1.81332175e-18  8.44073506e-28  2.53187781e-27
