1.00000000e-04  5.62043450e-16  2.89305859e-16  3.24334921e-16  6.19528528e-16  1.25547306e-16  2.16410583e-16
1.16591440e-04  5.50572307e-16  2.47304838e-16  3.06177830e-16  5.86391344e-16  1.12572842e-16  1.94826696e-16
1.35935639e-04  5.46160714e-16  2.21886081e-16  2.91809719e-16  5.54174393e-16  1.00855479e-16  1.75163668e-16
1.58489319e-04  5.41417374e-16  2.05882657e-16  2.74800247e-16  5.22958822e-16  9.02866828e-17  1.57315853e-16
1.84784980e-04  5.32318885e-16  1.94200925e-16  2.52875364e-16  4.92816064e-16  8.07576327e-17  1.41162211e-16
2.15443469e-04  5.17375809e-16  1.83652325e-16  2.26701133e-16  4.63805652e-16  7.21627391e-17  1.26571052e-16
2.51188643e-04  4.96834577e-16  1.72538344e-16  1.98486514e-16  4.35973629e-16  6.44025604e-17  1.13405236e-16
2.92864456e-04  4.71957074e-16  1.60203474e-16  1.70738716e-16  4.09351701e-16  5.73859703e-17  1.01527267e-16
3.41454887e-04  4.44422528e-16  1.46690493e-16  1.45415183e-16  3.83957109e-16  5.10315499e-17  9.08037892e-17
3.98107171e-04  4.15844280e-16  1.32413793e-16  1.23556941e-16  3.59793170e-16  4.52682805e-17  8.11092595e-17
4.64158883e-04  3.87482847e-16  1.17908346e-16  1.05352759e-16  3.36850296e-16  4.00356535e-17  7.23287039e-17
5.41169527e-04  3.60169980e-16  1.03683844e-16  9.04470898e-17  3.15107348e-16  3.52833123e-17  6.43596294e-17
6.30957344e-04  3.34354149e-16  9.01470450e-17  7.82491606e-17  2.94533122e-16  3.09703001e-17  5.71132300e-17
7.35642254e-04  3.10203598e-16  7.75832242e-17  6.81537646e-17  2.75087840e-16  2.70639314e-17  5.05149927e-17
8.57695899e-04  2.87707383e-16  6.61622098e-17  5.96487117e-17  2.56724558e-16  2.35382664e-17  4.45047160e-17
1.00000000e-03  2.66757652e-16  5.59588625e-17  5.23436766e-17  2.39390510e-16  2.03721850e-17  3.90357911e-17
1.16591440e-03  2.47210167e-16  4.69782790e-17  4.59603968e-17  2.23028542e-16  1.75471563e-17  3.40734956e-17
1.35935639e-03  2.28921068e-16  3.91745485e-17  4.03071150e-17  2.07578876e-16  1.50449798e-17  2.95921208e-17
1.58489319e-03  2.11767332e-16  3.24682825e-17  3.52543078e-17  1.92981447e-16  1.28459244e-17  2.55711004e-17
1.84784980e-03  1.95653808e-16  2.67606999e-17  3.07153066e-17  1.79178812e-16  1.09276939e-17  2.19908048e-17
2.15443469e-03  1.80511219e-16  2.19443130e-17  2.66319829e-17  1.66119230e-16  9.26543161e-18  1.88290055e-17
2.51188643e-03  1.66289508e-16  1.79105970e-17  2.29644200e-17  1.53759156e-16  7.83262171e-18  1.60588860e-17
2.92864456e-03  1.52950079e-16  1.45551601e-17  1.96834975e-17  1.42064455e-16  6.60247195e-18  1.36489074e-17
3.41454887e-03  1.40459283e-16  1.17809527e-17  1.67656384e-17  1.31009980e-16  5.54929373e-18  1.15641729e-17
3.98107171e-03  1.28784219e-16  9.50001031e-18  1.41892557e-17  1.20577777e-16  4.64953345e-18  9.76854666e-18
4.64158883e-03  1.17890852e-16  7.63415306e-18  1.19325804e-17  1.10754510e-16  3.88232013e-18  8.22677564e-18
5.41169527e-03  1.07743895e-16  6.11497946e-18  9.97259786e-18  1.01528797e-16  3.22956847e-18  6.90611662e-18
6.30957344e-03  9.83076125e-17  4.88341296e-18  8.28482132e-18  9.28889825e-17  2.67576722e-18  5.77727171e-18
7.35642254e-03  8.95468385e-17  3.88898677e-18  6.84362555e-18  8.48216170e-17  2.20760106e-18  4.81466803e-18
8.57695899e-03  8.14277535e-17  3.08899817e-18  5.62289195e-18  7.73107181e-17  1.81353472e-18  3.99624801e-18
1.00000000e-02  7.39182141e-17  2.44761862e-18  4.59675736e-18  7.03377052e-17  1.48344842e-18  3.30298132e-18
1.16591440e-02  6.69876835e-17  1.93501579e-18  3.74031912e-18  6.38818210e-17  1.20837038e-18  2.71829825e-18
1.35935639e-02  6.06069135e-17  1.52652177e-18  3.03020740e-18  5.79207900e-17  9.80310868e-19  2.22759171e-18
1.58489319e-02  5.47475443e-17  1.20186719e-18  2.44498621e-18  5.24314994e-17  7.92172589e-19  1.81786001e-18
1.84784980e-02  4.93817651e-17  9.44491636e-19  1.96538156e-18  4.73905242e-17  6.37700924e-19  1.47749295e-18
2.15443469e-02  4.44821026e-17  7.40933751e-19  1.57435904e-18  4.27744618e-17  5.11442430e-19  1.19615846e-18
2.51188643e-02  4.00213411e-17  5.80300570e-19  1.25708320e-18  3.85600843e-17  4.08693658e-19  9.64735813e-19
2.92864456e-02  3.59725536e-17  4.53812261e-19  1.00079442e-18  3.47243905e-17  3.25436242e-19  7.75254168e-19
3.41454887e-02  3.23091891e-17  3.54416567e-19  7.94634792e-19  3.12446143e-17  2.58262627e-19  6.20815986e-19
3.98107171e-02  2.90051837e-17  2.76466038e-19  6.29448836e-19  2.80982443e-17  2.04299645e-19  4.95503297e-19
4.64158883e-02  2.60350683e-17  2.15450485e-19  4.97577923e-19  2.52630684e-17  1.61135890e-19  3.94273835e-19
5.41169527e-02  2.33740577e-17  1.67777052e-19  3.92660913e-19  2.27172395e-17  1.26756286e-19  3.12856223e-19
6.30957344e-02  2.09981307e-17  1.30590638e-19  3.09448612e-19  2.04393619e-17  9.94848154e-20  2.47651075e-19
7.35642254e-02  1.88841007e-17  1.01627969e-19  2.43635708e-19  1.84085845e-17  7.79348365e-20  1.95641359e-19
8.57695899e-02  1.70096872e-17  7.90994516e-20  1.91711558e-19  1.66046983e-17  6.09659354e-20  1.54312713e-19
1.00000000e-01  1.53535890e-17  6.15937438e-20  1.50829552e-19  1.50082342e-17  4.76461984e-20  1.21582878e-19
1.16591440e-01  1.38955582e-17  4.80008248e-20  1.18694034e-19  1.36005581e-17  3.72191206e-20  9.57390342e-20
1.35935639e-01  1.26164696e-17  3.74500780e-20  9.34633428e-20  1.23639580e-17  2.90746242e-20  7.53820658e-20
1.58489319e-01  1.14983800e-17  2.92605493e-20  7.36674007e-20  1.12817191e-17  2.27238404e-20  5.93770500e-20
1.84784980e-01  1.05245700e-17  2.29010756e-20  5.81382632e-20  1.03381812e-17  1.77773837e-20  4.68095873e-20
2.15443469e-01  9.67956454e-18  1.79584143e-20  4.59520828e-20  9.51877563e-18  1.39268502e-20  3.69476718e-20
2.51188643e-01  8.94913053e-18  1.41118481e-20  3.63810164e-20  8.81003791e-18  1.09292449e-20  2.92088022e-20
2.92864456e-01  8.32025106e-18  1.11130241e-20  2.88537053e-20  8.19959865e-18  8.59402400e-21  2.31319823e-20
3.41454887e-01  7.78105770e-18  8.77000161e-21  2.29230390e-20  7.67613131e-18  6.77241910e-21  1.83541655e-20
3.98107171e-01  7.32083694e-18  6.93470093e-21  1.82401179e-20  7.22937308e-18  5.34874558e-21  1.45907339e-20
4.64158883e-01  6.92987444e-18  5.49302155e-21  1.45332442e-20  6.84998294e-18  4.23334511e-21  1.16193704e-20
5.41169527e-01  6.59942735e-18  4.35713309e-21  1.15912054e-20  6.52952587e-18  3.35694296e-21  9.26699506e-21
6.30957344e-01  6.32163890e-18  3.45945345e-21  9.24996699e-21  6.26039812e-18  2.66613999e-21  7.39919188e-21
7.35642254e-01  6.08946738e-18  2.74796673e-21  7.38215633e-21  6.03576539e-18  2.11984177e-21  5.91174181e-21
8.57695899e-01  5.89662152e-18  2.18259280e-21  5.88878891e-21  5.84950613e-18  1.68644539e-21  4.72388669e-21
1.00000000e+00  5.73749862e-18  1.73238048e-21  4.69278865e-21  5.69615653e-18  1.34163522e-21  3.77300431e-21
1.16591440e+00  5.62551925e-18  1.37448796e-21  3.73802512e-21  5.59057648e-18  1.07047738e-21  3.02137518e-21
1.35935639e+00  5.51277159e-18  1.08741640e-21  2.96714897e-21  5.48186928e-18  8.49216073e-22  2.40446743e-21
1.58489319e+00  5.42191049e-18  8.58451950e-22  2.34965410e-21  5.39464404e-18  6.72678070e-22  1.91001126e-21
1.84784980e+00  5.34946368e-18  6.75970540e-22  1.85555503e-21  5.32545953e-18  5.31768362e-22  1.51373618e-21
2.15443469e+00  5.29094945e-18  5.30743827e-22  1.46087603e-21  5.26986786e-18  4.19343635e-22  1.19642036e-21
2.51188643e+00  5.24617403e-18  4.15440563e-22  1.14645460e-21  5.22769443e-18  3.29789665e-22  9.42846099e-22
2.92864456e+00  5.21000540e-18  3.24121972e-22  8.96646932e-22  5.19384396e-18  2.58578311e-22  7.40631736e-22
3.41454887e+00  5.18159945e-18  2.52039886e-22  6.98883273e-22  5.16749315e-18  2.02115389e-22  5.79890636e-22
3.98107171e+00  5.15985199e-18  1.95335276e-22  5.42881989e-22  5.14756243e-18  1.57481199e-22  4.52535273e-22
4.64158883e+00  5.14003793e-18  1.50884340e-22  4.20275866e-22  5.12935488e-18  1.22311642e-22  3.51979647e-22
5.41169527e+00  5.12702348e-18  1.16182443e-22  3.24329982e-22  5.11774695e-18  9.47123542e-23  2.72924176e-22
6.30957344e+00  5.12016804e-18  8.91901151e-23  2.49529728e-22  5.11211969e-18  7.31305263e-23  2.11001869e-22
7.35642254e+00  5.11194596e-18  6.82596199e-23  1.91399140e-22  5.10497688e-18  5.63036556e-23  1.62647154e-22
8.57695899e+00  5.10638851e-18  5.20909153e-23  1.46398752e-22  5.10036011e-18  4.32344542e-23  1.25037304e-22
1.00000000e+01  5.10226100e-18  3.96414373e-23  1.11678385e-22  5.09705158e-18  3.31166458e-23  9.58823447e-23
1.16591440e+01  5.09915412e-18  3.00854837e-23  8.49737097e-23  5.09465650e-18  2.53077441e-23  7.33528668e-23
1.35935639e+01  5.09581526e-18  2.27710671e-23  6.44913051e-23  5.09193647e-18  1.92969608e-23  5.59909753e-23
1.58489319e+01  5.09350493e-18  1.71891469e-23  4.88277653e-23  5.09016225e-18  1.46834783e-23  4.26506511e-23
1.84784980e+01  5.09123339e-18  1.29407883e-23  3.68801326e-23  5.08835495e-18  1.11509083e-23  3.24253881e-23
2.15443469e+01  5.09071934e-18  9.71708290e-24  2.77926675e-23  5.08824134e-18  8.45304281e-24  2.46087208e-23
2.51188643e+01  5.08949636e-18  7.27664534e-24  2.08948019e-23  5.08736447e-18  6.39597644e-24  1.86431087e-23
2.92864456e+01  5.08947519e-18  5.43497163e-24  1.56734574e-23  5.08764143e-18  4.83108359e-24  1.41007948e-23
3.41454887e+01  5.08892494e-18  4.04877285e-24  1.17293259e-23  5.08734844e-18  3.64218944e-24  1.06467913e-23
3.98107171e+01  5.08757518e-18  3.00867760e-24  8.75749295e-24  5.08622047e-18  2.74045271e-24  8.02464837e-24
4.64158883e+01  5.08791594e-18  2.23081113e-24  6.52407418e-24  5.08675185e-18  2.05761439e-24  6.03705364e-24
5.41169527e+01  5.09442554e-18  1.65111716e-24  4.85056417e-24  5.09342450e-18  1.54156326e-24  4.53318090e-24
6.30957344e+01  5.08679573e-18  1.21991298e-24  3.59844719e-24  5.08593722e-18  1.15178371e-24  3.39554116e-24
7.35642254e+01  5.08692200e-18  9.00422438e-25  2.66538855e-24  5.08618487e-18  8.58491975e-25  2.53780038e-24
8.57695899e+01  5.08795083e-18  6.64059914e-25  1.97145756e-24  5.08731785e-18  6.38312953e-25  1.89214933e-24
1.00000000e+02  5.08832560e-18  4.89418176e-25  1.45641397e-24  5.08778218e-18  4.73545564e-25  1.40736775e-24
1.16591440e+02  5.09257026e-18  3.62558547e-25  1.07975959e-24  5.09210423e-18  3.41373716e-25  1.01888923e-24
1.35935639e+02  5.09251287e-18  2.65957861e-25  7.93623541e-25  5.09211292e-18  2.52500173e-25  7.54547655e-25
1.58489319e+02  5.09246386e-18  1.95125590e-25  5.83104987e-25  5.09212066e-18  1.86610458e-25  5.58178132e-25
1.84784980e+02  5.09242414e-18  1.43192265e-25  4.28364729e-25  5.09212964e-18  1.37819752e-25  4.12539328e-25
2.15443469e+02  5.09239251e-18  1.05109722e-25  3.14682799e-25  5.09213983e-18  1.01726759e-25  3.04670881e-25
2.51188643e+02  5.09236554e-18  7.71767359e-26  2.31185358e-25  5.09214874e-18  7.50494076e-26  2.24867244e-25
2.92864456e+02  5.09234552e-18  5.66816917e-26  1.69860904e-25  5.09215952e-18  5.53450752e-26  1.65880723e-25
3.41454887e+02  5.09232825e-18  4.16391377e-26  1.24818928e-25  5.09216869e-18  4.07997183e-26  1.22314414e-25
3.98107171e+02  5.09231610e-18  3.05951026e-26  9.17325709e-26  5.09217922e-18  3.00680253e-26  9.01576939e-26
4.64158883e+02  5.09230217e-18  2.24844049e-26  6.74249371e-26  5.09218475e-18  2.21534387e-26  6.64349733e-26
5.41169527e+02  5.09228915e-18  1.65264432e-26  4.95641480e-26  5.09218842e-18  1.63185827e-26  4.89419210e-26
6.30957344e+02  5.09228724e-18  1.21488538e-26  3.64384015e-26  5.09220083e-18  1.20182717e-26  3.60472801e-26
7.35642254e+02  5.09228009e-18  8.93182377e-27  2.67910811e-26  5.09220597e-18  8.84976084e-27  2.65451805e-26
8.57695899e+02  5.09227407e-18  6.56729431e-27  1.96995188e-26  5.09221050e-18  6.51570281e-27  1.95448773e-26
1.00000000e+03  5.09226831e-18  4.82911011e-27  1.44860563e-26  5.09221378e-18  4.79666246e-27  1.43887747e-26
