1.00000000e-04  1.02562047e-15  1.80930147e-16  3.49081065e-16  5.74855248e-16  1.34535345e-16  2.24032553e-16
1.16591440e-04  9.70967253e-16  1.45055291e-16  2.89358661e-16  5.48117997e-16  1.21811224e-16  2.04127027e-16
1.35935639e-04  9.08387697e-16  1.20580229e-16  2.40524096e-16  5.22029019e-16  1.10080831e-16  1.85658873e-16
1.58489319e-04  8.39605515e-16  1.05904497e-16  2.04500179e-16  4.96625289e-16  9.92816475e-17  1.68557637e-16
1.84784980e-04  7.67080604e-16  9.90125016e-17  1.81239336e-16  4.71937711e-16  8.93525535e-17  1.52748817e-16
2.15443469e-04  6.94014617e-16  9.75795136e-17  1.68356398e-16  4.47990866e-16  8.02350874e-17  1.38155694e-16
2.51188643e-04  6.23778444e-16  9.92234798e-17  1.61794397e-16  4.24802873e-16  7.18744728e-17  1.24701335e-16
2.92864456e-04  5.59159847e-16  1.01824447e-16  1.57204372e-16  4.02385390e-16  6.42203379e-17  1.12310628e-16
3.41454887e-04  5.01876364e-16  1.03774127e-16  1.51249874e-16  3.80743774e-16  5.72270385e-17  1.00912200e-16
3.98107171e-04  4.52492184e-16  1.04062027e-16  1.42236924e-16  3.59877396e-16  5.08535353e-17  9.04400500e-17
4.64158883e-04  4.10648357e-16  1.02238319e-16  1.30060076e-16  3.39780155e-16  4.50628051e-17  8.08346764e-17
5.41169527e-04  3.75393929e-16  9.82964837e-17  1.15694041e-16  3.20441205e-16  3.98208299e-17  7.20435230e-17
6.30957344e-04  3.45502818e-16  9.25298155e-17  1.00564534e-16  3.01845952e-16  3.50952989e-17  6.40205644e-17
7.35642254e-04  3.19726006e-16  8.53943111e-17  8.60216259e-17  2.83977339e-16  3.08542436e-17  5.67249914e-17
8.57695899e-04  2.96964236e-16  7.74060047e-17  7.30162389e-17  2.66817387e-16  2.70648961e-17  5.01191549e-17
1.00000000e-03  2.76355657e-16  6.90512780e-17  6.20002327e-17  2.50348869e-16  2.36930387e-17  4.41661609e-17
1.16591440e-03  2.57298097e-16  6.07343347e-17  5.29942306e-17  2.34556868e-16  2.07030026e-17  3.88276689e-17
1.35935639e-03  2.39426536e-16  5.27614081e-17  4.57461092e-17  2.19429925e-16  1.80582976e-17  3.40624350e-17
1.58489319e-03  2.22554964e-16  4.53406010e-17  3.98866862e-17  2.04960496e-16  1.57226833e-17  2.98259257e-17
1.84784980e-03  2.06609370e-16  3.85939443e-17  3.50468112e-17  1.91144624e-16  1.36613988e-17  2.60710082e-17
2.15443469e-03  1.91569143e-16  3.25751737e-17  3.09227393e-17  1.77980888e-16  1.18422791e-17  2.27494434e-17
2.51188643e-03  1.77427323e-16  2.72900195e-17  2.72986025e-17  1.65468893e-16  1.02365632e-17  1.98137606e-17
2.92864456e-03  1.64167998e-16  2.27105731e-17  2.40391965e-17  1.53607613e-16  8.81930768e-18  1.72191058e-17
3.41454887e-03  1.51759824e-16  1.87875081e-17  2.10702540e-17  1.42393854e-16  7.56939790e-18  1.49247591e-17
3.98107171e-03  1.40159252e-16  1.54595352e-17  1.83567902e-17  1.31821045e-16  6.46920472e-18  1.28951360e-17
4.64158883e-03  1.29317487e-16  1.26603251e-17  1.58851063e-17  1.21878414e-16  5.50396700e-18  1.11001759e-17
5.41169527e-03  1.19186970e-16  1.03233359e-17  1.36502387e-17  1.12550602e-16  4.66101495e-18  9.51508924e-18
6.30957344e-03  1.09725283e-16  8.38498835e-18  1.16484686e-17  1.03817727e-16  3.92898502e-18  8.11952117e-18
7.35642254e-03  1.00896130e-16  6.78658233e-18  9.87364094e-18  9.56559466e-17  3.29718794e-18  6.89632032e-18
8.57695899e-03  9.26682136e-17  5.47529146e-18  8.31595616e-18  8.80385245e-17  2.75524894e-18  5.83022697e-18
1.00000000e-02  8.50131756e-17  4.40450883e-18  6.96214978e-18  8.09372617e-17  2.29304235e-18  4.90682269e-18
1.16591440e-02  7.79036833e-17  3.53375902e-18  5.79631236e-18  7.43240155e-17  1.90083954e-18  4.11196104e-18
1.35935639e-02  7.13122678e-17  2.82833997e-18  4.80089740e-18  6.81719486e-17  1.56953644e-18  3.43168854e-18
1.58489319e-02  6.52110481e-17  2.25881421e-18  3.95767679e-18  6.24562492e-17  1.29084247e-18  2.85249100e-18
1.84784980e-02  5.95721250e-17  1.80043298e-18  3.24853763e-18  5.71542760e-17  1.05737055e-18  2.36164253e-18
2.15443469e-02  5.43682761e-17  1.43254916e-18  2.65609022e-18  5.22452691e-17  8.62627357e-19  1.94748472e-18
2.51188643e-02  4.95736110e-17  1.13805318e-18  2.16409359e-18  4.77098547e-17  7.00937542e-19  1.59955907e-18
2.92864456e-02  4.51639670e-17  9.02851751e-19  1.75772187e-18  4.35295611e-17  5.67343637e-19  1.30859999e-18
3.41454887e-02  4.11169932e-17  7.15398702e-19  1.42369955e-18  3.96864690e-17  4.57512206e-19  1.06644085e-18
3.98107171e-02  3.74119656e-17  5.66280818e-19  1.15033415e-18  3.61630298e-17  3.67659948e-19  8.65891360e-19
4.64158883e-02  3.40294489e-17  4.47857745e-19  9.27473238e-19  3.29420093e-17  2.94499001e-19  7.00625803e-19
5.41169527e-02  3.09509261e-17  3.53952696e-19  7.46409039e-19  3.00064912e-17  2.35193664e-19  5.65096156e-19
6.30957344e-02  2.81584755e-17  2.79589709e-19  5.99751225e-19  2.73398890e-17  1.87320575e-19  4.54465832e-19
7.35642254e-02  2.56345440e-17  2.20772560e-19  4.81283633e-19  2.49259401e-17  1.48827860e-19  3.64552996e-19
8.57695899e-02  2.33618285e-17  1.74300463e-19  3.85817445e-19  2.27486922e-17  1.17992661e-19  2.91774651e-19
1.00000000e-01  2.13232478e-17  1.37615694e-19  3.09049306e-19  2.07924908e-17  9.33786282e-20  2.33087866e-19
1.16591440e-01  1.95019799e-17  1.08678558e-19  2.47429884e-19  1.90419813e-17  7.37954824e-20  1.85928928e-19
1.35935639e-01  1.78815384e-17  8.58654756e-20  1.98045787e-19  1.74821314e-17  5.82621630e-20  1.48153116e-19
1.58489319e-01  1.64458663e-17  6.78863499e-20  1.58515870e-19  1.60982719e-17  4.59742409e-20  1.17977714e-19
1.84784980e-01  1.51794298e-17  5.37178496e-20  1.26901691e-19  1.48761499e-17  3.62755960e-20  9.39299228e-20
2.15443469e-01  1.40673049e-17  4.25497034e-20  1.01631153e-19  1.38019890e-17  2.86340158e-20  7.48003334e-20
2.51188643e-01  1.30952487e-17  3.37415463e-20  8.14339342e-20  1.28625497e-17  2.26202478e-20  5.96018907e-20
2.92864456e-01  1.22497535e-17  2.67882928e-20  6.52872502e-20  1.20451839e-17  1.78900779e-20  4.75339994e-20
3.41454887e-01  1.15180851e-17  2.12923694e-20  5.23705088e-20  1.13378812e-17  1.41690572e-20  3.79513009e-20
3.98107171e-01  1.08882794e-17  1.69414589e-20  4.20275392e-20  1.07292800e-17  1.12395635e-20  3.03366745e-20
4.64158883e-01  1.03492208e-17  1.34906997e-20  3.37353154e-20  1.02087610e-17  8.92994370e-21  2.42781373e-20
5.41169527e-01  9.89055058e-18  1.07484212e-20  2.70780286e-20  9.76637220e-18  7.10543551e-21  1.94491194e-20
6.30957344e-01  9.50270514e-18  8.56478027e-21  2.17258340e-20  9.39288217e-18  5.66068970e-21  1.55919356e-20
7.35642254e-01  9.17688818e-18  6.82269905e-21  1.74174214e-20  9.07976584e-18  4.51363229e-21  1.25039764e-20
8.57695899e-01  8.90504963e-18  5.43067255e-21  1.39458383e-20  8.81919505e-18  3.60047897e-21  1.00263234e-20
1.00000000e+00  8.67986196e-18  4.31708138e-21  1.11470287e-20  8.60402476e-18  2.87171747e-21  8.03445101e-21
1.16591440e+00  8.49469228e-18  3.42572007e-21  8.89064310e-21  8.42777313e-18  2.28889892e-21  6.43071674e-21
1.35935639e+00  8.34357405e-18  2.71230530e-21  7.07273876e-21  8.28459982e-18  1.82210082e-21  5.13836421e-21
1.58489319e+00  8.25734751e-18  2.14368318e-21  5.61751883e-21  8.20330083e-18  1.45266972e-21  4.11033738e-21
1.84784980e+00  8.14613283e-18  1.68716374e-21  4.43939391e-21  8.09843556e-18  1.15056959e-21  3.26509515e-21
2.15443469e+00  8.05637814e-18  1.32362046e-21  3.49658174e-21  8.01440024e-18  9.09145823e-22  2.58673848e-21
2.51188643e+00  7.98737103e-18  1.03490936e-21  2.74438323e-21  7.95051254e-18  7.16461868e-22  2.04329720e-21
2.92864456e+00  7.93210608e-18  8.06313851e-22  2.14620537e-21  7.89982352e-18  5.62941686e-22  1.60887034e-21
3.41454887e+00  7.88886978e-18  6.25967339e-22  1.67233606e-21  7.86065691e-18  4.40952828e-22  1.26265501e-21
3.98107171e+00  7.85612746e-18  4.84213895e-22  1.29840486e-21  7.83152100e-18  3.44305274e-22  9.87642829e-22
4.64158883e+00  7.82644902e-18  3.73220715e-22  1.00450582e-21  7.80503691e-18  2.67982399e-22  7.69955457e-22
5.41169527e+00  7.80664760e-18  2.86673517e-22  7.74501678e-22  7.78804001e-18  2.07940754e-22  5.98346123e-22
6.30957344e+00  7.79531879e-18  2.19449585e-22  5.95213318e-22  7.77916708e-18  1.60874720e-22  4.63567359e-22
7.35642254e+00  7.78229397e-18  1.67423201e-22  4.55964245e-22  7.76830073e-18  1.24100382e-22  3.58075588e-22
8.57695899e+00  7.77257094e-18  1.27313896e-22  3.48230269e-22  7.76046270e-18  9.54726227e-23  2.75821782e-22
1.00000000e+01  7.76469934e-18  9.65034628e-23  2.65173617e-22  7.75423458e-18  7.32608927e-23  2.11908103e-22
1.16591440e+01  7.75998953e-18  7.29232390e-23  2.01370271e-22  7.75095144e-18  5.60859389e-23  1.62420094e-22
1.35935639e+01  7.75473836e-18  5.49327582e-23  1.52497838e-22  7.74694146e-18  4.28394643e-23  1.24202331e-22
1.58489319e+01  7.75174624e-18  4.12562313e-23  1.15186147e-22  7.74502400e-18  3.26542022e-23  9.47813633e-23
1.84784980e+01  7.74867871e-18  3.08924234e-23  8.67793720e-23  7.74288743e-18  2.48410386e-23  7.21868371e-23
2.15443469e+01  7.74795287e-18  2.30665074e-23  6.52171156e-23  7.74296555e-18  1.88626491e-23  5.48798811e-23
2.51188643e+01  7.74564496e-18  1.71746029e-23  4.88879355e-23  7.74135354e-18  1.42953218e-23  4.16443109e-23
2.92864456e+01  7.74520857e-18  1.27559352e-23  3.65612465e-23  7.74151706e-18  1.08146317e-23  3.15480390e-23
3.41454887e+01  7.74442638e-18  9.45272419e-24  2.72787923e-23  7.74125253e-18  8.16586625e-24  2.38576974e-23
3.98107171e+01  7.74299145e-18  6.99197871e-24  2.03088867e-23  7.74026364e-18  6.15384574e-24  1.80106398e-23
4.64158883e+01  7.74395201e-18  5.16421601e-24  1.50890139e-23  7.74160779e-18  4.62770074e-24  1.35711978e-23
5.41169527e+01  7.75479520e-18  3.81045425e-24  1.11913194e-23  7.75277911e-18  3.47233341e-24  1.02065275e-23
6.30957344e+01  7.74318822e-18  2.80857910e-24  8.28489137e-24  7.74145870e-18  2.59808034e-24  7.65673317e-24
7.35642254e+01  7.74301120e-18  2.06899803e-24  6.12528144e-24  7.74152610e-18  1.93887534e-24  5.73028615e-24
8.57695899e+01  7.74362969e-18  1.52339249e-24  4.52328733e-24  7.74235450e-18  1.44303254e-24  4.27720106e-24
1.00000000e+02  7.74333228e-18  1.12121439e-24  3.33701495e-24  7.74223758e-18  1.07139807e-24  3.18421004e-24
1.16591440e+02  7.74999025e-18  8.09429066e-25  2.41261831e-24  7.74905234e-18  7.58213128e-25  2.26503605e-24
1.35935639e+02  7.74988444e-18  5.92394208e-25  1.76902052e-24  7.74907950e-18  5.60843463e-25  1.67713209e-24
1.58489319e+02  7.74979813e-18  4.33981733e-25  1.29767899e-24  7.74910737e-18  4.14517977e-25  1.24053933e-24
1.84784980e+02  7.74972659e-18  3.18196033e-25  9.52348987e-25  7.74913385e-18  3.06160836e-25  9.16807967e-25
2.15443469e+02  7.74966909e-18  2.33460800e-25  6.99201970e-25  7.74916049e-18  2.25997857e-25  6.77067400e-25
2.51188643e+02  7.74962149e-18  1.71384039e-25  5.13527067e-25  7.74918512e-18  1.66742277e-25  4.99716366e-25
2.92864456e+02  7.74957791e-18  1.25867077e-25  3.77268937e-25  7.74920353e-18  1.22971387e-25  3.68633620e-25
3.41454887e+02  7.74954900e-18  9.24693881e-26  2.77230898e-25  7.74922782e-18  9.06579332e-26  2.71819986e-25
3.98107171e+02  7.74952146e-18  6.79509723e-26  2.03758085e-25  7.74924592e-18  6.68149829e-26  2.00360783e-25
4.64158883e+02  7.74949613e-18  4.99436274e-26  1.49780034e-25  7.74925976e-18  4.92297302e-26  1.47643212e-25
5.41169527e+02  7.74947364e-18  3.67140596e-26  1.10114865e-25  7.74927087e-18  3.62646431e-26  1.08768847e-25
6.30957344e+02  7.74946499e-18  2.69921539e-26  8.09617691e-26  7.74929105e-18  2.67088470e-26  8.01128744e-26
7.35642254e+02  7.74945112e-18  1.98465330e-26  5.95316866e-26  7.74930192e-18  1.96677542e-26  5.89958235e-26
8.57695899e+02  7.74943859e-18  1.45937113e-26  4.37768692e-26  7.74931060e-18  1.44808101e-26  4.34383844e-26
1.00000000e+03  7.74942834e-18  1.07318334e-26  3.21932001e-26  7.74931856e-18  1.06604993e-26  3.19792991e-26
