1.00000000e-04  9.58983312e-16  4.10424433e-16  3.52590319e-16  8.96660209e-16  1.62734063e-16  2.73995579e-16
1.16591440e-04  8.41174729e-16  3.92733410e-16  3.76627444e-16  8.46477841e-16  1.47179987e-16  2.48525148e-16
1.35935639e-04  7.27564696e-16  3.48715823e-16  3.67428417e-16  7.98576998e-16  1.32949138e-16  2.25307428e-16
1.58489319e-04  6.36751033e-16  2.90502257e-16  3.30833398e-16  7.52927547e-16  1.19916594e-16  2.04107551e-16
1.84784980e-04  5.78699418e-16  2.34589727e-16  2.86401847e-16  7.09479080e-16  1.07976673e-16  1.84717813e-16
2.15443469e-04  5.50004247e-16  1.91002548e-16  2.49445307e-16  6.68165502e-16  9.70402112e-17  1.66958404e-16
2.51188643e-04  5.39879474e-16  1.61475097e-16  2.24157222e-16  6.28909335e-16  8.70314774e-17  1.50676385e-16
2.92864456e-04  5.37209481e-16  1.43073217e-16  2.07337494e-16  5.91625664e-16  7.78850050e-17  1.35743291e-16
3.41454887e-04  5.34004885e-16  1.31711212e-16  1.93970664e-16  5.56225656e-16  6.95425613e-17  1.22051698e-16
3.98107171e-04  5.25945403e-16  1.23927055e-16  1.80409365e-16  5.22619656e-16  6.19505017e-17  1.09511081e-16
4.64158883e-04  5.11630719e-16  1.17373026e-16  1.65127877e-16  4.90719847e-16  5.50577250e-17  9.80433588e-17
5.41169527e-04  4.91556394e-16  1.10740596e-16  1.48241554e-16  4.60442406e-16  4.88143937e-17  8.75785624e-17
6.30957344e-04  4.67176915e-16  1.03468386e-16  1.30668241e-16  4.31709107e-16  4.31714811e-17  7.80511366e-17
7.35642254e-04  4.40228498e-16  9.54738237e-17  1.13467545e-16  4.04448257e-16  3.80810556e-17  6.93972901e-17
8.57695899e-04  4.12302614e-16  8.69346839e-17  9.74784758e-17  3.78594941e-16  3.34970901e-17  6.15536720e-17
1.00000000e-03  3.84628267e-16  7.81285179e-17  8.32078463e-17  3.54090562e-16  2.93764822e-17  5.44573861e-17
1.16591440e-03  3.58014913e-16  6.93504196e-17  7.08568943e-17  3.30881790e-16  2.56799483e-17  4.80471059e-17
1.35935639e-03  3.32885987e-16  6.08588521e-17  6.03980241e-17  3.08919062e-16  2.23724950e-17  4.22648360e-17
1.58489319e-03  3.09368323e-16  5.28520810e-17  5.16571264e-17  2.88154848e-16  1.94232756e-17  3.70577249e-17
1.84784980e-03  2.87403949e-16  4.54659192e-17  4.43872547e-17  2.68541897e-16  1.68048030e-17  3.23792931e-17
2.15443469e-03  2.66851349e-16  3.87788541e-17  3.83224877e-17  2.50031756e-16  1.44917016e-17  2.81895563e-17
2.51188643e-03  2.47559227e-16  3.28210726e-17  3.32140076e-17  2.32573897e-16  1.24593717e-17  2.44538470e-17
2.92864456e-03  2.29407081e-16  2.75854478e-17  2.88510286e-17  2.16115821e-16  1.06830121e-17  2.11406423e-17
3.41454887e-03  2.12316655e-16  2.30391656e-17  2.50692910e-17  2.00604303e-16  9.13731550e-18  1.82191549e-17
3.98107171e-03  1.96243142e-16  1.91326668e-17  2.17495729e-17  1.85987576e-16  7.79686833e-18  1.56575634e-17
4.64158883e-03  1.81158530e-16  1.58067946e-17  1.88103121e-17  1.72217785e-16  6.63700636e-18  1.34224324e-17
5.41169527e-03  1.67036530e-16  1.29983129e-17  1.61978652e-17  1.59252901e-16  5.63475566e-18  1.14793219e-17
6.30957344e-03  1.53843919e-16  1.06439034e-17  1.38769610e-17  1.47057489e-16  4.76954610e-18  9.79415269e-18
7.35642254e-03  1.41538932e-16  8.68288819e-18  1.18228653e-17  1.35602196e-16  4.02353854e-18  8.33474083e-18
8.57695899e-03  1.30074454e-16  7.05894608e-18  1.00158265e-17  1.24862254e-16  3.38156124e-18  7.07202325e-18
1.00000000e-02  1.19402879e-16  5.72106479e-18  8.43769191e-18  1.14815459e-16  2.83075231e-18  5.98070709e-18
1.16591440e-02  1.09480013e-16  4.62393341e-18  7.07023852e-18  1.05440182e-16  2.36005641e-18  5.03928849e-18
1.35935639e-02  1.00266791e-16  3.72794271e-18  5.89466247e-18  9.67137544e-17  1.95972998e-18  4.22956405e-18
1.58489319e-02  9.17288504e-17  2.99892486e-18  4.89173210e-18  8.86115504e-17  1.62097284e-18  3.53587888e-18
1.84784980e-02  8.38348218e-17  2.40773382e-18  4.04223684e-18  8.11068353e-17  1.33573399e-18  2.94438759e-18
2.15443469e-02  7.65543755e-17  1.92974245e-18  3.32749728e-18  7.41712628e-17  1.09666318e-18  2.44252952e-18
2.51188643e-02  6.98568115e-17  1.54431012e-18  2.72980980e-18  6.77757225e-17  8.97135555e-19  2.01877726e-18
2.92864456e-02  6.37105105e-17  1.23425819e-18  2.23277441e-18  6.18911852e-17  7.31278468e-19  1.66259173e-18
3.41454887e-02  5.80831475e-17  9.85376342e-19  1.82149825e-18  5.64892897e-17  5.93961117e-19  1.36446457e-18
3.98107171e-02  5.29423580e-17  7.85972800e-19  1.48268902e-18  5.15426095e-17  4.80743081e-19  1.11594966e-18
4.64158883e-02  4.82565002e-17  6.26474137e-19  1.20466100e-18  4.70246735e-17  3.87798379e-19  9.09639112e-19
5.41169527e-02  4.39952524e-17  4.99075384e-19  9.77276364e-19  4.29098702e-17  3.11835300e-19  7.39086420e-19
6.30957344e-02  4.01299321e-17  3.97438350e-19  7.91842669e-19  3.91733473e-17  2.50025447e-19  5.98702841e-19
7.35642254e-02  3.66335428e-17  3.16434217e-19  6.40983323e-19  3.57909573e-17  1.99946018e-19  4.83652834e-19
8.57695899e-02  3.34806332e-17  2.51925989e-19  5.18494736e-19  3.27392514e-17  1.59533034e-19  3.89763252e-19
1.00000000e-01  3.06470705e-17  2.00586058e-19  4.19200438e-19  2.99954981e-17  1.27040970e-19  3.13448523e-19
1.16591440e-01  2.81098126e-17  1.59744371e-19  3.38809736e-19  2.75377056e-17  1.01005370e-19  2.51647368e-19
1.35935639e-01  2.58467354e-17  1.27262939e-19  2.73785995e-19  2.53446392e-17  8.02070171e-20  2.01765672e-19
1.58489319e-01  2.38365308e-17  1.01432829e-19  2.21227607e-19  2.33958347e-17  6.36378509e-20  1.61622221e-19
1.84784980e-01  2.20586738e-17  8.08901113e-20  1.78763027e-19  2.16716134e-17  5.04694164e-20  1.29396579e-19
2.15443469e-01  2.04934059e-17  6.45476457e-20  1.44460061e-19  2.01530698e-17  4.00245358e-20  1.03579791e-19
2.51188643e-01  1.91218744e-17  5.15400023e-20  1.16748733e-19  1.88221908e-17  3.17525197e-20  8.29290511e-20
2.92864456e-01  1.79260676e-17  4.11790763e-20  9.43563585e-20  1.76617648e-17  2.52077895e-20  6.64268429e-20
3.41454887e-01  1.68889279e-17  3.29184580e-20  7.62535216e-20  1.66554712e-17  2.00316806e-20  5.32449826e-20
3.98107171e-01  1.59943707e-17  2.63248264e-20  6.16092808e-20  1.57878834e-17  1.59370058e-20  4.27132621e-20
4.64158883e-01  1.52273003e-17  2.10549978e-20  4.97541904e-20  1.50444783e-17  1.26950235e-20  3.42923742e-20
5.41169527e-01  1.45736088e-17  1.68375045e-20  4.01498309e-20  1.44116351e-17  1.01244776e-20  2.75506899e-20
6.30957344e-01  1.40201633e-17  1.34578082e-20  3.23637400e-20  1.38766285e-17  8.08242802e-21  2.21444713e-20
7.35642254e-01  1.35547834e-17  1.07464318e-20  2.60488164e-20  1.34276150e-17  6.45662331e-21  1.78011336e-20
8.57695899e-01  1.31662182e-17  8.56945100e-21  2.09264487e-20  1.30536198e-17  5.15920399e-21  1.43052112e-20
1.00000000e+00  1.28441259e-17  6.82089764e-21  1.67727565e-20  1.27445269e-17  4.12154728e-21  1.14867053e-20
1.16591440e+00  1.25790575e-17  5.41672090e-21  1.34074402e-20  1.24910724e-17  3.29008619e-21  9.21151771e-21
1.35935639e+00  1.23624490e-17  4.29001771e-21  1.06848192e-20  1.22848449e-17  2.62295469e-21  7.37369300e-21
1.58489319e+00  1.21866221e-17  3.38729509e-21  8.48669599e-21  1.21182943e-17  2.08732706e-21  5.88921036e-21
1.84784980e+00  1.20448006e-17  2.66556594e-21  6.71673073e-21  1.19847537e-17  1.65733519e-21  4.69108616e-21
2.15443469e+00  1.19615469e-17  2.09058619e-21  5.29975454e-21  1.19031295e-17  1.31437280e-21  3.73096075e-21
2.51188643e+00  1.18581326e-17  1.63283617e-21  4.16140190e-21  1.18068224e-17  1.03706195e-21  2.95129070e-21
2.92864456e+00  1.17754619e-17  1.27047478e-21  3.25513782e-21  1.17305112e-17  8.15854980e-22  2.32709775e-21
3.41454887e+00  1.17109754e-17  9.84749848e-22  2.53661321e-21  1.16716859e-17  6.39856739e-22  1.82888202e-21
3.98107171e+00  1.16628617e-17  7.60362827e-22  1.96930638e-21  1.16285911e-17  5.00235321e-22  1.43251771e-21
4.64158883e+00  1.16201139e-17  5.84872003e-22  1.52326876e-21  1.15902907e-17  3.89827122e-22  1.11828821e-21
5.41169527e+00  1.15915882e-17  4.48228583e-22  1.17414513e-21  1.15656711e-17  3.02853461e-22  8.70192748e-22
6.30957344e+00  1.15744327e-17  3.42271374e-22  9.02000257e-22  1.15519378e-17  2.34582584e-22  6.75046884e-22
7.35642254e+00  1.15555852e-17  2.60426833e-22  6.90660499e-22  1.15360981e-17  1.81168849e-22  5.22080534e-22
8.57695899e+00  1.15416847e-17  1.97466918e-22  5.27191355e-22  1.15248242e-17  1.39533626e-22  4.02639989e-22
1.00000000e+01  1.15310421e-17  1.49222550e-22  4.01212259e-22  1.15164710e-17  1.07189671e-22  3.09705996e-22
1.16591440e+01  1.15242305e-17  1.12397202e-22  3.04471352e-22  1.15116476e-17  8.21473515e-23  2.37645880e-22
1.35935639e+01  1.15173019e-17  8.43862180e-23  2.30409773e-22  1.15064480e-17  6.28108080e-23  1.81927228e-22
1.58489319e+01  1.15127124e-17  6.31602374e-23  1.73896868e-22  1.15033564e-17  4.79246523e-23  1.38977164e-22
1.84784980e+01  1.15079305e-17  4.71323821e-23  1.30899327e-22  1.14998720e-17  3.64926206e-23  1.05952980e-22
2.15443469e+01  1.15058703e-17  3.50757251e-23  9.82869721e-23  1.14989319e-17  2.77363736e-23  8.06297871e-23
2.51188643e+01  1.15015444e-17  2.60355584e-23  7.36113747e-23  1.14955750e-17  2.10406376e-23  6.12445733e-23
2.92864456e+01  1.14998949e-17  1.92841075e-23  5.50023428e-23  1.14947602e-17  1.59336223e-23  4.64440527e-23
3.41454887e+01  1.14980214e-17  1.42570323e-23  4.10020199e-23  1.14936067e-17  1.20434885e-23  3.51591069e-23
3.98107171e+01  1.14956450e-17  1.05254333e-23  3.04991395e-23  1.14918508e-17  9.08547197e-24  2.65699767e-23
4.64158883e+01  1.14970946e-17  7.76208569e-24  2.26409297e-23  1.14938339e-17  6.83947765e-24  2.00419310e-23
5.41169527e+01  1.15120656e-17  5.72012952e-24  1.67788260e-23  1.15092613e-17  5.13727935e-24  1.50890458e-23
6.30957344e+01  1.14975491e-17  4.21180078e-24  1.24123943e-23  1.14951430e-17  3.84786163e-24  1.13319048e-23
7.35642254e+01  1.14979811e-17  3.09988132e-24  9.17078621e-24  1.14959148e-17  2.87426636e-24  8.48951379e-24
8.57695899e+01  1.14987807e-17  2.28062040e-24  6.76822079e-24  1.14970063e-17  2.14092639e-24  6.34256918e-24
1.00000000e+02  1.14986700e-17  1.67743380e-24  4.99061484e-24  1.14971467e-17  1.59062753e-24  4.72554604e-24
1.16591440e+02  1.15074195e-17  1.17660559e-24  3.50951575e-24  1.15061143e-17  1.11074818e-24  3.31930037e-24
1.35935639e+02  1.15072672e-17  8.61861441e-25  2.57511394e-24  1.15061471e-17  8.21539745e-25  2.45735945e-24
1.58489319e+02  1.15071468e-17  6.32071939e-25  1.89075955e-24  1.15061862e-17  6.07153300e-25  1.81741272e-24
1.84784980e+02  1.15070459e-17  4.63941062e-25  1.38895665e-24  1.15062211e-17  4.48411522e-25  1.34298957e-24
2.15443469e+02  1.15069649e-17  3.40730353e-25  1.02067411e-24  1.15062572e-17  3.30983825e-25  9.91711176e-25
2.51188643e+02  1.15068977e-17  2.50339313e-25  7.50210519e-25  1.15062905e-17  2.44189067e-25  7.31884231e-25
2.92864456e+02  1.15068384e-17  1.83975526e-25  5.51494925e-25  1.15063174e-17  1.80079782e-25  5.39864288e-25
3.41454887e+02  1.15067935e-17  1.35228056e-25  4.05452675e-25  1.15063466e-17  1.32754476e-25  3.98057928e-25
3.98107171e+02  1.15067558e-17  9.94091878e-26  2.98103145e-25  1.15063723e-17  9.78366765e-26  2.93397646e-25
4.64158883e+02  1.15067228e-17  7.30844543e-26  2.19186395e-25  1.15063939e-17  7.20844368e-26  2.16191947e-25
5.41169527e+02  1.15066962e-17  5.37346301e-26  1.61167809e-25  1.15064140e-17  5.30988711e-26  1.59263152e-25
6.30957344e+02  1.15066762e-17  3.95101590e-26  1.18511024e-25  1.15064342e-17  3.91062640e-26  1.17300566e-25
7.35642254e+02  1.15066559e-17  2.90526441e-26  8.71474390e-26  1.15064483e-17  2.87962952e-26  8.63789681e-26
8.57695899e+02  1.15066395e-17  2.13640338e-26  6.40864390e-26  1.15064614e-17  2.12015028e-26  6.35991159e-26
1.00000000e+03  1.15066271e-17  1.57108336e-26  4.71294443e-26  1.15064743e-17  1.56078944e-26  4.68207533e-26
