1.00000000e-04  3.89332049e-16  2.32285550e-16  2.07291043e-16  5.74168048e-16  1.40629106e-16  2.36535624e-16
1.16591440e-04  4.18574102e-16  2.17721239e-16  2.29469007e-16  5.51022329e-16  1.26519436e-16  2.15332729e-16
1.35935639e-04  4.45490975e-16  2.09414471e-16  2.46979775e-16  5.27930675e-16  1.13433940e-16  1.95274403e-16
1.58489319e-04  4.65634504e-16  2.03452546e-16  2.54224744e-16  5.04925701e-16  1.01376142e-16  1.76403607e-16
1.84784980e-04  4.76994286e-16  1.97366951e-16  2.49667996e-16  4.82044850e-16  9.03373362e-17  1.58761357e-16
2.15443469e-04  4.79229728e-16  1.89762791e-16  2.34757224e-16  4.59332131e-16  8.02943685e-17  1.42380514e-16
2.51188643e-04  4.73148836e-16  1.80076666e-16  2.12687800e-16  4.36839397e-16  7.12088796e-17  1.27279272e-16
2.92864456e-04  4.60237568e-16  1.68339471e-16  1.87156866e-16  4.14626721e-16  6.30283620e-17  1.13455670e-16
3.41454887e-04  4.42242824e-16  1.54937377e-16  1.61399205e-16  3.92761500e-16  5.56889503e-17  1.00884406e-16
3.98107171e-04  4.20883181e-16  1.40468597e-16  1.37660430e-16  3.71316212e-16  4.91194451e-17  8.95167196e-17
4.64158883e-04  3.97635542e-16  1.25570679e-16  1.17077526e-16  3.50365100e-16  4.32458184e-17  7.92833129e-17
5.41169527e-04  3.73654228e-16  1.10819655e-16  9.98922064e-17  3.29980299e-16  3.79954520e-17  7.00995790e-17
6.30957344e-04  3.49772661e-16  9.66761586e-17  8.57932002e-17  3.10228040e-16  3.33005634e-17  6.18720183e-17
7.35642254e-04  3.26543981e-16  8.34671537e-17  7.42291803e-17  2.91165430e-16  2.91005442e-17  5.45047208e-17
8.57695899e-04  3.04298113e-16  7.13968295e-17  6.46270386e-17  2.72838133e-16  2.53431731e-17  4.79050889e-17
1.00000000e-03  2.83194372e-16  6.05630712e-17  5.65003842e-17  2.55279005e-16  2.19847969e-17  4.19883183e-17
1.16591440e-03  2.63275315e-16  5.09865004e-17  4.94844214e-17  2.38507584e-16  1.89896187e-17  3.66804269e-17
1.35935639e-03  2.44511366e-16  4.26318242e-17  4.33257564e-17  2.22530304e-16  1.63282532e-17  3.19197325e-17
1.58489319e-03  2.26837414e-16  3.54257005e-17  3.78561732e-17  2.07341313e-16  1.39757674e-17  2.76567023e-17
1.84784980e-03  2.10179713e-16  2.92717661e-17  3.29661626e-17  1.92923981e-16  1.19095390e-17  2.38521846e-17
2.15443469e-03  1.94471855e-16  2.40621915e-17  2.85837822e-17  1.79253232e-16  1.01073821e-17  2.04743171e-17
2.51188643e-03  1.79661142e-16  1.96861359e-17  2.46597432e-17  1.66298742e-16  8.54636824e-18  1.74948300e-17
2.92864456e-03  1.65708179e-16  1.60356033e-17  2.11576229e-17  1.54028672e-16  7.20256335e-18  1.48857511e-17
3.41454887e-03  1.52582896e-16  1.30092139e-17  1.80477181e-17  1.42413208e-16  6.05156604e-18  1.26173828e-17
3.98107171e-03  1.40259749e-16  1.05143787e-17  1.53033201e-17  1.31427060e-16  5.06947976e-18  1.06578730e-17
4.64158883e-03  1.28713859e-16  8.46830781e-18  1.28985729e-17  1.21050377e-16  4.23389392e-18  8.97407965e-18
5.41169527e-03  1.17918839e-16  6.79820522e-18  1.08073886e-17  1.11268143e-16  3.52457910e-18  7.53307563e-18
6.30957344e-03  1.07846226e-16  5.44093157e-18  9.00308197e-18  1.02068534e-16  2.92379355e-18  6.30364704e-18
7.35642254e-03  9.84660006e-17  4.34234449e-18  7.45848509e-18  9.34409244e-17  2.41624751e-18  5.25737191e-18
8.57695899e-03  8.97475554e-17  3.45646782e-18  6.14635586e-18  8.53740913e-17  1.98884522e-18  4.36913980e-18
1.00000000e-02  8.16605944e-17  2.74459242e-18  5.03992482e-18  7.78549742e-17  1.63033184e-18  3.61717133e-18
1.16591440e-02  7.41756857e-17  2.17437600e-18  4.11345876e-18  7.08680916e-17  1.33094637e-18  2.98270010e-18
1.35935639e-02  6.72644232e-17  1.71898290e-18  3.34275492e-18  6.43955396e-17  1.08214135e-18  2.44950296e-18
1.58489319e-02  6.08992779e-17  1.35628770e-18  2.70551505e-18  5.84173942e-17  8.76388770e-19  2.00343276e-18
1.84784980e-02  5.50533091e-17  1.06815431e-18  2.18158049e-18  5.29122882e-17  7.07059942e-19  1.63204586e-18
2.15443469e-02  4.96998719e-17  8.39795368e-19  1.75303324e-18  4.78579673e-17  5.68351134e-19  1.32434992e-18
2.51188643e-02  4.48124156e-17  6.59211337e-19  1.40418305e-18  4.32317148e-17  4.55226376e-19  1.07064859e-18
2.92864456e-02  4.03644055e-17  5.16706331e-19  1.12146788e-18  3.90106215e-17  3.63359043e-19  8.62440886e-19
3.41454887e-02  3.63293562e-17  4.04475168e-19  8.93296000e-19  3.51717386e-17  2.89065545e-19  6.92337546e-19
3.98107171e-02  3.26809383e-17  3.16255285e-19  7.09854896e-19  3.16921710e-17  2.29232973e-19  5.53973245e-19
4.64158883e-02  2.93931222e-17  2.47036350e-19  5.62907193e-19  2.85491539e-17  1.81245912e-19  4.41909109e-19
5.41169527e-02  2.64403263e-17  1.92820228e-19  4.45588077e-19  2.57201395e-17  1.42917278e-19  3.51529515e-19
6.30957344e-02  2.37975558e-17  1.50424137e-19  3.52213801e-19  2.31828983e-17  1.12426120e-19  2.78939976e-19
7.35642254e-02  2.14405258e-17  1.17320210e-19  2.78106495e-19  2.09156309e-17  8.82632146e-20  2.20871533e-19
8.57695899e-02  1.93457721e-17  9.15053725e-20  2.19437700e-19  1.88970853e-17  6.91840703e-20  1.74594552e-19
1.00000000e-01  1.74907532e-17  7.13961687e-20  1.73090924e-19  1.71066746e-17  5.41683013e-20  1.37842409e-19
1.16591440e-01  1.58539414e-17  5.57439447e-20  1.36542421e-19  1.55245880e-17  4.23843809e-20  1.08744313e-19
1.35935639e-01  1.44149092e-17  4.35665831e-20  1.07758776e-19  1.41318962e-17  3.31589716e-20  8.57661303e-20
1.58489319e-01  1.31544015e-17  3.40936343e-20  8.51096603e-20  1.29106424e-17  2.59502742e-20  6.76581847e-20
1.84784980e-01  1.20543908e-17  2.67222887e-20  6.72940569e-20  1.18439171e-17  2.03250014e-20  5.34093057e-20
2.15443469e-01  1.10981114e-17  2.09821234e-20  5.32783559e-20  1.09159098e-17  1.59386622e-20  4.22066185e-20
2.51188643e-01  1.02700692e-17  1.65069398e-20  4.22447919e-20  1.01119370e-17  1.25188556e-20  3.34006815e-20
2.92864456e-01  9.55602694e-18  1.30123370e-20  3.35488251e-20  9.41844508e-18  9.85127302e-21  2.64756054e-20
3.41454887e-01  8.94296619e-18  1.02779077e-20  2.66841742e-20  8.82298853e-18  7.76808987e-21  2.10237401e-20
3.98107171e-01  8.41903095e-18  8.13315537e-21  2.12543371e-20  8.31418938e-18  6.13843616e-21  1.67244848e-20
4.64158883e-01  7.97345793e-18  6.44639223e-21  1.69495528e-20  7.88168135e-18  4.86064183e-21  1.33267436e-20
5.41169527e-01  7.59648418e-18  5.11601411e-21  1.35282729e-20  7.51603014e-18  3.85597404e-21  1.06345356e-20
6.30957344e-01  7.27931811e-18  4.06368125e-21  1.08023950e-20  7.20871525e-18  3.06363200e-21  8.49534782e-21
7.35642254e-01  7.01401337e-18  3.22897482e-21  8.62546496e-21  6.95201363e-18  2.43674223e-21  6.79069128e-21
8.57695899e-01  6.79344274e-18  2.56525601e-21  6.88339987e-21  6.73898159e-18  1.93920744e-21  5.42860338e-21
1.00000000e+00  6.61124373e-18  2.03644836e-21  5.48717205e-21  6.56340745e-18  1.54322182e-21  4.33767642e-21
1.16591440e+00  6.48962897e-18  1.61623825e-21  4.37306246e-21  6.44855119e-18  1.23232864e-21  3.47671307e-21
1.35935639e+00  6.35916820e-18  1.27866826e-21  3.47164463e-21  6.32281898e-18  9.77803056e-22  2.76755162e-21
1.58489319e+00  6.25403766e-18  1.00938246e-21  2.74936293e-21  6.22194985e-18  7.74702156e-22  2.19903233e-21
1.84784980e+00  6.17030563e-18  7.94741985e-22  2.17127517e-21  6.14204652e-18  6.12562639e-22  1.74328058e-21
2.15443469e+00  6.10327032e-18  6.23921774e-22  1.70944880e-21  6.07844279e-18  4.83180669e-22  1.37825776e-21
2.51188643e+00  6.05193780e-18  4.88295531e-22  1.34147810e-21  6.03016938e-18  3.80091022e-22  1.08645995e-21
2.92864456e+00  6.01127524e-18  3.80893930e-22  1.04912447e-21  5.99223214e-18  2.98101445e-22  8.53709248e-22
3.41454887e+00  5.97971137e-18  2.96125265e-22  8.17673469e-22  5.96308542e-18  2.33075241e-22  6.68636553e-22
3.98107171e+00  5.95539814e-18  2.29448907e-22  6.35099252e-22  5.94091014e-18  1.81656928e-22  5.21954986e-22
4.64158883e+00  5.93382497e-18  1.77188976e-22  4.91612714e-22  5.92122738e-18  1.41129675e-22  4.06101268e-22
5.41169527e+00  5.91832252e-18  1.36394079e-22  3.79321388e-22  5.90738307e-18  1.09312863e-22  3.14978009e-22
6.30957344e+00  5.90869079e-18  1.04667105e-22  2.91779941e-22  5.89920106e-18  8.44242638e-23  2.43576086e-22
7.35642254e+00  5.89886913e-18  8.00725409e-23  2.23759446e-22  5.89065163e-18  6.50152508e-23  1.87806532e-22
8.57695899e+00  5.89149726e-18  6.10770243e-23  1.71105877e-22  5.88438962e-18  4.99352012e-23  1.44413193e-22
1.00000000e+01  5.88614487e-18  4.64556083e-23  1.30487763e-22  5.88000309e-18  3.82579454e-23  1.10766613e-22
1.16591440e+01  5.88265990e-18  3.52374162e-23  9.92558364e-23  5.87735654e-18  2.92443247e-23  8.47627094e-23
1.35935639e+01  5.87884801e-18  2.66537449e-23  7.53052365e-23  5.87427368e-18  2.23042558e-23  6.47173414e-23
1.58489319e+01  5.87594606e-18  2.01059194e-23  5.69931704e-23  5.87200354e-18  1.69759981e-23  4.93105330e-23
1.84784980e+01  5.87288352e-18  1.51247502e-23  4.30283590e-23  5.86948836e-18  1.28948407e-23  3.74974666e-23
2.15443469e+01  5.87174913e-18  1.13469416e-23  3.24089342e-23  5.86882650e-18  9.77688104e-24  2.84636086e-23
2.51188643e+01  5.87047485e-18  8.48918547e-24  2.43514832e-23  5.86796049e-18  7.39896596e-24  2.15674442e-23
2.92864456e+01  5.87093400e-18  6.33453792e-24  1.82554300e-23  5.86877129e-18  5.58964394e-24  1.63155627e-23
3.41454887e+01  5.87147993e-18  4.71455170e-24  1.36534861e-23  5.86962044e-18  4.21487902e-24  1.23215010e-23
3.98107171e+01  5.87166070e-18  3.50047940e-24  1.01883600e-23  5.87006249e-18  3.17200220e-24  9.28889317e-24
4.64158883e+01  5.87276056e-18  2.59352695e-24  7.58583852e-24  5.87138715e-18  2.38206109e-24  6.98950444e-24
5.41169527e+01  5.87862275e-18  1.91836850e-24  5.63700229e-24  5.87744191e-18  1.78488857e-24  5.24919034e-24
6.30957344e+01  5.87174133e-18  1.41670874e-24  4.18003513e-24  5.87072831e-18  1.33377567e-24  3.93250239e-24
7.35642254e+01  5.87043331e-18  1.04526067e-24  3.09486357e-24  5.86956369e-18  9.94205180e-25  2.93936398e-24
8.57695899e+01  5.87041654e-18  7.70626476e-25  2.28828127e-24  5.86966994e-18  7.39243463e-25  2.19164478e-24
1.00000000e+02  5.87028870e-18  5.67812597e-25  1.68997021e-24  5.86964778e-18  5.48441743e-25  1.63018153e-24
1.16591440e+02  5.87619794e-18  4.19592301e-25  1.24986627e-24  5.87564828e-18  3.94341755e-25  1.17723828e-24
1.35935639e+02  5.87612944e-18  3.07644517e-25  9.18172667e-25  5.87565772e-18  2.91678550e-25  8.71772438e-25
1.58489319e+02  5.87607375e-18  2.25627440e-25  6.74347455e-25  5.87566895e-18  2.15566999e-25  6.44875095e-25
1.84784980e+02  5.87602692e-18  1.65531857e-25  4.95247244e-25  5.87567957e-18  1.59207374e-25  4.76606495e-25
2.15443469e+02  5.87599043e-18  1.21484856e-25  3.63737236e-25  5.87569240e-18  1.17514978e-25  3.51982678e-25
2.51188643e+02  5.87596013e-18  8.91882595e-26  2.67182752e-25  5.87570443e-18  8.66985560e-26  2.59785578e-25
2.92864456e+02  5.87593404e-18  6.54974422e-26  1.96288571e-25  5.87571466e-18  6.39366632e-26  1.91639494e-25
3.41454887e+02  5.87591440e-18  4.81123677e-26  1.44228249e-25  5.87572620e-18  4.71339839e-26  1.41308442e-25
3.98107171e+02  5.87589961e-18  3.53500267e-26  1.05991830e-25  5.87573816e-18  3.47366049e-26  1.04158634e-25
4.64158883e+02  5.87588290e-18  2.59781692e-26  7.79032883e-26  5.87574439e-18  2.55934305e-26  7.67523273e-26
5.41169527e+02  5.87587031e-18  1.90941457e-26  5.72656812e-26  5.87575150e-18  1.88527232e-26  5.65429121e-26
6.30957344e+02  5.87586706e-18  1.40363019e-26  4.20999012e-26  5.87576514e-18  1.38847286e-26  4.16458711e-26
7.35642254e+02  5.87585854e-18  1.03194359e-26  3.09534634e-26  5.87577111e-18  1.02242191e-26  3.06681309e-26
8.57695899e+02  5.87585313e-18  7.58755427e-27  2.27600544e-26  5.87577814e-18  7.52770617e-27  2.25806565e-26
1.00000000e+03  5.87584317e-18  5.57933631e-27  1.67366032e-26  5.87577884e-18  5.54169836e-27  1.66237569e-26
