1.00000000e-04  9.25778996e-16  3.47222013e-16  2.75204573e-16  8.19818073e-16  1.54059946e-16  2.57918777e-16
1.16591440e-04  8.22692298e-16  3.61572711e-16  3.14714941e-16  7.73751558e-16  1.39645816e-16  2.34231480e-16
1.35935639e-04  7.07106368e-16  3.46144022e-16  3.29946078e-16  7.29826737e-16  1.26467605e-16  2.12675801e-16
1.58489319e-04  5.98460516e-16  3.00792492e-16  3.08940994e-16  6.88015431e-16  1.14401731e-16  1.93025190e-16
1.84784980e-04  5.19710141e-16  2.43881471e-16  2.67506552e-16  6.48270306e-16  1.03342979e-16  1.75077360e-16
2.15443469e-04  4.77438597e-16  1.94237027e-16  2.28510360e-16  6.10529178e-16  9.32022730e-17  1.58655289e-16
2.51188643e-04  4.62631044e-16  1.59440167e-16  2.02523672e-16  5.74719014e-16  8.39041349e-17  1.43606628e-16
2.92864456e-04  4.61826570e-16  1.38183954e-16  1.87958114e-16  5.40759527e-16  7.53840394e-17  1.29801957e-16
3.41454887e-04  4.64185820e-16  1.26024405e-16  1.78772036e-16  5.08566328e-16  6.75858515e-17  1.17132189e-16
3.98107171e-04  4.63244191e-16  1.18699232e-16  1.69800752e-16  4.78053628e-16  6.04594897e-17  1.05505415e-16
4.64158883e-04  4.56263406e-16  1.13184123e-16  1.58476712e-16  4.49136506e-16  5.39589575e-17  9.48434475e-17
5.41169527e-04  4.43008934e-16  1.07724182e-16  1.44509004e-16  4.21732758e-16  4.80408648e-17  8.50783184e-17
6.30957344e-04  4.24614390e-16  1.01527516e-16  1.28872918e-16  3.95764325e-16  4.26635217e-17  7.61490296e-17
7.35642254e-04  4.02730248e-16  9.44130115e-17  1.12873634e-16  3.71158263e-16  3.77866131e-17  6.79988539e-17
8.57695899e-04  3.78999400e-16  8.65408959e-17  9.76013381e-17  3.47847258e-16  3.33713831e-17  6.05734422e-17
1.00000000e-03  3.54780218e-16  7.82116839e-17  8.37429723e-17  3.25769667e-16  2.93811688e-17  5.38198846e-17
1.16591440e-03  3.31046997e-16  6.97524066e-17  7.16095788e-17  3.04869097e-16  2.57820609e-17  4.76867269e-17
1.35935639e-03  3.08391983e-16  6.14566952e-17  6.12394701e-17  2.85093610e-16  2.25434468e-17  4.21247747e-17
1.58489319e-03  2.87084625e-16  5.35544713e-17  5.25027560e-17  2.66394614e-16  1.96382049e-17  3.70883555e-17
1.84784980e-03  2.67164838e-16  4.62070927e-17  4.51852836e-17  2.48725573e-16  1.70423967e-17  3.25365779e-17
2.15443469e-03  2.48542306e-16  3.95135029e-17  3.90470054e-17  2.32040668e-16  1.47344411e-17  2.84340629e-17
2.51188643e-03  2.31079781e-16  3.35198928e-17  3.38579688e-17  2.16293636e-16  1.26939418e-17  2.47507005e-17
2.92864456e-03  2.14649057e-16  2.82310647e-17  2.94189575e-17  2.01437098e-16  1.09005206e-17  2.14602929e-17
3.41454887e-03  1.99157561e-16  2.36226038e-17  2.55708458e-17  1.87422703e-16  9.33305358e-18  1.85384148e-17
3.98107171e-03  1.84550293e-16  1.96508448e-17  2.21950967e-17  1.74202300e-16  7.96956812e-18  1.59602296e-17
4.64158883e-03  1.70797593e-16  1.62606038e-17  1.92084454e-17  1.61729905e-16  6.78777627e-18  1.36990564e-17
5.41169527e-03  1.57879405e-16  1.33911787e-17  1.65548193e-17  1.49963863e-16  5.76597384e-18  1.17261169e-17
6.30957344e-03  1.45773234e-16  1.09807351e-17  1.41968182e-17  1.38868463e-16  4.88394895e-18  1.00113699e-17
7.35642254e-03  1.34448795e-16  8.96933078e-18  1.21083035e-17  1.28414448e-16  4.12362439e-18  8.52495261e-18
8.57695899e-03  1.23868692e-16  7.30086150e-18  1.02688511e-17  1.18578376e-16  3.46931668e-18  7.23866898e-18
1.00000000e-02  1.13992474e-16  5.92418480e-18  8.66016885e-18  1.09341080e-16  2.90763503e-18  6.12709639e-18
1.16591440e-02  1.04781120e-16  4.79364082e-18  7.26418294e-18  1.00685728e-16  2.42713337e-18  5.16810449e-18
1.35935639e-02  9.61999561e-17  3.86914684e-18  6.06232631e-18  9.25959361e-17  2.01786412e-18  4.34278731e-18
1.58489319e-02  8.82193250e-17  3.11600481e-18  5.03556465e-18  8.50543190e-17  1.67097405e-18  3.63497189e-18
1.84784980e-02  8.08134588e-17  2.50452876e-18  4.16478686e-18  7.80417085e-17  1.37843255e-18  3.03055761e-18
2.15443469e-02  7.39585242e-17  2.00957255e-18  3.43130478e-18  7.15370871e-17  1.13291073e-18  2.51693090e-18
2.51188643e-02  6.76307905e-17  1.61001581e-18  2.81731371e-18  6.55180608e-17  9.27766630e-19  2.08259764e-18
2.92864456e-02  6.18055245e-17  1.28824854e-18  2.30624632e-18  5.99615807e-17  7.57068032e-19  1.71704082e-18
3.41454887e-02  5.64567247e-17  1.02968031e-18  1.88300204e-18  5.48445810e-17  6.15599041e-19  1.41071818e-18
3.98107171e-02  5.15575257e-17  8.22289347e-19  1.53406213e-18  5.01443885e-17  4.98829182e-19  1.15509590e-18
4.64158883e-02  4.70809021e-17  6.56218919e-19  1.24751175e-18  4.58388603e-17  4.02851239e-19  9.42649860e-19
5.41169527e-02  4.30003764e-17  5.23422988e-19  1.01299244e-18  4.19063643e-17  3.24305727e-19  7.66814821e-19
6.30957344e-02  3.92905174e-17  4.17359705e-19  8.21606810e-19  3.83257020e-17  2.60308181e-19  6.21895916e-19
7.35642254e-02  3.59271675e-17  3.32729301e-19  6.65793177e-19  3.50760536e-17  2.08387450e-19  5.02967676e-19
8.57695899e-02  3.28874413e-17  2.65252126e-19  5.39184759e-19  3.21369712e-17  1.66435616e-19  4.05779954e-19
1.00000000e-01  3.01495803e-17  2.11482194e-19  4.36464116e-19  2.94884079e-17  1.32666127e-19  3.26678320e-19
1.16591440e-01  2.76927596e-17  1.68651713e-19  3.53220944e-19  2.71107615e-17  1.05576350e-19  2.62537608e-19
1.35935639e-01  2.54969158e-17  1.34542358e-19  2.85818649e-19  2.49849167e-17  8.39123111e-20  2.10703782e-19
1.58489319e-01  2.35426320e-17  1.07379401e-19  2.31273087e-19  2.30922838e-17  6.66351299e-20  1.68940074e-19
1.84784980e-01  2.18110890e-17  8.57451512e-20  1.87145151e-19  2.14148340e-17  5.28896423e-20  1.35375634e-19
2.15443469e-01  2.02840722e-17  6.85086129e-20  1.51447618e-19  1.99351379e-17  4.19759073e-20  1.08456790e-19
2.51188643e-01  1.89439645e-17  5.47685595e-20  1.22565664e-19  1.86363551e-17  3.33240112e-20  8.69017104e-20
2.92864456e-01  1.77739601e-17  4.38076959e-20  9.91900829e-20  1.75024297e-17  2.64722855e-20  6.96594203e-20
3.41454887e-01  1.67579351e-17  3.50557462e-20  8.02614523e-20  1.65179394e-17  2.10486207e-20  5.58732153e-20
3.98107171e-01  1.58806075e-17  2.80598706e-20  6.49240507e-20  1.56682385e-17  1.67546604e-20  4.48488186e-20
4.64158883e-01  1.51275510e-17  2.24609033e-20  5.24878101e-20  1.49394612e-17  1.33524304e-20  3.60267464e-20
5.41169527e-01  1.44852143e-17  1.79742818e-20  4.23970301e-20  1.43185388e-17  1.06530902e-20  2.89585750e-20
6.30957344e-01  1.39409288e-17  1.43747343e-20  3.42046841e-20  1.37932099e-17  8.50751345e-21  2.32866897e-20
7.35642254e-01  1.34829028e-17  1.14839833e-20  2.75513399e-20  1.33520216e-17  6.79843860e-21  1.87271220e-20
8.57695899e-01  1.31002125e-17  9.16088556e-21  2.21479120e-20  1.29843287e-17  5.43397640e-21  1.50551282e-20
1.00000000e+00  1.27827902e-17  7.29354587e-21  1.77615994e-20  1.26802927e-17  4.34228082e-21  1.20931873e-20
1.16591440e+00  1.25214160e-17  5.79303989e-21  1.42044912e-20  1.24308814e-17  3.46721713e-21  9.70112286e-21
1.35935639e+00  1.23077147e-17  4.58844971e-21  1.13244040e-20  1.22278747e-17  2.76487796e-21  7.76807553e-21
1.58489319e+00  1.21341588e-17  3.62296806e-21  8.99758281e-21  1.20638757e-17  2.20081482e-21  6.20606523e-21
1.84784980e+00  1.19940857e-17  2.85086647e-21  7.12293946e-21  1.19323329e-17  1.74786673e-21  4.94490369e-21
2.15443469e+00  1.19123267e-17  2.23551294e-21  5.62147569e-21  1.18518748e-17  1.38645454e-21  3.93378376e-21
2.51188643e+00  1.18092648e-17  1.74576045e-21  4.41476378e-21  1.17561671e-17  1.09416782e-21  3.11249785e-21
2.92864456e+00  1.17265096e-17  1.35806523e-21  3.45380527e-21  1.16799941e-17  8.60963805e-22  2.45480864e-21
3.41454887e+00  1.16618518e-17  1.05238592e-21  2.69174344e-21  1.16211958e-17  6.75379597e-22  1.92971759e-21
3.98107171e+00  1.16137000e-17  8.12358477e-22  2.08994705e-21  1.15782391e-17  5.28119027e-22  1.51185756e-21
4.64158883e+00  1.15701514e-17  6.24668634e-22  1.61671618e-21  1.15392949e-17  4.11641649e-22  1.18049424e-21
5.41169527e+00  1.15418727e-17  4.78562687e-22  1.24626691e-21  1.15150585e-17  3.19867651e-22  9.18808014e-22
6.30957344e+00  1.15259739e-17  3.65300654e-22  9.57472993e-22  1.15026998e-17  2.47813528e-22  7.12923132e-22
7.35642254e+00  1.15072559e-17  2.77838955e-22  7.33179011e-22  1.14870944e-17  1.91425361e-22  5.51493255e-22
8.57695899e+00  1.14937806e-17  2.10581136e-22  5.59676273e-22  1.14763368e-17  1.47462031e-22  4.25413924e-22
1.00000000e+01  1.14834324e-17  1.59062706e-22  4.25954267e-22  1.14683573e-17  1.13302002e-22  3.27290892e-22
1.16591440e+01  1.14767913e-17  1.19753944e-22  3.23258944e-22  1.14637734e-17  8.68476104e-23  2.51188574e-22
1.35935639e+01  1.14697438e-17  8.98672791e-23  2.44633645e-22  1.14585151e-17  6.64165497e-23  1.92331310e-22
1.58489319e+01  1.14651199e-17  6.72307683e-23  1.84634604e-22  1.14554409e-17  5.06846688e-23  1.46952143e-22
1.84784980e+01  1.14601122e-17  5.01465534e-23  1.38982096e-22  1.14517758e-17  3.86008385e-23  1.12053007e-22
2.15443469e+01  1.14580486e-17  3.73021552e-23  1.04354258e-22  1.14508712e-17  2.93436074e-23  8.52866490e-23
2.51188643e+01  1.14533485e-17  2.76767037e-23  7.81527226e-23  1.14471737e-17  2.22634899e-23  6.47926707e-23
2.92864456e+01  1.14515783e-17  2.04922669e-23  5.83929021e-23  1.14462669e-17  1.68624890e-23  4.91431071e-23
3.41454887e+01  1.14493906e-17  1.51456879e-23  4.35270450e-23  1.14448242e-17  1.27478031e-23  3.72089025e-23
3.98107171e+01  1.14464215e-17  1.11787555e-23  3.23751310e-23  1.14424970e-17  9.61852953e-24  2.81240815e-23
4.64158883e+01  1.14478700e-17  8.24222649e-24  2.40317081e-23  1.14444974e-17  7.24210511e-24  2.12181393e-23
5.41169527e+01  1.14647141e-17  6.07293162e-24  1.78081248e-23  1.14618134e-17  5.44075658e-24  1.59777055e-23
6.30957344e+01  1.14482620e-17  4.47088412e-24  1.31727712e-23  1.14457734e-17  4.07593558e-24  1.20016237e-23
7.35642254e+01  1.14492507e-17  3.29013256e-24  9.73188164e-24  1.14471135e-17  3.04518780e-24  8.99301253e-24
8.57695899e+01  1.14507231e-17  2.42031436e-24  7.18182861e-24  1.14488877e-17  2.26859969e-24  6.71995257e-24
1.00000000e+02  1.14509662e-17  1.78000486e-24  5.29524767e-24  1.14493904e-17  1.68570208e-24  5.00749347e-24
1.16591440e+02  1.14593105e-17  1.24197394e-24  3.70497960e-24  1.14579603e-17  1.17446666e-24  3.50985017e-24
1.35935639e+02  1.14591551e-17  9.10095246e-25  2.71948057e-24  1.14579963e-17  8.68654216e-25  2.59836578e-24
1.58489319e+02  1.14590318e-17  6.67678697e-25  1.99739756e-24  1.14580374e-17  6.41964184e-25  1.92165863e-24
1.84784980e+02  1.14589290e-17  4.90217346e-25  1.46768433e-24  1.14580757e-17  4.74115286e-25  1.41999781e-24
2.15443469e+02  1.14588459e-17  3.60107766e-25  1.07874972e-24  1.14581137e-17  3.49952677e-25  1.04856104e-24
2.51188643e+02  1.14587770e-17  2.64618173e-25  7.93015428e-25  1.14581488e-17  2.58181230e-25  7.73829617e-25
2.92864456e+02  1.14587162e-17  1.94489927e-25  5.83020493e-25  1.14581772e-17  1.90396863e-25  5.70798505e-25
3.41454887e+02  1.14586705e-17  1.42966016e-25  4.28656796e-25  1.14582081e-17  1.40359184e-25  4.20862748e-25
3.98107171e+02  1.14586323e-17  1.05101444e-25  3.15174548e-25  1.14582357e-17  1.03440491e-25  3.10204011e-25
4.64158883e+02  1.14585969e-17  7.72706482e-26  2.31742044e-25  1.14582566e-17  7.62128115e-26  2.28574305e-25
5.41169527e+02  1.14585699e-17  5.68127282e-26  1.70400508e-25  1.14582780e-17  5.61396522e-26  1.68383990e-25
6.30957344e+02  1.14585504e-17  4.17732963e-26  1.25299570e-25  1.14583000e-17  4.13455713e-26  1.24017669e-25
7.35642254e+02  1.14585283e-17  3.07165606e-26  9.21387200e-26  1.14583135e-17  3.04451234e-26  9.13250075e-26
8.57695899e+02  1.14585128e-17  2.25874209e-26  6.77563473e-26  1.14583286e-17  2.24153992e-26  6.72405635e-26
1.00000000e+03  1.14584988e-17  1.66103661e-26  4.98279053e-26  1.14583408e-17  1.65014858e-26  4.95013962e-26
