1.00000000e-04  9.47291067e-16  2.56111423e-16  3.94028876e-16  5.85967275e-16  1.23086560e-16  2.09202232e-16
1.16591440e-04  8.54877200e-16  2.36199080e-16  3.53900286e-16  5.54885260e-16  1.10761819e-16  1.89481187e-16
1.35935639e-04  7.72473191e-16  2.21622071e-16  3.15546660e-16  5.24962871e-16  9.94385575e-17  1.71338976e-16
1.58489319e-04  6.99635225e-16  2.08995527e-16  2.78098760e-16  4.96202875e-16  8.90354590e-17  1.54648595e-16
1.84784980e-04  6.35347507e-16  1.96348679e-16  2.42116887e-16  4.68598207e-16  7.94803095e-17  1.39289275e-16
2.15443469e-04  5.78590018e-16  1.82787780e-16  2.08610607e-16  4.42132824e-16  7.07104245e-17  1.25148956e-16
2.51188643e-04  5.28494542e-16  1.68167226e-16  1.78425967e-16  4.16782614e-16  6.26726220e-17  1.12126413e-16
2.92864456e-04  4.84273474e-16  1.52749818e-16  1.51993100e-16  3.92516348e-16  5.53226969e-17  1.00132993e-16
3.41454887e-04  4.45157982e-16  1.36981947e-16  1.29355309e-16  3.69296643e-16  4.86243239e-17  8.90938223e-17
3.98107171e-04  4.10380808e-16  1.21344394e-16  1.10284241e-16  3.47081027e-16  4.25473308e-17  7.89483034e-17
4.64158883e-04  3.79201267e-16  1.06265158e-16  9.43927278e-17  3.25823240e-16  3.70653579e-17  6.96495127e-17
5.41169527e-04  3.50948416e-16  9.20795527e-17  8.12217642e-17  3.05475004e-16  3.21530887e-17  6.11621576e-17
6.30957344e-04  3.25057357e-16  7.90202394e-17  7.03003895e-17  2.85988433e-16  2.77834694e-17  5.34589265e-17
7.35642254e-04  3.01082930e-16  6.72171827e-17  6.11818586e-17  2.67319084e-16  2.39254994e-17  4.65155574e-17
8.57695899e-04  2.78703015e-16  5.67200878e-17  5.34741371e-17  2.49429268e-16  2.05431558e-17  4.03055668e-17
1.00000000e-03  2.57701334e-16  4.75143386e-17  4.68536602e-17  2.32290872e-16  1.75957194e-17  3.47959266e-17
1.16591440e-03  2.37943303e-16  3.95389961e-17  4.10697979e-17  2.15886844e-16  1.50393313e-17  2.99448005e-17
1.35935639e-03  2.19349934e-16  3.27030384e-17  3.59408160e-17  2.00210796e-16  1.28292444e-17  2.57017496e-17
1.58489319e-03  2.01874320e-16  2.68986119e-17  3.13436472e-17  1.85264769e-16  1.09221201e-17  2.20100011e-17
1.84784980e-03  1.85483502e-16  2.20111251e-17  2.72004150e-17  1.71055755e-16  9.27786224e-18  1.88098401e-17
2.15443469e-03  1.70146676e-16  1.79264599e-17  2.34644590e-17  1.57591870e-16  7.86074649e-18  1.60421222e-17
2.51188643e-03  1.55829181e-16  1.45357775e-17  2.01079177e-17  1.44878909e-16  6.63984410e-18  1.36511735e-17
2.92864456e-03  1.42490883e-16  1.17384503e-17  1.71120402e-17  1.32917816e-16  5.58888450e-18  1.15867274e-17
3.41454887e-03  1.30087200e-16  9.44360508e-18  1.44605634e-17  1.21703196e-16  4.68574737e-18  9.80486316e-18
3.98107171e-03  1.18571253e-16  7.57068794e-18  1.21358904e-17  1.11222851e-16  3.91176457e-18  8.26809012e-18
4.64158883e-03  1.07896017e-16  6.04937003e-18  1.01174683e-17  1.01458137e-16  3.25098014e-18  6.94480663e-18
5.41169527e-03  9.80158673e-17  4.81903354e-18  8.38166833e-18  9.23849508e-17  2.68948145e-18  5.80837663e-18
6.30957344e-03  8.88873537e-17  3.82800995e-18  6.90253184e-18  8.39751044e-17  2.21487732e-18  4.83606584e-18
7.35642254e-03  8.04693158e-17  3.03269016e-18  5.65288379e-18  7.61978345e-17  1.81595496e-18  4.00804707e-18
8.57695899e-03  7.27226043e-17  2.39659000e-18  4.60547851e-18  6.90212134e-17  1.48250333e-18  3.30662501e-18
1.00000000e-02  6.56096549e-17  1.88942614e-18  3.73398212e-18  6.24132535e-17  1.20525474e-18  2.71574124e-18
1.16591440e-02  5.90941117e-17  1.48623920e-18  3.01370685e-18  5.63426185e-17  9.75884026e-19  2.22073319e-18
1.35935639e-02  5.31405883e-17  1.16658639e-18  2.42208485e-18  5.07789508e-17  7.87013163e-19  1.80826350e-18
1.58489319e-02  4.77145793e-17  9.13816385e-19  1.93891160e-18  4.56929228e-17  6.32191533e-19  1.46632404e-18
1.84784980e-02  4.27824832e-17  7.14431071e-19  1.54640724e-18  4.10561389e-17  5.05844179e-19  1.18424125e-18
2.15443469e-02  3.83116734e-17  5.57533877e-19  1.22914784e-18  3.68410051e-17  4.03195290e-19  9.52645539e-19
2.51188643e-02  3.42705767e-17  4.34360063e-19  9.73912809e-19  3.30206278e-17  3.20179388e-19  7.63398140e-19
2.92864456e-02  3.06287204e-17  3.37882101e-19  7.69485494e-19  2.95687647e-17  2.53351735e-19  6.09487132e-19
3.41454887e-02  2.73567518e-17  2.62481649e-19  6.06434001e-19  2.64598258e-17  1.99805200e-19  4.84909161e-19
3.98107171e-02  2.44264311e-17  2.03679296e-19  4.76890351e-19  2.36689042e-17  1.57096690e-19  3.84551040e-19
4.64158883e-02  2.18106190e-17  1.57913328e-19  3.74339273e-19  2.11718223e-17  1.23183245e-19  3.04079500e-19
5.41169527e-02  1.94832759e-17  1.22359501e-19  2.93422837e-19  1.89451905e-17  9.63664576e-20  2.39842141e-19
6.30957344e-02  1.74194808e-17  9.47847246e-20  2.29763913e-19  1.69664727e-17  7.52436311e-20  1.88779373e-19
7.35642254e-02  1.55954720e-17  7.34285260e-20  1.79809264e-19  1.52140568e-17  5.86643983e-20  1.48345699e-19
8.57695899e-02  1.39887047e-17  5.69072318e-20  1.40692031e-19  1.36673307e-17  4.56920517e-20  1.16438814e-19
1.00000000e-01  1.25779162e-17  4.41366541e-20  1.10112581e-19  1.23067572e-17  3.55691883e-20  9.13354646e-20
1.16591440e-01  1.13431861e-17  3.42698521e-20  8.62364180e-20  1.11139419e-17  2.76874750e-20  7.16335940e-20
1.35935639e-01  1.02659835e-17  2.66471715e-20  6.76076143e-20  1.00716886e-17  2.15613720e-20  5.62006350e-20
1.58489319e-01  9.32919296e-18  2.07562720e-20  5.30761566e-20  9.16403562e-18  1.68056033e-20  4.41278762e-20
1.84784980e-01  8.51711579e-18  1.62002696e-20  4.17375762e-20  8.37627027e-18  1.31160941e-20  3.46907713e-20
2.15443469e-01  7.81544552e-18  1.26724514e-20  3.28832650e-20  7.69491998e-18  1.02540409e-20  2.73149225e-20
2.51188643e-01  7.21122006e-18  9.93629195e-21  2.59599484e-20  7.10772132e-18  8.03274517e-21  2.15473254e-20
2.92864456e-01  6.69273382e-18  7.80972567e-21  2.05368976e-20  6.60354946e-18  6.30683767e-21  1.70323650e-20
3.41454887e-01  6.24952009e-18  6.15283705e-21  1.62796570e-20  6.17241694e-18  4.96355663e-21  1.34920635e-20
3.98107171e-01  5.87217920e-18  4.85822575e-21  1.29290222e-20  5.80531767e-18  3.91570733e-21  1.07098770e-20
4.64158883e-01  5.55233001e-18  3.84353221e-21  1.02844440e-20  5.49419220e-18  3.09606177e-21  8.51765396e-21
5.41169527e-01  5.28250530e-18  3.04563110e-21  8.19091461e-21  5.23183528e-18  2.45290655e-21  6.78514035e-21
6.30957344e-01  5.05606101e-18  2.41614073e-21  6.52867967e-21  5.01181569e-18  1.94653263e-21  5.41162080e-21
7.35642254e-01  4.86709188e-18  1.91795656e-21  5.20519041e-21  4.82840067e-18  1.54648028e-21  4.31929673e-21
8.57695899e-01  4.73196432e-18  1.52416324e-21  4.15458069e-21  4.70066341e-18  1.23542843e-21  3.46534211e-21
1.00000000e+00  4.59629836e-18  1.20893291e-21  3.30721068e-21  4.56853848e-18  9.80868415e-22  2.76163912e-21
1.16591440e+00  4.48587325e-18  9.57968578e-22  2.62942927e-21  4.46129718e-18  7.78566851e-22  2.19946677e-21
1.35935639e+00  4.39608612e-18  7.57859231e-22  2.08660497e-21  4.37437557e-18  6.17350939e-22  1.74930377e-21
1.58489319e+00  4.32368704e-18  5.98311554e-22  1.65205382e-21  4.30454727e-18  4.88761378e-22  1.38868804e-21
1.84784980e+00  4.26587234e-18  4.71178762e-22  1.30449299e-21  4.24903402e-18  3.86159825e-22  1.09983641e-21
2.15443469e+00  4.21939637e-18  3.70012229e-22  1.02696528e-21  4.20461539e-18  3.04338291e-22  8.68689194e-22
2.51188643e+00  4.18341057e-18  2.89686712e-22  8.05912246e-22  4.17046019e-18  2.39191227e-22  6.84083263e-22
2.92864456e+00  4.15488287e-18  2.26070768e-22  6.30329750e-22  4.14356014e-18  1.87423408e-22  5.36988554e-22
3.41454887e+00  4.13259906e-18  1.75849511e-22  4.91341739e-22  4.12271824e-18  1.46403070e-22  4.20148469e-22
3.98107171e+00  4.11601280e-18  1.36337826e-22  3.81717394e-22  4.10740502e-18  1.14000437e-22  3.27653410e-22
4.64158883e+00  4.10160917e-18  1.05360274e-22  2.95568160e-22  4.09412561e-18  8.84887454e-23  2.54685440e-22
5.41169527e+00  4.09192629e-18  8.11691613e-23  2.28144742e-22  4.08542770e-18  6.84804240e-23  1.97356739e-22
6.30957344e+00  4.08567838e-18  6.23444703e-23  1.75569277e-22  4.08004156e-18  5.28424124e-23  1.52477323e-22
7.35642254e+00  4.07918375e-18  4.77441270e-23  1.34710958e-22  4.07430301e-18  4.06596503e-23  1.17461499e-22
8.57695899e+00  4.07426660e-18  3.64607814e-23  1.03075545e-22  4.07004535e-18  3.12031259e-23  9.02438880e-23
1.00000000e+01  4.07011995e-18  2.77686045e-23  7.86607089e-23  4.06647335e-18  2.38861348e-23  6.91571212e-23
1.16591440e+01  4.06709815e-18  2.10943221e-23  5.98808407e-23  4.06395049e-18  1.82432369e-23  5.28754879e-23
1.35935639e+01  4.06426582e-18  1.59830963e-23  4.54739000e-23  4.06155159e-18  1.39026741e-23  4.03373639e-23
1.58489319e+01  4.06256552e-18  1.20805794e-23  3.44547977e-23  4.06022630e-18  1.05737492e-23  3.07113254e-23
1.84784980e+01  4.06104174e-18  9.10819734e-24  2.60469050e-23  4.05902708e-18  8.02641381e-24  2.33379751e-23
2.15443469e+01  4.06066160e-18  6.85044158e-24  1.96483507e-23  4.05892699e-18  6.08199149e-24  1.77044667e-23
2.51188643e+01  4.05958858e-18  5.13893787e-24  1.47876681e-23  4.05809620e-18  4.59996932e-24  1.34066918e-23
2.92864456e+01  4.05935540e-18  3.84525262e-24  1.11048863e-23  4.05807181e-18  3.47293339e-24  1.01354744e-23
3.41454887e+01  4.05907188e-18  2.86973368e-24  8.32011921e-24  4.05796842e-18  2.61708268e-24  7.64917431e-24
3.98107171e+01  4.05849317e-18  2.13629068e-24  6.21950007e-24  4.05754495e-18  1.96829816e-24  5.76270265e-24
4.64158883e+01  4.05898286e-18  1.58654586e-24  4.63885080e-24  4.05816809e-18  1.47728780e-24  4.33357307e-24
5.41169527e+01  4.06369202e-18  1.17593892e-24  3.45290539e-24  4.06299142e-18  1.10644035e-24  3.25293401e-24
6.30957344e+01  4.05930991e-18  8.69845300e-25  2.56431050e-24  4.05870887e-18  8.26489507e-25  2.43592676e-24
7.35642254e+01  4.05978185e-18  6.42622907e-25  1.90118415e-24  4.05926571e-18  6.15931041e-25  1.82022865e-24
8.57695899e+01  4.05993277e-18  4.74255537e-25  1.40728999e-24  4.05948961e-18  4.57896952e-25  1.35691315e-24
1.00000000e+02  4.05948989e-18  3.49712492e-25  1.04027154e-24  4.05910951e-18  3.39654853e-25  1.00913306e-24
1.16591440e+02  4.06272476e-18  2.59972490e-25  7.73930956e-25  4.06239846e-18  2.46097694e-25  7.34162398e-25
1.35935639e+02  4.06268231e-18  1.90914526e-25  5.69497951e-25  4.06240228e-18  1.82022213e-25  5.43731053e-25
1.58489319e+02  4.06264567e-18  1.40188730e-25  4.18816897e-25  4.06240537e-18  1.34516990e-25  4.02241676e-25
1.84784980e+02  4.06261624e-18  1.02944978e-25  3.07895515e-25  4.06241005e-18  9.93407185e-26  2.97293096e-25
2.15443469e+02  4.06259295e-18  7.56043783e-26  2.26309539e-25  4.06241603e-18  7.33203482e-26  2.19557178e-25
2.51188643e+02  4.06257450e-18  5.55335194e-26  1.66330773e-25  4.06242271e-18  5.40891666e-26  1.62044689e-25
2.92864456e+02  4.06255894e-18  4.07976214e-26  1.22248322e-25  4.06242872e-18  3.98856819e-26  1.19534522e-25
3.41454887e+02  4.06254733e-18  2.99768086e-26  8.98529433e-26  4.06243561e-18  2.94016806e-26  8.81378416e-26
3.98107171e+02  4.06253714e-18  2.20294217e-26  6.60466984e-26  4.06244130e-18  2.16670008e-26  6.49642238e-26
4.64158883e+02  4.06252754e-18  1.61913193e-26  4.85516390e-26  4.06244533e-18  1.59630615e-26  4.78690911e-26
5.41169527e+02  4.06251892e-18  1.19019088e-26  3.56937318e-26  4.06244839e-18  1.17581982e-26  3.52636326e-26
6.30957344e+02  4.06251816e-18  8.74981944e-27  2.62430067e-26  4.06245766e-18  8.65935654e-27  2.59720966e-26
7.35642254e+02  4.06251261e-18  6.43314646e-27  1.92959664e-26  4.06246071e-18  6.37620588e-27  1.91253664e-26
8.57695899e+02  4.06250875e-18  4.73024986e-27  1.41888787e-26  4.06246423e-18  4.69440881e-27  1.40814582e-26
1.00000000e+03  4.06250348e-18  3.47836639e-27  1.04340907e-26  4.06246530e-18  3.45580455e-27  1.03664526e-26
