1.00000000e-06	1.02955349e+01	9.96701947e-01	1.96364521e+00
1.35935639e-06	1.01599051e+01	9.95703706e-01	2.02266379e+00
1.84784980e-06	9.87285366e+00	9.94444782e-01	2.07974252e+00
2.51188643e-06	9.40354764e+00	9.92876383e-01	2.13121127e+00
3.41454887e-06	8.73382450e+00	9.90947541e-01	2.17680006e+00
4.64158883e-06	7.88529267e+00	9.88600799e-01	2.21896387e+00
6.30957344e-06	6.92575410e+00	9.85761218e-01	2.26050019e+00
8.57695899e-06	5.94691844e+00	9.82324633e-01	2.30269539e+00
1.16591440e-05	5.03085406e+00	9.78156012e-01	2.34510196e+00
1.58489319e-05	4.22865242e+00	9.73103506e-01	2.38647736e+00
2.15443469e-05	3.55923837e+00	9.67021701e-01	2.42584667e+00
2.92864456e-05	3.01964642e+00	9.59792502e-01	2.46299355e+00
3.98107171e-05	2.59580319e+00	9.51340684e-01	2.49834751e+00
5.41169527e-05	2.26954201e+00	9.41652100e-01	2.53262015e+00
7.35642254e-05	2.02242505e+00	9.30803959e-01	2.56649065e+00
1.00000000e-04	1.83772179e+00	9.19008057e-01	2.60042285e+00
1.21441818e-04	1.74505304e+00	9.11235427e-01	2.62200131e+00
1.45311983e-04	1.67446655e+00	9.03973074e-01	2.64198313e+00
1.72106431e-04	1.61914150e+00	8.97175219e-01	2.66079912e+00
2.02475553e-04	1.57471318e+00	8.90816605e-01	2.67874482e+00
2.37292126e-04	1.53835728e+00	8.84887177e-01	2.69603492e+00
2.77759703e-04	1.50821829e+00	8.79390600e-01	2.71283570e+00
3.25593478e-04	1.48305840e+00	8.74345380e-01	2.72928623e+00
3.83338850e-04	1.46208734e+00	8.69788120e-01	2.74551501e+00
4.54971620e-04	1.44485720e+00	8.65780930e-01	2.76166138e+00
5.47130977e-04	1.42710288e+00	8.62474625e-01	2.77784683e+00
6.71962865e-04	1.37970961e+00	8.60387734e-01	2.79425059e+00
8.54845697e-04	1.38220178e+00	8.58902904e-01	2.81124177e+00
1.16151357e-03	1.38389647e+00	8.59325711e-01	2.82933946e+00
1.85302501e-03	1.38640434e+00	8.63685617e-01	2.85063779e+00
5.05888921e-02	1.39422751e+00	9.09757880e-01	2.91594276e+00
