1.00000000e-06	1.42605721e+01	9.96415739e-01	1.90986560e+00
1.35935639e-06	1.48848947e+01	9.95244258e-01	1.94469789e+00
1.84784980e-06	1.53853538e+01	9.93721553e-01	1.98793272e+00
2.51188643e-06	1.57274760e+01	9.91759466e-01	2.03435537e+00
3.41454887e-06	1.58341720e+01	9.89260017e-01	2.07765263e+00
4.64158883e-06	1.56053126e+01	9.86123619e-01	2.11571881e+00
6.30957344e-06	1.49764471e+01	9.82257093e-01	2.15177302e+00
8.57695899e-06	1.39616882e+01	9.77576055e-01	2.19019464e+00
1.16591440e-05	1.26439785e+01	9.72000930e-01	2.23244802e+00
1.58489319e-05	1.11355351e+01	9.65449848e-01	2.27689561e+00
2.15443469e-05	9.55206630e+00	9.57827009e-01	2.32134304e+00
2.92864456e-05	8.00784653e+00	9.49001859e-01	2.36498468e+00
3.98107171e-05	6.60515067e+00	9.38796409e-01	2.40819092e+00
5.41169527e-05	5.41211364e+00	9.27023077e-01	2.45138949e+00
7.35642254e-05	4.45098357e+00	9.13591738e-01	2.49458140e+00
1.00000000e-04	3.70721186e+00	8.98647283e-01	2.53756547e+00
1.21441818e-04	3.33439741e+00	8.88611434e-01	2.56455814e+00
1.45311983e-04	3.04638294e+00	8.79145276e-01	2.58935029e+00
1.72106431e-04	2.81875023e+00	8.70220078e-01	2.61255178e+00
2.02475553e-04	2.63522299e+00	8.61827431e-01	2.63459325e+00
2.37292126e-04	2.48479665e+00	8.53973700e-01	2.65578916e+00
2.77759703e-04	2.35990154e+00	8.46679221e-01	2.67637841e+00
3.25593478e-04	2.25523290e+00	8.39980953e-01	2.69655301e+00
3.83338850e-04	2.16704064e+00	8.33938297e-01	2.71648168e+00
4.54971620e-04	2.09273185e+00	8.28643675e-01	2.73633636e+00
5.47130977e-04	2.02920531e+00	8.24260141e-01	2.75624540e+00
6.71962865e-04	1.97357312e+00	8.21056090e-01	2.77629268e+00
8.54845697e-04	1.92840572e+00	8.19445288e-01	2.79722768e+00
1.16151357e-03	1.82887858e+00	8.21125161e-01	2.81958388e+00
1.85302501e-03	1.83687853e+00	8.27031164e-01	2.84504224e+00
5.05888921e-02	1.86232171e+00	8.90984005e-01	2.91787462e+00
