1.00000000e-06	7.62348536e+00	9.96953482e-01	2.09679987e+00
1.35935639e-06	7.31199374e+00	9.96075635e-01	2.12468349e+00
1.84784980e-06	6.81192025e+00	9.94987487e-01	2.15745130e+00
2.51188643e-06	6.17824024e+00	9.93645690e-01	2.19591125e+00
3.41454887e-06	5.48122428e+00	9.91993391e-01	2.23844237e+00
4.64158883e-06	4.78536570e+00	9.89960280e-01	2.28225108e+00
6.30957344e-06	4.13664321e+00	9.87467869e-01	2.32475875e+00
8.57695899e-06	3.56125059e+00	9.84435886e-01	2.36448650e+00
1.16591440e-05	3.07038664e+00	9.80784137e-01	2.40115936e+00
1.58489319e-05	2.66514248e+00	9.76428833e-01	2.43527333e+00
2.15443469e-05	2.33985018e+00	9.71278571e-01	2.46758256e+00
2.92864456e-05	2.08470322e+00	9.65236675e-01	2.49878642e+00
3.98107171e-05	1.88812666e+00	9.58214256e-01	2.52943412e+00
5.41169527e-05	1.73866274e+00	9.50155758e-01	2.55993910e+00
7.35642254e-05	1.62612315e+00	9.41076954e-01	2.59060238e+00
1.00000000e-04	1.54205524e+00	9.31112169e-01	2.62159529e+00
1.21441818e-04	1.49855289e+00	9.24491304e-01	2.64137301e+00
1.45311983e-04	1.46574985e+00	9.18257607e-01	2.65970420e+00
1.72106431e-04	1.44016595e+00	9.12380992e-01	2.67697148e+00
2.02475553e-04	1.41963706e+00	9.06846154e-01	2.69343994e+00
2.37292126e-04	1.40282834e+00	9.01648996e-01	2.70930412e+00
2.77759703e-04	1.38891922e+00	8.96795943e-01	2.72471609e+00
3.25593478e-04	1.37741131e+00	8.92305186e-01	2.73980426e+00
3.83338850e-04	1.34097883e+00	8.88484737e-01	2.75471949e+00
4.54971620e-04	1.33145226e+00	8.84864394e-01	2.76951815e+00
5.47130977e-04	1.33280955e+00	8.81689151e-01	2.78434332e+00
6.71962865e-04	1.33268281e+00	8.79238815e-01	2.79930402e+00
8.54845697e-04	1.33490002e+00	8.77752701e-01	2.81499277e+00
1.16151357e-03	1.33595491e+00	8.77857934e-01	2.83176450e+00
1.85302501e-03	1.33718385e+00	8.81266975e-01	2.85163811e+00
5.05888921e-02	1.34818025e+00	9.15202616e-01	2.91441845e+00
