1.00000000e-06	3.03822297e+00	9.97549603e-01	2.24555284e+00
1.35935639e-06	2.79138012e+00	9.96900418e-01	2.27531610e+00
1.84784980e-06	2.53610317e+00	9.96122811e-01	2.30377390e+00
2.51188643e-06	2.29118844e+00	9.95200212e-01	2.33227350e+00
3.41454887e-06	2.07079795e+00	9.94107441e-01	2.36128979e+00
4.64158883e-06	1.88238515e+00	9.92807449e-01	2.39070328e+00
6.30957344e-06	1.72742883e+00	9.91249501e-01	2.42012402e+00
8.57695899e-06	1.60348244e+00	9.89368241e-01	2.44913967e+00
1.16591440e-05	1.50621467e+00	9.87083187e-01	2.47745501e+00
1.58489319e-05	1.43084246e+00	9.84298852e-01	2.50494189e+00
2.15443469e-05	1.37291503e+00	9.80906548e-01	2.53163320e+00
2.92864456e-05	1.32863496e+00	9.76789666e-01	2.55769045e+00
3.98107171e-05	1.29491671e+00	9.71834982e-01	2.58336091e+00
5.41169527e-05	1.26932186e+00	9.65952801e-01	2.60892903e+00
7.35642254e-05	1.24995239e+00	9.59108134e-01	2.63465905e+00
1.00000000e-04	1.23534150e+00	9.51362023e-01	2.66072539e+00
1.21441818e-04	1.21911354e+00	9.46130311e-01	2.67741134e+00
1.45311983e-04	1.19582502e+00	9.41184122e-01	2.69291180e+00
1.72106431e-04	1.19541717e+00	9.36321719e-01	2.70750793e+00
2.02475553e-04	1.19524893e+00	9.31669763e-01	2.72145457e+00
2.37292126e-04	1.19519325e+00	9.27232178e-01	2.73491151e+00
2.77759703e-04	1.19518889e+00	9.23019976e-01	2.74800628e+00
3.25593478e-04	1.19534006e+00	9.19051671e-01	2.76084515e+00
3.83338850e-04	1.19580607e+00	9.15356760e-01	2.77352935e+00
4.54971620e-04	1.19686621e+00	9.11980338e-01	2.78617046e+00
5.47130977e-04	1.19759092e+00	9.09003613e-01	2.79886475e+00
6.71962865e-04	1.19680242e+00	9.06557108e-01	2.81169956e+00
8.54845697e-04	1.19789059e+00	9.04829969e-01	2.82518966e+00
1.16151357e-03	1.19803555e+00	9.04296060e-01	2.83967082e+00
1.85302501e-03	1.19856832e+00	9.06244246e-01	2.85696101e+00
5.05888921e-02	1.24727334e+00	8.78771685e-01	2.91390710e+00
