1.00000000e-06	1.38707483e+01	9.96427214e-01	1.92826061e+00
1.35935639e-06	1.45077023e+01	9.95261008e-01	1.96220003e+00
1.84784980e-06	1.50245621e+01	9.93745608e-01	2.00410742e+00
2.51188643e-06	1.53810097e+01	9.91793775e-01	2.04825327e+00
3.41454887e-06	1.54929571e+01	9.89309348e-01	2.08859341e+00
4.64158883e-06	1.52600524e+01	9.86195317e-01	2.12402739e+00
6.30957344e-06	1.46259842e+01	9.82360847e-01	2.15847440e+00
8.57695899e-06	1.36139690e+01	9.77722565e-01	2.19615141e+00
1.16591440e-05	1.23102235e+01	9.72200440e-01	2.23793728e+00
1.58489319e-05	1.08250329e+01	9.65710959e-01	2.28182700e+00
2.15443469e-05	9.27171511e+00	9.58154794e-01	2.32565808e+00
2.92864456e-05	7.76325152e+00	9.49395137e-01	2.36879126e+00
3.98107171e-05	6.39962266e+00	9.39247390e-01	2.41163964e+00
5.41169527e-05	5.24501480e+00	9.27522316e-01	2.45455310e+00
7.35642254e-05	4.31797132e+00	9.14135747e-01	2.49745541e+00
1.00000000e-04	3.60207554e+00	8.99242665e-01	2.54012611e+00
1.21441818e-04	3.24352189e+00	8.89246915e-01	2.56691627e+00
1.45311983e-04	2.96667573e+00	8.79823144e-01	2.59152369e+00
1.72106431e-04	2.74794517e+00	8.70942257e-01	2.61455544e+00
2.02475553e-04	2.57163750e+00	8.62595072e-01	2.63643888e+00
2.37292126e-04	2.42715322e+00	8.54787076e-01	2.65748538e+00
2.77759703e-04	2.30720753e+00	8.47537698e-01	2.67793110e+00
3.25593478e-04	2.20670242e+00	8.40882928e-01	2.69796569e+00
3.83338850e-04	2.12203697e+00	8.34881120e-01	2.71775586e+00
4.54971620e-04	2.05072706e+00	8.29623452e-01	2.73747182e+00
5.47130977e-04	1.98976014e+00	8.25271401e-01	2.75724085e+00
6.71962865e-04	1.93631618e+00	8.22091026e-01	2.77714647e+00
8.54845697e-04	1.89298413e+00	8.20491848e-01	2.79793359e+00
1.16151357e-03	1.79716474e+00	8.22144216e-01	2.82013271e+00
1.85302501e-03	1.80483046e+00	8.28011316e-01	2.84542557e+00
5.05888921e-02	1.82918365e+00	8.91475556e-01	2.91791426e+00
