1.00000000e-06	3.47016924e+00	9.97470194e-01	2.21660899e+00
1.35935639e-06	3.18744708e+00	9.96781683e-01	2.25466728e+00
1.84784980e-06	2.89284436e+00	9.95944746e-01	2.28827381e+00
2.51188643e-06	2.60388545e+00	9.94942278e-01	2.31948291e+00
3.41454887e-06	2.33704684e+00	9.93751330e-01	2.34970276e+00
4.64158883e-06	2.10350188e+00	9.92338075e-01	2.37959960e+00
6.30957344e-06	1.90784500e+00	9.90654340e-01	2.40929047e+00
8.57695899e-06	1.74929096e+00	9.88635950e-01	2.43861623e+00
1.16591440e-05	1.62383000e+00	9.86202364e-01	2.46736506e+00
1.58489319e-05	1.52615688e+00	9.83257335e-01	2.49540404e+00
2.15443469e-05	1.45092797e+00	9.79691328e-01	2.52272958e+00
2.92864456e-05	1.39339058e+00	9.75387391e-01	2.54946483e+00
3.98107171e-05	1.34959550e+00	9.70233037e-01	2.57582842e+00
5.41169527e-05	1.31638799e+00	9.64141059e-01	2.60208752e+00
7.35642254e-05	1.29130331e+00	9.57081385e-01	2.62849796e+00
1.00000000e-04	1.27243723e+00	9.49122926e-01	2.65523089e+00
1.21441818e-04	1.26082609e+00	9.43725078e-01	2.67232195e+00
1.45311983e-04	1.24069515e+00	9.38638969e-01	2.68819996e+00
1.72106431e-04	1.22154083e+00	9.33794505e-01	2.70317154e+00
2.02475553e-04	1.22140694e+00	9.29054460e-01	2.71743971e+00
2.37292126e-04	1.22138017e+00	9.24542347e-01	2.73120405e+00
2.77759703e-04	1.22141493e+00	9.20268298e-01	2.74459496e+00
3.25593478e-04	1.22157254e+00	9.16250681e-01	2.75772262e+00
3.83338850e-04	1.22210306e+00	9.12518090e-01	2.77068861e+00
4.54971620e-04	1.22321146e+00	9.09116486e-01	2.78360888e+00
5.47130977e-04	1.22394074e+00	9.06128666e-01	2.79658190e+00
6.71962865e-04	1.22315812e+00	9.03687536e-01	2.80969489e+00
8.54845697e-04	1.22428387e+00	9.01987410e-01	2.82347423e+00
1.16151357e-03	1.22451366e+00	9.01517086e-01	2.83825890e+00
1.85302501e-03	1.22535657e+00	9.03610539e-01	2.85589731e+00
5.05888921e-02	1.26689934e+00	8.90847517e-01	2.91373749e+00
