1.00000000e-06	1.77655280e+01	9.96297606e-01	1.87008501e+00
1.35935639e-06	1.89797595e+01	9.95051009e-01	1.90114203e+00
1.84784980e-06	2.00825264e+01	9.93410232e-01	1.92797604e+00
2.51188643e-06	2.09607787e+01	9.91268895e-01	1.95207915e+00
3.41454887e-06	2.15140420e+01	9.88503383e-01	1.97856422e+00
4.64158883e-06	2.16826380e+01	9.84974744e-01	2.01243315e+00
6.30957344e-06	2.14443775e+01	9.80533225e-01	2.05479985e+00
8.57695899e-06	2.07829927e+01	9.75029998e-01	2.10220953e+00
1.16591440e-05	1.96711976e+01	9.68340128e-01	2.15002086e+00
1.58489319e-05	1.81102004e+01	9.60386880e-01	2.19657968e+00
2.15443469e-05	1.61863440e+01	9.51143891e-01	2.24329805e+00
2.92864456e-05	1.40655513e+01	9.40609844e-01	2.29142816e+00
3.98107171e-05	1.19304266e+01	9.28780165e-01	2.34037424e+00
5.41169527e-05	9.93018615e+00	9.15637094e-01	2.38890003e+00
7.35642254e-05	8.16847033e+00	9.01164663e-01	2.43662970e+00
1.00000000e-04	6.70262033e+00	8.85415822e-01	2.48400618e+00
1.21441818e-04	5.93685042e+00	8.74887502e-01	2.51398956e+00
1.45311983e-04	5.33131169e+00	8.64926704e-01	2.54172511e+00
1.72106431e-04	4.84501564e+00	8.55468713e-01	2.56784349e+00
2.02475553e-04	4.44864268e+00	8.46492388e-01	2.59278109e+00
2.37292126e-04	4.12126795e+00	8.38005807e-01	2.61685970e+00
2.77759703e-04	3.84788887e+00	8.30040022e-01	2.64033156e+00
3.25593478e-04	3.61765851e+00	8.22648826e-01	2.66340737e+00
3.83338850e-04	3.42270005e+00	8.15913743e-01	2.68627815e+00
4.54971620e-04	3.25735398e+00	8.09955796e-01	2.70914168e+00
5.47130977e-04	3.11618047e+00	8.04973781e-01	2.73214654e+00
6.71962865e-04	2.99465146e+00	8.01288635e-01	2.75538339e+00
8.54845697e-04	2.89446905e+00	7.99414471e-01	2.77969734e+00
1.16151357e-03	2.81200305e+00	8.00527497e-01	2.80539749e+00
1.85302501e-03	2.70365502e+00	8.08304544e-01	2.83505416e+00
5.05888921e-02	2.77562999e+00	8.82038797e-01	2.91616672e+00
