1.00000000e-06	1.73648311e+01	9.96291071e-01	1.88675055e+00
1.35935639e-06	1.86564515e+01	9.95038830e-01	1.91687856e+00
1.84784980e-06	1.99022065e+01	9.93386986e-01	1.94760577e+00
2.51188643e-06	2.10083384e+01	9.91223962e-01	1.97534045e+00
3.41454887e-06	2.18456198e+01	9.88419068e-01	1.99987449e+00
4.64158883e-06	2.22941075e+01	9.84825779e-01	2.02561004e+00
6.30957344e-06	2.22857338e+01	9.80286699e-01	2.05784525e+00
8.57695899e-06	2.18044167e+01	9.74641989e-01	2.09808909e+00
1.16591440e-05	2.08498966e+01	9.67747721e-01	2.14317525e+00
1.58489319e-05	1.94237368e+01	9.59506217e-01	2.18902501e+00
2.15443469e-05	1.75745383e+01	9.49888333e-01	2.23454558e+00
2.92864456e-05	1.54399811e+01	9.38920111e-01	2.28100910e+00
3.98107171e-05	1.32143020e+01	9.26643513e-01	2.32901957e+00
5.41169527e-05	1.10776617e+01	9.13091875e-01	2.37766399e+00
7.35642254e-05	9.15840223e+00	8.98299905e-01	2.42595555e+00
1.00000000e-04	7.53136385e+00	8.82354204e-01	2.47382413e+00
1.21441818e-04	6.66931467e+00	8.71760623e-01	2.50406720e+00
1.45311983e-04	5.98163932e+00	8.61767777e-01	2.53206130e+00
1.72106431e-04	5.42564998e+00	8.52291001e-01	2.55847202e+00
2.02475553e-04	4.97019074e+00	8.43295504e-01	2.58375140e+00
2.37292126e-04	4.59263004e+00	8.34780914e-01	2.60822502e+00
2.77759703e-04	4.27649597e+00	8.26773921e-01	2.63214357e+00
3.25593478e-04	4.00973254e+00	8.19327133e-01	2.65571488e+00
3.83338850e-04	3.78349098e+00	8.12523571e-01	2.67912814e+00
4.54971620e-04	3.59135818e+00	8.06488251e-01	2.70258108e+00
5.47130977e-04	3.42733387e+00	8.01426069e-01	2.72622387e+00
6.71962865e-04	3.28652121e+00	7.97668076e-01	2.75014775e+00
8.54845697e-04	3.17027937e+00	7.95750834e-01	2.77521396e+00
1.16151357e-03	3.07534458e+00	7.96885267e-01	2.80173439e+00
1.85302501e-03	2.95343144e+00	8.04877508e-01	2.83231731e+00
5.05888921e-02	3.04575738e+00	8.80580157e-01	2.91548583e+00
