1.00000000e-06	1.76926946e+01	9.96282490e-01	1.86091577e+00
1.35935639e-06	1.89501938e+01	9.95026379e-01	1.89553165e+00
1.84784980e-06	2.01809786e+01	9.93368519e-01	1.93191937e+00
2.51188643e-06	2.13080579e+01	9.91195382e-01	1.96604357e+00
3.41454887e-06	2.22069719e+01	9.88372980e-01	1.99559958e+00
4.64158883e-06	2.27408685e+01	9.84750642e-01	2.02318760e+00
6.30957344e-06	2.28145358e+01	9.80166847e-01	2.05443687e+00
8.57695899e-06	2.23958967e+01	9.74457546e-01	2.09288031e+00
1.16591440e-05	2.14881541e+01	9.67472394e-01	2.13713413e+00
1.58489319e-05	2.00997173e+01	9.59104427e-01	2.18321204e+00
2.15443469e-05	1.82707126e+01	9.49319269e-01	2.22901828e+00
2.92864456e-05	1.61237069e+01	9.38151111e-01	2.27534837e+00
3.98107171e-05	1.38513849e+01	9.25662708e-01	2.32317971e+00
5.41169527e-05	1.16462277e+01	9.11911866e-01	2.37197226e+00
7.35642254e-05	9.64966791e+00	8.96956429e-01	2.42065488e+00
1.00000000e-04	7.94504978e+00	8.80901037e-01	2.46891128e+00
1.21441818e-04	7.03685112e+00	8.70267485e-01	2.49935239e+00
1.45311983e-04	6.30965665e+00	8.60254704e-01	2.52751390e+00
1.72106431e-04	5.71995962e+00	8.50769053e-01	2.55408457e+00
2.02475553e-04	5.23576867e+00	8.41769120e-01	2.57953142e+00
2.37292126e-04	4.83368631e+00	8.33249994e-01	2.60418808e+00
2.77759703e-04	4.49657760e+00	8.25235596e-01	2.62830887e+00
3.25593478e-04	4.21183401e+00	8.17777235e-01	2.65210310e+00
3.83338850e-04	3.97015904e+00	8.10957911e-01	2.67576051e+00
4.54971620e-04	3.76478835e+00	8.04903862e-01	2.69947961e+00
5.47130977e-04	3.58946284e+00	7.99822216e-01	2.72341160e+00
6.71962865e-04	3.43912689e+00	7.96048082e-01	2.74764819e+00
8.54845697e-04	3.31499596e+00	7.94127860e-01	2.77305797e+00
1.16151357e-03	3.21399768e+00	7.95288088e-01	2.79995528e+00
1.85302501e-03	3.14120437e+00	8.02974418e-01	2.83092816e+00
5.05888921e-02	3.18938881e+00	8.79984248e-01	2.91511907e+00
