1.00000000e-06	8.13898874e+00	9.96869079e-01	2.08845939e+00
1.35935639e-06	8.02377906e+00	9.95943558e-01	2.12771949e+00
1.84784980e-06	7.70805979e+00	9.94788107e-01	2.16116705e+00
2.51188643e-06	7.18844148e+00	9.93362660e-01	2.19327956e+00
3.41454887e-06	6.50837916e+00	9.91617384e-01	2.22768798e+00
4.64158883e-06	5.74304488e+00	9.89485088e-01	2.26554484e+00
6.30957344e-06	4.97150123e+00	9.86877444e-01	2.30574096e+00
8.57695899e-06	4.25387354e+00	9.83689573e-01	2.34617726e+00
1.16591440e-05	3.62389821e+00	9.79810934e-01	2.38507547e+00
1.58489319e-05	3.09366348e+00	9.75134721e-01	2.42163625e+00
2.15443469e-05	2.66160808e+00	9.69561277e-01	2.45596744e+00
2.92864456e-05	2.31866099e+00	9.62999530e-01	2.48866206e+00
3.98107171e-05	2.05216666e+00	9.55375151e-01	2.52041567e+00
5.41169527e-05	1.84851376e+00	9.46652165e-01	2.55182624e+00
7.35642254e-05	1.69488262e+00	9.36869645e-01	2.58332776e+00
1.00000000e-04	1.58019446e+00	9.26189411e-01	2.61516273e+00
1.21441818e-04	1.52185690e+00	9.19123648e-01	2.63548877e+00
1.45311983e-04	1.47764377e+00	9.12494966e-01	2.65433778e+00
1.72106431e-04	1.44307482e+00	9.06266349e-01	2.67210160e+00
2.02475553e-04	1.41532146e+00	9.00418144e-01	2.68905131e+00
2.37292126e-04	1.39259812e+00	8.94943589e-01	2.70538538e+00
2.77759703e-04	1.37375918e+00	8.89847882e-01	2.72125906e+00
3.25593478e-04	1.35807112e+00	8.85149206e-01	2.73680311e+00
3.83338850e-04	1.34509782e+00	8.80881895e-01	2.75213960e+00
4.54971620e-04	1.29987816e+00	8.77497507e-01	2.76751911e+00
5.47130977e-04	1.29480381e+00	8.74268515e-01	2.78278412e+00
6.71962865e-04	1.29460252e+00	8.71752261e-01	2.79816501e+00
8.54845697e-04	1.29676264e+00	8.70275696e-01	2.81428425e+00
1.16151357e-03	1.29813563e+00	8.70507354e-01	2.83148578e+00
1.85302501e-03	1.29995385e+00	8.74280385e-01	2.85181025e+00
5.05888921e-02	1.30857519e+00	9.13206238e-01	2.91526931e+00
