1.00000000e-06	1.79140857e+01	9.96301065e-01	1.86066238e+00
1.35935639e-06	1.90633864e+01	9.95057808e-01	1.89015284e+00
1.84784980e-06	2.00645654e+01	9.93423685e-01	1.91540318e+00
2.51188643e-06	2.08160657e+01	9.91294634e-01	1.94052199e+00
3.41454887e-06	2.12425182e+01	9.88549732e-01	1.97106787e+00
4.64158883e-06	2.13060613e+01	9.85052838e-01	2.01030878e+00
6.30957344e-06	2.09883479e+01	9.80657795e-01	2.05692932e+00
8.57695899e-06	2.02599670e+01	9.75222206e-01	2.10620437e+00
1.16591440e-05	1.90845800e+01	9.68630675e-01	2.15425492e+00
1.58489319e-05	1.74750045e+01	9.60813323e-01	2.20097468e+00
2.15443469e-05	1.55367679e+01	9.51740374e-01	2.24831657e+00
2.92864456e-05	1.34403865e+01	9.41396472e-01	2.29702269e+00
3.98107171e-05	1.13577767e+01	9.29758003e-01	2.34604936e+00
5.41169527e-05	9.42570741e+00	9.16785697e-01	2.39428958e+00
7.35642254e-05	7.73918889e+00	9.02442173e-01	2.44169490e+00
1.00000000e-04	6.34796512e+00	8.86770766e-01	2.48882527e+00
1.21441818e-04	5.62560053e+00	8.76270501e-01	2.51866015e+00
1.45311983e-04	5.05642390e+00	8.66328105e-01	2.54623805e+00
1.72106431e-04	4.60052469e+00	8.56886875e-01	2.57218001e+00
2.02475553e-04	4.22962170e+00	8.47930584e-01	2.59692053e+00
2.37292126e-04	3.92368810e+00	8.39469873e-01	2.62078279e+00
2.77759703e-04	3.66846090e+00	8.31536623e-01	2.64402095e+00
3.25593478e-04	3.45367443e+00	8.24184237e-01	2.66684713e+00
3.83338850e-04	3.27190267e+00	8.17492860e-01	2.68945281e+00
4.54971620e-04	3.11783964e+00	8.11581080e-01	2.71203507e+00
5.47130977e-04	2.98630406e+00	8.06644470e-01	2.73474138e+00
6.71962865e-04	2.87293548e+00	8.02999082e-01	2.75766216e+00
8.54845697e-04	2.77955807e+00	8.01148942e-01	2.78163450e+00
1.16151357e-03	2.70239627e+00	8.02254395e-01	2.80696716e+00
1.85302501e-03	2.60022636e+00	8.09929919e-01	2.83621128e+00
5.05888921e-02	2.66491999e+00	8.82758789e-01	2.91642766e+00
