1.00000000e-06	1.74232885e+01	9.96288787e-01	1.88114319e+00
1.35935639e-06	1.87089256e+01	9.95035435e-01	1.91232045e+00
1.84784980e-06	1.99554519e+01	9.93381787e-01	1.94456469e+00
2.51188643e-06	2.10746721e+01	9.91215595e-01	1.97406682e+00
3.41454887e-06	2.19380437e+01	9.88405075e-01	1.99985074e+00
4.64158883e-06	2.24190324e+01	9.84802385e-01	2.02577089e+00
6.30957344e-06	2.24405219e+01	9.80248845e-01	2.05734486e+00
8.57695899e-06	2.19820181e+01	9.74583243e-01	2.09680572e+00
1.16591440e-05	2.10452655e+01	9.67659422e-01	2.14153450e+00
1.58489319e-05	1.96339957e+01	9.59376553e-01	2.18739856e+00
2.15443469e-05	1.77934051e+01	9.49703972e-01	2.23293941e+00
2.92864456e-05	1.56561199e+01	9.38670708e-01	2.27929433e+00
3.98107171e-05	1.34162638e+01	9.26325623e-01	2.32720845e+00
5.41169527e-05	1.12582360e+01	9.12710003e-01	2.37588172e+00
7.35642254e-05	9.31457275e+00	8.97866085e-01	2.42428437e+00
1.00000000e-04	7.66283524e+00	8.81886205e-01	2.47226242e+00
1.21441818e-04	6.78603397e+00	8.71280512e-01	2.50256096e+00
1.45311983e-04	6.08571495e+00	8.61281788e-01	2.53060301e+00
1.72106431e-04	5.51894055e+00	8.51802417e-01	2.55706130e+00
2.02475553e-04	5.05428919e+00	8.42805475e-01	2.58239225e+00
2.37292126e-04	4.66888919e+00	8.34289117e-01	2.60692350e+00
2.77759703e-04	4.34605325e+00	8.26279185e-01	2.63090657e+00
3.25593478e-04	4.07354598e+00	8.18827922e-01	2.65454960e+00
3.83338850e-04	3.84237570e+00	8.12018384e-01	2.67804174e+00
4.54971620e-04	3.64601635e+00	8.05976031e-01	2.70158084e+00
5.47130977e-04	3.47838547e+00	8.00906526e-01	2.72531740e+00
6.71962865e-04	3.33453491e+00	7.97142305e-01	2.74934275e+00
8.54845697e-04	3.21577593e+00	7.95223223e-01	2.77452045e+00
1.16151357e-03	3.11890420e+00	7.96365430e-01	2.80116319e+00
1.85302501e-03	3.04854520e+00	8.03982907e-01	2.83184355e+00
5.05888921e-02	3.09087747e+00	8.80383206e-01	2.91537020e+00
