1.00000000e-06	8.70897303e+00	9.96814774e-01	2.04966832e+00
1.35935639e-06	8.60662663e+00	9.95865548e-01	2.09953554e+00
1.84784980e-06	8.32732376e+00	9.94675384e-01	2.14200943e+00
2.51188643e-06	7.84397199e+00	9.93202458e-01	2.17919445e+00
3.41454887e-06	7.17334501e+00	9.91398753e-01	2.21502728e+00
4.64158883e-06	6.37734037e+00	9.89201672e-01	2.25247179e+00
6.30957344e-06	5.54009285e+00	9.86525638e-01	2.29220189e+00
8.57695899e-06	4.73784735e+00	9.83261132e-01	2.33302425e+00
1.16591440e-05	4.02045344e+00	9.79284425e-01	2.37315561e+00
1.58489319e-05	3.41004610e+00	9.74472250e-01	2.41133464e+00
2.15443469e-05	2.90922975e+00	9.68712690e-01	2.44722409e+00
2.92864456e-05	2.50971404e+00	9.61910784e-01	2.48120102e+00
3.98107171e-05	2.19810091e+00	9.53996299e-01	2.51394727e+00
5.41169527e-05	1.95937546e+00	9.44942913e-01	2.54614047e+00
7.35642254e-05	1.77905713e+00	9.34802947e-01	2.57830442e+00
1.00000000e-04	1.64441093e+00	9.23754233e-01	2.61074658e+00
1.21441818e-04	1.57630993e+00	9.16457453e-01	2.63144502e+00
1.45311983e-04	1.52459469e+00	9.09622919e-01	2.65063543e+00
1.72106431e-04	1.48412183e+00	9.03210287e-01	2.66871942e+00
2.02475553e-04	1.45162765e+00	8.97197773e-01	2.68597426e+00
2.37292126e-04	1.42502698e+00	8.91577359e-01	2.70260269e+00
2.77759703e-04	1.40297913e+00	8.86353486e-01	2.71876259e+00
3.25593478e-04	1.38460224e+00	8.81544321e-01	2.73458707e+00
3.83338850e-04	1.36934993e+00	8.77184880e-01	2.75020016e+00
4.54971620e-04	1.31609846e+00	8.73809614e-01	2.76588846e+00
5.47130977e-04	1.31001215e+00	8.70522638e-01	2.78142005e+00
6.71962865e-04	1.30979742e+00	8.67965792e-01	2.79706372e+00
8.54845697e-04	1.31206971e+00	8.66487330e-01	2.81345287e+00
1.16151357e-03	1.31352963e+00	8.66780560e-01	2.83093121e+00
1.85302501e-03	1.31566425e+00	8.70740425e-01	2.85155265e+00
5.05888921e-02	1.32363234e+00	9.12195276e-01	2.91555291e+00
