1.00000000e-06	1.76131284e+01	9.96318523e-01	1.85982207e+00
1.35935639e-06	1.85745008e+01	9.95088530e-01	1.87906375e+00
1.84784980e-06	1.93290542e+01	9.93477904e-01	1.90242053e+00
2.51188643e-06	1.98264041e+01	9.91387797e-01	1.93407087e+00
3.41454887e-06	2.00394892e+01	9.88703102e-01	1.97561401e+00
4.64158883e-06	1.99470977e+01	9.85294715e-01	2.02456647e+00
6.30957344e-06	1.95067954e+01	9.81028071e-01	2.07554567e+00
8.57695899e-06	1.86571262e+01	9.75780116e-01	2.12429967e+00
1.16591440e-05	1.73706213e+01	9.69456699e-01	2.17073630e+00
1.58489319e-05	1.57071018e+01	9.61995201e-01	2.21733307e+00
2.15443469e-05	1.38047127e+01	9.53349470e-01	2.26547189e+00
2.92864456e-05	1.18246170e+01	9.43470101e-01	2.31428686e+00
3.98107171e-05	9.90964265e+00	9.32289613e-01	2.36235540e+00
5.41169527e-05	8.17293874e+00	9.19716347e-01	2.40930072e+00
7.35642254e-05	6.69077253e+00	9.05667622e-01	2.45565144e+00
1.00000000e-04	5.49329518e+00	8.90182237e-01	2.50193056e+00
1.21441818e-04	4.87983692e+00	8.79766008e-01	2.53120407e+00
1.45311983e-04	4.40011608e+00	8.69895500e-01	2.55820257e+00
1.72106431e-04	4.01791194e+00	8.60530007e-01	2.58353595e+00
2.02475553e-04	3.70811358e+00	8.51661657e-01	2.60764012e+00
2.37292126e-04	3.45324391e+00	8.43304208e-01	2.63084248e+00
2.77759703e-04	3.24101728e+00	8.35489166e-01	2.65340014e+00
3.25593478e-04	3.06268870e+00	8.28267040e-01	2.67552542e+00
3.83338850e-04	2.91197639e+00	8.21713190e-01	2.69740779e+00
4.54971620e-04	2.78443170e+00	8.15939400e-01	2.71924016e+00
5.47130977e-04	2.67551591e+00	8.11132565e-01	2.74116585e+00
6.71962865e-04	2.58129910e+00	8.07595913e-01	2.76327379e+00
8.54845697e-04	2.50387529e+00	8.05807904e-01	2.78637795e+00
1.16151357e-03	2.43930348e+00	8.06886891e-01	2.81078601e+00
1.85302501e-03	2.35230169e+00	8.14285945e-01	2.83899758e+00
5.05888921e-02	2.40210116e+00	8.84747563e-01	2.91699980e+00
