1.00000000e-06	1.28837489e+01	9.96529583e-01	1.97894269e+00
1.35935639e-06	1.32259530e+01	9.95425637e-01	1.99707175e+00
1.84784980e-06	1.32815026e+01	9.94014227e-01	2.02147216e+00
2.51188643e-06	1.30351597e+01	9.92232887e-01	2.05546635e+00
3.41454887e-06	1.25024220e+01	9.90014309e-01	2.09835712e+00
4.64158883e-06	1.17131011e+01	9.87287627e-01	2.14628270e+00
6.30957344e-06	1.07011625e+01	9.83980005e-01	2.19474864e+00
8.57695899e-06	9.51478505e+00	9.80013855e-01	2.24122458e+00
1.16591440e-05	8.23296550e+00	9.75292766e-01	2.28572546e+00
1.58489319e-05	6.95946072e+00	9.69680027e-01	2.32933731e+00
2.15443469e-05	5.79134120e+00	9.62990512e-01	2.37262746e+00
2.92864456e-05	4.78965260e+00	9.55016414e-01	2.41528901e+00
3.98107171e-05	3.97322303e+00	9.45584254e-01	2.45673899e+00
5.41169527e-05	3.33114814e+00	9.34620296e-01	2.49674602e+00
7.35642254e-05	2.83871823e+00	9.22205449e-01	2.53557543e+00
1.00000000e-04	2.46813127e+00	9.08617157e-01	2.57373373e+00
1.21441818e-04	2.28376349e+00	8.99638541e-01	2.59770404e+00
1.45311983e-04	2.14254172e+00	8.91256133e-01	2.61978346e+00
1.72106431e-04	2.03152759e+00	8.83422005e-01	2.64050706e+00
2.02475553e-04	1.94230211e+00	8.76109809e-01	2.66023694e+00
2.37292126e-04	1.86930200e+00	8.69309551e-01	2.67923067e+00
2.77759703e-04	1.80877401e+00	8.63026447e-01	2.69768289e+00
3.25593478e-04	1.75814630e+00	8.57282415e-01	2.71575191e+00
3.83338850e-04	1.71566278e+00	8.52120348e-01	2.73358049e+00
4.54971620e-04	1.68020334e+00	8.47612499e-01	2.75131937e+00
5.47130977e-04	1.64979200e+00	8.43894624e-01	2.76908549e+00
6.71962865e-04	1.62239162e+00	8.41192806e-01	2.78696481e+00
8.54845697e-04	1.55032366e+00	8.40456774e-01	2.80586975e+00
1.16151357e-03	1.55228303e+00	8.41059025e-01	2.82557158e+00
1.85302501e-03	1.55623676e+00	8.46280375e-01	2.84861491e+00
5.05888921e-02	1.56848400e+00	9.01298713e-01	2.91705776e+00
