1.00000000e-06	1.73382955e+01	9.96330945e-01	1.83900974e+00
1.35935639e-06	1.81318563e+01	9.95111247e-01	1.86321154e+00
1.84784980e-06	1.87286157e+01	9.93517612e-01	1.89486197e+00
2.51188643e-06	1.91002585e+01	9.91453818e-01	1.93605736e+00
3.41454887e-06	1.92269800e+01	9.88807884e-01	1.98546251e+00
4.64158883e-06	1.90725674e+01	9.85455645e-01	2.03823993e+00
6.30957344e-06	1.85696818e+01	9.81271524e-01	2.08905843e+00
8.57695899e-06	1.76516715e+01	9.76144663e-01	2.13616743e+00
1.16591440e-05	1.63154491e+01	9.69989646e-01	2.18180974e+00
1.58489319e-05	1.46484055e+01	9.62742206e-01	2.22865164e+00
2.15443469e-05	1.27934444e+01	9.54344107e-01	2.27696371e+00
2.92864456e-05	1.08980740e+01	9.44727307e-01	2.32524376e+00
3.98107171e-05	9.09100377e+00	9.33798761e-01	2.37237850e+00
5.41169527e-05	7.47524604e+00	9.21436609e-01	2.41849365e+00
7.35642254e-05	6.11568853e+00	9.07540054e-01	2.46422816e+00
1.00000000e-04	5.03030684e+00	8.92159862e-01	2.50993646e+00
1.21441818e-04	4.47809978e+00	8.81803964e-01	2.53880078e+00
1.45311983e-04	4.04788697e+00	8.71994673e-01	2.56538073e+00
1.72106431e-04	3.70599028e+00	8.62697729e-01	2.59028822e+00
2.02475553e-04	3.42933209e+00	8.53907635e-01	2.61396279e+00
2.37292126e-04	3.20199561e+00	8.45637965e-01	2.63673378e+00
2.77759703e-04	3.01286062e+00	8.37918544e-01	2.65885818e+00
3.25593478e-04	2.85404771e+00	8.30797221e-01	2.68054660e+00
3.83338850e-04	2.71992617e+00	8.24345799e-01	2.70198547e+00
4.54971620e-04	2.60652679e+00	8.18671573e-01	2.72336390e+00
5.47130977e-04	2.50967195e+00	8.13955945e-01	2.74482214e+00
6.71962865e-04	2.42568150e+00	8.10494186e-01	2.76644802e+00
8.54845697e-04	2.35678778e+00	8.08749539e-01	2.78904115e+00
1.16151357e-03	2.29904132e+00	8.09814321e-01	2.81290893e+00
1.85302501e-03	2.22100620e+00	8.17038772e-01	2.84051574e+00
5.05888921e-02	2.26372233e+00	8.86054018e-01	2.91726588e+00
