53	5.77969288415331e+04	9.90000000000000e-01
0.00000000000000e+00	1.52915243950724e-02	-2.72068210018794e-05	2.99169841840303e-02	1.49808514242322e-02	-2.82406005456259e-05
5.89508415953186e-02	1.46762725046270e-02	-2.93511577900141e-05	8.71448157411976e-02	1.43772219449532e-02	-3.05286919950465e-05
1.14539587365090e-01	1.40831670898551e-02	-3.17787066146380e-05	1.41173474853426e-01	1.37935828877926e-02	-3.31072831949442e-05
1.67082617548717e-01	1.35079486172327e-02	-3.45211549797053e-05	1.92301143597291e-01	1.32257445441248e-02	-3.60277928672659e-05
2.16861323980397e-01	1.29464484613746e-02	-3.76355055329292e-05	2.40793714200872e-01	1.26695320517696e-02	-3.93535531320044e-05
2.64127284945453e-01	1.23944570232015e-02	-4.11922829364197e-05	2.86889542911913e-01	1.21206709395372e-02	-4.31632849624553e-05
3.09106642878316e-01	1.18476026762662e-02	-4.52795764342984e-05	3.30803491996570e-01	1.15746574050652e-02	-4.75558173627100e-05
3.52003847212831e-01	1.13012110065707e-02	-5.00085678700746e-05	3.72730406651701e-01	1.10266037709372e-02	-5.26565875138552e-05
3.93004895749198e-01	1.07501332584303e-02	-5.55212026680518e-05	4.12848148880126e-01	1.04710460973572e-02	-5.86267318123390e-05
4.32280187199616e-01	1.01885285339276e-02	-6.20010105103486e-05	4.51320293405640e-01	9.90169542535901e-03	-6.56760178969762e-05
4.69987084131097e-01	9.60957735170820e-03	-6.96886436972743e-05	4.88298580691542e-01	9.31110538553148e-03	-7.40816104860542e-05
5.06272278950633e-01	9.00509304468744e-03	-7.89046359817025e-05	5.23925219122344e-01	8.69021466634168e-03	-8.42158435607754e-05
5.41274056412958e-01	8.36497937096126e-03	-9.00835216099960e-05	5.58335133521696e-01	8.02769953288451e-03	-9.65883544838952e-05
5.75124556175801e-01	7.67645224620495e-03	-1.03826220785974e-04	5.91658273086520e-01	7.30903188482057e-03	-1.11911736613735e-04
6.07952161992402e-01	6.92289141763025e-03	-1.20982893738075e-04	6.24022123827825e-01	6.51506886591369e-03	-1.31206955817476e-04
6.39884187553256e-01	6.08209475104604e-03	-1.42788302913255e-04	6.55554628849496e-01	5.61987416155141e-03	-1.55978733964890e-04
6.71050106783053e-01	5.12353537336052e-03	-1.71091427198844e-04	6.86387823783112e-01	4.58723272220718e-03	-1.88519633153028e-04
7.01585715981849e-01	4.00388802155871e-03	-2.08762827768494e-04	7.16662683359291e-01	3.36484569993734e-03	-2.32462980191750e-04
7.31638872544272e-01	2.65940733284720e-03	-2.60456383467389e-04	7.46536030046274e-01	1.87419320873428e-03	-2.93848873880176e-04
7.61377950953942e-01	9.92251575900882e-04	-3.34127385997363e-04	7.76191059060541e-01	-8.20812027602091e-06	-3.83329410481137e-04
7.91005171204871e-01	-1.15565588287914e-03	-4.44307420884416e-04	8.05854525232700e-01	-2.48798125691063e-03	-5.21154520292999e-04
8.20779194362569e-01	-4.05668648871160e-03	-6.19914645952013e-04	8.35827083909511e-01	-5.93351143225884e-03	-7.49817328792757e-04
8.51056834755649e-01	-8.22129426797624e-03	-9.25532898321313e-04	8.66542194147221e-01	-1.10725693671436e-02	-1.17154075475456e-03
8.82378873538981e-01	-1.47231019263068e-02	-1.53123011732559e-03	8.98695867756656e-01	-1.95562715300518e-02	-2.08765989314008e-03
9.15675367068021e-01	-2.62364750720306e-02	-3.01690688345957e-03	9.33590818847573e-01	-3.60124191581915e-02	-4.74941521870753e-03
9.52888435809657e-01	-5.14811386166577e-02	-8.59112810947193e-03	9.74393489445982e-01	-7.95821760226476e-02	-1.92393500814505e-02
1.00000000000000e+00	0.00000000000000e+00	0.00000000000000e+00
33	5.77969288415331e+04	1.21580645161290e+00
0.00000000000000e+00	2.43572842632902e-02	-6.57494979421358e-05	4.90010036754065e-02	2.35856009567004e-02	-6.98311423203979e-05
9.57438772243456e-02	2.28375140144921e-02	-7.43168430590302e-05	1.40399495125927e-01	2.21096871600484e-02	-7.92510978659955e-05
1.83123254058441e-01	2.13988781759828e-02	-8.46959365101707e-05	2.24056923762939e-01	2.07018753992969e-02	-9.07245146271052e-05
2.63330259535459e-01	2.00154445127181e-02	-9.74236007915685e-05	3.01062415041915e-01	1.93362710086611e-02	-1.04896738895466e-04
3.37363188192970e-01	1.86608958637602e-02	-1.13268299626545e-04	3.72334127971532e-01	1.79856413878290e-02	-1.22688727907105e-04
4.06069526362687e-01	1.73065233252949e-02	-1.33341397669184e-04	4.38657316744896e-01	1.66191440572381e-02	-1.45451667028951e-04
4.70179898174599e-01	1.59185599670020e-02	-1.59298989855783e-04	5.00714903909312e-01	1.51991133754603e-02	-1.75233299461119e-04
5.30335932313967e-01	1.44542156746352e-02	-1.93697510777024e-04	5.59113259117014e-01	1.36760625001813e-02	-2.15258877895197e-04
5.87114552090519e-01	1.28552531120802e-02	-2.40653433816407e-04	6.14405613074813e-01	1.19802727341716e-02	-2.70850165040137e-04
6.41051178609867e-01	1.10367753967588e-02	-3.07145634468098e-04	6.67115820533168e-01	1.00065703871699e-02	-3.51306695126175e-04
6.92665003887833e-01	8.86615866142759e-03	-4.05791598913963e-04	7.17766385031044e-01	7.58456777883332e-03	-4.74102842715762e-04
7.42491474498838e-01	6.12006107738328e-03	-5.61369831169056e-04	7.66917859070824e-01	4.41497924331347e-03	-6.75350529661500e-04
7.91132298912645e-01	2.38735972325133e-03	-8.28235576564529e-04	8.15235235949404e-01	-8.32577208857987e-05	-1.04008642004239e-03
8.39347670410601e-01	-3.18109252064425e-03	-1.34585138254639e-03	8.63622218633288e-01	-7.20183133573127e-03	-1.81096437786676e-03
8.88262048353457e-01	-1.26494719050488e-02	-2.57008183136365e-03	9.13555961280055e-01	-2.04509331183460e-02	-3.93877935973541e-03
9.39950554411460e-01	-3.24818008360194e-02	-6.81323373786280e-03	9.68222506449694e-01	-5.35285769846827e-02	-1.40869423932566e-02
1.00000000000000e+00	0.00000000000000e+00	0.00000000000000e+00
23	5.77969288415331e+04	1.44161290322581e+00
0.00000000000000e+00	3.47018169026831e-02	-1.24665651209721e-04	7.14792885129710e-02	3.31766721884454e-02	-1.35758695495092e-04
1.38368173184069e-01	3.17173098444947e-02	-1.48417688493607e-04	2.01144680674637e-01	3.03109308784733e-02	-1.62945290217653e-04
2.60227845148115e-01	2.89450819608483e-02	-1.79729645657378e-04	3.15987305443583e-01	2.76072457623582e-02	-1.99265440410823e-04
3.68751261025278e-01	2.62843957336709e-02	-2.22191089363388e-04	4.18813152228185e-01	2.49624687982708e-02	-2.49342026654498e-04
4.66437358166942e-01	2.36257029024849e-02	-2.81828590240174e-04	5.11864156404019e-01	2.22557617638084e-02	-3.21152411818959e-04
5.55314158897908e-01	2.08305276316298e-02	-3.69384726724542e-04	5.96992428371355e-01	1.93223718983533e-02	-4.29447412523043e-04
6.37092491076477e-01	1.76955885407337e-02	-5.05570488046336e-04	6.75800504437494e-01	1.59024486954620e-02	-6.04065355567229e-04
7.13299929475576e-01	1.38769055217334e-02	-7.34690269976079e-04	7.49777236245595e-01	1.15241272807300e-02	-9.13190678309972e-04
7.85429516751413e-01	8.70225124636259e-03	-1.16633273216515e-03	8.20475576426661e-01	5.18875628414106e-03	-1.54268533882096e-03
8.55173565540828e-01	6.14205172778104e-04	-2.13812329285967e-03	8.89851683151322e-01	-5.67931550876632e-03	-3.16460569542376e-03
9.24967549239176e-01	-1.49710214826986e-02	-5.17303643756661e-03	9.61239532754674e-01	-3.03256383149332e-02	-9.69719954054016e-03
1.00000000000000e+00	0.00000000000000e+00	0.00000000000000e+00
16	5.77969288415331e+04	1.66741935483871e+00
0.00000000000000e+00	4.98160201700979e-02	-2.35420767280781e-04	1.04287905021688e-01	4.67799141337806e-02	-2.65521202916119e-04
1.99255441653935e-01	4.39291965483559e-02	-3.01836103004050e-04	2.86231517623866e-01	4.12144449265828e-02	-3.46203472592288e-04
3.66323614126568e-01	3.85873498623923e-02	-4.01203471264377e-04	4.40466417546450e-01	3.59974331372250e-02	-4.70542154372922e-04
5.09459666702164e-01	3.33879673112165e-02	-5.59698350596882e-04	5.73998543999252e-01	3.06902584460065e-02	-6.77050538992141e-04
6.34699216437252e-01	2.78148384895152e-02	-8.35939349707493e-04	6.92121852811932e-01	2.46368010010563e-02	-1.05867363610734e-03
7.46793669165401e-01	2.09696073820069e-02	-1.38490022993887e-03	7.99235606323130e-01	1.65148131360537e-02	-1.89077384166469e-03
8.49999076607986e-01	1.07575018918458e-02	-2.73845941354423e-03	8.99726710651515e-01	2.72762552847428e-03	-4.32683314410798e-03
9.49273077696380e-01	-9.73265605610085e-03	-7.74270271541377e-03	1.00000000000000e+00	0.00000000000000e+00	0.00000000000000e+00
13	5.77969288415331e+04	1.89322580645161e+00
0.00000000000000e+00	6.08988465686462e-02	-3.11877111033310e-04	1.29737452740702e-01	5.65220550826970e-02	-3.59182848908901e-04
2.45594807541757e-01	5.24798986741482e-02	-4.18215271227984e-04	3.49900370561329e-01	4.86735485512779e-02	-4.93207928957240e-04
4.44526668308205e-01	4.50074640699809e-02	-5.90503992901281e-04	5.31006745335096e-01	4.13801703111611e-02	-7.19951604917002e-04
6.10620769439272e-01	3.76720926198431e-02	-8.97519299930760e-04	6.84463686352166e-01	3.37267076333916e-02	-1.15051320678683e-03
7.53502291844772e-01	2.93175023642893e-02	-1.52884475908466e-03	8.18629949046737e-01	2.40838631495679e-02	-2.13196136394989e-03
8.80730383834024e-01	1.73939943583639e-02	-3.18248209478345e-03	9.40773132064608e-01	7.99202994546699e-03	-5.24080908577496e-03
1.00000000000000e+00	0.00000000000000e+00	0.00000000000000e+00
11	5.77969288415331e+04	2.11903225806452e+00
0.00000000000000e+00	7.14013607121324e-02	-3.68484655439705e-04	1.54532953694481e-01	6.56123572646943e-02	-4.30583087848380e-04
2.90037722078775e-01	6.03624982518982e-02	-5.09922782611749e-04	4.10118184452016e-01	5.54875212488550e-02	-6.13550222690495e-04
5.17578402125552e-01	5.08331831737652e-02	-7.52531488525277e-04	6.14649705966737e-01	4.62367858086921e-02	-9.45053453111466e-04
7.03152582931179e-01	4.15025509394980e-02	-1.22273774062975e-03	7.84619248278699e-01	3.63612280264847e-02	-1.64461981100472e-03
8.60396535312047e-01	3.03928057174716e-02	-2.33165595462137e-03	9.31749553421105e-01	2.28928460936189e-02	-3.59912398103601e-03
1.00000000000000e+00	0.00000000000000e+00	0.00000000000000e+00
11	5.77969288415331e+04	2.34483870967742e+00
0.00000000000000e+00	6.96771594080483e-02	-2.89085528949018e-04	1.54674562177858e-01	6.43282284163704e-02	-3.31991586762115e-04
2.90652671125866e-01	5.95055248513507e-02	-3.85263220151533e-04	4.11358373342868e-01	5.50745348150297e-02	-4.52534302377572e-04
5.19465162583313e-01	5.09160963877793e-02	-5.39189915405469e-04	6.17100597687593e-01	4.69151592285084e-02	-6.53482043611486e-04
7.05991248757536e-01	4.29484451134357e-02	-8.08579975506207e-04	7.87569327061164e-01	3.88677349381223e-02	-1.02656315929450e-03
8.63055530953140e-01	3.44729471756731e-02	-1.34678833716118e-03	9.33529532938577e-01	2.95329030407943e-02	-1.91572587801048e-03
1.00000000000000e+00	0.00000000000000e+00	0.00000000000000e+00
11	5.77969288415331e+04	2.57064516129032e+00
0.00000000000000e+00	6.79004017866149e-02	-2.20213254015222e-04	1.54412094649243e-01	6.29645536108963e-02	-2.48511425968490e-04
2.90531022762704e-01	5.85338848775909e-02	-2.82660374137045e-04	4.11596527804608e-01	5.44968369336609e-02	-3.24391110314126e-04
5.20149749845334e-01	5.07588867028099e-02	-3.76130152995424e-04	6.18217075725641e-01	4.72351418501085e-02	-4.41359685012577e-04
7.07440510022014e-01	4.38435855798116e-02	-5.25221308616208e-04	7.89172596775103e-01	4.04977473545338e-02	-6.35565101068769e-04
8.64547712559917e-01	3.70971942776104e-02	-7.84863482193865e-04	9.34537951671699e-01	3.36046632310794e-02	-1.08590773245476e-03
1.00000000000000e+00	0.00000000000000e+00	0.00000000000000e+00
11	5.77969288415331e+04	2.79645161290323e+00
0.00000000000000e+00	6.60637204320511e-02	-1.63253009946462e-04	1.53803195370506e-01	6.15102721549068e-02	-1.81150946925390e-04
2.89781467721969e-01	5.74340942210991e-02	-2.02172832139524e-04	4.10988505233799e-01	5.37412487900106e-02	-2.27088232287453e-04
5.19832628446528e-01	5.03543744657036e-02	-2.56922696570294e-04	6.18241355748003e-01	4.72073320136916e-02	-2.93063346638034e-04
7.07778751275951e-01	4.42409121935703e-02	-3.37423472840381e-04	7.89730881449318e-01	4.13990068790431e-02	-3.92701723582078e-04
8.65169383134184e-01	3.86246932879060e-02	-4.62803570071335e-04	9.34999879120782e-01	3.59589551443009e-02	-6.57494284722171e-04
1.00000000000000e+00	0.00000000000000e+00	0.00000000000000e+00
11	5.77969288415331e+04	3.02225806451613e+00
0.00000000000000e+00	6.41666195805231e-02	-1.18116177046712e-04	1.52908799803610e-01	5.99644000394604e-02	-1.29027729054876e-04
2.88516371232821e-01	5.62068237789539e-02	-1.41529632641024e-04	4.09690746728615e-01	5.28137440135457e-02	-1.55944203871217e-04
5.18707757126711e-01	4.97201103609719e-02	-1.72682780531286e-04	6.17397656740848e-01	4.68718194330262e-02	-1.92273584229463e-04
7.07250513622199e-01	4.42225934231764e-02	-2.15403980887929e-04	7.89493364951817e-01	4.17315013013038e-02	-2.42981710335766e-04
8.65147683019360e-01	3.93608411354154e-02	-2.76225483142101e-04	9.35072901482376e-01	3.71835464206043e-02	-4.26804407100745e-04
1.00000000000000e+00	0.00000000000000e+00	0.00000000000000e+00
11	5.77969288415331e+04	3.24806451612903e+00
0.00000000000000e+00	6.22160796949831e-02	-8.36574327423012e-05	1.51789083885273e-01	5.83355429258330e-02	-9.01026712656350e-05
2.86844435592678e-01	5.48645607748453e-02	-9.73258043015512e-05	4.07850710354822e-01	5.17341328798961e-02	-1.05454841798247e-04
5.16952306873794e-01	4.88885266593966e-02	-1.14647937076162e-04	6.15883356978482e-01	4.62819404279697e-02	-1.25099336414358e-04
7.06062010321958e-01	4.38760453792801e-02	-1.37049736757655e-04	7.88659978285151e-01	4.16381213678703e-02	-1.50800284973274e-04
8.64654621795371e-01	3.95395935974927e-02	-1.66731760301575e-04	9.34868523741902e-01	3.76665685089688e-02	-2.97682421284140e-04
1.00000000000000e+00	0.00000000000000e+00	0.00000000000000e+00
11	5.77969288415331e+04	3.47387096774194e+00
0.00000000000000e+00	6.02253542303561e-02	-5.81757901301216e-05	1.50500252240665e-01	5.66395626905218e-02	-6.18821082665200e-05
2.84865422062335e-01	5.34276865047749e-02	-6.59567092144986e-05	4.05600818245406e-01	5.05300247538223e-02	-7.04477974875495e-05
5.14721325118895e-01	4.78983093227860e-02	-7.54141516106088e-05	6.13866079263525e-01	4.54929816352885e-02	-8.09252995754850e-05
7.04382443817537e-01	4.32811896717862e-02	-8.70639674070972e-05	7.87388467451564e-01	4.12352850204087e-02	-9.39292043071749e-05
8.63820003706027e-01	3.93316727750672e-02	-1.01640406634074e-04	9.34466722124965e-01	3.76616518418043e-02	-2.22692914933376e-04
1.00000000000000e+00	0.00000000000000e+00	0.00000000000000e+00
11	5.77969288415331e+04	3.69967741935484e+00
0.00000000000000e+00	5.82117814881840e-02	-3.98318956980059e-05	1.49092423949356e-01	5.48965663406369e-02	-4.19156891220407e-05
2.82667062341685e-01	5.19204791916343e-02	-4.41694918424940e-05	4.03055537725023e-01	4.92317604903265e-02	-4.66102101868149e-05
5.12146126941791e-01	4.67883913067693e-02	-4.92591041769685e-05	6.11484475056304e-01	4.45558629130400e-02	-5.21405451208157e-05
7.02348061304518e-01	4.25055267155441e-02	-5.52825785267164e-05	7.85802067566584e-01	4.06133529658164e-02	-5.87176095907527e-05
8.62741853695641e-01	3.88589831272956e-02	-6.24832423818944e-05	9.33925643972874e-01	3.73352670636162e-02	-1.77491974979516e-04
1.00000000000000e+00	0.00000000000000e+00	0.00000000000000e+00
11	5.77969288415331e+04	3.92548387096774e+00
0.00000000000000e+00	5.61944123029869e-02	-2.69188802757281e-05	1.47608570360171e-01	5.31280905619578e-02	-2.80685401754521e-05
2.80323825395633e-01	5.03678764337414e-02	-2.92953682863306e-05	4.00310797972960e-01	4.78688827973739e-02	-3.06044632101266e-05
5.09335081296260e-01	4.55944651126310e-02	-3.20033493526051e-05	6.08850938786839e-01	4.35143962697848e-02	-3.35004315961118e-05
7.00067081507711e-01	4.16035051651460e-02	-3.51051218607790e-05	7.83996449769424e-01	3.98406455231604e-02	-3.68279873899091e-05
8.61494360921497e-01	3.82079047644808e-02	-3.86809253136722e-05	9.33288076958773e-01	3.67978802053461e-02	-1.49146559536462e-04
1.00000000000000e+00	0.00000000000000e+00	0.00000000000000e+00
11	5.77969288415331e+04	4.15129032258065e+00
0.00000000000000e+00	5.41919827202837e-02	-1.79958397610314e-05	1.46084292244662e-01	5.13549286457085e-02	-1.86201482132997e-05
2.77897029176129e-01	4.87932542926495e-02	-1.92793018858328e-05	3.97444914708501e-01	4.64680524933827e-02	-1.99740985220576e-05
5.06375712695480e-01	4.43473613651075e-02	-2.07071552817961e-05	6.06055089076850e-01	4.24046739767907e-02	-2.14813341339326e-05
6.97624525735591e-01	4.06178167468518e-02	-2.22997696242011e-05	7.82045531275224e-01	3.89680930211973e-02	-2.31659009037877e-05
8.60133788050952e-01	3.74396213747148e-02	-2.40835077507384e-05	9.32585810552998e-01	3.61237833928989e-02	-1.30578095654421e-04
1.00000000000000e+00	0.00000000000000e+00	0.00000000000000e+00
11	5.77969288415331e+04	4.37709677419355e+00
0.00000000000000e+00	5.22214671841694e-02	-1.19232517548085e-05	1.44548176230029e-01	4.95957109792156e-02	-1.22577172714244e-05
2.75435799796046e-01	4.72171442241403e-02	-1.26081389451027e-05	3.94520348697789e-01	4.50520661841349e-02	-1.29738086753761e-05
5.03337371627747e-01	4.30726126663321e-02	-1.33556241976862e-05	6.03167345190824e-01	4.12555415696274e-02	-1.37545503038350e-05
6.95086534572951e-01	3.95813107244896e-02	-1.41716249382196e-05	7.80006151706056e-01	3.80333678619851e-02	-1.46079660010567e-05
8.58702836346348e-01	3.65975978651092e-02	-1.50647787491298e-05	9.31842623435262e-01	3.53636242378850e-02	-1.17812764987457e-04
1.00000000000000e+00	0.00000000000000e+00	0.00000000000000e+00
11	5.77969288415331e+04	4.60290322580645e+00
0.00000000000000e+00	5.02972311533394e-02	-7.84185679325589e-06	1.43022493497676e-01	4.78661551742245e-02	-8.01889873924821e-06
2.72978477856131e-01	4.56566728164003e-02	-8.20359872544252e-06	3.91585818867986e-01	4.36396076892553e-02	-8.39475541947188e-06
5.00274011527876e-01	4.17906805713550e-02	-8.59267334774039e-06	6.00242256398139e-01	4.00895212064578e-02	-8.79767519501584e-06
6.92504044145066e-01	3.85189113737989e-02	-9.01010310028205e-06	7.77921768588413e-01	3.70641972360684e-02	-9.23032013422365e-06
8.57233876625642e-01	3.57128283816932e-02	-9.45871186686098e-06	9.31076367280970e-01	3.45523589635630e-02	-1.08571221513420e-04
1.00000000000000e+00	0.00000000000000e+00	0.00000000000000e+00
11	5.77969288415331e+04	4.82870967741935e+00
0.00000000000000e+00	4.84306854689855e-02	-5.12658216877959e-06	1.41524057795789e-01	4.61788248765365e-02	-5.21921146168225e-06
2.70554189343115e-01	4.41254936871891e-02	-5.31588817054285e-06	3.88678465217447e-01	4.22454359406070e-02	-5.41527646347184e-06
4.97226817069533e-01	4.05175018757535e-02	-5.51747869859120e-06	5.97321441263746e-01	3.89238443844446e-02	-5.62260211833809e-06
6.89915836465932e-01	3.74492983275738e-02	-5.73075912990717e-06	7.75825357038584e-01	3.60808947440532e-02	-5.84206760545491e-06
8.55751358268088e-01	3.48074769446776e-02	-5.95665115876720e-06	9.30300448498489e-01	3.37143558798774e-02	-1.01521900227608e-04
1.00000000000000e+00	0.00000000000000e+00	0.00000000000000e+00
11	5.77969288415331e+04	5.05451612903226e+00
0.00000000000000e+00	4.66303027757240e-02	-3.33510120631431e-06	1.40065116005994e-01	4.45432286832030e-02	-3.38294281387874e-06
2.68184399582272e-01	4.26340168861128e-02	-3.43326156460044e-06	3.85825884891467e-01	4.08807986819590e-02	-3.48471149536067e-06
4.94226560025182e-01	3.92651485527953e-02	-3.53732679259089e-06	5.94436100797249e-01	3.77714307265302e-02	-3.59114290060525e-06
6.87351033134040e-01	3.63862903622991e-02	-3.64619664172672e-06	7.73741681884618e-01	3.50982521740932e-02	-3.70252627268641e-06
8.54273622691019e-01	3.38974009251674e-02	-3.76017151881847e-06	9.29524902035071e-01	3.28667173146331e-02	-9.58744709640413e-05
1.00000000000000e+00	0.00000000000000e+00	0.00000000000000e+00
11	5.77969288415331e+04	5.28032258064516e+00
0.00000000000000e+00	4.49018595039692e-02	-2.16106847394926e-06	1.38654191343823e-01	4.29661158002799e-02	-2.18535588247804e-06
2.65884343870075e-01	4.11897906417138e-02	-2.21142673240138e-06	3.83047949722425e-01	3.95539345678826e-02	-2.23796695308920e-06
4.91295635271422e-01	3.80424873397331e-02	-2.26498786526363e-06	5.91609120101752e-01	3.66417461522255e-02	-2.29250114469615e-06
6.84831113577647e-01	3.53399483629389e-02	-2.32051883908291e-06	7.71689078477278e-01	3.41269398188173e-02	-2.34905334162150e-06
8.52814280954609e-01	3.29939089723299e-02	-2.37811744874250e-06	9.28757182740202e-01	3.20214763209756e-02	-9.11530661720228e-05
1.00000000000000e+00	0.00000000000000e+00	0.00000000000000e+00
11	5.77969288415331e+04	5.50612903225806e+00
0.00000000000000e+00	4.32487996439261e-02	-1.39587570258115e-06	1.37296841014090e-01	4.14518680083962e-02	-1.40787073066306e-06
2.63664291159671e-01	3.97979430298401e-02	-1.42132853864219e-06	3.80358379981345e-01	3.82705863042909e-02	-1.43498024440802e-06
4.88449785398932e-01	3.68557868086732e-02	-1.44882959562942e-06	5.88856807586871e-01	3.55415275013180e-02	-1.46288042102150e-06
6.82371545536252e-01	3.43174427798949e-02	-1.47713665477056e-06	7.69680856697977e-01	3.31745442068780e-02	-1.49160230988876e-06
8.51383273715320e-01	3.21049991399982e-02	-1.50628150907828e-06	9.28002759719000e-01	3.11870763819098e-02	-8.70671580817106e-05
1.00000000000000e+00	0.00000000000000e+00	0.00000000000000e+00
11	5.77969288415331e+04	5.73193548387097e+00
0.00000000000000e+00	4.16726347499479e-02	-8.99356212391567e-07	1.35996304462588e-01	4.00029104305650e-02	-9.04982278893129e-07
2.61530614718328e-01	3.84616174682477e-02	-9.11908416778573e-07	3.77766061456984e-01	3.70344746621880e-02	-9.18914367042944e-07
4.85699523606831e-01	3.57092436409607e-02	-9.26001379131236e-07	5.86190307450636e-01	3.44753749493101e-02	-9.33170677619444e-07
6.79983087069384e-01	3.33237264185886e-02	-9.40423580786387e-07	7.67726402513995e-01	3.22463360726213e-02	-9.47761358949251e-07
8.49987687915573e-01	3.12362376343320e-02	-9.55185364581723e-07	9.27265565948250e-01	3.03693828602536e-02	-8.34367360837973e-05
1.00000000000000e+00	0.00000000000000e+00	0.00000000000000e+00
11	5.77969288415331e+04	5.95774193548387e+00
0.00000000000000e+00	4.01733404129785e-02	-5.78326705413801e-07	1.34754048606486e-01	3.86201076395449e-02	-5.80678215289510e-07
2.59486688122130e-01	3.71823773613982e-02	-5.84234125744487e-07	3.75276139702360e-01	3.58477204185452e-02	-5.87822797770698e-07
4.83051305102925e-01	3.46054304323107e-02	-5.91444644815198e-07	5.83616750130048e-01	3.34462340932546e-02	-5.95100074551880e-07
6.77672834422555e-01	3.23620591494851e-02	-5.98789479777651e-07	7.65832053118507e-01	3.13458460561498e-02	-6.02513307690344e-07
8.48632396790766e-01	3.03913939915235e-02	-6.06271991276941e-07	9.26548345646501e-01	2.95723900172749e-02	-8.01483412380399e-05
1.00000000000000e+00	0.00000000000000e+00	0.00000000000000e+00
11	5.77969288415331e+04	6.18354838709677e+00
0.00000000000000e+00	3.87497142848845e-02	-3.71361395856695e-07	1.33570211612755e-01	3.73031163190929e-02	-3.72045739549520e-07
2.57533613623320e-01	3.59605587783662e-02	-3.73867759861923e-07	3.72890906719285e-01	3.47112024741605e-02	-3.75703192778687e-07
4.80508471674981e-01	3.35456645745424e-02	-3.77552181074492e-07	5.81140174120305e-01	3.24557807742150e-02	-3.79414854867477e-07
6.75445055328921e-01	3.14344137052440e-02	-3.81291343831691e-07	7.64001786935023e-01	3.04752963939736e-02	-3.83181778973452e-07
8.47320559761260e-01	2.95729035064196e-02	-3.85086337262308e-07	9.25852922877610e-01	2.87987215242238e-02	-7.71289228755911e-05
1.00000000000000e+00	0.00000000000000e+00	0.00000000000000e+00
11	5.77969288415331e+04	6.40935483870968e+00
0.00000000000000e+00	3.73996858570484e-02	-2.38242284567036e-07	1.32443959268722e-01	3.60506880793203e-02	-2.38090329673923e-07
2.55670807987495e-01	3.47955692954762e-02	-2.39022415637891e-07	3.70610513982056e-01	3.36248559445351e-02	-2.39959999204231e-07
4.78072009913389e-01	3.25303088540472e-02	-2.40903095916067e-07	5.78762263611033e-01	3.15047273866613e-02	-2.41851779270164e-07
6.73301852934640e-01	3.05417908064352e-02	-2.42806079686630e-07	7.62237770440286e-01	2.96359278604412e-02	-2.43766016483349e-07
8.46054016137006e-01	2.87822088892171e-02	-2.44731662268904e-07	9.25180411631284e-01	2.80499914174570e-02	-7.43301542884822e-05
1.00000000000000e+00	0.00000000000000e+00	0.00000000000000e+00
11	5.77969288415331e+04	6.63516129032258e+00
0.00000000000000e+00	3.61205742583843e-02	-1.52779606743536e-07	1.31373766440771e-01	3.48609208552657e-02	-1.52218863291864e-07
2.53896467022241e-01	3.36861343565915e-02	-1.52695074584486e-07	3.68433539090716e-01	3.25879152138508e-02	-1.53173520756056e-07
4.75741154248699e-01	3.15590130932466e-02	-1.53654224677169e-07	5.76482934844800e-01	3.05930650423900e-02	-1.54137184349423e-07
6.71243692693118e-01	2.96844637606637e-02	-1.54622425529993e-07	7.60540790982274e-01	2.88282486588625e-02	-1.55109975308321e-07
8.44833595651634e-01	2.80200152373640e-02	-1.55599832574183e-07	9.24531380821266e-01	2.73270681107343e-02	-7.17189574441779e-05
1.00000000000000e+00	0.00000000000000e+00	0.00000000000000e+00
11	5.77969288415331e+04	6.86096774193548e+00
0.00000000000000e+00	3.49092959543391e-02	-9.79928349575943e-08	1.30357635823725e-01	3.37314618181239e-02	-9.72422080636193e-08
2.52207928796055e-01	3.26304956659422e-02	-9.74852458757169e-08	3.66357430761426e-01	3.15991085357006e-02	-9.77291969572747e-08
4.73513861872361e-01	3.06309059325471e-02	-9.79740686357644e-08	5.74300798644581e-01	2.97202536281298e-02	-9.82198651300337e-08
6.69269818198914e-01	2.88621679331893e-02	-9.84665637915327e-08	7.58910598214731e-01	2.80522244411774e-02	-9.87142192432344e-08
8.43659363115649e-01	2.72864817138596e-02	-9.89628050618307e-08	9.23905984014605e-01	2.66302696778729e-02	-6.92717476531435e-05
1.00000000000000e+00	0.00000000000000e+00	0.00000000000000e+00
11	5.77969288415331e+04	7.08677419354839e+00
0.00000000000000e+00	3.37625290041295e-02	-6.29109266903072e-08	1.29393266637800e-01	3.26596686686025e-02	-6.20818003671531e-08
2.50601955994628e-01	3.16265690914568e-02	-6.22057305665891e-08	3.64378856898310e-01	3.06568126117952e-02	-6.23300342450506e-08
4.71387185971405e-01	2.97447464468832e-02	-6.24547094041361e-08	5.72213525161394e-01	2.88853709929371e-02	-6.25797704767450e-08
6.67378579885096e-01	2.80742481303489e-02	-6.27051921497923e-08	7.57346174364088e-01	2.73074245540190e-02	-6.28309899664004e-08
8.42530812184890e-01	2.65813673325028e-02	-6.29571681454166e-08	9.23304062161448e-01	2.59595104631727e-02	-6.69709270622043e-05
1.00000000000000e+00	0.00000000000000e+00	0.00000000000000e+00
11	5.77969288415331e+04	7.31258064516129e+00
0.00000000000000e+00	3.26768375815718e-02	-4.04654481034328e-08	1.28478181023232e-01	3.16427331094689e-02	-3.96139709923915e-08
2.49074949645212e-01	3.06720662236695e-02	-3.96771191457646e-08	3.62493970206792e-01	2.97591718658654e-02	-3.97404273932978e-08
4.69357562383496e-01	2.88990410801422e-02	-3.98038728643968e-08	5.70218125432822e-01	2.80872276893844e-02	-3.98674824264589e-08
6.65567689746642e-01	2.73197714161411e-02	-3.99312283239084e-08	7.55845944284530e-01	2.65931332712113e-02	-3.99951483043282e-08
8.41447016271203e-01	2.59041409847298e-02	-4.00592168325886e-08	9.22725223708560e-01	2.53144107294418e-02	-6.48027377823102e-05
1.00000000000000e+00	0.00000000000000e+00	0.00000000000000e+00
11	5.77969288415331e+04	7.53838709677419e+00
0.00000000000000e+00	3.16487679465089e-02	-2.61127017786578e-08	1.27609820538750e-01	3.06777770934898e-02	-2.52667173850085e-08
2.47623114243715e-01	2.97645898185142e-02	-2.52988814342103e-08	3.60698615406490e-01	2.89041924672602e-02	-2.53310998843403e-08
4.67421035006348e-01	2.80921359490782e-02	-2.53633840596734e-08	5.68311174234394e-01	2.73244574655536e-02	-2.53957148643735e-08
6.63834424035216e-01	2.65976158372863e-02	-2.54281458111905e-08	7.54407943340039e-01	2.59084368841473e-02	-2.54606196126161e-08
8.40406749579478e-01	2.52540670825478e-02	-2.54931358245614e-08	9.22168909032283e-01	2.46943813805807e-02	-6.27559509076558e-05
1.00000000000000e+00	0.00000000000000e+00	0.00000000000000e+00
11	5.77969288415331e+04	7.76419354838710e+00
0.00000000000000e+00	3.06749152028087e-02	-1.69372416092273e-08	1.26785614133137e-01	2.97619212683804e-02	-1.61101467721636e-08
2.46242576042641e-01	2.89017027230911e-02	-1.61265203413308e-08	3.58988479655106e-01	2.80898109643719e-02	-1.61429136724678e-08
4.65573421191085e-01	2.73222847105703e-02	-1.61593287639761e-08	5.66488975025112e-01	2.65955840999701e-02	-1.61757722771938e-08
6.62175774358305e-01	2.59065361018340e-02	-1.61922522057267e-08	7.53029943286095e-01	2.52522881985791e-02	-1.62087423483115e-08
8.39408578299473e-01	2.46302689132376e-02	-1.62252733471036e-08	9.21634439173216e-01	2.40986864639641e-02	-6.08210543870946e-05
1.00000000000000e+00	0.00000000000000e+00	0.00000000000000e+00
11	5.77969288415331e+04	7.99000000000000e+00
0.00000000000000e+00	2.97519740906782e-02	-1.10711646517103e-08	1.26003029991506e-01	2.88923380271360e-02	-1.02689952097279e-08
2.44929474784175e-01	2.80809819880496e-02	-1.02773234367248e-08	3.57359210765912e-01	2.73139486481468e-02	-1.02856634320858e-08
4.63810443156900e-01	2.65877026390995e-02	-1.02940194146584e-08	5.64747692216432e-01	2.58990748491945e-02	-1.03023680697589e-08
6.60588569793844e-01	2.52452161915790e-02	-1.03107467008812e-08	7.51709554685771e-01	2.46235582026608e-02	-1.03191259981372e-08
8.38450935225983e-01	2.40317793222915e-02	-1.03275221707833e-08	9.21121055912730e-01	2.35264930241315e-02	-5.89897579872378e-05
1.00000000000000e+00	0.00000000000000e+00	0.00000000000000e+00
