13	6.21800108732092e+00	9.90000000000000e-01
0.00000000000000e+00	-1.32488577162193e-02	3.52081953046812e-03	9.31255956923783e-02	-2.81390712419693e-03	2.52433471949487e-03
1.86862064356909e-01	4.71303628282493e-03	1.83780901095010e-03	2.79780300626148e-01	1.01427116125580e-02	1.35328432657078e-03
3.70876904626466e-01	1.40401421034211e-02	9.88715397353124e-04	4.59484613622453e-01	1.67621148680515e-02	6.85876054780099e-04
5.45198521043526e-01	1.85098603622399e-02	3.99724057750572e-04	6.27822375880409e-01	1.93610938912872e-02	8.63616906656706e-05
7.07334128581228e-01	1.92724225179737e-02	-3.12565741410031e-04	7.83871210089050e-01	1.80408864159451e-02	-8.99184712187084e-04
8.57741378158433e-01	1.51893516428370e-02	-1.89449462075042e-03	9.29478198635970e-01	9.66206526824065e-03	-3.87770391692088e-03
1.00000000000000e+00	0.00000000000000e+00	0.00000000000000e+00
11	6.21800108732092e+00	1.21580645161290e+00
0.00000000000000e+00	-1.01248982551883e-02	4.24550802248236e-03	1.14444902681334e-01	2.49581066181803e-03	2.91428208031408e-03
2.28461062739314e-01	1.11260106959186e-02	2.05198172538590e-03	3.40062533371464e-01	1.70449550567779e-02	1.47026331366606e-03
4.47988157140716e-01	2.10724241042020e-02	1.04215168976851e-03	5.51506775335270e-01	2.36909286417216e-02	6.84684846819716e-04
6.50272627886993e-01	2.51532324474434e-02	3.35203088237201e-04	7.44227512181972e-01	2.55361108827996e-02	-7.10781635886448e-05
8.33542046391079e-01	2.47369791723626e-02	-6.31147560965717e-04	9.18594590777615e-01	2.24353234045873e-02	-1.58228738933985e-03
1.00000000000000e+00	0.00000000000000e+00	0.00000000000000e+00
11	6.21800108732092e+00	1.44161290322581e+00
0.00000000000000e+00	-4.61573490049072e-03	3.59244739779818e-03	1.16543475251491e-01	6.08053390389174e-03	2.51978562972044e-03
2.31796016294909e-01	1.34904742625320e-02	1.81768989349862e-03	3.44059320233587e-01	1.86523555891738e-02	1.34532301934276e-03
4.52265141773442e-01	2.22508293279671e-02	1.00838286863292e-03	5.55798695322548e-01	2.47142102137069e-02	7.47416998648665e-04
6.54367136282274e-01	2.63018023931798e-02	5.23330094044594e-04	7.47907114279015e-01	2.71588162783055e-02	3.06389747125491e-04
8.36521924305091e-01	2.73432792859984e-02	6.75433227175226e-05	9.20441246391263e-01	2.68943110866353e-02	-2.96047651851650e-04
1.00000000000000e+00	0.00000000000000e+00	0.00000000000000e+00
11	6.21800108732092e+00	1.66741935483871e+00
0.00000000000000e+00	5.05190736303618e-04	2.96557939238484e-03	1.18090620353306e-01	9.31630787755899e-03	2.12780632215115e-03
2.34096215829033e-01	1.55040336857282e-02	1.57110711325115e-03	3.46623782500814e-01	1.98778015354162e-02	1.19416281493057e-03
4.54808689623850e-01	2.29844090021948e-02	9.28760363705261e-04	5.58162922435867e-01	2.51805149314863e-02	7.31857294236304e-04
6.56462426897342e-01	2.66971999458979e-02	5.76356508249609e-04	7.49666951227015e-01	2.76837720632258e-02	4.44431833369285e-04
8.37863833221506e-01	2.82344591499983e-02	3.23186028714284e-04	9.21228931228928e-01	2.84759221120688e-02	1.28790739393980e-04
1.00000000000000e+00	0.00000000000000e+00	0.00000000000000e+00
11	6.21800108732092e+00	1.89322580645161e+00
0.00000000000000e+00	4.99878107514340e-03	2.38456877727689e-03	1.19061934837935e-01	1.20349815041632e-02	1.75076318889644e-03
2.35366067117911e-01	1.70448680132339e-02	1.32111568981907e-03	3.47822438989919e-01	2.06328831776564e-02	1.02581896842591e-03
4.55766862834329e-01	2.32163484640637e-02	8.17225790185061e-04	5.58837376907640e-01	2.50762971636294e-02	6.64634367156580e-04
6.56882839178798e-01	2.64019958828988e-02	5.48541532601976e-04	7.49897529156506e-01	2.73223076276681e-02	4.56424241602083e-04
8.37974850059387e-01	2.79260877021205e-02	3.80001714309297e-04	9.21274618498465e-01	2.83482413598057e-02	2.39984315323349e-04
1.00000000000000e+00	0.00000000000000e+00	0.00000000000000e+00
11	6.21800108732092e+00	2.11903225806452e+00
0.00000000000000e+00	8.69530721832634e-03	1.86577005149224e-03	1.19481304064547e-01	1.41309493469356e-02	1.40173700173130e-03
2.35688341696162e-01	1.80551293009060e-02	1.07953293154528e-03	3.47812128604086e-01	2.08993903039578e-02	8.53314590153254e-04
4.55372254032962e-01	2.29681546639158e-02	6.91202067947039e-04	5.58121654249735e-01	2.44722818185833e-02	5.72043626135943e-04
6.55976176328430e-01	2.55579807193168e-02	4.82017207522278e-04	7.48963865840236e-01	2.63277586747619e-02	4.12070334445014e-04
8.37188805181246e-01	2.68546063213992e-02	3.56198078429459e-04	9.20805381917471e-01	2.72614314111003e-02	2.39948136449120e-04
1.00000000000000e+00	0.00000000000000e+00	0.00000000000000e+00
11	6.21800108732092e+00	2.34483870967742e+00
0.00000000000000e+00	1.15110414155015e-02	1.42002576065736e-03	1.19407067950759e-01	1.55668924267158e-02	1.09160234522276e-03
2.35193561356222e-01	1.85359610434187e-02	8.57336335945758e-04	3.46794204701502e-01	2.07123770365012e-02	6.88646822073702e-04
4.53885985272366e-01	2.23083305498010e-02	5.65219171445031e-04	5.56318709637776e-01	2.34748717002007e-02	4.73133427459027e-04
6.54063434847535e-01	2.43196058098724e-02	4.02978431851442e-04	7.47174992083091e-01	2.49198503388035e-02	3.48393338626130e-04
8.35764997791334e-01	2.53318716296144e-02	3.05046452587887e-04	9.19982478764602e-01	2.56623522908318e-02	2.04525899270336e-04
1.00000000000000e+00	0.00000000000000e+00	0.00000000000000e+00
11	6.21800108732092e+00	2.57064516129032e+00
0.00000000000000e+00	1.34460544277901e-02	1.05143892055004e-03	1.18917315851856e-01	1.63649239063648e-02	8.26978889117536e-04
2.34032960769966e-01	1.85316900274355e-02	6.62200517013822e-04	3.44979904689627e-01	2.01374549247825e-02	5.40242513063061e-04
4.51561501293250e-01	2.13234009490109e-02	4.48826148772508e-04	5.53703608899221e-01	2.21928436129926e-02	3.79253202455798e-04
6.51418739461004e-01	2.28214095852290e-02	3.25429858704096e-04	7.44779670264400e-01	2.32647962531117e-02	2.83092650642636e-04
8.33900184475475e-01	2.35644127546071e-02	2.49244665947446e-04	9.18921072183668e-01	2.38108428483362e-02	1.62051299850252e-04
1.00000000000000e+00	0.00000000000000e+00	0.00000000000000e+00
11	6.21800108732092e+00	2.79645161290323e+00
0.00000000000000e+00	1.45673061846991e-02	7.57686238421540e-04	1.18097159145701e-01	1.65896675339198e-02	6.09705855609488e-04
2.32358444825280e-01	1.81117217660605e-02	4.97798344387235e-04	3.42568296781463e-01	1.92516418750704e-02	4.12578843539957e-04
4.48625278356596e-01	2.00989513573603e-02	3.47032102773093e-04	5.50510886951062e-01	2.07210249516118e-02	2.96019073650178e-04
6.48265911963635e-01	2.11685677041323e-02	2.55808197446750e-04	7.41972754144631e-01	2.14798962184098e-02	2.23694768780480e-04
8.31742305532464e-01	2.16841581700377e-02	1.97712962970997e-04	9.17704259802558e-01	2.18572921158701e-02	1.22611318088883e-04
1.00000000000000e+00	0.00000000000000e+00	0.00000000000000e+00
11	6.21800108732092e+00	3.02225806451613e+00
0.00000000000000e+00	1.49849694332206e-02	5.31564913714644e-04	1.17029393338937e-01	1.63299222410352e-02	4.37566116414989e-04
2.30309953213438e-01	1.73554064070182e-02	3.64320981692479e-04	3.39734679448801e-01	1.81308408511582e-02	3.06917273971363e-04
4.45269197745392e-01	1.87102062848952e-02	2.61580471924816e-04	5.46932583127884e-01	1.91352934284006e-02	2.25451776582952e-04
6.44782595540327e-01	1.94384500510683e-02	1.96380573822541e-04	7.38904432328696e-01	1.96447802521280e-02	1.72752041484703e-04
8.29402219911545e-01	1.97738531557263e-02	1.53351940262780e-04	9.16392610388150e-01	1.98888512440294e-02	8.92204188374102e-05
1.00000000000000e+00	0.00000000000000e+00	0.00000000000000e+00
11	6.21800108732092e+00	3.24806451612903e+00
0.00000000000000e+00	1.48291726033211e-02	3.63058499187718e-04	1.15788707677649e-01	1.56831108322175e-02	3.05617564422267e-04
2.28008982627731e-01	1.63415949056759e-02	2.59512735125811e-04	3.36626309843459e-01	1.68432669259655e-02	2.22335780272420e-04
4.41649896785676e-01	1.72189875894735e-02	1.92182836856292e-04	5.43121566981813e-01	1.74933319954971e-02	1.67563874841736e-04
6.41107052394156e-01	1.76858649644638e-02	1.47318590886014e-04	7.35689223240124e-01	1.78121868375255e-02	1.30545021211126e-04
8.26962857191092e-01	1.78847717373075e-02	1.16541628394251e-04	9.15030618964021e-01	1.79560091271354e-02	6.22081505632366e-05
1.00000000000000e+00	0.00000000000000e+00	0.00000000000000e+00
11	6.21800108732092e+00	3.47387096774194e+00
0.00000000000000e+00	1.42315426881938e-02	2.41243340285191e-04	1.14438748347711e-01	1.47441027165789e-02	2.07553978495589e-04
2.25556272914697e-01	1.51424249356096e-02	1.79721393846810e-04	3.33362337580808e-01	1.54468192547211e-02	1.56645722215409e-04
4.37891411033126e-01	1.56739451098289e-02	1.37432033370910e-04	5.39196629760548e-01	1.58374421692278e-02	1.21357248933363e-04
6.37344969978619e-01	1.59484746262967e-02	1.07839239536944e-04	7.32413411955207e-01	1.60161881806364e-02	9.64100484630581e-05
8.24485909757359e-01	1.60480873344271e-02	8.66934778902539e-05	9.13651009535766e-01	1.60876097850213e-02	4.09696838559181e-05
1.00000000000000e+00	0.00000000000000e+00	0.00000000000000e+00
11	6.21800108732092e+00	3.69967741935484e+00
0.00000000000000e+00	1.33129801764168e-02	1.55698069059462e-04	1.13031367761245e-01	1.35984072614189e-02	1.36800924583347e-04
2.23032333342176e-01	1.38203500044597e-02	1.20750353740040e-04	3.30036286724068e-01	1.39888342166814e-02	1.07081887970706e-04
4.34089529100004e-01	1.41123025951209e-02	9.54065919238634e-05	5.35248212665638e-01	1.41978560913452e-02	8.54004543231479e-05
6.33575842049265e-01	1.42514654872726e-02	7.67942184402015e-05	7.29141245259624e-01	1.42781531606511e-02	6.93643950351319e-05
8.22016934117053e-01	1.42821473926106e-02	6.29255199903200e-05	9.12277785908528e-01	1.42995430026401e-02	2.46635558852626e-05
1.00000000000000e+00	0.00000000000000e+00	0.00000000000000e+00
11	6.21800108732092e+00	3.92548387096774e+00
0.00000000000000e+00	1.21773004437664e-02	9.73189593407309e-05	1.11607280183609e-01	1.23189671489697e-02	8.72349821866569e-05
2.20499565531051e-01	1.24273414247036e-02	7.84424825535091e-05	3.26719716757277e-01	1.25070354275009e-02	7.07619847494234e-05
4.30316658202616e-01	1.25620326882647e-02	6.40388762302990e-05	5.31343946428457e-01	1.25957709044989e-02	5.81405634491050e-05
6.29858577183425e-01	1.26112159333533e-02	5.29535222510980e-05	7.25919995514164e-01	1.26109267831208e-02	4.83806417460597e-05
8.19589278118733e-01	1.25971122360335e-02	4.43388757145335e-05	9.10928461135273e-01	1.25998517144273e-02	1.24752666782468e-05
1.00000000000000e+00	0.00000000000000e+00	0.00000000000000e+00
11	6.21800108732092e+00	4.15129032258065e+00
0.00000000000000e+00	1.09090024699046e-02	5.86345479434147e-05	1.10197169769561e-01	1.09651738188764e-02	5.35555589694647e-05
2.18004557001375e-01	1.10050680841617e-02	4.90174440713753e-05	3.23465505206764e-01	1.10306395394080e-02	4.49576963057474e-05
4.26625750512908e-01	1.10436170452953e-02	4.13209229995770e-05	5.27532814827779e-01	1.10455290096119e-02	3.80583145822566e-05
6.26235490118650e-01	1.10377262830351e-02	3.51269066981574e-05	7.22783401859511e-01	1.10214026971008e-02	3.24889039186038e-05
8.17226641045390e-01	1.09976133901681e-02	3.01110673992522e-05	9.09615455417768e-01	1.09914655743177e-02	3.69674634415063e-06
1.00000000000000e+00	0.00000000000000e+00	0.00000000000000e+00
11	6.21800108732092e+00	4.37709677419355e+00
0.00000000000000e+00	9.57396590360349e-03	3.38082813352569e-05	1.08823335662038e-01	9.58359602448400e-03	3.14215455200495e-05
2.15580950640232e-01	9.58595484126423e-03	2.92405631874271e-05	3.20311537271998e-01	9.58179169058238e-03	2.72461515381517e-05
4.23054415762101e-01	9.57178439810114e-03	2.54207926859706e-05	5.23849308403901e-01	9.55654566058994e-03	2.37486604677262e-05
6.22736144453329e-01	9.53662917067133e-03	2.22154659186291e-05	7.19754892137723e-01	9.51253521975903e-03	2.08083133234060e-05
8.14945414639748e-01	9.48471580711763e-03	1.95155671074421e-05	9.08347347221052e-01	9.47409525176601e-03	-2.26688586235646e-06
1.00000000000000e+00	0.00000000000000e+00	0.00000000000000e+00
11	6.21800108732092e+00	4.60290322580645e+00
0.00000000000000e+00	8.22154688118892e-03	1.84529526373600e-05	1.07501218898917e-01	8.20939824490918e-03	1.74243157355924e-05
2.13251907539809e-01	8.19438750341339e-03	1.64651081620004e-05	3.17283685704011e-01	8.17676749501517e-03	1.55703315106726e-05
4.19628091882066e-01	8.15677162379946e-03	1.47352391782762e-05	5.20316514356334e-01	8.13461512345548e-03	1.39554450161450e-05
6.19380131008297e-01	8.11049642732975e-03	1.32268973147553e-05	7.16849856979318e-01	8.08459844422749e-03	1.25458543491774e-05
8.12756299395594e-01	8.05708974481589e-03	1.19088611042484e-05	9.07129718437811e-01	8.04529547582189e-03	-5.92111705288723e-06
1.00000000000000e+00	0.00000000000000e+00	0.00000000000000e+00
11	6.21800108732092e+00	4.82870967741935e+00
0.00000000000000e+00	6.88726907760173e-03	9.37562639202749e-06	1.06240823290432e-01	6.86808987783649e-03	8.97948033073970e-06
2.11032312375281e-01	6.84799207688802e-03	8.60337849983850e-06	3.14398391355287e-01	6.82704723681726e-03	8.24629604134763e-06
4.16362718049881e-01	6.80532265003519e-03	7.90717879228797e-06	5.16948669872538e-01	6.78288145682870e-03	7.58503293885049e-06
6.16179331648355e-01	6.75978288893109e-03	7.27892174612332e-06	7.14077485201342e-01	6.73608250008229e-03	6.98796238085553e-06
8.10665600556348e-01	6.71183238393003e-03	6.71132292773269e-06	9.05965828612192e-01	6.70118951482301e-03	-7.71180017400397e-06
1.00000000000000e+00	0.00000000000000e+00	0.00000000000000e+00
11	6.21800108732092e+00	5.05451612903226e+00
0.00000000000000e+00	5.59561034568401e-03	4.31762320540763e-06	1.05048000314117e-01	5.57735374994517e-03	4.18677277147506e-06
2.08930738524205e-01	5.55890924142266e-03	4.06059035984452e-06	3.11664929653443e-01	5.54029224054475e-03	3.93894978634179e-06
4.13267054741139e-01	5.52151751097740e-03	3.82167194568073e-06	5.13753361110092e-01	5.50259910178497e-03	3.70858505194249e-06
6.13139862905361e-01	5.48355037910842e-03	3.59952432704702e-06	7.11442341878943e-01	5.46438405645999e-03	3.49433176249914e-06
8.08676348399471e-01	5.44511222382749e-03	3.39285585204685e-06	9.04857202667431e-01	5.43704956075874e-03	-8.04926113051607e-06
1.00000000000000e+00	0.00000000000000e+00	0.00000000000000e+00
11	6.21800108732092e+00	5.28032258064516e+00
0.00000000000000e+00	4.36266525618689e-03	1.72296818778950e-06	1.03925643718084e-01	4.34886145076496e-03	1.68836032354847e-06
2.06951290053453e-01	4.33507376196041e-03	1.65453782974279e-06	3.09087549334452e-01	4.32130407247167e-03	1.62151588867232e-06
4.10344887815125e-01	4.30755424080875e-03	1.58927374316331e-06	5.10733629497857e-01	4.29382604914852e-03	1.55779117627652e-06
6.10263957952379e-01	4.28012120574228e-03	1.52704856859476e-06	7.08945918128069e-01	4.26644134750176e-03	1.49702678675645e-06
8.06789418158442e-01	4.25278804231344e-03	1.46770720566014e-06	9.03804231156827e-01	4.24789151106908e-03	-7.32094285615936e-06
1.00000000000000e+00	0.00000000000000e+00	0.00000000000000e+00
11	6.21800108732092e+00	5.50612903225806e+00
0.00000000000000e+00	3.19750819696540e-03	5.47615763513143e-07	1.02873859492701e-01	3.18895435320909e-03	5.41171428558584e-07
2.05093685601978e-01	3.18043559091863e-03	5.34796685602856e-07	3.06665366944291e-01	3.17195178016372e-03	5.28509790265197e-07
4.07594725728183e-01	3.16350281882594e-03	5.22309402395393e-07	5.07887518624594e-01	3.15508860322844e-03	5.16194204602805e-07
6.07549437625622e-01	3.14670902812342e-03	5.10162948996751e-07	7.06586110890912e-01	3.13836398689704e-03	5.04214358154620e-07
8.05003103581856e-01	3.13005337156580e-03	4.98347164090696e-07	9.02805918683778e-01	3.12813631038211e-03	-5.88921501010198e-06
1.00000000000000e+00	0.00000000000000e+00	0.00000000000000e+00
11	6.21800108732092e+00	5.73193548387097e+00
0.00000000000000e+00	2.10475563545753e-03	1.15311528658957e-07	1.01891427439518e-01	2.10068016406317e-03	1.14675768325689e-07
2.03355669772276e-01	2.09661986321186e-03	1.14035644593891e-07	3.04395338496013e-01	2.09257463621082e-03	1.13399659884550e-07
4.05013024266555e-01	2.08854439977224e-03	1.12767797766367e-07	5.05211297102153e-01	2.08452907128742e-03	1.12140004171479e-07
6.04992706585858e-01	2.08052856865693e-03	1.11516298639813e-07	7.04359782065550e-01	2.07654281054870e-03	1.10896592797616e-07
8.03315032851630e-01	2.07257171606168e-03	1.10280916620908e-07	9.01860948412435e-01	2.07278767751196e-03	-4.07743136610073e-06
1.00000000000000e+00	0.00000000000000e+00	0.00000000000000e+00
11	6.21800108732092e+00	5.95774193548387e+00
0.00000000000000e+00	1.08575328802918e-03	9.31213450794388e-09	1.00976209857183e-01	1.08460361591911e-03	9.29933685611672e-09
2.01733618705737e-01	1.08345639318230e-03	9.28427423829703e-09	3.02272931338014e-01	1.08231160854855e-03	9.26923204858099e-09
4.02594849531985e-01	1.08116925417778e-03	9.25423127018377e-09	5.02700072067203e-01	1.08002932234086e-03	9.23924148299449e-09
6.02589294740782e-01	1.07889180524645e-03	9.22429532757008e-09	7.02263210383277e-01	1.07775669521959e-03	9.20937015536083e-09
8.01722508874457e-01	1.07662398459185e-03	9.19446052627393e-09	9.00967877158982e-01	1.07764335107241e-03	-2.14796616204715e-06
1.00000000000000e+00	0.00000000000000e+00	0.00000000000000e+00
11	6.21800108732092e+00	6.18354838709677e+00
0.00000000000000e+00	1.34771863298244e-04	2.53819187889803e-12	1.00121278348224e-01	1.34753709922331e-04	2.57549537252544e-12
2.00215576904673e-01	1.34735561505672e-04	2.56716869984075e-12	3.00282906571750e-01	1.34717417955565e-04	2.57460719410574e-12
4.00323278245987e-01	1.34699279311867e-04	2.56927812358754e-12	5.00336702818043e-01	1.34681145528504e-04	2.58104648764856e-12
6.00323191172716e-01	1.34663016651770e-04	2.57738275166730e-12	7.00282754188939e-01	1.34644892657243e-04	2.57338594877865e-12
8.00215402739789e-01	1.34626773540703e-04	2.57061039121709e-12	9.00121147692489e-01	1.34875451911043e-04	-2.67707137346918e-07
1.00000000000000e+00	0.00000000000000e+00	0.00000000000000e+00
0	6.21800108732092e+00	6.40935483870968e+00
0	6.21800108732092e+00	6.63516129032258e+00
0	6.21800108732092e+00	6.86096774193548e+00
0	6.21800108732092e+00	7.08677419354839e+00
0	6.21800108732092e+00	7.31258064516129e+00
0	6.21800108732092e+00	7.53838709677419e+00
0	6.21800108732092e+00	7.76419354838710e+00
0	6.21800108732092e+00	7.99000000000000e+00
