16	1.07583589854218e+01	9.90000000000000e-01
0.00000000000000e+00	9.31680441063509e-03	1.66425149070348e-03	8.17466220460730e-02	1.39994276977502e-02	8.31221891907319e-04
1.61291065111585e-01	1.62178401849172e-02	4.86785857691907e-04	2.38321140954883e-01	1.73792200702413e-02	2.89176221819676e-04
3.12733963539363e-01	1.79285420257190e-02	1.46401552290620e-04	3.84535896486878e-01	1.80424878338110e-02	2.33118547832145e-05
4.53801393149606e-01	1.77927335118313e-02	-9.88693412846686e-05	5.20653303784816e-01	1.71944091314533e-02	-2.34650344158815e-04
5.85253797325275e-01	1.62194016182577e-02	-3.99937779555604e-04	6.47802374240059e-01	1.47929839213532e-02	-6.17134988457835e-04
7.08540487213218e-01	1.27754723248854e-02	-9.23178375001887e-04	7.67764638504640e-01	9.92052743221872e-03	-1.38637302389788e-03
8.25853365778560e-01	5.78536201907021e-03	-2.14800297947471e-03	8.83321369211031e-01	-4.73587294549938e-04	-3.54346801398031e-03
9.40935531796420e-01	-1.07124682500850e-02	-6.43753021106375e-03	1.00000000000000e+00	0.00000000000000e+00	0.00000000000000e+00
12	1.07583589854218e+01	1.21580645161290e+00
0.00000000000000e+00	1.56192824335061e-02	2.38847253569985e-03	1.13247101998571e-01	2.21032927173662e-02	1.05315995437516e-03
2.21713550932687e-01	2.46463705559528e-02	5.51256724391713e-04	3.25010658176164e-01	2.56469111963989e-02	2.53033692273363e-04
4.23171005629555e-01	2.57413843287478e-02	1.28111247658103e-05	5.16427239690840e-01	2.51377507978268e-02	-2.29374882398270e-04
6.05131395140369e-01	2.38642289935245e-02	-5.18637236142538e-04	6.89724741402790e-01	2.18166637711732e-02	-9.12748536542329e-04
7.70737644451765e-01	1.87270378059756e-02	-1.51403200114508e-03	8.48820132305909e-01	1.40445741175674e-02	-2.54393214188298e-03
9.24823461067329e-01	6.60720591334196e-03	-4.56148794159894e-03	1.00000000000000e+00	0.00000000000000e+00	0.00000000000000e+00
11	1.07583589854218e+01	1.44161290322581e+00
0.00000000000000e+00	1.99309044065983e-02	2.40135499911576e-03	1.26315682974211e-01	2.62651271466692e-02	1.05621128759492e-03
2.46297311179962e-01	2.86102007817202e-02	5.60175645405003e-04	3.59657932124277e-01	2.94274239380699e-02	2.69164082511875e-04
4.66568913493898e-01	2.93657545174681e-02	3.82508604701570e-05	5.67403675236898e-01	2.86433166046391e-02	-1.90567549154252e-04
6.62644570009395e-01	2.73021032017842e-02	-4.59036473877683e-04	7.52846909789504e-01	2.52604721105931e-02	-8.18316764644500e-04
8.38634723086639e-01	2.22914679807431e-02	-1.35606316112402e-03	9.20725645755262e-01	1.79534529460308e-02	-2.28329848314202e-03
1.00000000000000e+00	0.00000000000000e+00	0.00000000000000e+00
11	1.07583589854218e+01	1.66741935483871e+00
0.00000000000000e+00	2.22478803258798e-02	2.05501963799548e-03	1.27754718403223e-01	2.75267479517305e-02	9.55131190482073e-04
2.48775095130380e-01	2.95182844213812e-02	5.44423530736027e-04	3.62900724470040e-01	3.02390355135853e-02	3.13399760714317e-04
4.70352333354934e-01	3.02573204469051e-02	1.44348233748537e-04	5.71510312848455e-01	2.97880763399263e-02	-5.90066445282922e-06
6.66830640900361e-01	2.89123372270170e-02	-1.61485594163846e-04	7.56807848887011e-01	2.76364977476302e-02	-3.43421786205278e-04
8.41960479814911e-01	2.59043851660059e-02	-5.78273034776755e-04	9.22831107253268e-01	2.36368247531540e-02	-9.61931265380800e-04
1.00000000000000e+00	0.00000000000000e+00	0.00000000000000e+00
11	1.07583589854218e+01	1.89322580645161e+00
0.00000000000000e+00	2.41527516580357e-02	1.73409986680240e-03	1.28633720375047e-01	2.84565183417815e-02	8.50977556455135e-04
2.50240130385157e-01	3.01019839269768e-02	5.14575331225342e-04	3.64776782294214e-01	3.07038259287935e-02	3.30985994622335e-04
4.72510216465132e-01	3.07455285222985e-02	2.05276403538401e-04	5.73830282360974e-01	3.04231243796473e-02	1.03804351083703e-04
6.69177717981019e-01	2.98267089252910e-02	1.04213372218442e-05	7.59010746723819e-01	2.89946061681372e-02	-8.53445166182354e-05
8.43789279033163e-01	2.79320404838430e-02	-1.92795576964055e-04	9.23968704446826e-01	2.66824485946542e-02	-3.89535024189369e-04
1.00000000000000e+00	0.00000000000000e+00	0.00000000000000e+00
11	1.07583589854218e+01	2.11903225806452e+00
0.00000000000000e+00	2.55835561329838e-02	1.44235590257291e-03	1.28986799104255e-01	2.90092700890744e-02	7.45084695693010e-04
2.50774482031610e-01	3.03236495640348e-02	4.71968220717156e-04	3.65424323957909e-01	3.07908476780718e-02	3.25310361690923e-04
4.73241581945255e-01	3.08114041754333e-02	2.29431960591553e-04	5.74624204208077e-01	3.05550214927779e-02	1.57480057398907e-04
6.70002697457883e-01	3.01060542228708e-02	9.73455855595162e-05	7.59812044075042e-01	2.95092081772637e-02	4.23551783408360e-05
8.44477875379686e-01	2.87870826389396e-02	-1.19809898362355e-05	9.24409977502084e-01	2.80199429394112e-02	-1.42067298816384e-04
1.00000000000000e+00	0.00000000000000e+00	0.00000000000000e+00
11	1.07583589854218e+01	2.34483870967742e+00
0.00000000000000e+00	2.65164276337265e-02	1.18259955912448e-03	1.28874248126115e-01	2.91733034134140e-02	6.40510154529594e-04
2.50500573464161e-01	3.01816881256104e-02	4.20624219725885e-04	3.65025362652797e-01	3.05103036231209e-02	3.02921302549386e-04
4.72782412670095e-01	3.04832709057635e-02	2.27992893067852e-04	5.74172877168951e-01	3.02423634535476e-02	1.74323991554370e-04
6.69616777779711e-01	2.98606108401689e-02	1.32335377243109e-04	7.59530366366508e-01	2.93793974167926e-02	9.70445495183103e-05
8.44315008547661e-01	2.88232477556876e-02	6.54995105640044e-05	9.24351900106843e-01	2.82803946465984e-02	-3.84287776440395e-05
1.00000000000000e+00	0.00000000000000e+00	0.00000000000000e+00
11	1.07583589854218e+01	2.57064516129032e+00
0.00000000000000e+00	2.69637026199829e-02	9.56325205900610e-04	1.28370735972749e-01	2.89668669091221e-02	5.40833305678445e-04
2.49559282967830e-01	2.97036048758323e-02	3.65358486518419e-04	3.63776278774416e-01	2.99014853812285e-02	2.70755547525425e-04
4.71372219201594e-01	2.98173991005418e-02	2.11199794848738e-04	5.72744485536100e-01	2.95668194517367e-02	1.69588571982793e-04
6.68299189644053e-01	2.92104168700184e-02	1.38241690541885e-04	7.58433438384076e-01	2.87834331654866e-02	1.13207456142295e-04
8.43526774251763e-01	2.83076719809651e-02	9.22282099985461e-05	9.23937245289182e-01	2.78697642115526e-02	9.07326723753599e-07
1.00000000000000e+00	0.00000000000000e+00	0.00000000000000e+00
11	1.07583589854218e+01	2.79645161290323e+00
0.00000000000000e+00	2.69667242968618e-02	7.63470452835757e-04	1.27555303972634e-01	2.84303701306882e-02	4.49143244199424e-04
2.48093083884446e-01	2.89358349631000e-02	3.10433397117449e-04	3.61867407711277e-01	2.90194988511275e-02	2.34564876670507e-04
4.69233595049039e-01	2.88812064211953e-02	1.86833799012187e-04	5.70577811243390e-01	2.86131958150541e-02	1.53822019192007e-04
6.66287674734030e-01	2.82646446785803e-02	1.29398331580988e-04	7.56738660210861e-01	2.78644483674353e-02	1.10390002736827e-04
8.42287685430319e-01	2.74307351140503e-02	9.49922268594916e-05	9.23270325664721e-01	2.70453712490558e-02	1.17913012792625e-05
1.00000000000000e+00	0.00000000000000e+00	0.00000000000000e+00
11	1.07583589854218e+01	3.02225806451613e+00
0.00000000000000e+00	2.65860091240162e-02	6.02470902426155e-04	1.26504032644227e-01	2.76172872664827e-02	3.67496618745800e-04
2.46234813509281e-01	2.79338575007892e-02	2.58937922483105e-04	3.59470923362485e-01	2.79244485500404e-02	1.98405969150550e-04
4.66561905474200e-01	2.77419009463347e-02	1.60097330147657e-04	5.67876031539569e-01	2.74587105326057e-02	1.33641722473876e-04
6.63778082226289e-01	2.71140710260162e-02	1.14196283184209e-04	7.54619107007409e-01	2.67311924469058e-02	9.92253308786939e-05
8.40731714545547e-01	2.63247200649089e-02	8.72787070734793e-05	9.22428167189853e-01	2.59707905183429e-02	1.06861666792080e-05
1.00000000000000e+00	0.00000000000000e+00	0.00000000000000e+00
11	1.07583589854218e+01	3.24806451612903e+00
0.00000000000000e+00	2.58913696383335e-02	4.70582561434507e-04	1.25285456994697e-01	2.65859822198904e-02	2.96818789371711e-04
2.44101426967880e-01	2.67544816295475e-02	2.12713436881007e-04	3.56735150328860e-01	2.66742137398408e-02	1.64755155777074e-04
4.63521843475558e-01	2.64602403319769e-02	1.34100712547935e-04	5.64806666113502e-01	2.61687309138322e-02	1.12859553138667e-04
6.60928207028665e-01	2.58305108083035e-02	9.72544739270553e-05	7.52210887653433e-01	2.54639751554530e-02	8.52781992893847e-05
8.38961558067272e-01	2.50807773189768e-02	7.57725726346914e-05	9.21468233676570e-01	2.47511716382310e-02	5.19074117411034e-06
1.00000000000000e+00	0.00000000000000e+00	0.00000000000000e+00
11	1.07583589854218e+01	3.47387096774194e+00
0.00000000000000e+00	2.49537120376655e-02	3.64328227463018e-04	1.23958241058680e-01	2.53935147037861e-02	2.37077989087564e-04
2.41791417496471e-01	2.54507184978433e-02	1.72564251468166e-04	3.53783101071513e-01	2.53203851258264e-02	1.34869634115686e-04
4.60247948771104e-01	2.50878656724638e-02	1.10472597771416e-04	5.61504481409810e-01	2.47961089649474e-02	9.34631299672750e-05
6.57862997523373e-01	2.44690820694895e-02	8.09340783414214e-05	7.49620011527194e-01	2.41212149727701e-02	7.13137422381216e-05
8.37055824726513e-01	2.37616896397281e-02	6.36853328188636e-05	9.20433712480280e-01	2.34550530866835e-02	-1.24613607188628e-06
1.00000000000000e+00	0.00000000000000e+00	0.00000000000000e+00
11	1.07583589854218e+01	3.69967741935484e+00
0.00000000000000e+00	2.38392932967839e-02	2.79945553360861e-04	1.22570601493016e-01	2.40917193249477e-02	1.87572400851765e-04
2.39384845918498e-01	2.40690206474714e-02	1.38559818668504e-04	3.50713755813113e-01	2.39065942359461e-02	1.09178110950237e-04
4.56847416754992e-01	2.36668762464628e-02	8.98881512977345e-05	5.58075799068427e-01	2.33822977240382e-02	7.63325702141104e-05
6.54680037261195e-01	2.30712970150634e-02	6.63041372562789e-05	7.46928404876430e-01	2.27450938602619e-02	5.85862181917696e-05
8.35074599036589e-01	2.24108685915337e-02	5.24600162224997e-05	9.19357232839000e-01	2.21277737039873e-02	-7.14675321766833e-06
1.00000000000000e+00	0.00000000000000e+00	0.00000000000000e+00
11	1.07583589854218e+01	3.92548387096774e+00
0.00000000000000e+00	2.26063367907345e-02	2.13738082066595e-04	1.21160759052600e-01	2.27251442994713e-02	1.47211056321317e-04
2.36944736796877e-01	2.26481670901689e-02	1.10314441021608e-04	3.47604566350972e-01	2.24682519498584e-02	8.76029113233701e-05
4.53403662121004e-01	2.22304710388643e-02	7.24574173838199e-05	5.54602905209734e-01	2.19590183721073e-02	6.17157144117142e-05
6.51454434762718e-01	2.16679348924971e-02	5.37252468884031e-05	7.44198765853039e-01	2.13658725484902e-02	4.75553767436132e-05
8.33063588138901e-01	2.10584097393579e-02	4.26481529250955e-05	9.18263458524374e-01	2.07996704597595e-02	-1.19707209220721e-05
1.00000000000000e+00	0.00000000000000e+00	0.00000000000000e+00
11	1.07583589854218e+01	4.15129032258065e+00
0.00000000000000e+00	2.13035719139919e-02	1.62309241765413e-04	1.19757989032292e-01	2.13303888005437e-02	1.14739688953480e-04
2.34519192133779e-01	2.12192485513037e-02	8.72047195942249e-05	3.44514495358414e-01	2.10331007210445e-02	6.97932593858308e-05
4.49980060447947e-01	2.08040710059538e-02	5.79863860687979e-05	5.51148209059311e-01	2.05499947093964e-02	4.95254452400617e-05
6.48243059279771e-01	2.02814560763579e-02	4.31909048393964e-05	7.41478483146756e-01	2.00050727145697e-02	3.82797411317970e-05
8.31057271537137e-01	1.97251514564535e-02	3.43634156182437e-05	9.17170954324670e-01	1.94911654714622e-02	-1.56144813396875e-05
1.00000000000000e+00	0.00000000000000e+00	0.00000000000000e+00
11	1.07583589854218e+01	4.37709677419355e+00
0.00000000000000e+00	1.99701515925783e-02	1.22687276765232e-04	1.18383949909291e-01	1.99363722891911e-02	8.88978683853958e-05
2.32143773683461e-01	1.98063047510627e-02	6.85195153978801e-05	3.41487154698390e-01	1.96221711804314e-02	5.52792753703013e-05
4.46623542892840e-01	1.94065880214410e-02	4.61410346997981e-05	5.47757997598536e-01	1.91725476783337e-02	3.95173572328433e-05
6.45088160239414e-01	1.89279464440898e-02	3.45216804252813e-05	7.38802822163223e-01	1.86778034088673e-02	3.06299384715825e-05
8.29081348396831e-01	1.84254222938188e-02	2.75167230011641e-05	9.16093576740070e-01	1.82159936969697e-02	-1.81661799147914e-05
1.00000000000000e+00	0.00000000000000e+00	0.00000000000000e+00
11	1.07583589854218e+01	4.60290322580645e+00
0.00000000000000e+00	1.86363807385498e-02	9.23651522722890e-05	1.17054026236275e-01	1.85650962117589e-02	6.85135540396953e-05
2.29843787737766e-01	1.84272395598651e-02	5.35525665349423e-05	3.38553683105377e-01	1.82508373105978e-02	4.35651519063995e-05
4.43367761528439e-01	1.80516185522600e-02	3.65437383321732e-05	5.44465619827591e-01	1.78389346133467e-02	3.13908408469121e-05
6.42020330064616e-01	1.76186132681665e-02	2.74719969367565e-05	7.36197446882792e-01	1.73944270634989e-02	2.44020715360893e-05
8.27154613330736e-01	1.71688924252741e-02	2.19370335773350e-05	9.15041507615516e-01	1.69832658731892e-02	-1.97858501771453e-05
1.00000000000000e+00	0.00000000000000e+00	0.00000000000000e+00
11	1.07583589854218e+01	4.82870967741935e+00
0.00000000000000e+00	1.73248637293346e-02	6.92858452715495e-05	1.15778582734613e-01	1.72326360086257e-02	5.25508699760202e-05
2.27636358912345e-01	1.70948264528895e-02	4.16535376933647e-05	3.35735291723875e-01	1.69298485546902e-02	3.41806870342021e-05
4.40235821844533e-01	1.67485089396342e-02	2.88260080381075e-05	5.41294171158559e-01	1.65574557341743e-02	2.48434490615068e-05
6.39060944204945e-01	1.63609413202540e-02	2.17863912083116e-05	7.33680449213852e-01	1.61617735043762e-02	1.93761114979374e-05
8.25290431562483e-01	1.59618537524961e-02	1.74321105483877e-05	9.14022048686212e-01	1.57988288040589e-02	-2.06480303737155e-05
1.00000000000000e+00	0.00000000000000e+00	0.00000000000000e+00
11	1.07583589854218e+01	5.05451612903226e+00
0.00000000000000e+00	1.60518012162949e-02	5.17973334628330e-05	1.14564078137496e-01	1.59501914555363e-02	4.01262754784470e-05
2.25532244629224e-01	1.58176924072703e-02	3.22513290998971e-05	3.33045460714899e-01	1.56662769931858e-02	2.67060700495092e-05
4.37242609074292e-01	1.55032785461436e-02	2.26542864839585e-05	5.38258747991834e-01	1.53333632828078e-02	1.95975960858297e-05
6.36224182300923e-01	1.51595965007116e-02	1.72270331937341e-05	7.31264006236369e-01	1.49840453220605e-02	1.53442026403772e-05
8.23497926086654e-01	1.48081333163501e-02	1.38176187054473e-05	9.13040251441927e-01	1.46661963673029e-02	-2.09158115664909e-05
1.00000000000000e+00	0.00000000000000e+00	0.00000000000000e+00
11	1.07583589854218e+01	5.28032258064516e+00
0.00000000000000e+00	1.48282664378484e-02	3.85946116875369e-05	1.13414019508991e-01	1.47250908790140e-02	3.05054083444833e-05
2.23537379615975e-01	1.46012186019610e-02	2.48602290687794e-05	3.30491797865645e-01	1.44643519495576e-02	2.07804990214333e-05
4.34396744962359e-01	1.43194042092878e-02	1.77398701481923e-05	5.35368332526225e-01	1.41696068438155e-02	1.54113970549652e-05
6.33518706857022e-01	1.40171406685667e-02	1.35852407086023e-05	7.28955746984569e-01	1.38635091628284e-02	1.21226911663497e-05
8.21782949375577e-01	1.37097667468503e-02	1.09295705904566e-05	9.12099428501696e-01	1.35872125641929e-02	-2.07307036486082e-05
1.00000000000000e+00	0.00000000000000e+00	0.00000000000000e+00
11	1.07583589854218e+01	5.50612903225806e+00
0.00000000000000e+00	1.36612064534775e-02	2.86585973553466e-05	1.12329609784475e-01	1.35615339845994e-02	2.30885979914941e-05
2.21653905002381e-01	1.34481716346606e-02	1.90756322937524e-05	3.28077255564351e-01	1.33260188460655e-02	1.61011186836646e-05
4.31701846875587e-01	1.31983237345814e-02	1.38395206872310e-05	5.32626984128052e-01	1.30672924819184e-02	1.20804047394341e-05
6.30948704887213e-01	1.29344547136860e-02	1.06840195637226e-05	7.26759584381807e-01	1.28008892342484e-02	9.55524791868001e-06
8.20148663054608e-01	1.26673673959494e-02	8.62788164379680e-06	9.11201452323582e-01	1.25624019805124e-02	-2.02102228124001e-05
1.00000000000000e+00	0.00000000000000e+00	0.00000000000000e+00
11	1.07583589854218e+01	5.73193548387097e+00
0.00000000000000e+00	1.25545547558127e-02	2.12024773090791e-05	1.11310502357805e-01	1.24614785870928e-02	1.73941700848390e-05
2.19881402750405e-01	1.23594826941178e-02	1.45666843864856e-05	3.25801631849761e-01	1.22516460985934e-02	1.24187606979076e-05
4.29158123999057e-01	1.21400857779942e-02	1.07527531839624e-05	5.30035391258002e-01	1.20262851108761e-02	9.43591788726827e-06
6.28515281963327e-01	1.19113004696457e-02	8.37710613244003e-06	7.24676858988511e-01	1.17958943133460e-02	7.51244866181722e-06
8.18596356500175e-01	1.16806229041910e-02	6.79634771572069e-06	9.10347188463782e-01	1.15914410888542e-02	-1.94491491067872e-05
1.00000000000000e+00	0.00000000000000e+00	0.00000000000000e+00
11	1.07583589854218e+01	5.95774193548387e+00
0.00000000000000e+00	1.15098916124821e-02	1.56223225218355e-05	1.10355159159044e-01	1.14251132242409e-02	1.30387525572040e-05
2.18217460902682e-01	1.13346279716812e-02	1.10654793886722e-05	3.23662234860017e-01	1.12403454020663e-02	9.53048531615597e-06
4.26763060616733e-01	1.11436242667312e-02	8.31611722518222e-06	5.27591513564165e-01	1.10454455964200e-02	7.34041578143163e-06
6.26217019064189e-01	1.09465266295401e-02	6.54524985788107e-06	7.22706779418177e-01	1.08473972053361e-02	5.88869820183913e-06
8.17125750138504e-01	1.07484519508932e-02	5.34006014041299e-06	9.09536649703145e-01	1.06732958078255e-02	-1.85222323647594e-05
1.00000000000000e+00	0.00000000000000e+00	0.00000000000000e+00
11	1.07583589854218e+01	6.18354838709677e+00
0.00000000000000e+00	1.05271408261199e-02	1.14575523938454e-05	1.09461280453649e-01	1.04514036175259e-02	9.72007790445151e-06
2.16658379456270e-01	1.03720970821946e-02	8.35723048342452e-06	3.21654744871315e-01	1.02903882248107e-02	7.27262957656016e-06
4.24512336775954e-01	1.02071346475043e-02	6.39771282751056e-06	5.25291480647390e-01	1.01229735348867e-02	5.68302926606812e-06
6.24050782793735e-01	1.00383828195098e-02	5.09239040813458e-06	7.20847089053714e-01	9.95372378856840e-03	4.59895347726391e-06
8.15735473718475e-01	9.86927121465697e-03	4.18255561840386e-06	9.08769249581366e-01	9.80646944829289e-03	-1.74873822011978e-05
1.00000000000000e+00	0.00000000000000e+00	0.00000000000000e+00
11	1.07583589854218e+01	6.40935483870968e+00
0.00000000000000e+00	9.60502887236092e-03	8.35822116396212e-06	1.08626052664175e-01	9.53843524735476e-03	7.20124077424611e-06
2.15199573003553e-01	9.46967388953446e-03	6.27076654702297e-06	3.19773701470951e-01	9.39944632846657e-03	5.51391971503890e-06
4.22400344120894e-01	9.32828390776153e-03	4.89165936823355e-06	5.23130091341333e-01	9.25659230430631e-03	4.37488437354805e-06
6.22012171514698e-01	9.18468342711265e-03	3.94164926842411e-06	7.19094429741266e-01	9.11279845504576e-03	3.57522395166843e-06
8.14423324592229e-01	9.04112467845508e-03	3.26272343154077e-06	9.08043937823671e-01	8.98911798059832e-03	-1.63887055841805e-05
1.00000000000000e+00	0.00000000000000e+00	0.00000000000000e+00
11	1.07583589854218e+01	6.63516129032258e+00
0.00000000000000e+00	8.74147717063067e-03	6.05931942354587e-06	1.07846369225549e-01	8.68371663327239e-03	5.29753430644764e-06
2.13835936517534e-01	8.62469120177012e-03	4.67038175211432e-06	3.18012954327099e-01	8.56481474095594e-03	4.14952722038731e-06
4.20420671788560e-01	8.50440968063815e-03	3.71329793358299e-06	5.21101292363428e-01	8.44372861296405e-03	3.34502900833922e-06
6.20095950565471e-01	8.38297040880109e-03	3.03178778493507e-06	7.17444702787665e-01	8.32229226122527e-03	2.76345069927242e-06
8.13186528560693e-01	8.26181877309029e-03	2.53202803590646e-06	9.07359339511962e-01	8.21917376536119e-03	-1.52592532822737e-05
1.00000000000000e+00	0.00000000000000e+00	0.00000000000000e+00
11	1.07583589854218e+01	6.86096774193548e+00
0.00000000000000e+00	7.93390820707252e-03	4.36065191611323e-06	1.07119001704501e-01	7.88441873034640e-03	3.86553860831640e-06
2.12562132216030e-01	7.83423298600239e-03	3.44891357895172e-06	3.16366020926065e-01	7.78358990597572e-03	3.09599686199036e-06
4.18566496553877e-01	7.73268058564824e-03	2.79509140777012e-06	5.19198567066817e-01	7.68165839469437e-03	2.53693623575302e-06
6.18296409707248e-01	7.63064683962311e-03	2.31414607798630e-06	7.15893368695559e-01	7.57974563133235e-03	2.12079108841134e-06
8.12021958760945e-01	7.52903540306360e-03	1.95207906028561e-06	9.06713873082550e-01	7.49445002681792e-03	-1.41233867196888e-05
1.00000000000000e+00	0.00000000000000e+00	0.00000000000000e+00
11	1.07583589854218e+01	7.08677419354839e+00
0.00000000000000e+00	7.17936988980383e-03	3.11109019357492e-06	1.06440630721465e-01	7.13745113797193e-03	2.79410418813075e-06
2.11372636501910e-01	7.09518384431951e-03	2.52186919225128e-06	3.14826140221940e-01	7.05270250434942e-03	2.28691229708922e-06
4.16830636707594e-01	7.01011733837753e-03	2.08311647365012e-06	5.17414984787092e-01	6.96751882626445e-03	1.90550430156922e-06
6.16607404510754e-01	6.92498139673448e-03	1.75000300361994e-06	7.14435478390816e-01	6.88256636149687e-03	1.61326221448377e-06
8.10926155766875e-01	6.84032426247394e-03	1.49251179037968e-06	9.06105759591436e-01	6.81262800998472e-03	-1.29985898882357e-05
1.00000000000000e+00	0.00000000000000e+00	0.00000000000000e+00
11	1.07583589854218e+01	7.31258064516129e+00
0.00000000000000e+00	6.47486493709026e-03	2.19695515490947e-06	1.05808080224713e-01	6.43975402034314e-03	1.99753173601991e-06
2.10262147187068e-01	6.40449867596649e-03	1.82297769424355e-06	3.13386796711630e-01	6.36917238212031e-03	1.66965130887764e-06
4.15206140203549e-01	6.33383672719257e-03	1.53446538964097e-06	5.15743802848002e-01	6.29854333550273e-03	1.41484297522254e-06
6.15022924335983e-01	6.26333552448699e-03	1.30862375291585e-06	7.13066161600477e-01	6.22824965996760e-03	1.21398935848394e-06
8.09895693149514e-01	6.19331626995667e-03	1.12940315422083e-06	9.05533224661052e-01	6.17146461535611e-03	-1.18972999745282e-05
1.00000000000000e+00	0.00000000000000e+00	0.00000000000000e+00
11	1.07583589854218e+01	7.53838709677419e+00
0.00000000000000e+00	5.81723984311455e-03	1.53255118406914e-06	1.05218170512158e-01	5.78816359406775e-03	1.40964214101480e-06
2.09225324960455e-01	5.75905568562141e-03	1.30014590282723e-06	3.12041385671818e-01	5.72995483762606e-03	1.20236605238855e-06
4.13685907715363e-01	5.70089418721864e-03	1.11480645503814e-06	5.14178079844757e-01	5.67190204565504e-03	1.03618829094820e-06
6.13536726612699e-01	5.64300260654793e-03	9.65414969966716e-07	7.11780311435233e-01	5.61421654044303e-03	9.01543280806827e-07
8.08926940424368e-01	5.58556149592204e-03	8.43759401125688e-07	9.04994366838245e-01	5.56862963411731e-03	-1.08278404062911e-05
1.00000000000000e+00	0.00000000000000e+00	0.00000000000000e+00
11	1.07583589854218e+01	7.76419354838710e+00
0.00000000000000e+00	5.20349378127705e-03	1.05357086277458e-06	1.04667960122436e-01	5.17970055343497e-03	9.79632713504763e-07
2.08257218860184e-01	5.15593196314301e-03	9.12677939557405e-07	3.10783766293530e-01	5.13220752630550e-03	8.51960850423161e-07
4.12263319080632e-01	5.10854426985941e-03	7.96789414114762e-07	5.12711322323089e-01	5.08495699262157e-03	7.46558993180990e-07
6.12142951939446e-01	5.06145855119511e-03	7.00740080517015e-07	7.10573117455640e-01	5.03806010594499e-03	6.58867877589842e-07
8.08016465137404e-01	5.01477133303585e-03	6.20533496697995e-07	9.04487381400880e-01	5.00194438678103e-03	-9.79578411186566e-06
1.00000000000000e+00	0.00000000000000e+00	0.00000000000000e+00
11	1.07583589854218e+01	7.99000000000000e+00
0.00000000000000e+00	4.63057444215564e-03	7.11615918524977e-07	1.04154536052751e-01	4.61135539339497e-03	6.68405274573125e-07
2.07352899263693e-01	4.59218375907389e-03	6.28680115299929e-07	3.09607788011419e-01	4.57306883182840e-03	5.92138439170498e-07
4.10931701111581e-01	4.55401886687601e-03	5.58477068812735e-07	5.11336939717145e-01	4.53504114713665e-03	5.27425706553508e-07
6.10835609419063e-01	4.51614209117834e-03	4.98743024213155e-07	7.09439622512048e-01	4.49732734841157e-03	4.72213100954910e-07
8.07160700396634e-01	4.47860188267235e-03	4.47642511502977e-07	9.04010376092545e-01	4.46916617463100e-03	-8.80432022154487e-06
1.00000000000000e+00	0.00000000000000e+00	0.00000000000000e+00
