38	8.63988449483969e+02	9.90000000000000e-01
0.00000000000000e+00	2.01919133138833e-02	-5.42545399595529e-05	4.09266508055012e-02	1.96327643898979e-02	-5.71900685424342e-05
8.02772695150721e-02	1.90865013321915e-02	-6.03822050297964e-05	1.18153928456022e-01	1.85513088546414e-02	-6.38495914442316e-05
1.54650904680175e-01	1.80254055606197e-02	-6.76248295774506e-05	1.89855484172841e-01	1.75070081267554e-02	-7.17454978853560e-05
2.23848678544499e-01	1.69943089372322e-02	-7.62550908883775e-05	2.56705866490689e-01	1.64854518893440e-02	-8.12041742279668e-05
2.88497370838844e-01	1.59785055955699e-02	-8.66518107174308e-05	3.19288980649041e-01	1.54714330514769e-02	-9.26673340975182e-05
3.49142426758329e-01	1.49620566141144e-02	-9.93325696423408e-05	3.78115818324197e-01	1.44480168373498e-02	-1.06744636675149e-04
4.06264047312366e-01	1.39267232958344e-02	-1.15019512883840e-04	4.33639167479669e-01	1.33952949692386e-02	-1.24296608235097e-04
4.60290754229146e-01	1.28504869759087e-02	-1.34744686432153e-04	4.86266251781628e-01	1.22885993677837e-02	-1.46569608744374e-04
5.11611314454937e-01	1.17053621798877e-02	-1.60024572506412e-04	5.36370149533693e-01	1.10957887661098e-02	-1.75423808929098e-04
5.60585870352023e-01	1.04539863121123e-02	-1.93161131381014e-04	5.84300869956505e-01	9.77290789084995e-03	-2.13735425533379e-04
6.07557228309478e-01	9.04402355949729e-03	-2.37786183994837e-04	6.30397169809627e-01	8.25687778673156e-03	-2.66143928221885e-04
6.52863593535231e-01	7.39848448209335e-03	-2.99903052221051e-04	6.75000706997769e-01	6.45248578375868e-03	-3.40529261382505e-04
6.96854806865676e-01	5.39796015161476e-03	-3.90021813445829e-04	7.18475269655371e-01	4.20769751410122e-03	-4.51164915675539e-04
7.39915846236366e-01	2.84564372375806e-03	-5.27929264621418e-04	7.61236404088560e-01	1.26301046531041e-03	-6.26135205182399e-04
7.82505345297170e-01	-6.07829968968354e-04	-7.54593327399800e-04	8.03803074744329e-01	-2.86327489268068e-03	-9.27159369281227e-04
8.25227159937591e-01	-5.64533075559404e-03	-1.16664936526756e-03	8.46900337067798e-01	-9.17161579102876e-03	-1.51282665079133e-03
8.68983569496012e-01	-1.37920932060864e-02	-2.04014098666327e-03	8.91698697265456e-01	-2.01043992041603e-02	-2.90169863298240e-03
9.15370935000272e-01	-2.92099259294076e-02	-4.45562066797622e-03	9.40517482297937e-01	-4.33439009433578e-02	-7.71433773019092e-03
9.68062438940615e-01	-6.82586609017587e-02	-1.58620814911603e-02	1.00000000000000e+00	0.00000000000000e+00	0.00000000000000e+00
27	8.63988449483969e+02	1.21580645161290e+00
0.00000000000000e+00	2.81805528728738e-02	-9.95929957412489e-05	5.87577259739342e-02	2.71176772623711e-02	-1.07164337239229e-04
1.14412961467436e-01	2.60888268389197e-02	-1.15644218618094e-04	1.67238224076801e-01	2.50875324106359e-02	-1.25175756421125e-04
2.17478030897337e-01	2.41073910374801e-02	-1.35940730880302e-04	2.65352785063310e-01	2.31419057950184e-02	-1.48162032280963e-04
3.11062105574621e-01	2.21843186261563e-02	-1.62115358478765e-04	3.54787707626060e-01	2.12274164162829e-02	-1.78144991993090e-04
3.96695923021223e-01	2.02632966726926e-02	-1.96685371629313e-04	4.36939937408581e-01	1.92830741406942e-02	-2.18291023703854e-04
4.75661812577896e-01	1.82765019134301e-02	-2.43678773338640e-04	5.12994357700252e-01	1.72314685279178e-02	-2.73788371856876e-04
5.49062913473247e-01	1.61333133915131e-02	-3.09871309382315e-04	5.83987118587978e-01	1.49638721881140e-02	-3.53623907787703e-04
6.17882740704099e-01	1.37001129994432e-02	-4.07391841234395e-04	6.50863677815924e-01	1.23121375608211e-02	-4.74493603359161e-04
6.83044277120165e-01	1.07601704217712e-02	-5.59749205122140e-04	7.14542189526475e-01	8.98988262128175e-03	-6.70377878710937e-04
7.45482102332970e-01	6.92487194225522e-03	-8.17592144167989e-04	7.76000917553890e-01	4.45407470543024e-03	-1.01958303916638e-03
8.06255369057091e-01	1.40967311498952e-03	-1.30748334265784e-03	8.36433924955648e-01	-2.47392815488079e-03	-1.73827293161088e-03
8.66776660862071e-01	-7.64166248689191e-03	-2.42571670558611e-03	8.97611136534316e-01	-1.48940156089908e-02	-3.62535465802627e-03
9.29423900193544e-01	-2.58069988389873e-02	-6.01752725301186e-03	9.63023740539727e-01	-4.42504101850641e-02	-1.15458664443051e-02
1.00000000000000e+00	0.00000000000000e+00	0.00000000000000e+00
19	8.63988449483969e+02	1.44161290322581e+00
0.00000000000000e+00	3.98726225316632e-02	-1.84727607097424e-04	8.49827434422657e-02	3.78111417158122e-02	-2.04660502198584e-04
1.63773505771601e-01	3.58423863916359e-02	-2.28028293815186e-04	2.37112244621663e-01	3.39423794362839e-02	-2.55664721159121e-04
3.05636679087655e-01	3.20871716759408e-02	-2.88680630721405e-04	3.69901404545398e-01	3.02516767044694e-02	-3.28574257147940e-04
4.30393457329911e-01	2.84082612004326e-02	-3.77405785900065e-04	4.87545274975063e-01	2.65248875728403e-02	-4.38071272878648e-04
5.41745821295794e-01	2.45624984919390e-02	-5.14746337220373e-04	5.93350557001651e-01	2.24711231267882e-02	-6.13631713519913e-04
6.42690939321818e-01	2.01837866549643e-02	-7.44260925932050e-04	6.90084258369673e-01	1.76065166461272e-02	-9.21913528709961e-04
7.35844943472379e-01	1.46010975240070e-02	-1.17235029771967e-03	7.80299189561684e-01	1.09535793345625e-02	-1.54183408702258e-03
8.23806328345684e-01	6.31283472807498e-03	-2.12046825633716e-03	8.66794042072120e-01	6.07657147171370e-05	-3.10384952019294e-03
9.09824005254441e-01	-8.98895121624843e-03	-4.98704587209420e-03	9.53732949386362e-01	-2.35818706082728e-02	-9.13379308691820e-03
1.00000000000000e+00	0.00000000000000e+00	0.00000000000000e+00
15	8.63988449483969e+02	1.66741935483871e+00
0.00000000000000e+00	5.01539622242193e-02	-2.63771345494712e-04	1.09139763573619e-01	4.70058275214436e-02	-2.98985453319744e-04
2.08480781727561e-01	4.40398402819209e-02	-3.41812833014599e-04	2.99442469378250e-01	4.12015402756651e-02	-3.94622769303687e-04
3.83207335514205e-01	3.84364664395116e-02	-4.60792651704400e-04	4.60774140327079e-01	3.56860477384511e-02	-5.45264285042757e-04
5.32999444674195e-01	3.28822198286796e-02	-6.55504011675800e-04	6.00631347497080e-01	2.99395109406537e-02	-8.03229661739735e-04
6.64338502445220e-01	2.67423011560479e-02	-1.00769523123767e-03	7.24737400032445e-01	2.31226774706423e-02	-1.30237846911019e-03
7.82421602723652e-01	1.88190246398325e-02	-1.74980488429810e-03	8.37998859264062e-01	1.33922918453613e-02	-2.47821375846025e-03
8.92148005760820e-01	6.04084487982703e-03	-3.78668558621720e-03	9.45724519078882e-01	-4.94314129716600e-03	-6.42561756377624e-03
1.00000000000000e+00	0.00000000000000e+00	0.00000000000000e+00
12	8.63988449483969e+02	1.89322580645161e+00
0.00000000000000e+00	6.23676239501205e-02	-3.59244116055146e-04	1.38002826250479e-01	5.76930629453876e-02	-4.17120933648318e-04
2.60952583822418e-01	5.33652143963359e-02	-4.90327871666585e-04	3.71447850734064e-01	4.92687548101274e-02	-5.84822866102064e-04
4.71571158559387e-01	4.52889704140005e-02	-7.09782975523821e-04	5.63025245458190e-01	4.12989444840146e-02	-8.79941491768843e-04
6.47234848291062e-01	3.71413440225969e-02	-1.12018830151972e-03	7.25427637484292e-01	3.25981018065324e-02	-1.47533079113127e-03
7.98705690664532e-01	2.73334592695471e-02	-2.03289862234324e-03	8.68120575242834e-01	2.07751436499424e-02	-2.98362464422497e-03
9.34774321490780e-01	1.18293332408275e-02	-4.80266196751944e-03	1.00000000000000e+00	0.00000000000000e+00	0.00000000000000e+00
11	8.63988449483969e+02	2.11903225806452e+00
0.00000000000000e+00	6.69289084146742e-02	-3.51361478076129e-04	1.51390237963751e-01	6.17435491351708e-02	-4.08038078469231e-04
2.85174586080984e-01	5.70020394903592e-02	-4.79740677161278e-04	4.04532471543342e-01	5.25697717309985e-02	-5.72312450830337e-04
5.11972485591530e-01	4.83184981818787e-02	-6.94753736618203e-04	6.09515127331482e-01	4.41121894529377e-02	-8.61513998208885e-04
6.98825546686066e-01	3.97881905092416e-02	-1.09700143259928e-03	7.81315488275077e-01	3.51269611802794e-02	-1.44514663886963e-03
8.58229211151580e-01	2.97961573218501e-02	-1.99172976943363e-03	9.30728482085686e-01	2.32748202893567e-02	-2.96377572012640e-03
1.00000000000000e+00	0.00000000000000e+00	0.00000000000000e+00
11	8.63988449483969e+02	2.34483870967742e+00
0.00000000000000e+00	6.51863611128158e-02	-2.73921330361748e-04	1.51401974453050e-01	6.04261408397575e-02	-3.12802902197706e-04
2.85550000391761e-01	5.60989078584360e-02	-3.60653681915846e-04	4.05447894870711e-01	5.20961445030004e-02	-4.20467241783573e-04
5.13474336330963e-01	4.83202252197437e-02	-4.96605879168222e-04	6.11545792698407e-01	4.46760189397306e-02	-5.95622993117884e-04
7.01234160209477e-01	4.10615669866827e-02	-7.27732440032991e-04	7.83854704818095e-01	3.73555754085868e-02	-9.09572690700466e-04
8.60535142747769e-01	3.33977846985081e-02	-1.16975782025897e-03	9.32274436958042e-01	2.90242956843305e-02	-1.63141706907655e-03
1.00000000000000e+00	0.00000000000000e+00	0.00000000000000e+00
11	8.63988449483969e+02	2.57064516129032e+00
0.00000000000000e+00	6.33768161300934e-02	-2.07777373665508e-04	1.51019906166678e-01	5.90135243111976e-02	-2.33322495967858e-04
2.85208712826149e-01	5.50643998152227e-02	-2.63915918253366e-04	4.05391280232744e-01	5.14408218642888e-02	-3.00981773721398e-04
5.13815239514640e-01	4.80664876296353e-02	-3.46488610342144e-04	6.12295735335457e-01	4.48720245321752e-02	-4.03215842942339e-04
7.02320080210895e-01	4.17899727450861e-02	-4.75190797466718e-04	7.85125266824122e-01	3.87493080810875e-02	-5.68427791070025e-04
8.61757027532264e-01	3.56684162224317e-02	-6.92233963475397e-04	9.33116596327779e-01	3.25324060640078e-02	-9.49766515501604e-04
1.00000000000000e+00	0.00000000000000e+00	0.00000000000000e+00
11	8.63988449483969e+02	2.79645161290323e+00
0.00000000000000e+00	6.15016337266689e-02	-1.53667600748975e-04	1.50306650063573e-01	5.75039909323416e-02	-1.69805988364580e-04
2.84266564594606e-01	5.38954436660488e-02	-1.88641462815387e-04	4.04525275437031e-01	5.06025039143170e-02	-2.10808814433472e-04
5.13199712490689e-01	4.75636628958642e-02	-2.37144520792043e-04	6.12006223316346e-01	4.47255999442413e-02	-2.68765361264744e-04
7.02353682894905e-01	4.20400694270839e-02	-3.07189278184739e-04	7.85412508262113e-01	3.94610737918322e-02	-3.54521758702875e-04
8.62166809066802e-01	3.69419537192814e-02	-4.13751742573076e-04	9.33454648621831e-01	3.45293535585554e-02	-5.87155104237347e-04
1.00000000000000e+00	0.00000000000000e+00	0.00000000000000e+00
11	8.63988449483969e+02	3.02225806451613e+00
0.00000000000000e+00	5.95678502530859e-02	-1.11091213722103e-04	1.49325842033628e-01	5.59043603232707e-02	-1.20939847320978e-04
2.82839330146846e-01	5.26008680218666e-02	-1.32165876701063e-04	4.03008658812753e-01	4.95956131880475e-02	-1.45036575536439e-04
5.11821424716145e-01	4.68376587304831e-02	-1.59890136532725e-04	6.10897283027126e-01	4.42840265825464e-02	-1.77156445259508e-04
7.01570562583645e-01	4.18974924060633e-02	-1.97388632489970e-04	7.84951849620123e-01	3.96447966720983e-02	-2.21308066598258e-04
8.61974609580742e-01	3.74950899663526e-02	-2.49869752321885e-04	9.33431022336531e-01	3.55206045194754e-02	-3.87056518714068e-04
1.00000000000000e+00	0.00000000000000e+00	0.00000000000000e+00
11	8.63988449483969e+02	3.24806451612903e+00
0.00000000000000e+00	5.75879573216453e-02	-7.87166307825160e-05	1.48138413333099e-01	5.42287662832244e-02	-8.45490337502142e-05
2.81036176690066e-01	5.11985931306111e-02	-9.10585475439873e-05	4.00988098287507e-01	4.84450421841376e-02	-9.83520387154435e-05
5.09854702483506e-01	4.59251197421757e-02	-1.06560791600430e-04	6.09160845669580e-01	4.36029832240852e-02	-1.15844784889685e-04
7.00168714944212e-01	4.14482464663475e-02	-1.26400563306373e-04	7.83932669849550e-01	3.94346676382971e-02	-1.38471749843161e-04
8.61341008864835e-01	3.75390995755600e-02	-1.52363261131994e-04	9.33148185879710e-01	3.58443359043512e-02	-2.72737321039829e-04
1.00000000000000e+00	0.00000000000000e+00	0.00000000000000e+00
11	8.63988449483969e+02	3.47387096774194e+00
0.00000000000000e+00	5.55785331031686e-02	-5.48158061492998e-05	1.46799908760216e-01	5.24963202596325e-02	-5.81821245022596e-05
2.78955340359247e-01	4.97119933187924e-02	-6.18710260555932e-05	3.98593340969282e-01	4.71808575101227e-02	-6.59230281228051e-05
5.07450526464732e-01	4.48662098802828e-02	-7.03874375744817e-05	6.06958973675804e-01	4.27375406497734e-02	-7.53222277585230e-05
6.98310425275408e-01	4.07691821940310e-02	-8.07959332933539e-05	7.82504943994003e-01	3.89392751035675e-02	-8.68900466124423e-05
8.60388246247539e-01	3.72289623644015e-02	-9.37020737965533e-05	9.32680680852902e-01	3.57250162477118e-02	-2.05165488938786e-04
1.00000000000000e+00	0.00000000000000e+00	0.00000000000000e+00
11	8.63988449483969e+02	3.69967741935484e+00
0.00000000000000e+00	5.35583419314707e-02	-3.76089388449685e-05	1.45358907557638e-01	5.07285087563254e-02	-3.95099894758832e-05
2.76681882223494e-01	4.81664986268835e-02	-4.15610124027133e-05	3.95935244108413e-01	4.58340904774452e-02	-4.37762829985644e-05
5.04735774164265e-01	4.36997726391473e-02	-4.61738300594483e-05	6.04425185689579e-01	4.17372987539801e-02	-4.87742265236069e-05
6.96126345805638e-01	3.99245971413480e-02	-5.16010328639460e-05	7.80786261477689e-01	3.82429343253305e-02	-5.46813332849005e-05
8.59209329776553e-01	3.66762649687671e-02	-5.80463877348780e-05	9.32083333308349e-01	3.53122543690580e-02	-1.63800777865264e-04
1.00000000000000e+00	0.00000000000000e+00	0.00000000000000e+00
11	8.63988449483969e+02	3.92548387096774e+00
0.00000000000000e+00	5.15464460252071e-02	-2.54808728108458e-05	1.43856397985904e-01	4.89469148166271e-02	-2.65348531651721e-05
2.74287086923033e-01	4.65869749190388e-02	-2.76574241153682e-05	3.93105826161220e-01	4.44339185834750e-02	-2.88528719882830e-05
5.01814483789537e-01	4.24606297169809e-02	-3.01276473972933e-05	6.01667360965817e-01	4.06444247237612e-02	-3.14889309380728e-05
6.93720231614857e-01	3.89661699435171e-02	-3.29447346665290e-05	7.78868173705979e-01	3.74096001528610e-02	-3.45040203562075e-05
8.57875071668351e-01	3.59607863646076e-02	-3.61768379060212e-05	9.31396854031240e-01	3.47067281425562e-02	-1.37502024545100e-04
1.00000000000000e+00	0.00000000000000e+00	0.00000000000000e+00
11	8.63988449483969e+02	4.15129032258065e+00
0.00000000000000e+00	4.95606736950607e-02	-1.70825313772216e-05	1.42325862701134e-01	4.71715408331943e-02	-1.76578283483941e-05
2.71828989736877e-01	4.49960050657949e-02	-1.82643374169178e-05	3.90179565965823e-01	4.30060813581048e-02	-1.89026764159106e-05
4.98770182658966e-01	4.11784241502839e-02	-1.95751130411814e-05	5.98771229052472e-01	3.94933985125669e-02	-2.02841206740079e-05
6.91173530895868e-01	3.79343666934535e-02	-2.10324011173935e-05	7.76821535010605e-01	3.64871326941183e-02	-2.18229104120837e-05
8.56439398380540e-01	3.51395054236783e-02	-2.26588881206968e-05	9.30651691006886e-01	3.39769784819497e-02	-1.20064394644848e-04
1.00000000000000e+00	0.00000000000000e+00	0.00000000000000e+00
11	8.63988449483969e+02	4.37709677419355e+00
0.00000000000000e+00	4.76165930763686e-02	-1.13518171038773e-05	1.40793834316421e-01	4.54197824857800e-02	-1.16616433711858e-05
2.69353588836223e-01	4.34129695620842e-02	-1.19858673697237e-05	3.87215366686988e-01	4.15722196034896e-02	-1.23238156657379e-05
4.95668649370721e-01	3.98774370885768e-02	-1.26762741710085e-05	5.95803889480055e-01	3.83116226771634e-02	-1.30440858467917e-05
6.88549492283454e-01	3.68602974700656e-02	-1.34281557904181e-05	7.74700847397103e-01	3.55110509947125e-02	-1.38294567706421e-05
8.54943335436019e-01	3.42531829553363e-02	-1.42490355345970e-05	9.29870719697580e-01	3.31702099478763e-02	-1.07952648860543e-04
1.00000000000000e+00	0.00000000000000e+00	0.00000000000000e+00
11	8.63988449483969e+02	4.60290322580645e+00
0.00000000000000e+00	4.57269705843584e-02	-7.48866343625032e-06	1.39280704270062e-01	4.37059520420344e-02	-7.65352961540344e-06
2.66896382185069e-01	4.18537218220674e-02	-7.82534611842856e-06	3.84258758604542e-01	4.01498146379629e-02	-8.00301826875405e-06
4.92560702865913e-01	3.85769375260943e-02	-8.18681527148257e-06	5.92817060715408e-01	3.71203762077601e-02	-8.37702196276879e-06
6.85896673680432e-01	3.57675311509149e-02	-8.57393998177081e-06	7.72547727757422e-01	3.45075502751704e-02	-8.77788888153930e-06
8.53417998360108e-01	3.33310355980410e-02	-8.98920746106313e-06	9.29071151473758e-01	3.23192626138060e-02	-9.91128054967927e-05
1.00000000000000e+00	0.00000000000000e+00	0.00000000000000e+00
11	8.63988449483969e+02	4.82870967741935e+00
0.00000000000000e+00	4.39016255496545e-02	-4.91043561412496e-06	1.37801631079072e-01	4.20412101975614e-02	-4.99715527779721e-06
2.64483991785476e-01	4.03306609428442e-02	-5.08755674433203e-06	3.81344085867748e-01	3.87524777742096e-02	-5.18043517416800e-06
4.89484806619038e-01	3.72917805957891e-02	-5.27588189092043e-06	5.89849942084875e-01	3.59358351312347e-02	-5.37399249611603e-06
6.83251868832529e-01	3.46736793818325e-02	-5.47486707769274e-06	7.70393655934977e-01	3.34958254787714e-02	-5.57861042893570e-06
8.51886852632604e-01	3.23940197533876e-02	-5.68533241840363e-06	9.28265912021143e-01	3.14471573577331e-02	-9.23312006539945e-05
1.00000000000000e+00	0.00000000000000e+00	0.00000000000000e+00
11	8.63988449483969e+02	5.05451612903226e+00
0.00000000000000e+00	4.21475626449241e-02	-3.20388143437711e-06	1.36367443033214e-01	4.04337631050951e-02	-3.24892070291405e-06
2.62135724276822e-01	3.88530369482418e-02	-3.29620673489295e-06	3.78496530118619e-01	3.73904126615885e-02	-3.34453315886662e-06
4.86469385392527e-01	3.60330829283935e-02	-3.39393069914706e-06	5.86931660206441e-01	3.47700258768155e-02	-3.44443128197369e-06
6.80642512218065e-01	3.35917043550813e-02	-3.49606799909807e-06	7.68262147670363e-01	3.24898240043721e-02	-3.54887515907620e-06
8.50367435320796e-01	3.14571371405954e-02	-3.60288845224765e-06	9.27464654299284e-01	3.05700988435305e-02	-8.68799563853440e-05
1.00000000000000e+00	0.00000000000000e+00	0.00000000000000e+00
11	8.63988449483969e+02	5.28032258064516e+00
0.00000000000000e+00	4.04692702431630e-02	-2.08191639794464e-06	1.34985471679081e-01	3.88892053810259e-02	-2.10492525876127e-06
2.59864982756920e-01	3.74273670610190e-02	-2.12953978184771e-06	3.75733898009715e-01	3.60709355090716e-02	-2.15458876007268e-06
4.83534818569389e-01	3.48088802506588e-02	-2.18008248498158e-06	5.84083316130858e-01	3.36316572122657e-02	-2.20603154454935e-06
6.78088634625710e-01	3.25309664823810e-02	-2.23244686314850e-06	7.66170471249097e-01	3.14995559493179e-02	-2.25933965825043e-06
8.48872676609967e-01	3.05310609897811e-02	-2.28672153190779e-06	9.26674514310319e-01	2.96994892759288e-02	-8.23165067649345e-05
1.00000000000000e+00	0.00000000000000e+00	0.00000000000000e+00
11	8.63988449483969e+02	5.50612903225806e+00
0.00000000000000e+00	3.88690971871293e-02	-1.34836874865485e-06	1.33660284714845e-01	3.74109231061119e-02	-1.35982568938431e-06
2.57680492974612e-01	3.60578831362495e-02	-1.37258778210025e-06	3.73068150139441e-01	3.47989859186357e-02	-1.38553044037870e-06
4.80695115345851e-01	3.36247215311878e-02	-1.39865708503883e-06	5.81319672720017e-01	3.25268188412042e-02	-1.41197121994452e-06
6.75604442123716e-01	3.14980501474165e-02	-1.42547642423274e-06	7.64131004112627e-01	3.05320716611344e-02	-1.43917639938707e-06
8.47411921496439e-01	2.96232923832356e-02	-1.45307486354440e-06	9.25900682593461e-01	2.88433003555926e-02	-7.83680765110706e-05
1.00000000000000e+00	0.00000000000000e+00	0.00000000000000e+00
11	8.63988449483969e+02	5.73193548387097e+00
0.00000000000000e+00	3.73476502533716e-02	-8.70946563757968e-07	1.32394311009742e-01	3.60005037104287e-02	-8.76391626380979e-07
2.55587341843860e-01	3.47469652039543e-02	-8.82986822769993e-07	3.70506683852986e-01	3.35775956792292e-02	-8.89656756486445e-07
4.77959304146986e-01	3.24841849259829e-02	-8.96402570838006e-07	5.78650535731008e-01	3.14595567578371e-02	-9.03225440440636e-07
6.73199589613826e-01	3.04974111918372e-02	-9.10126503717024e-07	7.62152309993205e-01	2.95921946772746e-02	-9.17106984799076e-07
8.45991727716123e-01	2.87389927245425e-02	-9.24168125804314e-07	9.25146843005010e-01	2.80070250899629e-02	-7.48640503061004e-05
1.00000000000000e+00	0.00000000000000e+00	0.00000000000000e+00
11	8.63988449483969e+02	5.95774193548387e+00
0.00000000000000e+00	3.59041748939188e-02	-5.61376370722400e-07	1.31188361181754e-01	3.46581204498344e-02	-5.63717912349659e-07
2.53587840015301e-01	3.34955363154601e-02	-5.67116947847168e-07	3.68053393475155e-01	3.24083009341274e-02	-5.70546832001639e-07
4.75332573185062e-01	3.13893143729811e-02	-5.74007924303288e-07	5.76081878018891e-01	3.04323414733931e-02	-5.77500611997905e-07
6.70880207390135e-01	2.95318840781120e-02	-5.81025288326487e-07	7.60239997693927e-01	2.86830752626919e-02	-5.84582344087536e-07
8.44616494406678e-01	2.78815912735599e-02	-5.88172159199374e-07	9.24415514085405e-01	2.71943505271994e-02	-7.16958576729709e-05
1.00000000000000e+00	0.00000000000000e+00	0.00000000000000e+00
11	8.63988449483969e+02	6.18354838709677e+00
0.00000000000000e+00	3.45368825197072e-02	-3.61254763214802e-07	1.30042039943868e-01	3.33828599492463e-02	-3.62010448951011e-07
2.51682205323820e-01	3.23033938569262e-02	-3.63758320354179e-07	3.65709509072916e-01	3.12914811759282e-02	-3.65518887157634e-07
4.72817169912053e-01	3.03409703714679e-02	-3.67292259273455e-07	5.73616722035969e-01	2.94464347642922e-02	-3.69078574369297e-07
6.68649702321573e-01	2.86030688201451e-02	-3.70877960564897e-07	7.58397386748822e-01	2.78066017502971e-02	-3.72690532435271e-07
8.43288945640222e-01	2.70532251432904e-02	-3.74516445411643e-07	9.23708309402750e-01	2.64076329834375e-02	-6.87928948506222e-05
1.00000000000000e+00	0.00000000000000e+00	0.00000000000000e+00
11	8.63988449483969e+02	6.40935483870968e+00
0.00000000000000e+00	3.32432468618391e-02	-2.32207552741670e-07	1.28954088838088e-01	3.21730159290594e-02	-2.32165181746069e-07
2.49869132408044e-01	3.11695023074277e-02	-2.33062304122456e-07	3.63474296237277e-01	3.02266531663076e-02	-2.33964650764307e-07
4.70413151050066e-01	2.93391274366381e-02	-2.34872234994299e-07	5.71255874329577e-01	2.85021931475422e-02	-2.35785116320386e-07
6.66509422576841e-01	2.77116430055706e-02	-2.36703321832010e-07	7.56626057359735e-01	2.69637236362346e-02	-2.37626923693668e-07
8.42010527802317e-01	2.62550759756055e-02	-2.38555924791939e-07	9.23026150202174e-01	2.56482524223183e-02	-6.61079982275936e-05
1.00000000000000e+00	0.00000000000000e+00	0.00000000000000e+00
11	8.63988449483969e+02	6.63516129032258e+00
0.00000000000000e+00	3.20202301531685e-02	-1.49160050977315e-07	1.27922640614675e-01	3.10263141837952e-02	-1.48726504667351e-07
2.48146217686428e-01	3.00922172780429e-02	-1.49186263342926e-07	3.61345579957213e-01	2.92126948284295e-02	-1.49648144986969e-07
4.68118945160416e-01	2.83830989523111e-02	-1.50112188457285e-07	5.68998476809384e-01	2.75992949781483e-02	-1.50578378432797e-07
6.64459156286519e-01	2.68575925135870e-02	-1.51046761320828e-07	7.54926262353056e-01	2.61546873328857e-02	-1.51517328461637e-07
8.40781706590519e-01	2.54876121535403e-02	-1.51990082519760e-07	9.22369423861659e-01	2.49168636574864e-02	-6.36085680818521e-05
1.00000000000000e+00	0.00000000000000e+00	0.00000000000000e+00
11	8.63988449483969e+02	6.86096774193548e+00
0.00000000000000e+00	3.08644808035734e-02	-9.58024533037616e-08	1.26945429869543e-01	2.99401087117990e-02	-9.51867504817017e-08
2.46510313534494e-01	2.90694796868241e-02	-9.54220573667897e-08	3.59320183405379e-01	2.82480375875858e-02	-9.56582333344613e-08
4.65931825589946e-01	2.74717281299692e-02	-9.58952917073930e-08	5.66842471377036e-01	2.67369306830367e-02	-9.61332349280752e-08
6.62497552468699e-01	2.60404017986893e-02	-9.63720629965081e-08	7.53297275108829e-01	2.53792273416382e-02	-9.66117854606097e-08
8.39602217772483e-01	2.47507817293566e-02	-9.68524005440230e-08	9.21738117528107e-01	2.42135927263605e-02	-6.12711701717394e-05
1.00000000000000e+00	0.00000000000000e+00	0.00000000000000e+00
11	8.63988449483969e+02	7.08677419354839e+00
0.00000000000000e+00	2.97724738702674e-02	-6.15647079982296e-08	1.26019942374090e-01	2.89115228185093e-02	-6.08734664897526e-08
2.44957781882822e-01	2.80989565259038e-02	-6.09937738094146e-08	3.57394244551236e-01	2.73308063580890e-02	-6.11144266304819e-08
4.63848253766910e-01	2.66035271221752e-02	-6.12354504880841e-08	5.64784938700917e-01	2.59139411377562e-02	-6.13568398311060e-08
6.60622428941409e-01	2.52591918171892e-02	-6.14785677921503e-08	7.51737644643117e-01	2.46367041084461e-02	-6.16006707865324e-08
8.38471251274197e-01	2.40441506450124e-02	-6.17231408206464e-08	9.21131916278896e-01	2.35381764913996e-02	-5.90781955462916e-05
1.00000000000000e+00	0.00000000000000e+00	0.00000000000000e+00
11	8.63988449483969e+02	7.31258064516129e+00
0.00000000000000e+00	2.87406249853510e-02	-3.96172681327300e-08	1.25143533237234e-01	2.79375642396582e-02	-3.89043273152367e-08
2.43484696904793e-01	2.71781560174758e-02	-3.89657766053375e-08	3.55563471309148e-01	2.64589340543293e-02	-3.90273686701192e-08
4.61864157741796e-01	2.57767905444444e-02	-3.90891126134107e-08	5.62822374632731e-01	2.51289300843829e-02	-3.91509973329818e-08
6.58831024707218e-01	2.45128313812992e-02	-3.92130283799474e-08	7.50245405455961e-01	2.39262144585766e-02	-3.92752157463150e-08
8.37387603056033e-01	2.33670124596050e-02	-3.93375552132369e-08	9.20550284279590e-01	2.28900723128211e-02	-5.70158156669720e-05
1.00000000000000e+00	0.00000000000000e+00	0.00000000000000e+00
11	8.63988449483969e+02	7.53838709677419e+00
0.00000000000000e+00	2.77653734915517e-02	-2.55582226493800e-08	1.24313513203480e-01	2.70152105271277e-02	-2.48502665112227e-08
2.42086995154305e-01	2.63045139757689e-02	-2.48816276471331e-08	3.53823332703978e-01	2.56302480948669e-02	-2.49130540641573e-08
4.59975142836019e-01	2.49896816004944e-02	-2.49445393230019e-08	5.60950900863299e-01	2.43803495783881e-02	-2.49760816473099e-08
6.57120193520383e-01	2.38000217845415e-02	-2.50076772623231e-08	7.48818239320794e-01	2.32466753674829e-02	-2.50393481504574e-08
8.36349792711150e-01	2.27184713088304e-02	-2.50710643356911e-08	9.19992527844155e-01	2.22685405669274e-02	-5.50727167523135e-05
1.00000000000000e+00	0.00000000000000e+00	0.00000000000000e+00
11	8.63988449483969e+02	7.76419354838710e+00
0.00000000000000e+00	2.68432434252961e-02	-1.65560734011194e-08	1.23527212249350e-01	2.61414729121836e-02	-1.58659076987533e-08
2.40760588053503e-01	2.54754592752853e-02	-1.58819057904935e-08	3.52169204017119e-01	2.48425365902776e-02	-1.58979271969173e-08
4.58176653339467e-01	2.42402983872452e-02	-1.59139779132289e-08	5.59166428106407e-01	2.36665660141648e-02	-1.59300446167521e-08
6.55486554987966e-01	2.31193623011690e-02	-1.59461381876724e-08	7.47453602402443e-01	2.25968887954431e-02	-1.59622590700792e-08
8.35356156373334e-01	2.20975060145872e-02	-1.59784010467234e-08	9.19457845488775e-01	2.16727082171253e-02	-5.32393169785372e-05
1.00000000000000e+00	0.00000000000000e+00	0.00000000000000e+00
11	8.63988449483969e+02	7.99000000000000e+00
0.00000000000000e+00	2.59708831813317e-02	-1.07924891246114e-08	1.22782022372513e-01	2.53134394561938e-02	-1.01258301743457e-08
2.39501439536676e-01	2.46884592537553e-02	-1.01339869829076e-08	3.50596468962731e-01	2.40935951047208e-02	-1.01421557818782e-08
4.56464088128651e-01	2.35267213735622e-02	-1.01503276894732e-08	5.57464774266138e-01	2.29859078671411e-02	-1.01585069245402e-08
6.53926605135212e-01	2.24693978769186e-02	-1.01667174678965e-08	7.46148819085892e-01	2.19755891162787e-02	-1.01749020320341e-08
8.34404915797455e-01	2.15030171177677e-02	-1.01831214571746e-08	9.18945365379068e-01	2.11016154980248e-02	-5.15072730662425e-05
1.00000000000000e+00	0.00000000000000e+00	0.00000000000000e+00
