46	6.44946677103762e+03	9.90000000000000e-01
0.00000000000000e+00	1.73066858535222e-02	-3.65311745693653e-05	3.42525098193714e-02	1.69045589932688e-02	-3.81480403475187e-05
6.73662364707221e-02	1.65110148710144e-02	-3.98891158743808e-05	9.94042572100791e-02	1.61251189796578e-02	-4.17523919533647e-05
1.30425458592638e-01	1.57459720233786e-02	-4.37495905483143e-05	1.60484906573594e-01	1.53726839318156e-02	-4.58938746414894e-05
1.89634181235075e-01	1.50043664238062e-02	-4.82000663306614e-05	2.17921680226662e-01	1.46401252686663e-02	-5.06849046788549e-05
2.45392894701919e-01	1.42790520852489e-02	-5.33673498626097e-05	2.72090661092614e-01	1.39202155099940e-02	-5.62689495906543e-05
2.98055391691647e-01	1.35626515127578e-02	-5.94142715564239e-05	3.23325286706736e-01	1.32053526323581e-02	-6.28314278583453e-05
3.47936530192017e-01	1.28472558352510e-02	-6.65527091714413e-05	3.71923472059337e-01	1.24872286320492e-02	-7.06153489817840e-05
3.95318798211451e-01	1.21240530332496e-02	-7.50624631142838e-05	4.18153690723699e-01	1.17564067951372e-02	-7.99442051226951e-05
4.40457979929158e-01	1.13828412535975e-02	-8.53191830900712e-05	4.62260290236905e-01	1.10017549280208e-02	-9.12562431047981e-05
4.83588181537289e-01	1.06113617238743e-02	-9.78366808381814e-05	5.04468288130692e-01	1.02096523675592e-02	-1.05157056248029e-04
5.24926457266399e-01	9.79434716702765e-03	-1.13332768761909e-04	5.44987889613739e-01	9.36283763589785e-03	-1.22502639197775e-04
5.64677284331057e-01	8.91211374759737e-03	-1.32834864850828e-04	5.84018991882757e-01	8.43867243086160e-03	-1.44534833409260e-04
6.03037178429282e-01	7.93840122562717e-03	-1.57855412917574e-04	6.21756006549793e-01	7.40642902896060e-03	-1.73110798401543e-04
6.40199838352097e-01	6.83693236575467e-03	-1.90695292435539e-04	6.58393468833486e-01	6.22288087395084e-03	-2.11109101689422e-04
6.76362399905596e-01	5.55569885609453e-03	-2.34994486877582e-04	6.94133169133202e-01	4.82480858466205e-03	-2.63187102532036e-04
7.11733752509058e-01	4.01700453531739e-03	-2.96790342319220e-04	7.29194068359537e-01	3.11558161821845e-03	-3.37285551026634e-04
7.46546621167179e-01	2.09909657525875e-03	-3.86698709333944e-04	7.63827342097650e-01	9.39571726622734e-04	-4.47860277276169e-04
7.81076711440883e-01	-4.00174930823893e-04	-5.24821596422864e-04	7.98341294430112e-01	-1.97060652376635e-03	-6.23547108636213e-04
8.15675899728525e-01	-3.84189112401201e-03	-7.53112720866200e-04	8.33146706093603e-01	-6.11440034420696e-03	-9.27881945576248e-04
8.50835952353555e-01	-8.93661591271167e-03	-1.17169349717572e-03	8.68849268894721e-01	-1.25372640737718e-02	-1.52651006999216e-03
8.87327727450097e-01	-1.72866315612705e-02	-2.07193471748024e-03	9.06468925932824e-01	-2.38226366377303e-02	-2.97462906562140e-03
9.26567001099762e-01	-3.33347490724487e-02	-4.63467304053466e-03	9.48097406974964e-01	-4.82727892807505e-02	-8.23081443631080e-03
9.71927802901546e-01	-7.50910566819255e-02	-1.77684066146231e-02	1.00000000000000e+00	0.00000000000000e+00	0.00000000000000e+00
31	6.44946677103762e+03	1.21580645161290e+00
0.00000000000000e+00	2.54469186569821e-02	-7.48914232964193e-05	5.18252592392392e-02	2.45963983922162e-02	-7.98372463806096e-05
1.01162352420632e-01	2.37722330597152e-02	-8.53010914194652e-05	1.48208285609311e-01	2.29703462651056e-02	-9.13480679169965e-05
1.93141523054009e-01	2.21867554564783e-02	-9.80644246217910e-05	2.36124306528079e-01	2.14174898100623e-02	-1.05552995592895e-04
2.77304665864968e-01	2.06585152152678e-02	-1.13937185147739e-04	3.16818173415025e-01	1.99056515173610e-02	-1.23366118331303e-04
3.54789486801687e-01	1.91544779078094e-02	-1.34021361080761e-04	3.91333717769685e-01	1.84002212194299e-02	-1.46125786189000e-04
4.26557659984216e-01	1.76376201919961e-02	-1.59955403087997e-04	4.60560905161533e-01	1.68607563033749e-02	-1.75855342302800e-04
4.93436874803528e-01	1.60628381047663e-02	-1.94261751864211e-04	5.25273794108252e-01	1.52359205390544e-02	-2.15732247534461e-04
5.56155635521334e-01	1.43705324350194e-02	-2.40988961473398e-04	5.86163062274389e-01	1.34551725980021e-02	-2.70980529341047e-04
6.15374407835871e-01	1.24756147790175e-02	-3.06973182137682e-04	6.43866736698860e-01	1.14139293783375e-02	-3.50687719529619e-04
6.71717047437419e-01	1.02470758910818e-02	-4.04510773294620e-04	6.99003704103595e-01	8.94482877867731e-03	-4.71830494298331e-04
7.25808223255684e-01	7.46663761218080e-03	-5.57587923838199e-04	7.52217613080725e-01	5.75672743916655e-03	-6.69218968328167e-04
7.78327580953070e-01	3.73618008113707e-03	-8.18338802706764e-04	8.04247142194074e-01	1.28960313856874e-03	-1.02392352616087e-03
8.30105573515736e-01	-1.75842273758020e-03	-1.31873291804596e-03	8.56063483156229e-01	-5.68743382444969e-03	-1.76339570355166e-03
8.82331572140284e-01	-1.09696200959294e-02	-2.48076579525880e-03	9.09204975799187e-01	-1.84634713262430e-02	-3.75256898611620e-03
9.37132786031893e-01	-2.98816373746333e-02	-6.35269927342907e-03	9.66880198601626e-01	-4.95351893173019e-02	-1.26000039496033e-02
1.00000000000000e+00	0.00000000000000e+00	0.00000000000000e+00
21	6.44946677103762e+03	1.44161290322581e+00
0.00000000000000e+00	3.73816386318089e-02	-1.50724954595560e-04	7.78263089229308e-02	3.55989298388835e-02	-1.65463766459650e-04
1.50302312546270e-01	3.38961629563450e-02	-1.82495376084058e-04	2.18026473935145e-01	3.22557326449688e-02	-2.02315984376478e-04
2.81518684967885e-01	3.06603556962972e-02	-2.25571935828617e-04	3.41233985245203e-01	2.90923866426405e-02	-2.53108783953460e-04
3.97573814661467e-01	2.75330377320937e-02	-2.86049936875532e-04	4.50895396559351e-01	2.59614112388844e-02	-3.25914129141402e-04
5.01519729951419e-01	2.43532197337024e-02	-3.74795301709918e-04	5.49738595439643e-01	2.26790005344268e-02	-4.35645949244945e-04
5.95820946380132e-01	2.09015071370904e-02	-5.12738092837361e-04	6.40019068604694e-01	1.89717352261258e-02	-6.12441821252530e-04
6.82574964703131e-01	1.68226138799117e-02	-7.44598977605593e-04	7.23727590670977e-01	1.43585452634154e-02	-9.25076336787622e-04
7.63721928471204e-01	1.14371991932045e-02	-1.18081877926501e-03	8.02821611383357e-01	7.83599522873168e-03	-1.56065859059695e-03
8.41328402181987e-01	3.18611620460674e-03	-2.16083946195722e-03	8.79615523129295e-01	-3.16834749992601e-03	-3.19370024052290e-03
9.18191499174274e-01	-1.25012229382662e-02	-5.20955904088805e-03	9.57840675653193e-01	-2.78274051701118e-02	-9.76783565108308e-03
1.00000000000000e+00	0.00000000000000e+00	0.00000000000000e+00
16	6.44946677103762e+03	1.66741935483871e+00
0.00000000000000e+00	4.87671054789016e-02	-2.33245443108654e-04	1.03563075044346e-01	4.58327720497871e-02	-2.62695864355011e-04
1.98049761197080e-01	4.30714260477845e-02	-2.98146080211614e-04	2.84734301482826e-01	4.04365545431546e-02	-3.41345556945649e-04
3.64682397260616e-01	3.78824724011286e-02	-3.94739737810568e-04	4.38796401346964e-01	3.53612868435205e-02	-4.61823831422237e-04
5.07850672327331e-01	3.28191124969486e-02	-5.47735320103104e-04	5.72520100224643e-01	3.01907772018646e-02	-6.60277634333850e-04
6.33404177690249e-01	2.73917096967853e-02	-8.11775506827539e-04	6.91048747435550e-01	2.43045405749656e-02	-1.02263631312205e-03
7.45967762936042e-01	2.07554119000906e-02	-1.32868278753784e-03	7.98668335189513e-01	1.64690735855777e-02	-1.79763869412985e-03
8.49684820680820e-01	1.09768896340583e-02	-2.57066685516172e-03	8.99634141731212e-01	3.41054565289745e-03	-3.98454816032778e-03
9.49322932052845e-01	-8.12474382577244e-03	-6.90451293162564e-03	1.00000000000000e+00	0.00000000000000e+00	0.00000000000000e+00
12	6.44946677103762e+03	1.89322580645161e+00
0.00000000000000e+00	6.50037042689582e-02	-3.68619306088336e-04	1.39824576564909e-01	5.99991073601225e-02	-4.29580549230479e-04
2.63822193566025e-01	5.53895449614956e-02	-5.07148038839444e-04	3.74807723130697e-01	5.10448765124223e-02	-6.07974827808055e-04
4.75018063932807e-01	4.68368655231457e-02	-7.42430046607234e-04	5.66268644654180e-01	4.26241624681174e-02	-9.27399240953308e-04
6.50068977571718e-01	3.82309345137888e-02	-1.19191202021018e-03	7.27713694026407e-01	3.34108276993204e-02	-1.58939783459733e-03
8.00362687010771e-01	2.77778440495755e-02	-2.22729930009447e-03	8.69126144354448e-01	2.06582974622143e-02	-3.34926415817005e-03
9.35182401465769e-01	1.07168374326050e-02	-5.59140709669892e-03	1.00000000000000e+00	0.00000000000000e+00	0.00000000000000e+00
11	6.44946677103762e+03	2.11903225806452e+00
0.00000000000000e+00	6.98101171171865e-02	-3.62523709058760e-04	1.53418708280349e-01	6.42392219350572e-02	-4.22685644866805e-04
2.88317944576293e-01	5.91722889542532e-02	-4.99284337859729e-04	4.08147637500402e-01	5.44560750242260e-02	-5.98922188672857e-04
5.15605362573584e-01	4.99459379050058e-02	-7.31897402141746e-04	6.12846903373831e-01	4.54890037309654e-02	-9.14995529678331e-04
7.01637355105794e-01	4.09017307415565e-02	-1.17710473669841e-03	7.83466104855798e-01	3.59333818271139e-02	-1.57145957885496e-03
8.59643474061006e-01	3.01969848092203e-02	-2.20526876576499e-03	9.31397417045368e-01	2.30583298071132e-02	-3.35844517869544e-03
1.00000000000000e+00	0.00000000000000e+00	0.00000000000000e+00
11	6.44946677103762e+03	2.34483870967742e+00
0.00000000000000e+00	6.80639155212091e-02	-2.83809122566536e-04	1.53500510981813e-01	6.29297669854729e-02	-3.25289033949794e-04
2.88825997671066e-01	5.82870186411044e-02	-3.76632495057372e-04	4.09246469163412e-01	5.40109154383948e-02	-4.41239685844197e-04
5.17328057650869e-01	4.99903132161788e-02	-5.24120097878500e-04	6.15121917894533e-01	4.61175246838559e-02	-6.32897428799906e-04
7.04298956858034e-01	4.22771214186106e-02	-7.79638311553255e-04	7.86249521217322e-01	3.83308097647796e-02	-9.84370787095790e-04
8.62161159498979e-01	3.40932834881258e-02	-1.28234812575867e-03	9.33084798851078e-01	2.93586547112834e-02	-1.81103558533424e-03
1.00000000000000e+00	0.00000000000000e+00	0.00000000000000e+00
11	6.44946677103762e+03	2.57064516129032e+00
0.00000000000000e+00	6.62608165885317e-02	-2.15917345272487e-04	1.53183144877407e-01	6.15357736133388e-02	-2.43251294218538e-04
2.88606678660280e-01	5.72815682116292e-02	-2.76151276393355e-04	4.09356766349134e-01	5.33953497801012e-02	-3.16237853360990e-04
5.17866614999014e-01	4.97894513732580e-02	-3.65771862690156e-04	6.16085413764740e-01	4.63847671972863e-02	-4.27979734598294e-04
7.05598975900698e-01	4.31046611167847e-02	-5.07594760970065e-04	7.87718122669307e-01	3.98683362765975e-02	-6.11788866932361e-04
8.63545415319364e-01	3.65822597104546e-02	-7.51853847448469e-04	9.34027662297610e-01	3.32174092440589e-02	-1.03699109937549e-03
1.00000000000000e+00	0.00000000000000e+00	0.00000000000000e+00
11	6.44946677103762e+03	2.79645161290323e+00
0.00000000000000e+00	6.43970285923368e-02	-1.59978870587274e-04	1.52526227349290e-01	6.00499772155618e-02	-1.77269228694765e-04
2.87771445118536e-01	5.61466337277361e-02	-1.97534356832341e-04	4.08636903805912e-01	5.26009130573311e-02	-2.21496082360773e-04
5.17422815241343e-01	4.93414911693946e-02	-2.50112698517935e-04	6.15978839392510e-01	4.63070674251178e-02	-2.84674702686560e-04
7.05812166462072e-01	4.34425310783775e-02	-3.26953316953205e-04	7.88166733181229e-01	4.06955159661331e-02	-3.79432719302075e-04
8.64082487838102e-01	3.80128641165334e-02	-4.45684626903198e-04	9.34440754151371e-01	3.54375901494002e-02	-6.32705451592885e-04
1.00000000000000e+00	0.00000000000000e+00	0.00000000000000e+00
11	6.44946677103762e+03	3.02225806451613e+00
0.00000000000000e+00	6.24750382143766e-02	-1.15749611429461e-04	1.51591698903750e-01	5.84744551775156e-02	-1.26299911147987e-04
2.86433861800521e-01	5.48860513014542e-02	-1.38367369246550e-04	4.07244010926182e-01	5.16368166048820e-02	-1.52255143134328e-04
5.16190196052794e-01	4.86671386283799e-02	-1.68349021885783e-04	6.15024409901049e-01	4.59271678405151e-02	-1.87142749919600e-04
7.05179189266435e-01	4.33740592518170e-02	-2.09276432251659e-04	7.87838803617840e-01	4.09697635831301e-02	-2.35591885621833e-04
8.63992593510682e-01	3.86791266184969e-02	-2.67214054590514e-04	9.34475588412820e-01	3.65747947009236e-02	-4.12958811220498e-04
1.00000000000000e+00	0.00000000000000e+00	0.00000000000000e+00
11	6.44946677103762e+03	3.24806451612903e+00
0.00000000000000e+00	6.05039069815556e-02	-8.20187248231630e-05	1.50439937639357e-01	5.68198851546291e-02	-8.82592054827214e-05
2.84702637126087e-01	5.35143219292225e-02	-9.52435496173187e-05	4.05324996460883e-01	5.05247242249089e-02	-1.03092544748495e-04
5.14344536242727e-01	4.78003187581166e-02	-1.11955137825692e-04	6.13417085365813e-01	4.52991555767852e-02	-1.22013799110476e-04
7.03902781696174e-01	4.29859569674746e-02	-1.33494003937917e-04	7.86929934518818e-01	4.08304732597169e-02	-1.46676998187711e-04
8.63443149962516e-01	3.88061826797821e-02	-1.61917214724694e-04	9.34240096920667e-01	3.69979651771439e-02	-2.89006249126533e-04
1.00000000000000e+00	0.00000000000000e+00	0.00000000000000e+00
11	6.44946677103762e+03	3.47387096774194e+00
0.00000000000000e+00	5.84980416505287e-02	-5.70799961268076e-05	1.49126782961470e-01	5.51032541968672e-02	-6.06747402820407e-05
2.82676758250243e-01	5.20528493483670e-02	-6.46226181892917e-05	4.03011019241323e-01	4.92930564276395e-02	-6.89692615634119e-05
5.12039065025354e-01	4.67801496021907e-02	-7.37702676556484e-05	6.11322102734286e-01	4.44781034548620e-02	-7.90912746679862e-05
7.02149270087097e-01	4.23568551132585e-02	-8.50102196332525e-05	7.85594719672567e-01	4.03909906241124e-02	-9.16202114515929e-05
8.62560953332492e-01	3.85587328047869e-02	-9.90332190393683e-05	9.33812129931506e-01	3.69497178930467e-02	-2.16545160970805e-04
1.00000000000000e+00	0.00000000000000e+00	0.00000000000000e+00
11	6.44946677103762e+03	3.69967741935484e+00
0.00000000000000e+00	5.64751602056290e-02	-3.91197012032940e-05	1.47701649006928e-01	5.33450465910328e-02	-4.11446393502324e-05
2.80442754829455e-01	5.05262125897716e-02	-4.33330683033972e-05	4.00414956253746e-01	4.79722879732736e-02	-4.57010348491327e-05
5.09403188651859e-01	4.56454117873539e-02	-4.82687357372669e-05	6.08875958113466e-01	4.35143269683032e-02	-5.10592902367435e-05
7.00052605388987e-01	4.15529598591506e-02	-5.40992627222625e-05	7.83954125223829e-01	3.97393439357270e-02	-5.74192977034205e-05
8.61442049896932e-01	3.80547926997583e-02	-6.10548957273860e-05	9.33248546560319e-01	3.65902539449512e-02	-1.72619591926493e-04
1.00000000000000e+00	0.00000000000000e+00	0.00000000000000e+00
11	6.44946677103762e+03	3.92548387096774e+00
0.00000000000000e+00	5.44541381848687e-02	-2.64666312994599e-05	1.46206640886805e-01	5.15666622918127e-02	-2.75860684351148e-05
2.78073718799735e-01	4.89591876559383e-02	-2.87799340612516e-05	3.97631066330439e-01	4.65917065216606e-02	-3.00530713042146e-05
5.06543453397419e-01	4.44313696405978e-02	-3.14126585476693e-05	6.06189176992370e-01	4.24509385866965e-02	-3.28667056626042e-05
6.97719191282356e-01	4.06276224258404e-02	-3.44241722416427e-05	7.82102177208207e-01	3.89421902454203e-02	-3.60951060243142e-05
8.60159304112502e-01	3.73782857888907e-02	-3.78908055012062e-05	9.32591333481270e-01	3.60264507005015e-02	-1.44937184364924e-04
1.00000000000000e+00	0.00000000000000e+00	0.00000000000000e+00
11	6.44946677103762e+03	4.15129032258065e+00
0.00000000000000e+00	5.24531949876721e-02	-1.77140614476823e-05	1.44676456103616e-01	4.97884518018097e-02	-1.83231965271702e-05
2.75629580088786e-01	4.73747310818484e-02	-1.89660348974829e-05	3.94736058081271e-01	4.51775262884266e-02	-1.96433247625638e-05
5.03545727618297e-01	4.31683273265981e-02	-2.03575730770567e-05	6.03349786686718e-01	4.13233658235856e-02	-2.11115190393851e-05
6.95232607564644e-01	3.96226635925891e-02	-2.19081605001836e-05	7.80111576127420e-01	3.80493008124814e-02	-2.27507837105012e-05
8.58768065650656e-01	3.65888468513846e-02	-2.36429973003993e-05	9.31871764616956e-01	3.53305171026803e-02	-1.26725645940295e-04
1.00000000000000e+00	0.00000000000000e+00	0.00000000000000e+00
11	6.44946677103762e+03	4.37709677419355e+00
0.00000000000000e+00	5.04886174960097e-02	-1.17503927603568e-05	1.43138816864560e-01	4.80284526989694e-02	-1.20773885201597e-05
2.73158159088818e-01	4.57928376780334e-02	-1.24198551585408e-05	3.91790919438447e-01	4.37520267724796e-02	-1.27771036277924e-05
5.00477896241090e-01	4.18812841568119e-02	-1.31499971345317e-05	6.00426858003653e-01	4.01598685383953e-02	-1.35394628282270e-05
6.92657833533348e-01	3.85702563083845e-02	-1.39464975936754e-05	7.78038235073508e-01	3.70975390371207e-02	-1.43721744434444e-05
8.57310381196339e-01	3.57289512941701e-02	-1.48176495395891e-05	9.31113271410770e-01	3.45518650643883e-02	-1.14161849233740e-04
1.00000000000000e+00	0.00000000000000e+00	0.00000000000000e+00
11	6.44946677103762e+03	4.60290322580645e+00
0.00000000000000e+00	4.85740336692235e-02	-7.73715278645781e-06	1.41615210071840e-01	4.63017456779380e-02	-7.91058494420405e-06
2.70696619978818e-01	4.42300695052873e-02	-8.09145335578521e-06	3.88843059934658e-01	4.23333732205140e-02	-8.27859847074564e-06
4.97392635670595e-01	4.05902042566759e-02	-8.47231413403371e-06	5.97473796622859e-01	3.89824689160283e-02	-8.67291157868877e-06
6.90044853567760e-01	3.74947991112713e-02	-8.88072070726054e-06	7.75924882842031e-01	3.61140571227625e-02	-9.09609146915180e-06
8.55818130694977e-01	3.48289445042884e-02	-9.31939525550263e-06	9.30333458685638e-01	3.37246954592652e-02	-1.05042280792000e-04
1.00000000000000e+00	0.00000000000000e+00	0.00000000000000e+00
11	6.44946677103762e+03	4.82870967741935e+00
0.00000000000000e+00	4.67201436880693e-02	-5.06381479237206e-06	1.40121763460219e-01	4.46202785259091e-02	-5.15473515494413e-06
2.68273059675380e-01	4.26995396583030e-02	-5.24958475156545e-06	3.85928479400357e-01	4.09358407039897e-02	-5.34707716437488e-06
4.94330029090648e-01	3.93105797843361e-02	-5.44731152229971e-06	5.94531249213837e-01	3.78079768322905e-02	-5.55039159344517e-06
6.87431657317648e-01	3.64145578458088e-02	-5.65642615835138e-06	7.73803903948316e-01	3.51187482550968e-02	-5.76552921360829e-06
8.54315378863442e-01	3.39105493884033e-02	-5.87782031225004e-06	9.29545547147681e-01	3.28728964134259e-02	-9.80741618843428e-05
1.00000000000000e+00	0.00000000000000e+00	0.00000000000000e+00
11	6.44946677103762e+03	5.05451612903226e+00
0.00000000000000e+00	4.49347756388463e-02	-3.29778831642535e-06	1.38670136998622e-01	4.29929974929237e-02	-3.34484400310586e-06
2.65908058113946e-01	4.12111657048977e-02	-3.39429858287055e-06	3.83073791843906e-01	3.95702417061854e-02	-3.44485832526331e-06
4.91319899741616e-01	3.80540925309811e-02	-3.49655640330404e-06	5.91629584095139e-01	3.66489554754239e-02	-3.54942723768126e-06
6.84846693745658e-01	3.53430181377818e-02	-3.60350660377762e-06	7.71699568792335e-01	3.41260846883571e-02	-3.65883158792712e-06
8.52820151257101e-01	3.29893083964410e-02	-3.71544075949970e-06	9.28759423114289e-01	3.20132484438431e-02	-9.24871822840512e-05
1.00000000000000e+00	0.00000000000000e+00	0.00000000000000e+00
11	6.44946677103762e+03	5.28032258064516e+00
0.00000000000000e+00	4.32231487973269e-02	-2.13903649193270e-06	1.37268363155610e-01	4.14261608212534e-02	-2.16298111732627e-06
2.63616103166576e-01	3.97720644646102e-02	-2.18864601331248e-06	3.80298033559061e-01	3.82444351485056e-02	-2.21477048834018e-06
4.88383833101667e-01	3.68292730653668e-02	-2.24136556337129e-06	5.88790974851795e-01	3.55145703240236e-02	-2.26844262685155e-06
6.82310868375560e-01	3.42899688219667e-02	-2.29601341406038e-06	7.69629792820034e-01	3.31464862903792e-02	-2.32408997824507e-06
8.51345792895536e-01	3.20762951732971e-02	-2.35268475523576e-06	9.27982417825314e-01	3.11575571982377e-02	-8.78158333106338e-05
1.00000000000000e+00	0.00000000000000e+00	0.00000000000000e+00
11	6.44946677103762e+03	5.50612903225806e+00
0.00000000000000e+00	4.15882345902083e-02	-1.38293379836618e-06	1.35921589929497e-01	3.99237280641871e-02	-1.39479680427712e-06
2.61406831897701e-01	3.83869898299098e-02	-1.40806496840007e-06	3.77614210311389e-01	3.69638333786320e-02	-1.42152336812806e-06
4.85536873021525e-01	3.56420983878523e-02	-1.43517566875140e-06	5.86031110872853e-01	3.44113001923854e-02	-1.44902561283189e-06
6.79839146568623e-01	3.32623507594849e-02	-1.46307703685622e-06	7.67607516651354e-01	3.21873336213596e-02	-1.47733386768323e-06
8.49902009787402e-01	3.11793209719886e-02	-1.49180012432026e-06	9.27219891235204e-01	3.03140929097820e-02	-8.37748943591787e-05
1.00000000000000e+00	0.00000000000000e+00	0.00000000000000e+00
11	6.44946677103762e+03	5.73193548387097e+00
0.00000000000000e+00	4.00311575885839e-02	-8.91781931189328e-07	1.34632722914298e-01	3.84877726138706e-02	-8.97375454611549e-07
2.59286093649955e-01	3.70587697204190e-02	-9.04213402597165e-07	3.75030607344133e-01	3.57318765148327e-02	-9.11129816927314e-07
4.82788938511013e-01	3.44965167415259e-02	-9.18125897086952e-07	5.83360604597307e-01	3.33435258267170e-02	-9.25202869428432e-07
6.77441850978005e-01	3.22649229472320e-02	-9.32361990724218e-07	7.65641803706382e-01	3.12537258800429e-02	-9.39604542393724e-07
8.48495682491060e-01	3.03037995488473e-02	-9.46931813627927e-07	9.26475679729403e-01	2.94885834858147e-02	-8.01870250062287e-05
1.00000000000000e+00	0.00000000000000e+00	0.00000000000000e+00
11	6.44946677103762e+03	5.95774193548387e+00
0.00000000000000e+00	3.85515772576044e-02	-5.73902334544130e-07	1.33402954836386e-01	3.71188656593435e-02	-5.76267932927976e-07
2.57256823247938e-01	3.57887001434818e-02	-5.79782999610146e-07	3.72551858722577e-01	3.45504445828648e-02	-5.83330326264786e-07
4.80145970968361e-01	3.33948857748729e-02	-5.86910307465160e-07	5.80786120144121e-01	3.23140020109507e-02	-5.90523357768546e-07
6.75125690901540e-01	3.13007764954856e-02	-5.94169870637984e-07	7.63738700765767e-01	3.03490447611028e-02	-5.97850255523724e-07
8.47131495958986e-01	2.94533690664036e-02	-6.01564954072487e-07	9.25752438189821e-01	2.86849063879799e-02	-7.69400448463742e-05
1.00000000000000e+00	0.00000000000000e+00	0.00000000000000e+00
11	6.44946677103762e+03	6.18354838709677e+00
0.00000000000000e+00	3.71480413891561e-02	-3.68776371884039e-07	1.32232203990696e-01	3.58164261551819e-02	-3.69496499397215e-07
2.55319763456477e-01	3.45768963556212e-02	-3.71299658352697e-07	3.70179829697541e-01	3.34202147292535e-02	-3.73116057827971e-07
4.77610876640644e-01	3.23383406905411e-02	-3.74945814396455e-07	5.78311295022882e-01	3.13242414829542e-02	-3.76789078160300e-07
6.72894596875822e-01	3.03717390709817e-02	-3.78645948151402e-07	7.61901929933946e-01	2.94753841212592e-02	-3.80516575138046e-07
8.45812441332613e-01	2.86303516409130e-02	-3.82401101894914e-07	9.25051909809397e-01	2.79055851759245e-02	-7.39614707592207e-05
1.00000000000000e+00	0.00000000000000e+00	0.00000000000000e+00
11	6.44946677103762e+03	6.40935483870968e+00
0.00000000000000e+00	3.58182792597592e-02	-2.36726704683221e-07	1.31119456378489e-01	3.45790097510419e-02	-2.36620510518648e-07
2.53474029918501e-01	3.34225799007728e-02	-2.37543922532168e-07	3.67914306880639e-01	3.23409490592574e-02	-2.38472740665685e-07
4.75184262888860e-01	3.13270857171040e-02	-2.39407035751427e-07	5.75937458340343e-01	3.03748129018220e-02	-2.40346822888426e-07
6.70750368588337e-01	2.94786821910551e-02	-2.41292150926498e-07	7.60133423303854e-01	2.86338693767079e-02	-2.42243056503000e-07
8.44540201523725e-01	2.78360875603461e-02	-2.43199626659418e-07	9.24375132124761e-01	2.71521429093404e-02	-7.12031735141672e-05
1.00000000000000e+00	0.00000000000000e+00	0.00000000000000e+00
11	6.44946677103762e+03	6.63516129032258e+00
0.00000000000000e+00	3.45594562327300e-02	-1.51883780219464e-07	1.30063044645113e-01	3.34045585489156e-02	-1.51373275025790e-07
2.51717573713452e-01	3.23243244765046e-02	-1.51845495954817e-07	3.65753564831896e-01	3.13117380074457e-02	-1.52319930890599e-07
4.72865043320407e-01	3.03606366041616e-02	-1.52796596708527e-07	5.73664221016956e-01	2.94655841843376e-02	-1.53275498293581e-07
6.68693206645279e-01	2.86217671398135e-02	-1.53756652965242e-07	7.58433760765036e-01	2.78249077183956e-02	-1.54240078931167e-07
8.43315465928648e-01	2.70711914776856e-02	-1.54725795287192e-07	9.23722604503232e-01	2.64253671652370e-02	-6.86321036007520e-05
1.00000000000000e+00	0.00000000000000e+00	0.00000000000000e+00
11	6.44946677103762e+03	6.86096774193548e+00
0.00000000000000e+00	3.33683683806740e-02	-9.74551532806345e-08	1.29060856277975e-01	3.22905929642872e-02	-9.67566484710858e-08
2.50047528889246e-01	3.12802449395677e-02	-9.69978579679065e-08	3.63694793781563e-01	3.03311868986040e-02	-9.72399807341873e-08
4.70650896089745e-01	2.94380054468457e-02	-9.74829974520475e-08	5.71489923662365e-01	2.85959064656294e-02	-9.77269312141260e-08
6.66722116434091e-01	2.78006290201427e-02	-9.79717911242517e-08	7.56802502468270e-01	2.70483732411717e-02	-9.82175585306777e-08
8.42138169191122e-01	2.63357396042581e-02	-9.84642452017681e-08	9.23094414997166e-01	2.57255011011139e-02	-6.62246244389486e-05
1.00000000000000e+00	0.00000000000000e+00	0.00000000000000e+00
11	6.44946677103762e+03	7.08677419354839e+00
0.00000000000000e+00	3.22416012582800e-02	-6.25797560438457e-08	1.28110498133057e-01	3.12343687842160e-02	-6.18034097232822e-08
2.48460489308439e-01	3.02881520060019e-02	-6.19265054790930e-08	3.61734442520595e-01	2.93975681583991e-02	-6.20499740477953e-08
4.68538633112635e-01	2.85578505970459e-02	-6.21738023287577e-08	5.69411998726672e-01	2.77647620984978e-02	-6.22979974274074e-08
6.64835235546391e-01	2.70145233439525e-02	-6.24225786616250e-08	7.55238458820510e-01	2.63037526907919e-02	-6.25475267135300e-08
8.41007685267683e-01	2.56294152068599e-02	-6.26728522412634e-08	9.22490343461366e-01	2.50523899028983e-02	-6.39630590391072e-05
1.00000000000000e+00	0.00000000000000e+00	0.00000000000000e+00
11	6.44946677103762e+03	7.31258064516129e+00
0.00000000000000e+00	3.11756520905919e-02	-4.02532329690786e-08	1.27209421291557e-01	3.02329991615911e-02	-3.94545935922253e-08
2.46952720945973e-01	2.93456730539545e-02	-3.95173571643426e-08	3.59868483563622e-01	2.85089404240140e-02	-3.95802832731107e-08
4.66524487528321e-01	2.77185939094786e-02	-3.96433463834001e-08	5.67427254001549e-01	2.69708800775355e-02	-3.97065638146898e-08
6.63030091199532e-01	2.62624398148947e-02	-3.97699271292851e-08	7.53739903465670e-01	2.55902578711837e-02	-3.98334691897873e-08
8.39922980894385e-01	2.49516199563729e-02	-3.98971453652308e-08	9.21909943240663e-01	2.44055918425521e-02	-6.18335746425114e-05
1.00000000000000e+00	0.00000000000000e+00	0.00000000000000e+00
11	6.44946677103762e+03	7.53838709677419e+00
0.00000000000000e+00	3.01670149441660e-02	-2.59689709736222e-08	1.26355008799627e-01	2.92835412627097e-02	-2.51755827296307e-08
2.45520313250516e-01	2.84503390378048e-02	-2.52075669227025e-08	3.58092604377036e-01	2.76632349811334e-02	-2.52396139543976e-08
4.64604322914257e-01	2.69185062789379e-02	-2.52717295978755e-08	5.65532080473965e-01	2.62128204733898e-02	-2.53038903164082e-08
6.61303790086257e-01	2.55431856061477e-02	-2.53361367441585e-08	7.52304731099679e-01	2.49069078124680e-02	-2.53684102613505e-08
8.38882729724819e-01	2.43015550992693e-02	-2.54007630484665e-08	9.21352602096951e-01	2.37844588920748e-02	-5.98248703869153e-05
1.00000000000000e+00	0.00000000000000e+00	0.00000000000000e+00
11	6.44946677103762e+03	7.76419354838710e+00
0.00000000000000e+00	2.92122495422960e-02	-1.68329985505977e-08	1.25544645642159e-01	2.83830670143352e-02	-1.60580979624569e-08
2.44159301410626e-01	2.75996559432243e-02	-1.60743891530757e-08	3.56402363494053e-01	2.68583271203788e-02	-1.60907041024672e-08
4.62773805617579e-01	2.61557783849842e-02	-1.61070488058357e-08	5.63722624844890e-01	2.54890442601470e-02	-1.61234021689438e-08
6.59653176982311e-01	2.48554541097625e-02	-1.61397955000808e-08	7.50930590057865e-01	2.42525963841496e-02	-1.61562256906223e-08
8.37885408686902e-01	2.36782879455653e-02	-1.61726587677435e-08	9.20817593858118e-01	2.31882023552403e-02	-5.79273809597769e-05
1.00000000000000e+00	0.00000000000000e+00	0.00000000000000e+00
11	6.44946677103762e+03	7.99000000000000e+00
0.00000000000000e+00	2.83080230744761e-02	-1.09897526634484e-08	1.24775763181777e-01	2.75287079666156e-02	-1.02392845313659e-08
2.42865746142800e-01	2.67911514566153e-02	-1.02475778973599e-08	3.54793294521838e-01	2.60920837393828e-02	-1.02558825876287e-08
4.61028521441510e-01	2.54285686230002e-02	-1.02642017107968e-08	5.61994907864306e-01	2.47979611666467e-02	-1.02725252748570e-08
6.58074944686096e-01	2.41978724417309e-02	-1.02808526136755e-08	7.49614975009714e-01	2.36261392884678e-02	-1.02892132591847e-08
8.36929365824442e-01	2.30807982605918e-02	-1.02975548088580e-08	9.20304114994074e-01	2.26159387501446e-02	-5.61327700192571e-05
1.00000000000000e+00	0.00000000000000e+00	0.00000000000000e+00
