48	1.33962772451802e+04	9.90000000000000e-01
0.00000000000000e+00	1.67344746431417e-02	-3.34307502172226e-05	3.29339327422297e-02	1.63604271494038e-02	-3.48451589196053e-05
6.48075964340241e-02	1.59942286016654e-02	-3.63664114710893e-05	9.56777340723075e-02	1.56350695215306e-02	-3.79897134783480e-05
1.25597433084866e-01	1.52821754120864e-02	-3.97244121648210e-05	1.54616437350116e-01	1.49347812247560e-02	-4.15809508425014e-05
1.82781430270115e-01	1.45921255021626e-02	-4.35710270763057e-05	2.10136292082647e-01	1.42534443259172e-02	-4.57077778039938e-05
2.36722334415235e-01	1.39179649587911e-02	-4.80059972713942e-05	2.62578514740927e-01	1.35848990575533e-02	-5.04823949913913e-05
2.87741633104857e-01	1.32534353130165e-02	-5.31559014014249e-05	3.12246513245497e-01	1.29227313503750e-02	-5.60480310014544e-05
3.36126170029700e-01	1.25919046993201e-02	-5.91833194658609e-05	3.59411964952122e-01	1.22600225880776e-02	-6.25898447170758e-05
3.82133751314575e-01	1.19260902958811e-02	-6.62998651024260e-05	4.04320010597153e-01	1.15890376799976e-02	-7.03505806647353e-05
4.25997981460420e-01	1.12477034928053e-02	-7.47850821072316e-05	4.47193782776115e-01	1.09008168867795e-02	-7.96534947979932e-05
4.67932532075730e-01	1.05469754915199e-02	-8.50144175148504e-05	4.88238460833868e-01	1.01846191246384e-02	-9.09366892807295e-05
5.08135028073685e-01	9.81199809480016e-03	-9.75016305968524e-05	5.27645033901244e-01	9.42713457497191e-03	-1.04805844710176e-04
5.46790734757967e-01	9.02777526503473e-03	-1.12964825432105e-04	5.65593962440002e-01	8.61133273470482e-03	-1.22117541782263e-04
5.84076249296430e-01	8.17481231583472e-03	-1.32432453356257e-04	6.02258962515008e-01	7.71471987825345e-03	-1.44115300964032e-04
6.20163451086515e-01	7.22694472601026e-03	-1.57419538629577e-04	6.37811209970379e-01	6.70660899354059e-03	-1.72660211309461e-04
6.55224067272032e-01	6.14787216786028e-03	-1.90232882888886e-04	6.72424402029022e-01	5.54367410688550e-03	-2.10639654182776e-04
6.89435402718006e-01	4.88539302816493e-03	-2.34525615900871e-04	7.06281380177759e-01	4.16238370572475e-03	-2.62730674880141e-04
7.22988153834165e-01	3.36134442438984e-03	-2.96364797804038e-04	7.39583537765643e-01	2.46543378677755e-03	-3.36919299306349e-04
7.56097964668106e-01	1.45301602518555e-03	-3.86436215989328e-04	7.72565303514624e-01	2.95837553665801e-04	-4.47771376710815e-04
7.89023954765067e-01	-1.04368376311081e-03	-5.25018583019676e-04	8.05518352654779e-01	-2.61660640144123e-03	-6.24214134574030e-04
8.22101081117240e-01	-4.49400820639023e-03	-7.54561655682773e-04	8.38835944890467e-01	-6.77770339884998e-03	-9.30660649987702e-04
8.55802585354972e-01	-9.61856044548182e-03	-1.17681292744964e-03	8.73103711797419e-01	-1.32494701435919e-02	-1.53595514342264e-03
8.90877016896756e-01	-1.80484707424021e-02	-2.08993471364649e-03	9.09316093873549e-01	-2.46691072127653e-02	-3.01125228045840e-03
9.28710303388335e-01	-3.43355623957624e-02	-4.71801592749088e-03	9.49529772731132e-01	-4.95832373710832e-02	-8.46122751171552e-03
9.72638938569733e-01	-7.71206221343741e-02	-1.86468390463173e-02	1.00000000000000e+00	0.00000000000000e+00	0.00000000000000e+00
32	1.33962772451802e+04	1.21580645161290e+00
0.00000000000000e+00	2.48685631900232e-02	-7.01058463068449e-05	5.03667169827731e-02	2.40599599011107e-02	-7.45888462911903e-05
9.83667873208897e-02	2.32762180853348e-02	-7.95275888991753e-05	1.44183232196781e-01	2.25136647911430e-02	-8.49757789860295e-05
1.87982189358589e-01	2.17687213013447e-02	-9.10061608769830e-05	2.29914976096352e-01	2.10378315481170e-02	-9.77049662733709e-05
2.70119882270404e-01	2.03173993843804e-02	-1.05175034673444e-04	3.08723738285081e-01	1.96037201008514e-02	-1.13539810051799e-04
3.45843295890826e-01	1.88929030505638e-02	-1.22948509037046e-04	3.81586454080094e-01	1.81807814213037e-02	-1.33582866012505e-04
4.16053358061980e-01	1.74628040256546e-02	-1.45666039833126e-04	4.49337396184509e-01	1.67339022137782e-02	-1.59474495641909e-04
4.81526117633157e-01	1.59883225408601e-02	-1.75354080299561e-04	5.12702092764617e-01	1.52194120439777e-02	-1.93742047261525e-04
5.42943738134197e-01	1.44193374892652e-02	-2.15197710695003e-04	5.72326129873382e-01	1.35787115064441e-02	-2.40445806893419e-04
6.00921832497877e-01	1.26860856348596e-02	-2.70439007971079e-04	6.28801776205536e-01	1.17272497211862e-02	-3.06449830750344e-04
6.56036225490956e-01	1.06842443660902e-02	-3.50209022918380e-04	6.82695897542747e-01	9.53393818099890e-03	-4.04119237164657e-04
7.08853314012966e-01	8.24592875203667e-03	-4.71595019921445e-04	7.34584510764398e-01	6.77936113378208e-03	-5.57622094612187e-04
7.59971298929695e-01	5.07795679534051e-03	-6.69714693112944e-04	7.85104389724242e-01	3.06196723285423e-03	-8.19630956663486e-04
8.10087910698431e-01	6.14604750370562e-04	-1.02662183082636e-03	8.35046250270337e-01	-2.44198125685013e-03	-1.32401049806985e-03
8.60134994685319e-01	-6.39178985549593e-03	-1.77367987673804e-03	8.85559526855589e-01	-1.17157870897993e-02	-2.50159766795588e-03
9.11609195808227e-01	-1.92912991269596e-02	-3.79848066980770e-03	9.38726809768796e-01	-3.08757392887793e-02	-6.47071659169107e-03
9.67671795563039e-01	-5.09194691309527e-02	-1.29791488818722e-02	1.00000000000000e+00	0.00000000000000e+00	0.00000000000000e+00
22	1.33962772451802e+04	1.44161290322581e+00
0.00000000000000e+00	3.59521273136150e-02	-1.36707693509708e-04	7.44984548673772e-02	3.43087059231495e-02	-1.49430096429093e-04
1.44054812083614e-01	3.27374678479659e-02	-1.64032909105938e-04	2.09201650107737e-01	3.12235076223504e-02	-1.80899865976691e-04
2.70403847287592e-01	2.97522630014218e-02	-2.00526259001466e-04	3.28069974018270e-01	2.83089923159432e-02	-2.23550976017339e-04
3.82561688960364e-01	2.68781933395272e-02	-2.50809618183689e-04	4.34201601586405e-01	2.54429000600138e-02	-2.83412080437362e-04
4.83279971609320e-01	2.39837778790282e-02	-3.22858380047197e-04	5.30060555542025e-01	2.24778974761752e-02	-3.71215953520077e-04
5.74785878038199e-01	2.08969979590818e-02	-4.31398780359693e-04	6.17682201530076e-01	1.92049273453814e-02	-5.07621237415989e-04
6.58964499001649e-01	1.73537254452072e-02	-6.06164084614669e-04	6.98841818967044e-01	1.52773926000909e-02	-7.36724902691943e-04
7.37523606680280e-01	1.28815523235180e-02	-9.14925585017823e-04	7.75227892962594e-01	1.00254667452271e-02	-1.16726912813281e-03
8.12192966302278e-01	6.48895764469026e-03	-1.54172635241689e-03	8.48695652908546e-01	1.90737743106406e-03	-2.13268410135870e-03
8.85082839674343e-01	-4.36695167312362e-03	-3.14789394191051e-03	9.21832010773848e-01	-1.35895139343148e-02	-5.12387203051112e-03
9.59684340942630e-01	-2.87439138187647e-02	-9.54954719595924e-03	1.00000000000000e+00	0.00000000000000e+00	0.00000000000000e+00
16	1.33962772451802e+04	1.66741935483871e+00
0.00000000000000e+00	4.92515595135457e-02	-2.34142000763216e-04	1.03908769449970e-01	4.62707638502660e-02	-2.63854645557116e-04
1.98627664700709e-01	4.34687032604673e-02	-2.99652980581211e-04	2.85456095597116e-01	4.07975712825053e-02	-3.43321686717912e-04
3.65479014591758e-01	3.82105313508183e-02	-3.97359697367872e-04	4.39613674487188e-01	3.56585772197353e-02	-4.65345771114123e-04
5.08646116105080e-01	3.30866265509111e-02	-5.52552344402324e-04	5.73260538755025e-01	3.04280566391546e-02	-6.67009602844715e-04
6.34064030499358e-01	2.75963166499726e-02	-8.21441639727860e-04	6.91608873488034e-01	2.44710318067258e-02	-1.03700054742073e-03
7.46414850407993e-01	2.08733360916697e-02	-1.35099989763132e-03	7.98994956098505e-01	1.65188836980112e-02	-1.83443086038171e-03
8.49890532771966e-01	1.09209992954633e-02	-2.63653064935032e-03	8.99728682362214e-01	3.17194772167828e-03	-4.11767790515771e-03
9.49334575739490e-01	-8.72452852022698e-03	-7.22556456052303e-03	1.00000000000000e+00	0.00000000000000e+00	0.00000000000000e+00
12	1.33962772451802e+04	1.89322580645161e+00
0.00000000000000e+00	6.56595855523814e-02	-3.70615887433257e-04	1.40283399814761e-01	6.05720422218732e-02	-4.32266657521163e-04
2.64544916410077e-01	5.58922758497229e-02	-5.10816322000895e-04	3.75654559023068e-01	5.14863489481956e-02	-6.13080825204726e-04
4.75888252457518e-01	4.72226385825674e-02	-7.49711203845704e-04	5.67089665567695e-01	4.29562635049001e-02	-9.38107494288465e-04
6.50789337811084e-01	3.85069363331785e-02	-1.20830192133226e-03	7.28298294126267e-01	3.36215215748472e-02	-1.61584662130276e-03
8.00790353831073e-01	2.79018976231273e-02	-2.27319236671431e-03	8.69389604777784e-01	2.06495600932552e-02	-3.43769173585518e-03
9.35292410127021e-01	1.04690999740229e-02	-5.78930249066789e-03	1.00000000000000e+00	0.00000000000000e+00	0.00000000000000e+00
11	1.33962772451802e+04	2.11903225806452e+00
0.00000000000000e+00	7.05306960159016e-02	-3.64937782869612e-04	1.53931037778304e-01	6.48623328833204e-02	-4.25878587861694e-04
2.89111481722764e-01	5.97138633753049e-02	-5.03578174112063e-04	4.09060543920112e-01	5.49272291022171e-02	-6.04815806630077e-04
5.16523770163149e-01	5.03536528162105e-02	-7.40194793589444e-04	6.13690958028991e-01	4.58361204760296e-02	-9.27055875261651e-04
7.02352052939104e-01	4.11860575668648e-02	-1.19536628300621e-03	7.84015474138358e-01	3.61452659370556e-02	-1.60063991549220e-03
8.60007447086511e-01	3.03136434024569e-02	-2.25545363412483e-03	9.31571575639085e-01	2.30294538777285e-02	-3.45351457353815e-03
1.00000000000000e+00	0.00000000000000e+00	0.00000000000000e+00
11	1.33962772451802e+04	2.34483870967742e+00
0.00000000000000e+00	6.87869206055762e-02	-2.85947939593800e-04	1.54031721819602e-01	6.35576670412246e-02	-3.28003338050165e-04
2.89654404727019e-01	5.88353446092786e-02	-3.80124038846352e-04	4.10206616841139e-01	5.44909499701260e-02	-4.45803700737546e-04
5.18302346244791e-01	5.04098764543575e-02	-5.30201758830229e-04	6.16026824982700e-01	4.64813008224378e-02	-6.41192142346370e-04
7.05075762885157e-01	4.25865138360921e-02	-7.91279386098021e-04	7.86858089416200e-01	3.85831548439741e-02	-1.00130332691206e-03
8.62575933571316e-01	3.42799622491559e-02	-1.30813379440631e-03	9.33292642160006e-01	2.94611038625161e-02	-1.85289226566154e-03
1.00000000000000e+00	0.00000000000000e+00	0.00000000000000e+00
11	1.33962772451802e+04	2.57064516129032e+00
0.00000000000000e+00	6.69882776970718e-02	-2.17664155313102e-04	1.53731605725073e-01	6.21706920551488e-02	-2.45388938904245e-04
2.89466863090463e-01	5.78390489203093e-02	-2.78794753267197e-04	4.10359580320856e-01	5.38867272416663e-02	-3.19546572236762e-04
5.18890590932757e-01	5.02231009093672e-02	-3.69971748187314e-04	6.17043193943461e-01	4.67665835105469e-02	-4.33399192085959e-04
7.06428045331920e-01	4.34382580086425e-02	-5.14725442557484e-04	7.88374399880716e-01	4.01549581660563e-02	-6.21392838402901e-04
8.63998834276677e-01	3.68203154952900e-02	-7.65162442203593e-04	9.34259220261402e-01	3.34020840156031e-02	-1.05678592441194e-03
1.00000000000000e+00	0.00000000000000e+00	0.00000000000000e+00
11	1.33962772451802e+04	2.79645161290323e+00
0.00000000000000e+00	6.51296254777325e-02	-1.61315987571298e-04	1.53089545854570e-01	6.06927021052257e-02	-1.78853894405862e-04
2.88659222195278e-01	5.67140748001882e-02	-1.99427151676534e-04	4.09676773498935e-01	5.31042816104945e-02	-2.23776893699457e-04
5.18489666172413e-01	4.97894030954082e-02	-2.52888580419830e-04	6.16981651754278e-01	4.67060628647242e-02	-2.88091680794356e-04
7.06684857682558e-01	4.37973999673447e-02	-3.31214620270304e-04	7.88861708430726e-01	4.10094625849218e-02	-3.84827764101425e-04
8.64566057931619e-01	3.82875145187573e-02	-4.52636646635085e-04	9.34689877570012e-01	3.56738152100653e-02	-6.42862487923779e-04
1.00000000000000e+00	0.00000000000000e+00	0.00000000000000e+00
11	1.33962772451802e+04	3.02225806451613e+00
0.00000000000000e+00	6.32123077461519e-02	-1.16720966323314e-04	1.52167084542174e-01	5.91245946796712e-02	-1.27419275563367e-04
2.87344547453710e-01	5.54630299994503e-02	-1.39664641567228e-04	4.08314990042664e-01	5.21515579966478e-02	-1.53768017104428e-04
5.17293167304272e-01	4.91282429472799e-02	-1.70125577798608e-04	6.16065051749710e-01	4.63414173475394e-02	-1.89245068446420e-04
7.06088202458448e-01	4.37467702522827e-02	-2.11785761202510e-04	7.88565517487330e-01	4.13050245676696e-02	-2.38616170293193e-04
8.64500349274222e-01	3.89799452183544e-02	-2.70899152496229e-04	9.34738376513654e-01	3.68443518984785e-02	-4.18703382570218e-04
1.00000000000000e+00	0.00000000000000e+00	0.00000000000000e+00
11	1.33962772451802e+04	3.24806451612903e+00
0.00000000000000e+00	6.12445724752244e-02	-8.26950080943245e-05	1.51024506424220e-01	5.74762331027643e-02	-8.90198703140666e-05
2.85631506005070e-01	5.40996180245159e-02	-9.61025823917883e-05	4.06421285736830e-01	5.10494782825306e-02	-1.04066888691801e-04
5.15477321391473e-01	4.82729367150458e-02	-1.13065503753340e-04	6.14489179930729e-01	4.57264071958821e-02	-1.23285712838594e-04
7.04842041943804e-01	4.33733148260320e-02	-1.34959209249441e-04	7.87682985299662e-01	4.11823593202685e-02	-1.48375359919628e-04
8.63970802885210e-01	3.91261462778045e-02	-1.63899336723672e-04	9.34513969519533e-01	3.72901069526710e-02	-2.92646043542621e-04
1.00000000000000e+00	0.00000000000000e+00	0.00000000000000e+00
11	1.33962772451802e+04	3.47387096774194e+00
0.00000000000000e+00	5.92403593755886e-02	-5.75348124234321e-05	1.49717774987808e-01	5.57641470009516e-02	-6.11758122610606e-05
2.83619347412472e-01	5.26448225505651e-02	-6.51762111540943e-05	4.04127251421761e-01	4.98261220310932e-02	-6.95827004635330e-05
5.13195987655873e-01	4.72624061355378e-02	-7.44521881179683e-05	6.12420111534877e-01	4.49161585557831e-02	-7.98519137683584e-05
7.03113726485041e-01	4.27561377827990e-02	-8.58617848253918e-05	7.86369841639992e-01	4.07559845153116e-02	-9.25773523974271e-05
8.63105310877165e-01	3.88931518622695e-02	-1.00113636521293e-04	9.34095289106782e-01	3.72580025824261e-02	-2.19144127969528e-04
1.00000000000000e+00	0.00000000000000e+00	0.00000000000000e+00
11	1.33962772451802e+04	3.69967741935484e+00
0.00000000000000e+00	5.72172120597518e-02	-3.94170439435015e-05	1.48296559842733e-01	5.40086487721503e-02	-4.14665306218698e-05
2.81395033096977e-01	5.11230807536700e-02	-4.36822213500943e-05	4.01546331946255e-01	4.85118869606471e-02	-4.60805188378099e-05
5.10579252486413e-01	4.61354663444398e-02	-4.86820608647243e-05	6.09995111710811e-01	4.39611985472654e-02	-5.15104857305992e-05
7.01038029678533e-01	4.19619285755026e-02	-5.45929715938254e-05	7.84747870277936e-01	4.01148221927137e-02	-5.79608920627805e-05
8.62000637435896e-01	3.84004887951261e-02	-6.16506183763743e-05	9.33539665226385e-01	3.69106979908875e-02	-1.74686480608699e-04
1.00000000000000e+00	0.00000000000000e+00	0.00000000000000e+00
11	1.33962772451802e+04	3.92548387096774e+00
0.00000000000000e+00	5.51940442128154e-02	-2.66565772391036e-05	1.46803284678006e-01	5.22311651301441e-02	-2.77886977773090e-05
2.79032158338362e-01	4.95592073221482e-02	-2.89963946211724e-05	3.98773392887264e-01	4.71361374861774e-02	-3.02846170765481e-05
5.07734320738463e-01	4.49275275697090e-02	-3.16606880512715e-05	6.07325378855180e-01	4.29048935415484e-02	-3.31327822817862e-05
6.98722007778318e-01	4.10444507791552e-02	-3.47100480564411e-05	7.82911689131395e-01	3.93261674872161e-02	-3.64027498820363e-05
8.60730124837575e-01	3.77330357293157e-02	-3.82224357726724e-05	9.32889374635015e-01	3.63564792035047e-02	-1.46722659264853e-04
1.00000000000000e+00	0.00000000000000e+00	0.00000000000000e+00
11	1.33962772451802e+04	4.15129032258065e+00
0.00000000000000e+00	5.31892472898197e-02	-1.78331264883980e-05	1.45272981848748e-01	5.04521945604890e-02	-1.84486687431207e-05
2.76591165663871e-01	4.79763009342598e-02	-1.90983957999435e-05	3.95885733309450e-01	4.57252430028585e-02	-1.97830764190332e-05
5.04747665735111e-01	4.36690825424373e-02	-2.05052638768688e-05	6.04499518261638e-01	4.17829159718863e-02	-2.12677489692670e-05
6.96249761561101e-01	4.00458534643560e-02	-2.20735869551625e-05	7.80934436799843e-01	3.84402361882072e-02	-2.29261283559712e-05
8.59349450776413e-01	3.69510292195241e-02	-2.38290536320740e-05	9.32175876386783e-01	3.56683726006233e-02	-1.28356167777399e-04
1.00000000000000e+00	0.00000000000000e+00	0.00000000000000e+00
11	1.33962772451802e+04	4.37709677419355e+00
0.00000000000000e+00	5.12193477782734e-02	-1.18238794353243e-05	1.43733694048597e-01	4.86899826244269e-02	-1.21540491055949e-05
2.74120358576197e-01	4.63945462560376e-02	-1.24998955082223e-05	3.92944883988367e-01	4.43016681324027e-02	-1.28607214664456e-05
5.01687709730390e-01	4.23853244598780e-02	-1.32374048043005e-05	6.01587092054533e-01	4.06237423570726e-02	-1.36308885991809e-05
6.93686690597844e-01	3.89985640822939e-02	-1.40421870915564e-05	7.78872359426459e-01	3.74942008168193e-02	-1.44723922701484e-05
8.57900895754537e-01	3.60973276557308e-02	-1.49226810837177e-05	9.31422725293578e-01	3.48962735266858e-02	-1.15702344649415e-04
1.00000000000000e+00	0.00000000000000e+00	0.00000000000000e+00
11	1.33962772451802e+04	4.60290322580645e+00
0.00000000000000e+00	4.92982356752132e-02	-7.78193757655643e-06	1.42207199178344e-01	4.69598381513481e-02	-7.95691330757187e-06
2.71657337612834e-01	4.48307090468312e-02	-8.13941975752464e-06	3.89998738995782e-01	4.28837667515398e-02	-8.32827975139061e-06
4.98607599728827e-01	4.10964001370320e-02	-8.52379166826900e-06	5.98641924908524e-01	3.94495805950728e-02	-8.72627161441208e-06
6.91083125466950e-01	3.79271788902673e-02	-8.93605473306636e-06	7.76768448659676e-01	3.65154325441088e-02	-9.15349655183917e-06
8.56416515124643e-01	3.52025264193994e-02	-9.37897446373626e-06	9.30647613513332e-01	3.40746770804834e-02	-1.06526488010683e-04
1.00000000000000e+00	0.00000000000000e+00	0.00000000000000e+00
11	1.33962772451802e+04	4.82870967741935e+00
0.00000000000000e+00	4.74368653025210e-02	-5.09082695976382e-06	1.40709878928186e-01	4.52739312163031e-02	-5.18248296033086e-06
2.69230581141479e-01	4.32980989712382e-02	-5.27811854511562e-06	3.87083720437895e-01	4.14859911210230e-02	-5.37642649844905e-06
4.95547825708926e-01	3.98179657420570e-02	-5.47750730972574e-06	5.95705020718620e-01	3.82773973504844e-02	-5.58146625451172e-06
6.88477345108630e-01	3.68501190268780e-02	-5.68841366099804e-06	7.74655302774133e-01	3.55239839221890e-02	-5.79846517645421e-06
8.54920511334611e-01	3.42885173661369e-02	-5.91174212360990e-06	9.29863827388980e-01	3.32276572135415e-02	-9.95197354143329e-05
1.00000000000000e+00	0.00000000000000e+00	0.00000000000000e+00
11	1.33962772451802e+04	5.05451612903226e+00
0.00000000000000e+00	4.56432954062400e-02	-3.31394478569891e-06	1.39253609628511e-01	4.36414114605390e-02	-3.36134135281441e-06
2.66860996472957e-01	4.18068131841718e-02	-3.41117000712821e-06	3.84226806108997e-01	4.01193135294924e-02	-3.46211506996319e-06
4.92538561421040e-01	3.85618472182110e-02	-3.51421016375753e-06	5.92807054466323e-01	3.71198883303696e-02	-3.56749012730972e-06
6.85898044841185e-01	3.57809948315257e-02	-3.62199120784723e-06	7.72557371841259e-01	3.45344477358387e-02	-3.67775099552325e-06
8.53431023521955e-01	3.33709627329648e-02	-3.73480853133046e-06	9.29081305958767e-01	3.23721179656984e-02	-9.39033924316490e-05
1.00000000000000e+00	0.00000000000000e+00	0.00000000000000e+00
11	1.33962772451802e+04	5.28032258064516e+00
0.00000000000000e+00	4.39229434151438e-02	-2.14863467906667e-06	1.37846603162456e-01	4.20687139142877e-02	-2.17272949898373e-06
2.64563346028249e-01	4.03641252872702e-02	-2.19857122196743e-06	3.81447339904780e-01	3.87917318967246e-02	-2.22487676482253e-06
4.89601690326550e-01	3.73366989235515e-02	-2.25165731926324e-06	5.89970461129362e-01	3.59863302447447e-02	-2.27892436965860e-06
6.83366340111610e-01	3.47296963979986e-02	-2.30668978873361e-06	7.70492723857438e-01	3.35573375944780e-02	-2.33496578938563e-06
8.51961492422986e-01	3.24610246924328e-02	-2.36376496287605e-06	9.28307424345208e-01	3.15199512739792e-02	-8.92075554814742e-05
1.00000000000000e+00	0.00000000000000e+00	0.00000000000000e+00
11	1.33962772451802e+04	5.50612903225806e+00
0.00000000000000e+00	4.22789488209696e-02	-1.38860619047776e-06	1.36494156902080e-01	4.05599505256575e-02	-1.40052815167380e-06
2.62347499199997e-01	3.89749257060832e-02	-1.41387942487192e-06	3.78758591493563e-01	3.75087801202307e-02	-1.42742254771733e-06
4.86752514959535e-01	3.61486058473397e-02	-1.44116121236770e-06	5.87211159341098e-01	3.48832979957674e-02	-1.45509919091680e-06
6.80897382020480e-01	3.37032504969117e-02	-1.46924037802698e-06	7.68474435452195e-01	3.26001114787944e-02	-1.48358872475995e-06
8.50521709940680e-01	3.15665850361777e-02	-1.49814830008310e-06	9.27547582094132e-01	3.06794931196401e-02	-8.51447142498074e-05
1.00000000000000e+00	0.00000000000000e+00	0.00000000000000e+00
11	1.33962772451802e+04	5.73193548387097e+00
0.00000000000000e+00	4.07125719887391e-02	-8.95121592847659e-07	1.35199296832294e-01	3.91173203501425e-02	-9.00730761754787e-07
2.60219496107202e-01	3.76421565504346e-02	-9.07607598188420e-07	3.76169066227813e-01	3.62740008839113e-02	-9.14563500931109e-07
4.84001172987965e-01	3.50016076993622e-02	-9.21599682124352e-07	5.84539957591650e-01	3.38152535852627e-02	-9.28717377002286e-07
6.78501653725796e-01	3.27064882288701e-02	-9.35917858102542e-07	7.66511688686825e-01	3.16679326557454e-02	-9.43202399072973e-07
8.49118632209754e-01	3.06931146603842e-02	-9.50572321301024e-07	9.26805650710464e-01	2.98565231030452e-02	-8.15363445105799e-05
1.00000000000000e+00	0.00000000000000e+00	0.00000000000000e+00
11	1.33962772451802e+04	5.95774193548387e+00
0.00000000000000e+00	3.92235821043565e-02	-5.75864459007036e-07	1.33963313675387e-01	3.77414986703275e-02	-5.78225304970204e-07
2.58182430408740e-01	3.63672101919412e-02	-5.81758499151874e-07	3.73683585014989e-01	3.50893619778654e-02	-5.85324177571067e-07
4.81353794666680e-01	3.38981411696575e-02	-5.88922732580599e-07	5.81963692076584e-01	3.27850224346968e-02	-5.92554575629123e-07
6.76186007595715e-01	3.17425635042330e-02	-5.96220124826630e-07	7.64610637732838e-01	3.07642384747970e-02	-5.99919789623371e-07
8.47757013684525e-01	2.98443009788700e-02	-6.03654001007925e-07	9.26084317926381e-01	2.90549625861600e-02	-7.82696730787791e-05
1.00000000000000e+00	0.00000000000000e+00	0.00000000000000e+00
11	1.33962772451802e+04	6.18354838709677e+00
0.00000000000000e+00	3.78106123001243e-02	-3.69929066046382e-07	1.32786203405430e-01	3.64319879355159e-02	-3.70634910762391e-07
2.56237174029714e-01	3.51502809473014e-02	-3.72446493868139e-07	3.71304168279107e-01	3.39556138010120e-02	-3.74271388103864e-07
4.78813445978598e-01	3.28394083062065e-02	-3.76109744459896e-07	5.79486148262072e-01	3.17941776067148e-02	-3.77961651532033e-07
6.73954499086388e-01	3.08133579778909e-02	-3.79827287178003e-07	7.62775099862974e-01	2.98911708025309e-02	-3.81706773522339e-07
8.46439908019389e-01	2.90225085923173e-02	-3.83600244013849e-07	9.25385356940873e-01	2.82773728066439e-02	-7.52719312107075e-05
1.00000000000000e+00	0.00000000000000e+00	0.00000000000000e+00
11	1.33962772451802e+04	6.40935483870968e+00
0.00000000000000e+00	3.64714589156421e-02	-2.37405819225600e-07	1.31667014686531e-01	3.51874117789210e-02	-2.37280948667262e-07
2.54382949834229e-01	3.39906564289028e-02	-2.38208258451778e-07	3.69030734524267e-01	3.28725809345132e-02	-2.39141016322719e-07
4.76380872883474e-01	3.18256713065070e-02	-2.40079269797633e-07	5.77108786078791e-01	3.08433408075461e-02	-2.41023041303023e-07
6.71809040344099e-01	2.99197912001556e-02	-2.41972389680711e-07	7.61007094381555e-01	2.90498981855967e-02	-2.42927364446643e-07
8.45169056463174e-01	2.82291162523476e-02	-2.43888023998551e-07	9.24709833835808e-01	2.75253110933478e-02	-7.24948666370739e-05
1.00000000000000e+00	0.00000000000000e+00	0.00000000000000e+00
11	1.33962772451802e+04	6.63516129032258e+00
0.00000000000000e+00	3.52033375951497e-02	-1.52286737220564e-07	1.30604129045474e-01	3.40057656616670e-02	-1.51755594757219e-07
2.52617795363377e-01	3.28869638399045e-02	-1.52229613359367e-07	3.66861667434473e-01	3.18394056110469e-02	-1.52705865952285e-07
4.74055106128514e-01	3.08564948873691e-02	-1.53184350981661e-07	5.74831329089294e-01	2.99324254600561e-02	-1.53665090429911e-07
6.69749930456342e-01	2.90620662012351e-02	-1.54148102504692e-07	7.59307278780393e-01	2.82408657216449e-02	-1.54633387872138e-07
8.43945201138556e-01	2.74647727428263e-02	-1.55120956524257e-07	9.24058274188095e-01	2.67995956518698e-02	-6.99053851229703e-05
1.00000000000000e+00	0.00000000000000e+00	0.00000000000000e+00
11	1.33962772451802e+04	6.86096774193548e+00
0.00000000000000e+00	3.40030817359838e-02	-9.76974947608511e-08	1.29595472157273e-01	3.28846118794628e-02	-9.69775328929501e-08
2.50938914789523e-01	3.18373615670544e-02	-9.72195732806824e-08	3.64794248248620e-01	3.08547364136900e-02	-9.74625218308489e-08
4.71833923793213e-01	2.99309328912627e-02	-9.77063892015906e-08	5.72652215876083e-01	2.90608221691195e-02	-9.79511596277405e-08
6.67776261980426e-01	2.82398548359186e-02	-9.81968759639074e-08	7.57675283037151e-01	2.74639813234852e-02	-9.84434911366350e-08
8.42768324895291e-01	2.67295850950582e-02	-9.86910597688961e-08	9.23430790398270e-01	2.61004975855545e-02	-6.74798426001377e-05
1.00000000000000e+00	0.00000000000000e+00	0.00000000000000e+00
11	1.33962772451802e+04	7.08677419354839e+00
0.00000000000000e+00	3.28673056903748e-02	-6.27289171717393e-08	1.28638681950452e-01	3.18212404286349e-02	-6.19308380134242e-08
2.49342961168094e-01	3.08396971573841e-02	-6.20543119111971e-08	3.62825004681060e-01	2.99168833158610e-02	-6.21781555132372e-08
4.69714226370912e-01	2.90476806546451e-02	-6.23023803658640e-08	5.70568967410780e-01	2.82275488711783e-02	-6.24269673732414e-08
6.65886252658345e-01	2.74524462731192e-02	-6.25519331887148e-08	7.56109982841636e-01	2.67187631612957e-02	-6.26772733713921e-08
8.41637847504014e-01	2.60232656152830e-02	-6.28030010219049e-08	9.22827185848200e-01	2.54278887546855e-02	-6.52005734607108e-05
1.00000000000000e+00	0.00000000000000e+00	0.00000000000000e+00
11	1.33962772451802e+04	7.31258064516129e+00
0.00000000000000e+00	3.17925251776285e-02	-4.03483775279767e-08	1.27731231831695e-01	3.08127890870096e-02	-3.95279988740782e-08
2.47826245590369e-01	2.98916260962336e-02	-3.95909398598349e-08	3.60949971709540e-01	2.90239346855974e-02	-3.96540358327258e-08
4.67692319027775e-01	2.82051900958844e-02	-3.97172792432343e-08	5.68578464997655e-01	2.74313640749801e-02	-3.97806734220296e-08
6.64077497431892e-01	2.66988585933634e-02	-3.98442354665463e-08	7.54609707828026e-01	2.60044499022660e-02	-3.99079298496474e-08
8.40552775518784e-01	2.53452410997332e-02	-3.99717829946411e-08	9.22247034581321e-01	2.47813507445773e-02	-6.30537560284417e-05
1.00000000000000e+00	0.00000000000000e+00	0.00000000000000e+00
11	1.33962772451802e+04	7.53838709677419e+00
0.00000000000000e+00	3.07752481592967e-02	-2.60328221202144e-08	1.26870523119758e-01	2.98563352209562e-02	-2.52178178339335e-08
2.46384896061602e-01	2.89907033870409e-02	-2.52498832953307e-08	3.59164891699266e-01	2.81738479476248e-02	-2.52820124835296e-08
4.65764130004321e-01	2.74017590880149e-02	-2.53142073969315e-08	5.66677166798783e-01	2.66708547892576e-02	-2.53464420563176e-08
6.62347165860257e-01	2.59779252599941e-02	-2.53787628690105e-08	7.53172405431324e-01	2.53200858102280e-02	-2.54111378605870e-08
8.39511820630030e-01	2.46947367083998e-02	-2.54435863489277e-08	9.21689744408805e-01	2.41602579940317e-02	-6.10281029744808e-05
1.00000000000000e+00	0.00000000000000e+00	0.00000000000000e+00
11	1.33962772451802e+04	7.76419354838710e+00
0.00000000000000e+00	2.98120421904751e-02	-1.68786922216668e-08	1.26053953696038e-01	2.89489650282806e-02	-1.60823596662141e-08
2.45014977321389e-01	2.81344534587991e-02	-1.60986981523337e-08	3.57465367200784e-01	2.73645193540970e-02	-1.61150481847727e-08
4.63925379060282e-01	2.66356005893396e-02	-1.61314246405198e-08	5.64861276235497e-01	2.59445047186870e-02	-1.61478137528093e-08
6.60692156737985e-01	2.52883622313600e-02	-1.61642577101162e-08	7.51795769974427e-01	2.46645867250797e-02	-1.61807074405829e-08
8.38513493362648e-01	2.40708408320625e-02	-1.61971838164021e-08	9.21154607074916e-01	2.35638418246817e-02	-5.91140569450310e-05
1.00000000000000e+00	0.00000000000000e+00	0.00000000000000e+00
11	1.33962772451802e+04	7.99000000000000e+00
0.00000000000000e+00	2.88995801262091e-02	-1.10248916662670e-08	1.25278965685324e-01	2.80878219842979e-02	-1.02532242696185e-08
2.43712575903052e-01	2.73204201198489e-02	-1.02615340669132e-08	3.55846971278128e-01	2.65938345940484e-02	-1.02698627379993e-08
4.62171700762400e-01	2.59048933289869e-02	-1.02781889665948e-08	5.63126866614434e-01	2.52507446412407e-02	-1.02865240769745e-08
6.59109213569968e-01	2.46288177864848e-02	-1.02948840563499e-08	7.50477339812197e-01	2.40367891944633e-02	-1.03032435916361e-08
8.37556174039787e-01	2.34725534595279e-02	-1.03116197802677e-08	9.20640836455107e-01	2.29912381613178e-02	-5.73032889603642e-05
1.00000000000000e+00	0.00000000000000e+00	0.00000000000000e+00
