11	2.49359200498416e+00	9.90000000000000e-01
0.00000000000000e+00	8.09069314260924e-03	6.47165956519924e-04	1.13936298362771e-01	9.95266102009262e-03	6.84124364432659e-04
2.25624560056547e-01	1.18880887071199e-02	7.13020527326136e-04	3.34687403945731e-01	1.38640698863487e-02	7.31906706659680e-04
4.40767892724076e-01	1.58422361191731e-02	7.39023144929463e-04	5.43541665066316e-01	1.77800697098891e-02	7.32755692519405e-04
6.42728178431233e-01	1.96321499035708e-02	7.11411773455461e-04	7.38100278347348e-01	2.13507423177104e-02	6.72727854112543e-04
8.29491603651149e-01	2.28849238546357e-02	6.12966109719282e-04	9.16801785758849e-01	2.42381941920213e-02	4.63957709757157e-04
1.00000000000000e+00	0.00000000000000e+00	0.00000000000000e+00
11	2.49359200498416e+00	1.21580645161290e+00
0.00000000000000e+00	1.22756836064896e-02	4.64499945551533e-04	1.15667032985919e-01	1.35039113107841e-02	4.83194395711872e-04
2.28251206560581e-01	1.47548407050803e-02	4.98332017703329e-04	3.37561398561910e-01	1.60142194887836e-02	5.09488237271594e-04
4.43426376933382e-01	1.72668876157084e-02	5.16386689099035e-04	5.45698710940485e-01	1.84973954447071e-02	5.18915413221133e-04
6.44257963269669e-01	1.96906510372162e-02	5.17124178363138e-04	7.39012980525434e-01	2.08325268057868e-02	5.11202569522085e-04
8.29903171691829e-01	2.19103575206262e-02	5.01440196680192e-04	9.16898747819872e-01	2.29712216158003e-02	4.29976782548080e-04
1.00000000000000e+00	0.00000000000000e+00	0.00000000000000e+00
11	2.49359200498416e+00	1.44161290322581e+00
0.00000000000000e+00	1.47375448065133e-02	2.80863240128659e-04	1.15877239049350e-01	1.53540815785052e-02	2.87086554516591e-04
2.28250227223588e-01	1.59703767472394e-02	2.92005780096138e-04	3.37090866771583e-01	1.65818345627923e-02	2.95559780434274e-04
4.42381516803854e-01	1.71838393762661e-02	2.97720599015894e-04	5.44115556014263e-01	1.77718772184104e-02	2.98495275169119e-04
6.42297725467074e-01	1.83416564255126e-02	2.97925166943269e-04	7.36944239583824e-01	1.88892196896404e-02	2.96083442208550e-04
8.28082664072292e-01	1.94110414092419e-02	2.93070952833707e-04	9.15751570050655e-01	1.99528160389374e-02	2.40097179958876e-04
1.00000000000000e+00	0.00000000000000e+00	0.00000000000000e+00
11	2.49359200498416e+00	1.66741935483871e+00
0.00000000000000e+00	1.48845780285387e-02	1.32931329963837e-04	1.14503512635858e-01	1.50592928256245e-02	1.33992000142080e-04
2.25609843077077e-01	1.52319590753950e-02	1.34742389371945e-04	3.33382590693376e-01	1.54016622876256e-02	1.35180491920073e-04
4.37886330533827e-01	1.55675117939420e-02	1.35307408808405e-04	5.39186641568784e-01	1.57286510191924e-02	1.35127756187070e-04
6.37350106184555e-01	1.58842678490072e-02	1.34649537429476e-04	7.32444282089099e-01	1.60336041524601e-02	1.33883935403811e-04
8.24537648319008e-01	1.61759642257648e-02	1.32845033591122e-04	9.13699527492785e-01	1.63489754776553e-02	9.31410011912881e-05
1.00000000000000e+00	0.00000000000000e+00	0.00000000000000e+00
11	2.49359200498416e+00	1.89322580645161e+00
0.00000000000000e+00	1.27140032484265e-02	4.37313369558989e-05	1.11724998919177e-01	1.26839458917645e-02	4.37511520661182e-05
2.20651388798159e-01	1.26546996755407e-02	4.37354665109302e-05	3.26855488639303e-01	1.26261378415374e-02	4.36848467574302e-05
4.30411253483971e-01	1.25981381705746e-02	4.35997024468282e-05	5.31390381513107e-01	1.25705828000494e-02	4.34805662846705e-05
6.29862414087038e-01	1.25433584525740e-02	4.33280895792976e-05	7.25894829169982e-01	1.25163566480208e-02	4.31430368231789e-05
8.19553128576491e-01	1.24894738961981e-02	4.29262796116658e-05	9.10900919454301e-01	1.24905476748388e-02	1.46338522296618e-05
1.00000000000000e+00	0.00000000000000e+00	0.00000000000000e+00
11	2.49359200498416e+00	2.11903225806452e+00
0.00000000000000e+00	8.73109903782776e-03	7.51397759835015e-06	1.07863425736954e-01	8.67787450258040e-03	7.50442570707222e-06
2.13870921464574e-01	8.62553715864933e-03	7.49368142527462e-06	3.18065327629494e-01	8.57406300270425e-03	7.48188317634124e-06
4.20488198751777e-01	8.52342892530999e-03	7.46904002535409e-06	5.21179851934301e-01	8.47361249209455e-03	7.45516168620952e-06
6.20179413185118e-01	8.42459192117750e-03	7.44025842391860e-06	7.17524861660251e-01	8.37634606129767e-03	7.42434116129953e-06
8.13253071934707e-01	8.32885437130182e-03	7.40742133342742e-06	9.07399854403151e-01	8.29983375243226e-03	-1.04136987038039e-05
1.00000000000000e+00	0.00000000000000e+00	0.00000000000000e+00
11	2.49359200498416e+00	2.34483870967742e+00
0.00000000000000e+00	3.64702784214255e-03	2.07425629117353e-07	1.03272441511817e-01	3.63439541708166e-03	2.07370203231250e-07
2.05796935748101e-01	3.62185427990114e-03	2.07289724940551e-07	3.07581452679522e-01	3.60940341864302e-03	2.07208439628737e-07
4.08633849520935e-01	3.59704187149934e-03	2.07126353291009e-07	5.08961872717719e-01	3.58476869022972e-03	2.07043457489675e-07
6.08573159891470e-01	3.57258293986518e-03	2.06959770432391e-07	7.07475241744828e-01	3.56048369855977e-03	2.06875279462615e-07
8.05675543926435e-01	3.54847005728465e-03	2.06789991241685e-07	9.03181388856986e-01	3.54377071332013e-03	-7.04862303502196e-06
1.00000000000000e+00	0.00000000000000e+00	0.00000000000000e+00
0	2.49359200498416e+00	2.57064516129032e+00
0	2.49359200498416e+00	2.79645161290323e+00
0	2.49359200498416e+00	3.02225806451613e+00
0	2.49359200498416e+00	3.24806451612903e+00
0	2.49359200498416e+00	3.47387096774194e+00
0	2.49359200498416e+00	3.69967741935484e+00
0	2.49359200498416e+00	3.92548387096774e+00
0	2.49359200498416e+00	4.15129032258065e+00
0	2.49359200498416e+00	4.37709677419355e+00
0	2.49359200498416e+00	4.60290322580645e+00
0	2.49359200498416e+00	4.82870967741935e+00
0	2.49359200498416e+00	5.05451612903226e+00
0	2.49359200498416e+00	5.28032258064516e+00
0	2.49359200498416e+00	5.50612903225806e+00
0	2.49359200498416e+00	5.73193548387097e+00
0	2.49359200498416e+00	5.95774193548387e+00
0	2.49359200498416e+00	6.18354838709677e+00
0	2.49359200498416e+00	6.40935483870968e+00
0	2.49359200498416e+00	6.63516129032258e+00
0	2.49359200498416e+00	6.86096774193548e+00
0	2.49359200498416e+00	7.08677419354839e+00
0	2.49359200498416e+00	7.31258064516129e+00
0	2.49359200498416e+00	7.53838709677419e+00
0	2.49359200498416e+00	7.76419354838710e+00
0	2.49359200498416e+00	7.99000000000000e+00
