121	1.93069772888325e+04	1.00000000000000e-03
0.00000000000000e+00	7.08995334162643e-03	-6.36038903589764e-06	1.15937653412721e-02	7.02117616572950e-03	-6.41435824566550e-06
2.30258626028752e-02	6.95311427490974e-03	-6.52652970845047e-06	3.43000805192681e-02	6.88565816200803e-03	-6.64166034747282e-06
4.54200996555766e-02	6.81878164610716e-03	-6.75985540143920e-06	5.63894961931997e-02	6.75245882287157e-03	-6.88122433079030e-06
6.72117458634098e-02	6.68666403340468e-03	-7.00588194280094e-06	7.78902277149757e-02	6.62137182928291e-03	-7.13394799189970e-06
8.84282277244295e-02	6.55655693829837e-03	-7.26554644625566e-06	9.88289422571215e-02	6.49219423718028e-03	-7.40080977479352e-06
1.09095481386724e-01	6.42825870974151e-03	-7.53987410173629e-06	1.19230872080520e-01	6.36472541941591e-03	-7.68288281904894e-06
1.29238061257312e-01	6.30156947332572e-03	-7.82998635484589e-06	1.39119918724495e-01	6.23876598874284e-03	-7.98134270874051e-06
1.48879240000492e-01	6.17629005645193e-03	-8.13711685299090e-06	1.58518749028402e-01	6.11411670375528e-03	-8.29748038078115e-06
1.68041100786461e-01	6.05222086928348e-03	-8.46261888143296e-06	1.77448883800555e-01	5.99057734319630e-03	-8.63271840789714e-06
1.86744622563942e-01	5.92916075640959e-03	-8.80798304359054e-06	1.95930779868832e-01	5.86794551998326e-03	-8.98862243392529e-06
2.05009759054531e-01	5.80690579313159e-03	-9.17485787477190e-06	2.13983906176467e-01	5.74601544125297e-03	-9.36692271413797e-06
2.22855512100265e-01	5.68524798994940e-03	-9.56506218274811e-06	2.31626814524897e-01	5.62457657839976e-03	-9.76953317888274e-06
2.40299999938737e-01	5.56397391905961e-03	-9.98060976953319e-06	2.48877205512168e-01	5.50341224158069e-03	-1.01985799916271e-05
2.57360520930340e-01	5.44286323259868e-03	-1.04237416436170e-05	2.65751990169480e-01	5.38229800462386e-03	-1.06564184043645e-05
2.74053613219976e-01	5.32168701929181e-03	-1.08969485990151e-05	2.82267347759542e-01	5.26100002309970e-03	-1.11456839109181e-05
2.90395110779510e-01	5.20020600264814e-03	-1.14030036448831e-05	2.98438780167222e-01	5.13927310257167e-03	-1.16693065861373e-05
3.06400196247537e-01	5.07816855672072e-03	-1.19450143549749e-05	3.14281163286298e-01	5.01685861203227e-03	-1.22305738521344e-05
3.22083450958582e-01	4.95530845287551e-03	-1.25264620809418e-05	3.29808795784526e-01	4.89348209768470e-03	-1.28331777122792e-05
3.37458902535530e-01	4.83134231749727e-03	-1.31512500034514e-05	3.45035445613521e-01	4.76885056921783e-03	-1.34812620162794e-05
3.52540070405935e-01	4.70596679549207e-03	-1.38237923346107e-05	3.59974394619505e-01	4.64264945174042e-03	-1.41795081900487e-05
3.67340009595005e-01	4.57885523002433e-03	-1.45490690903749e-05	3.74638481606474e-01	4.51453905445276e-03	-1.49332115271239e-05
3.81871353147068e-01	4.44965388319818e-03	-1.53327160330452e-05	3.89040144204884e-01	4.38415054682539e-03	-1.57484043936673e-05
3.96146353531597e-01	4.31797760523356e-03	-1.61811581222970e-05	4.03191459906934e-01	4.25108117179995e-03	-1.66319238401602e-05
4.10176923402183e-01	4.18340471231038e-03	-1.71017128758333e-05	4.17104186646097e-01	4.11488884002598e-03	-1.75916091713635e-05
4.23974676096620e-01	4.04547109022535e-03	-1.81027757426566e-05	4.30789803322123e-01	3.97508565689919e-03	-1.86364506378212e-05
4.37550966296035e-01	3.90366314405499e-03	-1.91939664628826e-05	4.44259550708919e-01	3.83113030078297e-03	-1.97767763523427e-05
4.50916931302353e-01	3.75740966122606e-03	-2.03864366734585e-05	4.57524473229473e-01	3.68241912173883e-03	-2.10245677572107e-05
4.64083533447340e-01	3.60607182773331e-03	-2.16930407697102e-05	4.70595462145840e-01	3.52827533964351e-03	-2.23937189942625e-05
4.77061604220554e-01	3.44893166280058e-03	-2.31287902043853e-05	4.83483300794151e-01	3.36793620855746e-03	-2.39004343880467e-05
4.89861890795545e-01	3.28517779675264e-03	-2.47112057127907e-05	4.96198712602290e-01	3.20053755549643e-03	-2.55637336727954e-05
5.02495105756972e-01	3.11388849295202e-03	-2.64609085065537e-05	5.08752412765499e-01	3.02509479730251e-03	-2.74059382816549e-05
5.14971980988171e-01	2.93401085078027e-03	-2.84022758789693e-05	5.21155164635575e-01	2.84048031446860e-03	-2.94536559823921e-05
5.27303326881938e-01	2.74433520622153e-03	-3.05641994211570e-05	5.33417842110226e-01	2.64539470948111e-03	-3.17384239141294e-05
5.39500098305503e-01	2.54346387376891e-03	-3.29812767945192e-05	5.45551499614759e-01	2.43833218877532e-03	-3.42981911058970e-05
5.51573469093715e-01	2.32977197769291e-03	-3.56951452287202e-05	5.57567451663857e-01	2.21753659442436e-03	-3.71787324511264e-05
5.63534917306053e-01	2.10135838471492e-03	-3.87562360357752e-05	5.69477364520722e-01	1.98094639032687e-03	-4.04357196004401e-05
5.75396324088710e-01	1.85598374775409e-03	-4.22261290902171e-05	5.81293363171942e-01	1.72612473914513e-03	-4.41374134447781e-05
5.87170089798682e-01	1.59099144216523e-03	-4.61806664004971e-05	5.93028157784954e-01	1.45016989369884e-03	-4.83682832033150e-05
5.98869272151727e-01	1.30320562034347e-03	-5.07140886538693e-05	6.04695195106994e-01	1.14959869431708e-03	-5.32336114904552e-05
6.10507752672615e-01	9.88797990522761e-04	-5.59443687166983e-05	6.16308842049543e-01	8.20194495026128e-04	-5.88661623199815e-05
6.22100439831067e-01	6.43113569015918e-04	-6.20214395947727e-05	6.27884611192804e-01	4.56805667388149e-04	-6.54355321152433e-05
6.33663520211973e-01	2.60436009056120e-04	-6.91372761438824e-05	6.39439441495176e-01	5.30725856948688e-05	-7.31598269343436e-05
6.45214773328858e-01	-1.66328492601231e-04	-7.75412694571376e-05	6.50992052609843e-01	-3.98940282369642e-04	-8.23253784403288e-05
6.56773971864259e-01	-6.46085627521442e-04	-8.75624734102409e-05	6.62563398727607e-01	-9.09260506693488e-04	-9.33112944092596e-05
6.68363398336140e-01	-1.19016328320898e-03	-9.96404505311244e-05	6.74177259184491e-01	-1.49072978725284e-03	-1.06630323250867e-04
6.80008523128940e-01	-1.81317572916162e-03	-1.14375505512410e-04	6.85861020377096e-01	-2.16004837203165e-03	-1.22987883548697e-04
6.91738910511602e-01	-2.53428926588983e-03	-1.32600976114450e-04	6.97646730861471e-01	-2.93931258778823e-03	-1.43374886345082e-04
7.03589453885708e-01	-3.37910244393369e-03	-1.55502790808448e-04	7.09572555690759e-01	-3.85833474004793e-03	-1.69219460376402e-04
7.15602098412773e-01	-4.38253128642119e-03	-1.84812434490533e-04	7.21684830014743e-01	-4.95825637977354e-03	-2.02636862814076e-04
7.27828306161484e-01	-5.59336977333791e-03	-2.23135609297431e-04	7.34041040366770e-01	-6.29735664051467e-03	-2.46866141334623e-04
7.40332690745759e-01	-7.08176503475899e-03	-2.74535596516801e-04	7.46714294737377e-01	-7.96077812765350e-03	-3.07057302001867e-04
7.53198567488272e-01	-8.95200357460224e-03	-3.45620056473983e-04	7.59800286016836e-01	-1.00775454908143e-02	-3.91795861251376e-04
7.66536790753630e-01	-1.13655051023814e-02	-4.47694665305587e-04	7.73428650615299e-01	-1.28521029923870e-02	-5.16203220096711e-04
7.80500560452229e-01	-1.45847711339506e-02	-6.01341218354756e-04	7.87782576216977e-01	-1.66267148940015e-02	-7.08838145173862e-04
7.95311853437428e-01	-1.90638743829898e-02	-8.47051628300122e-04	8.03135157896565e-01	-2.20157685010829e-02	-1.02853624281596e-03
8.11312600968222e-01	-2.56530640261734e-02	-1.27272428243486e-03	8.19923394092955e-01	-3.02269191031308e-02	-1.61080218078968e-03
8.29075086613427e-01	-3.61202884536687e-02	-2.09472540192568e-03	8.38919146993529e-01	-4.39416907034897e-02	-2.81443968961659e-03
8.49678868503904e-01	-5.47061011811720e-02	-3.92978691175561e-03	8.61703172602867e-01	-7.02049082839514e-02	-5.71563209958836e-03
8.75580196523753e-01	-9.38150045584624e-02	-8.48484976601904e-03	8.92404261032822e-01	-1.32352239043791e-01	-1.10049246347927e-02
9.14467497522671e-01	-1.95469692998705e-01	-1.99487322784320e-03	9.46913297545398e-01	-2.34223378437304e-01	-2.68968206467446e-03
1.00000000000000e+00	0.00000000000000e+00	0.00000000000000e+00
85	1.93069772888325e+04	7.16428571428571e-02
0.00000000000000e+00	1.00871951241022e-02	-1.28940420021095e-05	1.66724022680447e-02	9.94822078278346e-03	-1.31769247857516e-05
3.30163519406434e-02	9.81108814779041e-03	-1.35092009958537e-05	4.90427148066994e-02	9.67563318626552e-03	-1.38541686336424e-05
6.47619205132311e-02	9.54174947207909e-03	-1.42124808890642e-05	8.01839854716122e-02	9.40933193686311e-03	-1.45848341079891e-05
9.53185347003093e-02	9.27827659010094e-03	-1.49719695254902e-05	1.10174822390459e-01	9.14848024488424e-03	-1.53746791651255e-05
1.24761751287017e-01	9.01984023430380e-03	-1.57938072606889e-05	1.39087890971247e-01	8.89225413270389e-03	-1.62302574893136e-05
1.53161495123823e-01	8.76561946261822e-03	-1.66849948539660e-05	1.66990517842136e-01	8.63983340441865e-03	-1.71590543387445e-05
1.80582629080017e-01	8.51479248389064e-03	-1.76535418257018e-05	1.93945229273444e-01	8.39039226877936e-03	-1.81696483969596e-05
2.07085463211340e-01	8.26652702465802e-03	-1.87086479463972e-05	2.20010233206858e-01	8.14308938228736e-03	-1.92719129219476e-05
2.32726211620822e-01	8.01996996479315e-03	-1.98609170682928e-05	2.45239852786026e-01	7.89705701267374e-03	-2.04772513157092e-05
2.57557404378102e-01	7.77423596257520e-03	-2.11226269519749e-05	2.69684918276312e-01	7.65138902222251e-03	-2.17988954223092e-05
2.81628260955224e-01	7.52839468901501e-03	-2.25080540472433e-05	2.93393123446492e-01	7.40512725066300e-03	-2.32522650758238e-05
3.04985030908098e-01	7.28145624424426e-03	-2.40338763408676e-05	3.16409351837127e-01	7.15724583338706e-03	-2.48554218564845e-05
3.27671306961119e-01	7.03235420124293e-03	-2.57196685766736e-05	3.38775977841767e-01	6.90663281045922e-03	-2.66296196638205e-05
3.49728315224669e-01	6.77992563327989e-03	-2.75885454514846e-05	3.60533147168083e-01	6.65206829608800e-03	-2.86000130371722e-05
3.71195186983761e-01	6.52288715077276e-03	-2.96679295979096e-05	3.81719041023106e-01	6.39219818810899e-03	-3.07965538823840e-05
3.92109216342731e-01	6.25980593288089e-03	-3.19905746861693e-05	4.02370128283921e-01	6.12550208377316e-03	-3.32551161539296e-05
4.12506108002561e-01	5.98906413732547e-03	-3.45958359653231e-05	4.22521409987034e-01	5.85025372593506e-03	-3.60189587433890e-05
4.32420219604643e-01	5.70881481562124e-03	-3.75313557605672e-05	4.42206660719458e-01	5.56447167833407e-03	-3.91406370283676e-05
4.51884803428124e-01	5.41692656598558e-03	-4.08552334383305e-05	4.61458671964586e-01	5.26585706662885e-03	-4.26844850902608e-05
4.70932252829796e-01	5.11091328498914e-03	-4.46388613761783e-05	4.80309503208065e-01	4.95171423278240e-03	-4.67299574129498e-05
4.89594359740990e-01	4.78784418713207e-03	-4.89708037607617e-05	4.98790747736307e-01	4.61884818683767e-03	-5.13760114813078e-05
5.07902590902099e-01	4.44422693031932e-03	-5.39619918258349e-05	5.16933821708700e-01	4.26343095839798e-03	-5.67472586439077e-05
5.25888392496269e-01	4.07585387723208e-03	-5.97527561039257e-05	5.34770287465170e-01	3.88082447430582e-03	-6.30022393586227e-05
5.43583535709091e-01	3.67759754332364e-03	-6.65227389338163e-05	5.52332225478561e-01	3.46534319367908e-03	-7.03451479442396e-05
5.61020519896258e-01	3.24313427041023e-03	-7.45049170687295e-05	5.69652674387262e-01	3.00993113893866e-03	-7.90426540875355e-05
5.78233056139523e-01	2.76456462955266e-03	-8.40055015034480e-05	5.86766165969451e-01	2.50571445493564e-03	-8.94479824522509e-05
5.95256663052173e-01	2.23188433334998e-03	-9.54336823542068e-05	6.03709393069070e-01	1.94137157148644e-03	-1.02037013658629e-04
6.12129420453048e-01	1.63223063824613e-03	-1.09345675143535e-04	6.20522065567643e-01	1.30222778931488e-03	-1.17463062812240e-04
6.28892947861588e-01	9.48787650146166e-04	-1.26512777483656e-04	6.37248036292125e-01	5.68924086006506e-04	-1.36642216624683e-04
6.45593708662060e-01	1.59157367913831e-04	-1.48029267386995e-04	6.53936821943423e-01	-2.84590742383295e-04	-1.60890198270813e-04
6.62284796257470e-01	-7.67131333549664e-04	-1.75488787407918e-04	6.70645715969375e-01	-1.29417587341962e-03	-1.92150903729038e-04
6.79028452406047e-01	-1.87255418890064e-03	-2.11282417724279e-04	6.87442814177911e-01	-2.51050005436948e-03	-2.33392122444664e-04
6.95899733112268e-01	-3.21801938115296e-03	-2.59128343175652e-04	7.04411496635349e-01	-4.00739233759129e-03	-2.89322119746860e-04
7.12992041575408e-01	-4.89383712097724e-03	-3.25058252039545e-04	7.21657330251701e-01	-5.89643587309874e-03	-3.67767010149844e-04
7.30425838632886e-01	-7.03940930672786e-03	-4.19370293763155e-04	7.39319199692977e-01	-8.35393775291138e-03	-4.82493953841256e-04
7.48363066004943e-01	-9.88079576172263e-03	-5.60799015642433e-04	7.57588288839387e-01	-1.16742583544133e-02	-6.59508639935691e-04
7.67032565718699e-01	-1.38080441086020e-02	-7.86274526626496e-04	7.76742801366392e-01	-1.63846468600597e-02	-9.52641904934826e-04
7.86778591521195e-01	-1.95504491869297e-02	-1.17666595746280e-03	7.97217543413428e-01	-2.35212528360377e-02	-1.48776357025460e-03
8.08163741078205e-01	-2.86273754806294e-02	-1.93627923493778e-03	8.19761899491330e-01	-3.53978218030440e-02	-2.61356829900827e-03
8.32222526916093e-01	-4.47279414096017e-02	-3.69738866176772e-03	8.45870265191553e-01	-5.82411527368955e-02	-5.56225662706278e-03
8.61246625652704e-01	-7.91543564632391e-02	-9.05451976327387e-03	8.79360030752030e-01	-1.14732336984991e-01	-1.59069283754643e-02
9.02417909495427e-01	-1.86702060323409e-01	-2.22704849978761e-02	9.36480815414737e-01	-3.20940494698292e-01	1.39689162523050e-02
1.00000000000000e+00	0.00000000000000e+00	0.00000000000000e+00
101	1.93069772888325e+04	1.42285714285714e-01
0.00000000000000e+00	8.43489655545349e-03	-9.03998850376730e-06	1.41699009671115e-02	8.33751551618489e-03	-9.18437151042895e-06
2.81054729359282e-02	8.24125132084230e-03	-9.37732587802387e-06	4.18132298543603e-02	8.14598674788902e-03	-9.57640807119908e-06
5.52994654955104e-02	8.05166931194745e-03	-9.78187984901346e-06	6.85702630359766e-02	7.95824713145743e-03	-9.99401703749569e-06
8.16315044430529e-02	7.86566883351103e-03	-1.02131107224679e-05	9.44888793963716e-02	7.77388345714480e-03	-1.04394673874353e-05
1.07147893772548e-01	7.68284036078937e-03	-1.06734119551533e-05	1.19613877719519e-01	7.59248912022281e-03	-1.09152851714978e-05
1.31891993345615e-01	7.50277943976663e-03	-1.11654502645830e-05	1.43987242046735e-01	7.41366104549646e-03	-1.14242890225658e-05
1.55904471493676e-01	7.32508358984929e-03	-1.16922065322989e-05	1.67648382300206e-01	7.23699654551990e-03	-1.19696306148942e-05
1.79223534391334e-01	7.14934910551035e-03	-1.22570171441350e-05	1.90634353090029e-01	7.06209006503622e-03	-1.25548459777303e-05
2.01885134939670e-01	6.97516771997719e-03	-1.28636301235385e-05	2.12980053278462e-01	6.88852973925247e-03	-1.31839111903176e-05
2.23923163581274e-01	6.80212304957428e-03	-1.35162662000532e-05	2.34718408583468e-01	6.71589370348569e-03	-1.38613075619798e-05
2.45369623200607e-01	6.62978674845927e-03	-1.42196880770218e-05	2.55880539257234e-01	6.54374608711961e-03	-1.45921051262210e-05
2.66254790037312e-01	6.45771431595032e-03	-1.49792965991047e-05	2.76495914668438e-01	6.37163258017637e-03	-1.53820532518001e-05
2.86607362351320e-01	6.28544040109569e-03	-1.58012202242652e-05	2.96592496445689e-01	6.19907549104393e-03	-1.62376982157930e-05
3.06454598423450e-01	6.11247356450439e-03	-1.66924506357358e-05	3.16196871699469e-01	6.02556813742994e-03	-1.71665125430209e-05
3.25822445350161e-01	5.93829029238391e-03	-1.76609881215040e-05	3.35334377729925e-01	5.85056844623466e-03	-1.81770614002819e-05
3.44735659995150e-01	5.76232810016819e-03	-1.87160084723637e-05	3.54029219545504e-01	5.67349155345975e-03	-1.92792008519849e-05
3.63217923392189e-01	5.58397758544760e-03	-1.98681044079052e-05	3.72304581462883e-01	5.49370115508419e-03	-2.04843073754457e-05
3.81291949852968e-01	5.40257302459635e-03	-2.11295195067240e-05	3.90182734033081e-01	5.31049937279748e-03	-2.18055867426958e-05
3.98979592023032e-01	5.21738137022698e-03	-2.25145061811816e-05	4.07685137542507e-01	5.12311468400317e-03	-2.32584236199429e-05
4.16301943149428e-01	5.02758901763189e-03	-2.40396847503987e-05	4.24832543377024e-01	4.93068750599734e-03	-2.48608280308815e-05
4.33279437881705e-01	4.83228607913433e-03	-2.57245968333653e-05	4.41645094614273e-01	4.73225280914802e-03	-2.66339850167885e-05
4.49931953027696e-01	4.63044716101990e-03	-2.75922705310627e-05	4.58142427335931e-01	4.52671907151303e-03	-2.86029944873700e-05
4.66278909839590e-01	4.42090808926854e-03	-2.96700439261777e-05	4.74343774334953e-01	4.31284231008533e-03	-3.07976748079586e-05
4.82339379625134e-01	4.20233720238694e-03	-3.19905466326098e-05	4.90268073153715e-01	4.08919431433707e-03	-3.32537747118611e-05
4.98132194783385e-01	3.97319982752786e-03	-3.45929907392684e-05	5.05934080744624e-01	3.85412290874321e-03	-3.60143957272019e-05
5.13676067782517e-01	3.73171383171456e-03	-3.75248052537636e-05	5.21360497533229e-01	3.60570200864796e-03	-3.91317992896045e-05
5.28989721165242e-01	3.47579364174688e-03	-4.08438131609401e-05	5.36566104325797e-01	3.34166877753961e-03	-4.26700572937477e-05
5.44092032439006e-01	3.20297887484711e-03	-4.46210252817991e-05	5.51569916405636e-01	3.05934261378460e-03	-4.67081487509624e-05
5.59002198767777e-01	2.91034280881308e-03	-4.89445177296322e-05	5.66391360403443e-01	2.75552099289489e-03	-5.13444822669573e-05
5.73739927835133e-01	2.59437309897548e-03	-5.39244464088373e-05	5.81050481240668e-01	2.42634299661981e-03	-5.67028187006269e-05
5.88325663277464e-01	2.25081550059203e-03	-5.97002796933754e-05	5.95568188845688e-01	2.06710878291050e-03	-6.29404483367679e-05
6.02780855937628e-01	1.87446478079978e-03	-6.64501766698411e-05	6.09966557750353e-01	1.67203824102025e-03	-7.02600802435782e-05
6.17128296269378e-01	1.45888386889048e-03	-7.44051868035722e-05	6.24269197571488e-01	1.23394132283794e-03	-7.89258201656651e-05
6.31392529143710e-01	9.96017251214454e-04	-8.38685486770352e-05	6.38501719576868e-01	7.43763920023399e-04	-8.92873498490321e-05
6.45600381067259e-01	4.75653695676037e-04	-9.52450732569776e-05	6.52692335254274e-01	1.89948358936487e-04	-1.01815247188997e-04
6.59781643040740e-01	-1.15337999119225e-04	-1.09084327045261e-04	6.66872639193378e-01	-4.42484106029539e-04	-1.17154513905815e-04
6.73969972713202e-01	-7.94116744529449e-04	-1.26147313427305e-04	6.81078654213394e-01	-1.17327887144192e-03	-1.36208027878171e-04
6.88204111863974e-01	-1.58351408212243e-03	-1.47511572808900e-04	6.95352257883702e-01	-2.02897223648379e-03	-1.60270014488262e-04
7.02529568117270e-01	-2.51454265752682e-03	-1.74742420525620e-04	7.09743177981211e-01	-3.04602340130211e-03	-1.91247998066801e-04
7.17000999069186e-01	-3.63033887954456e-03	-2.10183504661288e-04	7.24311862087140e-01	-4.27582414310657e-03	-2.32045560147665e-04
7.31685693705433e-01	-4.99259217518877e-03	-2.57465173857385e-04	7.39133737587816e-01	-5.79302807178006e-03	-2.87251500222574e-04
7.46668833726135e-01	-6.69245432371701e-03	-3.22453820365443e-04	7.54305775786527e-01	-7.71003228652756e-03	-3.64455830863752e-04
7.62061774431352e-01	-8.87002187997521e-03	-4.15108410746212e-04	7.69957067132410e-01	-1.02035616736821e-02	-4.76929134967330e-04
7.78015734356227e-01	-1.17512288028505e-02	-5.53413398614477e-04	7.86266812774581e-01	-1.35668242675536e-02	-6.49517642926867e-04
7.94745846558608e-01	-1.57230830963527e-02	-7.72453906327630e-04	8.03497102926766e-01	-1.83205761860074e-02	-9.33012632649888e-04
8.12576827757434e-01	-2.15019970545159e-02	-1.14788767183338e-03	8.22058191414508e-01	-2.54760070692247e-02	-1.44391246448605e-03
8.32039104844045e-01	-3.05587885971655e-02	-1.86617678569423e-03	8.42655172633867e-01	-3.72501813625964e-02	-2.49447421754501e-03
8.54102444862612e-01	-4.63817927454624e-02	-3.47848759733282e-03	8.66680392769370e-01	-5.94266212885051e-02	-5.11568999981060e-03
8.80880977768030e-01	-7.92074559262287e-02	-8.00948119953548e-03	8.97596908633041e-01	-1.11764280129150e-01	-1.30661907973888e-02
9.18689766298170e-01	-1.72675225748391e-01	-1.61226701331922e-02	9.48788760758995e-01	-2.74792116699427e-01	1.10056119125135e-02
1.00000000000000e+00	0.00000000000000e+00	0.00000000000000e+00
115	1.93069772888325e+04	2.12928571428571e-01
0.00000000000000e+00	7.36381167708888e-03	-6.90646751522195e-06	1.25682857461105e-02	7.28948479491653e-03	-6.98419432665354e-06
2.49546654349593e-02	7.21593205944759e-03	-7.11209888626385e-06	3.71635675722970e-02	7.14305228208123e-03	-7.24353972603176e-06
4.91992894523268e-02	7.07081478779359e-03	-7.37864834521318e-06	6.10660020338761e-02	6.99918922347553e-03	-7.51756257555414e-06
7.27677548842471e-02	6.92814551371645e-03	-7.66042589783744e-06	8.43084809070607e-02	6.85765382076142e-03	-7.80738940120429e-06
9.56920008657239e-02	6.78768450032941e-03	-7.95861107483198e-06	1.06922027713517e-01	6.71820806052148e-03	-8.11425722213599e-06
1.18002170740645e-01	6.64919511642537e-03	-8.27450128326745e-06	1.28935939548047e-01	6.58061634956053e-03	-8.43952609486109e-06
1.39726747857187e-01	6.51244246170668e-03	-8.60952289527539e-06	1.50377917164589e-01	6.44464413224655e-03	-8.78469309317786e-06
1.60892680249360e-01	6.37719197408182e-03	-8.96524968840851e-06	1.71274184541554e-01	6.31005648055050e-03	-9.15141359203453e-06
1.81525495358833e-01	6.24320798582234e-03	-9.34341945080241e-06	1.91649599018425e-01	6.17661661295754e-03	-9.54151441701079e-06
2.01649405831137e-01	6.11025222163364e-03	-9.74595776925824e-06	2.11527752983783e-01	6.04408435737325e-03	-9.95702268324905e-06
2.21287407316116e-01	5.97808219911466e-03	-1.01749982426291e-05	2.30931067998050e-01	5.91221450248813e-03	-1.04001901617412e-05
2.40461369112735e-01	5.84644953109348e-03	-1.06329154452300e-05	2.49880882150819e-01	5.78075501883490e-03	-1.08735188006914e-05
2.59192118420883e-01	5.71509807718651e-03	-1.11223556507056e-05	2.68397531381102e-01	5.64944514546828e-03	-1.13798050116465e-05
2.77499518896704e-01	5.58376191739218e-03	-1.16462695298747e-05	2.86500425427828e-01	5.51801326055168e-03	-1.19221736332165e-05
2.95402544152197e-01	5.45216313971464e-03	-1.22079670772379e-05	3.04208119026846e-01	5.38617453516732e-03	-1.25041285050642e-05
3.12919346793071e-01	5.32000934974808e-03	-1.28111652535345e-05	3.21538378928653e-01	5.25362830146814e-03	-1.31296077918730e-05
3.30067323551386e-01	5.18699086500374e-03	-1.34600398007390e-05	3.38508247277642e-01	5.12005509097158e-03	-1.38030542673473e-05
3.46863177040158e-01	5.05277757375211e-03	-1.41593103577531e-05	3.55134101868463e-01	4.98511325554496e-03	-1.45294903692861e-05
3.63322974636153e-01	4.91701532805044e-03	-1.49143258196816e-05	3.71431713778578e-01	4.84843509009369e-03	-1.53146018786465e-05
3.79462204984840e-01	4.77932178078988e-03	-1.57311534931814e-05	3.87416302868053e-01	4.70962241641781e-03	-1.61648721330732e-05
3.95295832617745e-01	4.63928161240901e-03	-1.66167119779459e-05	4.03102591638453e-01	4.56824139393430e-03	-1.70876987302115e-05
4.10838351178651e-01	4.49644096362034e-03	-1.75789217462530e-05	4.18504857954350e-01	4.42381647955958e-03	-1.80915450487262e-05
4.26103835771772e-01	4.35030086619181e-03	-1.86268530546485e-05	4.33636987153590e-01	4.27582340295118e-03	-1.91861674125882e-05
4.41105994974138e-01	4.20030961571149e-03	-1.97709765779042e-05	4.48512524107942e-01	4.12368074657476e-03	-2.03828104821113e-05
4.55858223098007e-01	4.04585362149001e-03	-2.10233937374404e-05	4.63144725848682e-01	3.96674007239017e-03	-2.16945325757223e-05
4.70373653350339e-01	3.88624660674042e-03	-2.23981878824109e-05	4.77546615441979e-01	3.80427395971528e-03	-2.31365004568218e-05
4.84665212619212e-01	3.72071653901629e-03	-2.39117783107368e-05	4.91731037895714e-01	3.63546187295705e-03	-2.47265217805381e-05
4.98745678726708e-01	3.54838999355644e-03	-2.55834464109039e-05	5.05710719003959e-01	3.45937274976604e-03	-2.64855054370461e-05
5.12627741132769e-01	3.36827304471643e-03	-2.74359135385982e-05	5.19498328202479e-01	3.27494399320938e-03	-2.84381759751984e-05
5.26324066263261e-01	3.17922799297299e-03	-2.94961263525018e-05	5.33106546723388e-01	3.08095569849010e-03	-3.06139743988521e-05
5.39847368882773e-01	2.97994477057895e-03	-3.17962908000791e-05	5.46548142620768e-01	2.87599861359178e-03	-3.30480791184140e-05
5.53210491257811e-01	2.76890509627448e-03	-3.43749458269205e-05	5.59836054613021e-01	2.65843462251891e-03	-3.57829691051137e-05
5.66426492284068e-01	2.54433835350443e-03	-3.72788091662635e-05	5.72983487177232e-01	2.42634654822083e-03	-3.88700605016279e-05
5.79508749319428e-01	2.30416533075894e-03	-4.05647611829707e-05	5.86004019992204e-01	2.17747525102996e-03	-4.23722977029861e-05
5.92471076225633e-01	2.04592685643790e-03	-4.43026007357350e-05	5.98911735706498e-01	1.90913876523768e-03	-4.63672791559677e-05
6.05327862150651e-01	1.76669226141768e-03	-4.85788115960339e-05	6.11721371210726e-01	1.61812799885630e-03	-5.09515276083672e-05
6.18094236988669e-01	1.46294030950922e-03	-5.35014857361293e-05	6.24448499244096e-01	1.30057084043722e-03	-5.62464661275630e-05
6.30786271400309e-01	1.13040282576327e-03	-5.92070421872037e-05	6.37109749464225e-01	9.51752047324561e-04	-6.24062530900638e-05
6.43421222005530e-01	7.63857650498689e-04	-6.58701148033014e-05	6.49723081358902e-01	5.65872165130932e-04	-6.96287280663732e-05
6.56017836244897e-01	3.56848032616153e-04	-7.37164275936841e-05	6.62308126047989e-01	1.35722167440511e-04	-7.81722620188940e-05
6.68596737032817e-01	-9.87006165040771e-05	-8.30417068231615e-05	6.74886620834256e-01	-3.47769059421354e-04	-8.83775725892821e-05
6.81180915634695e-01	-6.13011620104742e-04	-9.42407706494564e-05	6.87482970529068e-01	-8.96165929561765e-04	-1.00702581381507e-04
6.93796373685044e-01	-1.19921452223259e-03	-1.07847344213097e-04	7.00124985051005e-01	-1.52443082872211e-03	-1.15774078315534e-04
7.06472974550290e-01	-1.87443338921667e-03	-1.24599883716714e-04	7.12844866923899e-01	-2.25224972499039e-03	-1.34466133187683e-04
7.19245594682092e-01	-2.66140328808329e-03	-1.45541118641290e-04	7.25680561040200e-01	-3.10601338201588e-03	-1.58029313386709e-04
7.32155715202641e-01	-3.59092510103975e-03	-1.72180554028234e-04	7.38677643075508e-01	-4.12187681773590e-03	-1.88300431432920e-04
7.45253677422208e-01	-4.70570711198559e-03	-2.06769322980360e-04	7.51892032732902e-01	-5.35062983172807e-03	-2.28063072047036e-04
7.58601971872388e-01	-6.06659353747574e-03	-2.52781605570407e-04	7.65394014035381e-01	-6.86574901598624e-03	-2.81694304227198e-04
7.72280197047410e-01	-7.76308769275968e-03	-3.15796079894959e-04	7.79274412196073e-01	-8.77730397265375e-03	-3.56392052196064e-04
7.86392837281197e-01	-9.93198828042541e-03	-4.05220228591352e-04	7.93654504929690e-01	-1.12573035232106e-02	-4.64635027386029e-04
8.01082060684804e-01	-1.27923886863893e-02	-5.37886601038373e-04	8.08702792966993e-01	-1.45888904209615e-02	-6.29549736367307e-04
8.16550061841049e-01	-1.67162378501194e-02	-7.46229958803468e-04	8.24665328602831e-01	-1.92697987980068e-02	-8.97718271356318e-04
8.33101119014147e-01	-2.23838361799445e-02	-1.09898555471966e-03	8.41925490037855e-01	-2.62528598805150e-02	-1.37374292838288e-03
8.51229021379505e-01	-3.11682393924969e-02	-1.76110295987097e-03	8.61136262880782e-01	-3.75840110395870e-02	-2.32860754500597e-03
8.71825530396680e-01	-4.62418066574334e-02	-3.19871338675903e-03	8.83565528120946e-01	-5.84235139844034e-02	-4.60296383114223e-03
8.96789087307678e-01	-7.65032807178662e-02	-6.97404960160841e-03	9.12258445251005e-01	-1.05292039948908e-01	-1.08434880495309e-02
9.31487665710349e-01	-1.55836333355444e-01	-1.32696496217870e-02	9.57955248925895e-01	-2.39473398884778e-01	7.15636502602268e-03
1.00000000000000e+00	0.00000000000000e+00	0.00000000000000e+00
121	1.93069772888325e+04	2.83571428571429e-01
0.00000000000000e+00	6.96105355275312e-03	-6.17618167519929e-06	1.20623641612753e-02	6.89460298883504e-03	-6.23414344946838e-06
2.39595373571473e-02	6.82881878399111e-03	-6.34216108696961e-06	3.56953256105136e-02	6.76360510551310e-03	-6.45300326707066e-06
4.72734282031295e-02	6.69893738607308e-03	-6.56676962296210e-06	5.86974413751013e-02	6.63479130298605e-03	-6.68356334698750e-06
6.99708621449525e-02	6.57114275037518e-03	-6.80349321680040e-06	8.10970919713878e-02	6.50796780546203e-03	-6.92667171575678e-06
9.20794402648650e-02	6.44524270119273e-03	-7.05321731575559e-06	1.02921127756602e-01	6.38294379430260e-03	-7.18325382753626e-06
1.13625289732273e-01	6.32104753310814e-03	-7.31690971234045e-06	1.24194979137249e-01	6.25953043176875e-03	-7.45432176785243e-06
1.34633169559852e-01	6.19836903086846e-03	-7.59563016861087e-06	1.44942758098830e-01	6.13753987545662e-03	-7.74098514177979e-06
1.55126568120838e-01	6.07701947311012e-03	-7.89054104721743e-06	1.65187351913534e-01	6.01678426801500e-03	-8.04446127666836e-06
1.75127793239526e-01	5.95681060535957e-03	-8.20291737158030e-06	1.84950509796200e-01	5.89707469660783e-03	-8.36608928356242e-06
1.94658055586224e-01	5.83755258117513e-03	-8.53416398083340e-06	2.04252923203288e-01	5.77822009857076e-03	-8.70734152513819e-06
2.13737546037388e-01	5.71905284017626e-03	-8.88582882496713e-06	2.23114300403884e-01	5.66002611992755e-03	-9.06984650828058e-06
2.32385507600233e-01	5.60111492241777e-03	-9.25962223541354e-06	2.41553435894289e-01	5.54229387446092e-03	-9.45540025498737e-06
2.50620302447734e-01	5.48353719117900e-03	-9.65743574954381e-06	2.59588275178244e-01	5.42481863244371e-03	-9.86599721741754e-06
2.68459474563718e-01	5.36611145548349e-03	-1.00813678611811e-05	2.77235975391859e-01	5.30738836652001e-03	-1.03038479515316e-05
2.85919808458241e-01	5.24862146497207e-03	-1.05337541778106e-05	2.94512962215945e-01	5.18978217677568e-03	-1.07714139494508e-05
3.03017384379754e-01	5.13084123062901e-03	-1.10171894156519e-05	3.11434983487664e-01	5.07176853870850e-03	-1.12714422704219e-05
3.19767630422793e-01	5.01253319067918e-03	-1.15345740996364e-05	3.28017159898132e-01	4.95310334219434e-03	-1.18070014185623e-05
3.36185371907125e-01	4.89344614829412e-03	-1.20891627195530e-05	3.44274033142639e-01	4.83352769551337e-03	-1.23815279382544e-05
3.52284878386938e-01	4.77331290748317e-03	-1.26845943990705e-05	3.60219611875388e-01	4.71276545507981e-03	-1.29988896184763e-05
3.68079908636455e-01	4.65184766259519e-03	-1.33249758247356e-05	3.75867415810654e-01	4.59052039533980e-03	-1.36634471605834e-05
3.83583753951103e-01	4.52874294653949e-03	-1.40149315825955e-05	3.91230518308371e-01	4.46647294862124e-03	-1.43801141159194e-05
3.98809280102228e-01	4.40366619694688e-03	-1.47597096531449e-05	4.06321587783299e-01	4.34027653100144e-03	-1.51544797151182e-05
4.13768968287281e-01	4.27625570475154e-03	-1.55652495965608e-05	4.21152928284686e-01	4.21155319719047e-03	-1.59928949503563e-05
4.28474955429246e-01	4.14611602078940e-03	-1.64383359957387e-05	4.35736519608145e-01	4.07988860041453e-03	-1.69025873169026e-05
4.42939074197176e-01	4.01281249929242e-03	-1.73867193467014e-05	4.50084057324643e-01	3.94482620953784e-03	-1.78918738171774e-05
4.57172893147500e-01	3.87586492803860e-03	-1.84192830214869e-05	4.64206993143626e-01	3.80586028367835e-03	-1.89702722090956e-05
4.71187757424462e-01	3.73474004392405e-03	-1.95462649108524e-05	4.78116576072472e-01	3.66242780304549e-03	-2.01487944597734e-05
4.84994830508197e-01	3.58884263794468e-03	-2.07795145947820e-05	4.91823894892096e-01	3.51389871393426e-03	-2.14401999163449e-05
4.98605137566822e-01	3.43750488354155e-03	-2.21327668081805e-05	5.05339922545955e-01	3.35956425745665e-03	-2.28593041313729e-05
5.12029611055833e-01	3.27997370819744e-03	-2.36220912965823e-05	5.18675563137807e-01	3.19862316261066e-03	-2.44235134618798e-05
5.25279139319282e-01	3.11539526603188e-03	-2.52662586688324e-05	5.31841702361440e-01	3.03016452393012e-03	-2.61532178040813e-05
5.38364619094373e-01	2.94279650663776e-03	-2.70874754126904e-05	5.44849262350165e-01	2.85314730476438e-03	-2.80725205403787e-05
5.51297013005223e-01	2.76106222052119e-03	-2.91120210520468e-05	5.57709262146707e-01	2.66637508661471e-03	-3.02100804641103e-05
5.64087413376497e-01	2.56890703249057e-03	-3.13712145558753e-05	5.70432885270417e-01	2.46846494431718e-03	-3.26002197181818e-05
5.76747114012006e-01	2.36484056837427e-03	-3.39025691740158e-05	5.83031556220485e-01	2.25780851233148e-03	-3.52842072008919e-05
5.89287691998936e-01	2.14712441491094e-03	-3.67515920800532e-05	5.95517028229319e-01	2.03252324074299e-03	-3.83119807401133e-05
6.01721102144657e-01	1.91371682476182e-03	-3.99734038176724e-05	6.07901485214862e-01	1.79039125919656e-03	-4.17447489355904e-05
6.14059787386466e-01	1.66220394544414e-03	-4.36358690001359e-05	6.20197661722805e-01	1.52878030269066e-03	-4.56577498475497e-05
6.26316809498083e-01	1.38970999893617e-03	-4.78226960034522e-05	6.32418985807215e-01	1.24454254123552e-03	-5.01444830987019e-05
6.38506005763306e-01	1.09278227177811e-03	-5.26385748920166e-05	6.44579751366017e-01	9.33882609654990e-04	-5.53223801786906e-05
6.50642179138049e-01	7.67239398220099e-04	-5.82155546988705e-05	6.56695328643640e-01	5.92183194313645e-04	-6.13403582334637e-05
6.62741332022956e-01	4.07970299440397e-04	-6.47220788181357e-05	6.68782424700450e-01	2.13772289595404e-04	-6.83895394961720e-05
6.74820957454562e-01	8.66374467911601e-06	-7.23757064982067e-05	6.80859410071896e-01	-2.08392191322071e-04	-7.67184226615480e-05
6.86900406852827e-01	-4.38560876335314e-04	-8.14612965331918e-05	6.92946734289509e-01	-6.83156430644538e-04	-8.66547870141954e-05
6.99001361304173e-01	-9.43665911104064e-04	-9.23575305249447e-05	7.05067462519099e-01	-1.22177831137960e-03	-9.86379688663330e-05
7.11148445134460e-01	-1.51941950473766e-03	-1.05576382503747e-04	7.17247980122569e-01	-1.83879462476755e-03	-1.13267422512164e-04
7.23370038615687e-01	-2.18243976381538e-03	-1.21823298174339e-04	7.29518934580752e-01	-2.55328542190159e-03	-1.31377837880420e-04
7.35699375154001e-01	-2.95473486521691e-03	-1.42091738008387e-04	7.41916520373280e-01	-3.39076163670538e-03	-1.54159387209418e-04
7.48176054526436e-01	-3.86603362708449e-03	-1.67816641795770e-04	7.54484271977373e-01	-4.38606766068306e-03	-1.83352765450451e-04
7.60848181183908e-01	-4.95742512488595e-03	-2.01127549428692e-04	7.67275631792148e-01	-5.58797499190744e-03	-2.21587194701334e-04
7.73775471331167e-01	-6.28722072599530e-03	-2.45297017829493e-04	7.80357740236209e-01	-7.06674816343522e-03	-2.72975356792271e-04
7.87033917187762e-01	-7.94080755127458e-03	-3.05552520390995e-04	7.93817231305073e-01	-8.92712299390297e-03	-3.44240736418033e-04
8.00723064575453e-01	-1.00479847360948e-02	-3.90650758573363e-04	8.07769477962756e-01	-1.13317926883272e-02	-4.46954375081132e-04
8.14977910228157e-01	-1.28152517000367e-02	-5.16134767810206e-04	8.22374122814270e-01	-1.45465812931171e-02	-6.02366367132845e-04
8.29989503452502e-01	-1.65902646600026e-02	-7.11645517454729e-04	8.37862906354135e-01	-1.90343764887516e-02	-8.52786309270659e-04
8.46043319545938e-01	-2.20020721580079e-02	-1.03916223698297e-03	8.54593851446144e-01	-2.56703919204229e-02	-1.29174407542298e-03
8.63597908234516e-01	-3.03020984220228e-02	-1.64474674546922e-03	8.73169185906336e-01	-3.63022087556386e-02	-2.15648602361496e-03
8.83468694009654e-01	-4.43236422148517e-02	-2.93117697918754e-03	8.94735668718214e-01	-5.54769017052924e-02	-4.16331697939598e-03
9.07348356475861e-01	-7.17775395369505e-02	-6.21722619506060e-03	9.21956148049401e-01	-9.71967900580932e-02	-9.61953375725888e-03
9.39804665485286e-01	-1.40525502676068e-01	-1.30260552282877e-02	9.63639854764416e-01	-2.17510720318664e-01	2.04712603520385e-03
1.00000000000000e+00	0.00000000000000e+00	0.00000000000000e+00
121	1.93069772888325e+04	3.54214285714286e-01
0.00000000000000e+00	6.92558394945664e-03	-6.10546606383267e-06	1.21781011340094e-02	6.85982820438236e-03	-6.16372381334607e-06
2.41902617533759e-02	6.79472659317115e-03	-6.27019772458937e-06	3.60402856225067e-02	6.73018645871704e-03	-6.37944842840632e-06
4.77318703670721e-02	6.66618370867611e-03	-6.49157263632461e-06	5.92686111394511e-02	6.60269449043183e-03	-6.60667229412937e-06
7.06540043991012e-02	6.53969515868202e-03	-6.72485305264203e-06	8.18914515370887e-02	6.47716224847961e-03	-6.84622627256104e-06
9.29842623526858e-02	6.41507244267214e-03	-6.97090737089567e-06	1.03935658389552e-01	6.35340254452443e-03	-7.09901762263598e-06
1.14748776138580e-01	6.29212944635471e-03	-7.23068348151834e-06	1.25426670114141e-01	6.23123010002558e-03	-7.36603728790364e-06
1.35972315810093e-01	6.17068148930833e-03	-7.50521941839111e-06	1.46388612541591e-01	6.11046059043630e-03	-7.64837308153687e-06
1.56678386178470e-01	6.05054435199892e-03	-7.79565200703658e-06	1.66844391775590e-01	5.99090965546600e-03	-7.94721599239878e-06
1.76889316105386e-01	5.93153328386475e-03	-8.10323223676690e-06	1.86815780097521e-01	5.87239188947386e-03	-8.26387659436101e-06
1.96626341190355e-01	5.81346195780275e-03	-8.42933305578164e-06	2.06323495598696e-01	5.75471977482378e-03	-8.59979605039030e-06
2.15909680502124e-01	5.69614138953334e-03	-8.77547051514327e-06	2.25387276157966e-01	5.63770256813600e-03	-8.95656747479379e-06
2.34758607942864e-01	5.57937877009773e-03	-9.14331468715446e-06	2.44025948326617e-01	5.52114509466128e-03	-9.33594931606940e-06
2.53191518781973e-01	5.46297623875591e-03	-9.53471917108928e-06	2.62257491633795e-01	5.40484645913564e-03	-9.73988796149072e-06
2.71225991850914e-01	5.34672952054493e-03	-9.95173297857477e-06	2.80099098783916e-01	5.28859864829889e-03	-1.01705471964308e-05
2.88878847851945e-01	5.23042647409899e-03	-1.03966387392518e-05	2.97567232181554e-01	5.17218497856198e-03	-1.06303301052879e-05
3.06166204200529e-01	5.11384545254590e-03	-1.08719715437022e-05	3.14677677189457e-01	5.05537840181103e-03	-1.11219201537338e-05
3.23103526793983e-01	4.99675352372386e-03	-1.13805678785273e-05	3.31445592500262e-01	4.93793959303490e-03	-1.16483135201850e-05
3.39705679076523e-01	4.87890443560968e-03	-1.19255944197594e-05	3.47885557983127e-01	4.81961481835436e-03	-1.22128672008781e-05
3.55986968753947e-01	4.76003637506217e-03	-1.25106152260024e-05	3.64011620351553e-01	4.70013352173271e-03	-1.28193530017917e-05
3.71961192498798e-01	4.63986936135941e-03	-1.31396279594576e-05	3.79837336989410e-01	4.57920557887159e-03	-1.34720203914807e-05
3.87641678980202e-01	4.51810233197136e-03	-1.38171457095826e-05	3.95375818267532e-01	4.45651814252068e-03	-1.41756624876255e-05
4.03041330550661e-01	4.39440977959538e-03	-1.45482810653963e-05	4.10639768684737e-01	4.33173206569948e-03	-1.49357289831453e-05
4.18172663926376e-01	4.26843783650810e-03	-1.53388229782170e-05	4.25641527174324e-01	4.20447766317800e-03	-1.57583950657347e-05
4.33047850208726e-01	4.13979980742907e-03	-1.61953781605551e-05	4.40393106931534e-01	4.07434989552669e-03	-1.66507189869325e-05
4.47678754611934e-01	4.00807085947674e-03	-1.71254748573269e-05	4.54906235139545e-01	3.94090263808633e-03	-1.76207662352379e-05
4.62076976289510e-01	3.87278194186291e-03	-1.81377835861696e-05	4.69192393003137e-01	3.80364202352323e-03	-1.86778121007425e-05
4.76253888688081e-01	3.73341239492175e-03	-1.92422373224144e-05	4.83262856542508e-01	3.66201851289572e-03	-1.98325480493811e-05
4.90220680907939e-01	3.58938144825793e-03	-2.04503476570750e-05	4.97128738655797e-01	3.51541752453199e-03	-2.10973673333559e-05
5.03988400613128e-01	3.44003791724834e-03	-2.17754776699053e-05	5.10801033033449e-01	3.36314819261796e-03	-2.24866875884189e-05
5.17567999119256e-01	3.28464784855220e-03	-2.32331748064585e-05	5.24290660603178e-01	3.20442981359781e-03	-2.40173224541618e-05
5.30970379395555e-01	3.12237983403052e-03	-2.48417203703166e-05	5.37608519307123e-01	3.03837568645071e-03	-2.57090946917948e-05
5.44206447856560e-01	2.95228679593529e-03	-2.66225501923678e-05	5.50765538172324e-01	2.86397308210495e-03	-2.75853615305799e-05
5.57287171001944e-01	2.77328428670409e-03	-2.86011401515740e-05	5.63772736840569e-01	2.68005896456347e-03	-2.96738496714521e-05
5.70223638193753e-01	2.58412333326730e-03	-3.08078067334794e-05	5.76641291990840e-01	2.48529002996123e-03	-3.20077096040983e-05
5.83027132167160e-01	2.38335701718584e-03	-3.32788658181649e-05	5.89382612434982e-01	2.27810546481377e-03	-3.46268633855118e-05
5.95709209268340e-01	2.16929873481475e-03	-3.60580982172731e-05	6.02008425125386e-01	2.05668003946080e-03	-3.75795825360292e-05
6.08281791940540e-01	1.93997009908919e-03	-3.91989273529347e-05	6.14530874920092e-01	1.81886509293427e-03	-4.09247196599960e-05
6.20757276679098e-01	1.69303366438900e-03	-4.27665115338982e-05	6.26962641765542e-01	1.56211366174697e-03	-4.47349062218105e-05
6.33148661623022e-01	1.42570844832712e-03	-4.68416765173618e-05	6.39317080051282e-01	1.28338290899754e-03	-4.91000524422969e-05
6.45469699232861e-01	1.13465864028228e-03	-5.15249037691401e-05	6.51608386406080e-01	9.79008411140514e-04	-5.41329507623978e-05
6.57735081277414e-01	8.15849830613002e-04	-5.69430529628878e-05	6.63851804281978e-01	6.44538013611085e-04	-5.99765495479243e-05
6.69960665819895e-01	4.64357055966591e-04	-6.32576618266878e-05	6.76063876619250e-01	2.74510068872802e-04	-6.68139580966010e-05
6.82163759404070e-01	7.41075665742219e-05	-7.06769476794822e-05	6.88262762079367e-01	-1.37846209477321e-04	-7.48827792060869e-05
6.94363472686794e-01	-3.62469465042037e-04	-7.94730663886689e-05	7.00468636435248e-01	-6.01022012172159e-04	-8.44959079395746e-05
7.06581175173619e-01	-8.54928094083052e-04	-9.00071385068202e-05	7.12704209751214e-01	-1.12580371435822e-03	-9.60718718343578e-05
7.18841085809471e-01	-1.41548952585957e-03	-1.02766421692158e-04	7.24995403672345e-01	-1.72609070156537e-03	-1.10180663831283e-04
7.31171053160048e-01	-2.06002577378539e-03	-1.18420820734766e-04	7.37372254352548e-01	-2.42008581370778e-03	-1.27613452874265e-04
7.43603605587063e-01	-2.80950769738952e-03	-1.37910393985363e-04	7.49870140313318e-01	-3.23206508767548e-03	-1.49495169546432e-04
7.56177394873801e-01	-3.69218467455734e-03	-1.62589832381599e-04	7.62531489870296e-01	-4.19508977329197e-03	-1.77466171792373e-04
7.68939228557836e-01	-4.74698112981786e-03	-1.94462073008550e-04	7.75408216779288e-01	-5.35528328557633e-03	-2.13994281889951e-04
7.81947010458779e-01	-6.02894073362603e-03	-2.36592372500288e-04	7.88565298648628e-01	-6.77883886403907e-03	-2.62924224852190e-04
7.95274133126037e-01	-7.61833232709874e-03	-2.93854061344634e-04	8.02086219574687e-01	-8.56398551609183e-03	-3.30506512185025e-04
8.09016291571078e-01	-9.63657492091252e-03	-3.74368558153204e-04	8.16081597577647e-01	-1.08624876795659e-02	-4.27439317561840e-04
8.23302544945392e-01	-1.22757140027490e-02	-4.92451806953786e-04	8.30703566421971e-01	-1.39207250441598e-02	-5.73222919602268e-04
8.38314309023007e-01	-1.58567574026193e-02	-6.75198273329070e-04	8.46171301941274e-01	-1.81643168243631e-02	-8.06356846863920e-04
8.54320357044762e-01	-2.09553961057609e-02	-9.78727176400351e-04	8.62820127793334e-01	-2.43899989155961e-02	-1.21108352661592e-03
8.71747572317499e-01	-2.87040171462545e-02	-1.53387093394342e-03	8.81206693808419e-01	-3.42582590985575e-02	-1.99874392086241e-03
8.91343239843355e-01	-4.16293961376445e-02	-2.69784862925593e-03	9.02370985316491e-01	-5.17890642463760e-02	-3.80439328987836e-03
9.14622467273217e-01	-6.64832324567600e-02	-5.65566208728230e-03	9.28656928973974e-01	-8.91158590263272e-02	-8.85504714848517e-03
9.45520189409744e-01	-1.27178528082265e-01	-1.33903710610144e-02	9.67465347166040e-01	-1.99829382876449e-01	-4.82070399685930e-03
1.00000000000000e+00	0.00000000000000e+00	0.00000000000000e+00
97	1.93069772888325e+04	4.24857142857143e-01
0.00000000000000e+00	8.61167212755465e-03	-9.40114370906464e-06	1.53373155964990e-02	8.51023490753477e-03	-9.56676559638048e-06
3.04157865957369e-02	8.40996438656161e-03	-9.77397445334205e-06	4.52427546053268e-02	8.31074995584102e-03	-9.98797519891070e-06
5.98253081881498e-02	8.21253437285585e-03	-1.02090674181099e-05	7.41702941789705e-02	8.11526103431603e-03	-1.04375675074042e-05
8.82843286799250e-02	8.01887386571298e-03	-1.06738094294290e-05	1.02173807500817e-01	7.92331721281192e-03	-1.09181468104236e-05
1.15844916078984e-01	7.82853572952757e-03	-1.11709530936643e-05	1.29303638911231e-01	7.73447426734175e-03	-1.14326234224027e-05
1.42555768528186e-01	7.64107776322831e-03	-1.17035766011853e-05	1.55606914039530e-01	7.54829112454725e-03	-1.19842564920702e-05
1.68462509276738e-01	7.45605911066116e-03	-1.22751330673410e-05	1.81127820558368e-01	7.36432621635874e-03	-1.25767067404858e-05
1.93607954101367e-01	7.27303654027933e-03	-1.28895056203948e-05	2.05907863100579e-01	7.18213366804532e-03	-1.32140951303317e-05
2.18032354497215e-01	7.09156052739246e-03	-1.35510731165134e-05	2.29986095456078e-01	7.00125925701167e-03	-1.39010776438742e-05
2.41773619570091e-01	6.91117105664896e-03	-1.42647872420909e-05	2.53399332809823e-01	6.82123603592766e-03	-1.46429253551350e-05
2.64867519234789e-01	6.73139305664661e-03	-1.50362662645342e-05	2.76182346482470e-01	6.64157955210976e-03	-1.54456326943997e-05
2.87347871050394e-01	6.55173135416054e-03	-1.58719054590417e-05	2.98368043385823e-01	6.46178249926055e-03	-1.63160276513974e-05
3.09246712797138e-01	6.37166501975006e-03	-1.67790082399311e-05	3.19987632200510e-01	6.28130872654165e-03	-1.72619301039845e-05
3.30594462714970e-01	6.19064095709687e-03	-1.77659469431379e-05	3.41070778118747e-01	6.09958635458541e-03	-1.82923124338874e-05
3.51420069179221e-01	6.00806654216690e-03	-1.88423560423256e-05	3.61645747869082e-01	5.91599987289682e-03	-1.94175226171378e-05
3.71751151480557e-01	5.82330107533724e-03	-2.00193622923450e-05	3.81739546650069e-01	5.72988090927495e-03	-2.06495460508549e-05
3.91614133305341e-01	5.63564578203657e-03	-2.13098774382026e-05	4.01378048547232e-01	5.54049733157425e-03	-2.20023069423814e-05
4.11034370478721e-01	5.44433197847560e-03	-2.27289532881425e-05	4.20586121993740e-01	5.34704037093925e-03	-2.34920861816867e-05
4.30036274539204e-01	5.24850693053591e-03	-2.42942077384178e-05	4.39387751863386e-01	5.14860911868098e-03	-2.51379923958961e-05
4.48643433765633e-01	5.04721687801557e-03	-2.60263825002660e-05	4.57806159861763e-01	4.94419182491046e-03	-2.69625721178723e-05
4.66878733381700e-01	4.83938643707238e-03	-2.79500426778601e-05	4.75863925016294e-01	4.73264314778454e-03	-2.89926006946661e-05
4.84764476831831e-01	4.62379332416663e-03	-3.00944113813539e-05	4.93583106272358e-01	4.51265612872054e-03	-3.12600373684191e-05
5.02322510271791e-01	4.39903726927349e-03	-3.24944971377139e-05	5.10985369499858e-01	4.28272758639436e-03	-3.38033232907264e-05
5.19574352768614e-01	4.16350134631549e-03	-3.51925503372374e-05	5.28092121629569e-01	4.04111469717128e-03	-3.66689467485859e-05
5.36541335193583e-01	3.91530330657930e-03	-3.82398748932644e-05	5.44924655212502e-01	3.78578045492950e-03	-3.99136309641168e-05
5.53244751462642e-01	3.65223407565729e-03	-4.16993133696142e-05	5.61504307480000e-01	3.51432405903740e-03	-4.36071098928181e-05
5.69706026699982e-01	3.37167883470935e-03	-4.56484036481797e-05	5.77852639064856e-01	3.22389148242852e-03	-4.78359084195024e-05
5.85946908170619e-01	3.07051535746883e-03	-5.01838825697210e-05	5.93991639035935e-01	2.91105904089450e-03	-5.27083673331763e-05
6.01989686589230e-01	2.74498050165617e-03	-5.54274595321314e-05	6.09943964985888e-01	2.57168033276201e-03	-5.83616302631818e-05
6.17857457886507e-01	2.39049389453361e-03	-6.15341039018613e-05	6.25733229850089e-01	2.20068215891667e-03	-6.49713136180452e-05
6.33574439023840e-01	2.00142100222633e-03	-6.87034534765374e-05	6.41384351345031e-01	1.79178863377416e-03	-7.27651513650063e-05
6.49166356511766e-01	1.57075076638735e-03	-7.71962887204936e-05	6.56923986030306e-01	1.33714288343012e-03	-8.20428982064580e-05
6.64660933709910e-01	1.08964916159948e-03	-8.73582958154095e-05	6.72381079053906e-01	8.26777705157600e-04	-9.32047862698404e-05
6.80088514092368e-01	5.46830197258652e-04	-9.96554131840188e-05	6.87787574327414e-01	2.47864715298141e-04	-1.06795848293428e-04
6.95482874618512e-01	-7.23482880631288e-05	-1.14727613645726e-04	7.03179351030904e-01	-4.16380377692316e-04	-1.23571854492299e-04
7.10882309931412e-01	-7.87213449613966e-04	-1.33473357633473e-04	7.18597485952707e-01	-1.18832340237895e-03	-1.44606572663797e-04
7.26331110880586e-01	-1.62378436073607e-03	-1.57183830869823e-04	7.34089996101060e-01	-2.09840210564793e-03	-1.71464944296318e-04
7.41881632028075e-01	-2.61788372392846e-03	-1.87770269569398e-04	7.49714308982115e-01	-3.18905492604338e-03	-2.06498990576565e-04
7.57597265432966e-01	-3.82014354099969e-03	-2.28153476953263e-04	7.65540871531563e-01	-4.52115315310264e-03	-2.53372551706210e-04
7.73556858686532e-01	-5.30436074757545e-03	-2.82978349450014e-04	7.81658609994772e-01	-6.18498930276778e-03	-3.18043010355096e-04
7.89861532249653e-01	-7.18213017062719e-03	-3.59985755875813e-04	7.98183539039300e-01	-8.32003321110630e-03	-4.10714512837140e-04
8.06645687807742e-01	-9.62993746591334e-03	-4.72842831456433e-04	8.15273034505662e-01	-1.11527298667964e-02	-5.50025999913828e-04
8.24095802653381e-01	-1.29428999377307e-02	-6.47496025510730e-04	8.33151018309871e-01	-1.50745758577397e-02	-7.72945164541072e-04
8.42484855644438e-01	-1.76510211434708e-02	-9.38040700884768e-04	8.52156103182595e-01	-2.08200998241065e-02	-1.16114150290714e-03
8.62241468068021e-01	-2.48005476456493e-02	-1.47239022151835e-03	8.72844038724007e-01	-2.99286844927127e-02	-1.92391062352115e-03
8.84107488582873e-01	-3.67464200704981e-02	-2.61160889346401e-03	8.96241464485218e-01	-4.61786490230988e-02	-3.72577837453125e-03
9.09570754132821e-01	-5.99221301764433e-02	-5.67913714739698e-03	9.24641076711859e-01	-8.13971859607995e-02	-9.44779692645015e-03
9.42481773358771e-01	-1.18575211427939e-01	-1.71670640099175e-02	9.65401765467135e-01	-2.00083401384303e-01	-2.02488948257624e-02
1.00000000000000e+00	0.00000000000000e+00	0.00000000000000e+00
72	1.93069772888325e+04	4.95500000000000e-01
0.00000000000000e+00	1.15815890531230e-02	-1.69606987154847e-05	2.08600185416029e-02	1.13987311902066e-02	-1.74282293314842e-05
4.12498436377410e-02	1.12185709749750e-02	-1.79425372637265e-05	6.11872572103301e-02	1.10408826421711e-02	-1.84799118971846e-05
8.06892279362927e-02	1.08654808868545e-02	-1.90417515522068e-05	9.97719603851032e-02	1.06921827005155e-02	-1.96295626497811e-05
1.18450941097124e-01	1.05208067174916e-02	-2.02449684409967e-05	1.36740981615523e-01	1.03511725607042e-02	-2.08897218969550e-05
1.54656258724313e-01	1.01831001709944e-02	-2.15657162123684e-05	1.72210352123613e-01	1.00164091264787e-02	-2.22750007328187e-05
1.89416279753890e-01	9.85091793270998e-03	-2.30197940351839e-05	2.06286530963877e-01	9.68644329237867e-03	-2.38025039525080e-05
2.22833097701410e-01	9.52279933198286e-03	-2.46257448870413e-05	2.39067503892900e-01	9.35979678990861e-03	-2.54923603231205e-05
2.55000833164936e-01	9.19724215248929e-03	-2.64054477070452e-05	2.70643755050876e-01	9.03493672479461e-03	-2.73683836564675e-05
2.86006549815857e-01	8.87267564388527e-03	-2.83848614601734e-05	3.01099132025367e-01	8.71024678397436e-03	-2.94589170906079e-05
3.15931072975676e-01	8.54742959292909e-03	-3.05949777599235e-05	3.30511622098188e-01	8.38399378981047e-03	-3.17978992199208e-05
3.44849727445111e-01	8.21969796346056e-03	-3.30730291062675e-05	3.58954055359739e-01	8.05428798127195e-03	-3.44262530660444e-05
3.72833009432094e-01	7.88749525624799e-03	-3.58640703193025e-05	3.86494748838628e-01	7.71903479251201e-03	-3.73936671811403e-05
3.99947206164236e-01	7.54860302233307e-03	-3.90230190310259e-05	4.13198104805153e-01	7.37587531281969e-03	-4.07609698853673e-05
4.26254976053502e-01	7.20050322826626e-03	-4.26173749126235e-05	4.39125175966882e-01	7.02211137486342e-03	-4.46032326513190e-05
4.51815902131715e-01	6.84029381049522e-03	-4.67308396585597e-05	4.64334210435479e-01	6.65460996976108e-03	-4.90139880937601e-05
4.76687031971586e-01	6.46457998136585e-03	-5.14681907146652e-05	4.88881190211959e-01	6.26967927269129e-03	-5.41109418596974e-05
5.00923418596491e-01	6.06933232542617e-03	-5.69620191177567e-05	5.12820378706203e-01	5.86290546763690e-03	-6.00438639195566e-05
5.24578679208687e-01	5.64969843983287e-03	-6.33820093900450e-05	5.36204895791781e-01	5.42893461178751e-03	-6.70056441833822e-05
5.47705592334514e-01	5.19974931977596e-03	-7.09481787495303e-05	5.59087343606862e-01	4.96117637942906e-03	-7.52481072878730e-05
5.70356759839729e-01	4.71213175598972e-03	-7.99498311394586e-05	5.81520513572842e-01	4.45139449930010e-03	-8.51049179688701e-05
5.92585369265846e-01	4.17758359834508e-03	-9.07734402204596e-05	6.03558216260774e-01	3.88913027513693e-03	-9.70257352164161e-05
6.14446105809495e-01	3.58424442370198e-03	-1.03944587420468e-04	6.25256293041587e-01	3.26087374337392e-03	-1.11627976951079e-04
6.35996284954229e-01	2.91665362643023e-03	-1.20192550033149e-04	6.46673895771762e-01	2.54884508131914e-03	-1.29777905513828e-04
6.57297311368816e-01	2.15425815194403e-03	-1.40552520547788e-04	6.67875164901214e-01	1.72915526237660e-03	-1.52721003861211e-04
6.78416626392589e-01	1.26912900612175e-03	-1.66533602906638e-04	6.88931509825293e-01	7.68947489277805e-04	-1.82299650264950e-04
6.99430402365092e-01	2.22352590125929e-04	-2.00403957671513e-04	7.09924821847535e-01	-3.78199265456902e-04	-2.21331465848129e-04
7.20427410698690e-01	-1.04188294755914e-03	-2.45698345578305e-04	7.30952177392476e-01	-1.77996101872324e-03	-2.74299027987368e-04
7.41514800676754e-01	-2.60640733808370e-03	-3.08169147409387e-04	7.52133017889494e-01	-3.53875709396445e-03	-3.48681665946815e-04
7.62827127639933e-01	-4.59930201984515e-03	-3.97684600418557e-04	7.73620650812227e-01	-5.81678791809426e-03	-4.57713712586960e-04
7.84541215014562e-01	-7.22888685977308e-03	-5.32322680126152e-04	7.95621761461047e-01	-8.88588314585603e-03	-6.26612714572428e-04
8.06902228986833e-01	-1.08563167824592e-02	-7.48114586547777e-04	8.18431964856155e-01	-1.32359088900579e-02	-9.08309305739596e-04
8.30273280596881e-01	-1.61621742405691e-02	-1.12539106540965e-03	8.42506884556203e-01	-1.98394165625753e-02	-1.42954121726158e-03
8.55240539548330e-01	-2.45836263161031e-02	-1.87372353610971e-03	8.68623590518910e-01	-3.09081725701357e-02	-2.55760090004920e-03
8.82872968222049e-01	-3.96996639585057e-02	-3.68624268763607e-03	8.98323777073220e-01	-5.26129483218782e-02	-5.73409441104245e-03
9.15539352426629e-01	-7.30642310763534e-02	-9.98573136512149e-03	9.35591835911057e-01	-1.09160094752344e-01	-2.06631426582959e-02
9.60974093745410e-01	-1.91856805564306e-01	-4.52702636877531e-02	1.00000000000000e+00	0.00000000000000e+00	0.00000000000000e+00
81	1.93069772888325e+04	5.66142857142857e-01
0.00000000000000e+00	1.02223713712668e-02	-1.31278029136261e-05	1.86949892923788e-02	1.00799888028655e-02	-1.34362331383198e-05
3.70168507096530e-02	9.93949128826044e-03	-1.37849098844622e-05	5.49780781501643e-02	9.80072363202678e-03	-1.41473193111530e-05
7.25906581655684e-02	9.66357308836852e-03	-1.45241910833871e-05	8.98660970565234e-02	9.52792825942206e-03	-1.49163050158219e-05
1.06815446585666e-01	9.39367878459363e-03	-1.53244930241048e-05	1.23449328172355e-01	9.26071503358417e-03	-1.57496447308336e-05
1.39777955680990e-01	9.12892779535479e-03	-1.61927129502804e-05	1.55811156906192e-01	8.99820795837414e-03	-1.66547174147436e-05
1.71558393850385e-01	8.86844618666416e-03	-1.71367510528597e-05	1.87028781882283e-01	8.73953258934534e-03	-1.76399887465983e-05
2.02231107858416e-01	8.61135636738131e-03	-1.81656898179394e-05	2.17173847284171e-01	8.48380546092220e-03	-1.87152108088728e-05
2.31865180585495e-01	8.35676616713377e-03	-1.92900112387928e-05	2.46313008557882e-01	8.23012274273638e-03	-1.98916634155388e-05
2.60524967054991e-01	8.10375698539656e-03	-2.05218647799654e-05	2.74508440975476e-01	7.97754778328907e-03	-2.11824484679379e-05
2.88270577603342e-01	7.85137063689523e-03	-2.18753973963981e-05	3.01818299354125e-01	7.72509714236280e-03	-2.26028581693516e-05
3.15158315976667e-01	7.59859443705180e-03	-2.33671586298279e-05	3.28297136258004e-01	7.47172459433765e-03	-2.41708247159522e-05
3.41241079277065e-01	7.34434397362982e-03	-2.50166047957023e-05	3.53996285251281e-01	7.21630250234528e-03	-2.59074916815205e-05
3.66568726019107e-01	7.08744287807095e-03	-2.68467405770689e-05	3.78964215200649e-01	6.95759973962806e-03	-2.78379203446644e-05
3.91188418077836e-01	6.82659867130830e-03	-2.88849192964236e-05	4.03246861236026e-01	6.69425518308375e-03	-2.99920049773306e-05
4.15144942008580e-01	6.56037352944328e-03	-3.11638603585074e-05	4.26887937767150e-01	6.42474540315319e-03	-3.24056311038490e-05
4.38481015101433e-01	6.28714847054912e-03	-3.37229760203339e-05	4.49929238933864e-01	6.14734478620393e-03	-3.51221603680507e-05
4.61237581616839e-01	6.00507888823265e-03	-3.66100833346650e-05	4.72410932063604e-01	5.86007579575432e-03	-3.81944027880721e-05
4.83454104966783e-01	5.71203865176884e-03	-3.98836180988127e-05	4.94371850163880e-01	5.56064607462825e-03	-4.16871813675446e-05
5.05168862214349e-01	5.40554916785529e-03	-4.36156401659726e-05	5.15849790259673e-01	5.24636806733669e-03	-4.56807761535227e-05
5.26419248246383e-01	5.08268801291822e-03	-4.78957815190917e-05	5.36881825601763e-01	4.91405492595476e-03	-5.02755217799411e-05
5.47242098463780e-01	4.73997008283344e-03	-5.28366932524005e-05	5.57504641582481e-01	4.55988423177378e-03	-5.55981872756295e-05
5.67674041026058e-01	4.37319062544583e-03	-5.85814274829399e-05	5.77754907847433e-01	4.17921688777834e-03	-6.18107575900417e-05
5.87751892892817e-01	3.97721558061481e-03	-6.53139529742663e-05	5.97669702965013e-01	3.76635310217965e-03	-6.91228149893863e-05
6.07513118593281e-01	3.54569660359583e-03	-7.32738893511886e-05	6.17287013709042e-01	3.31419853004289e-03	-7.78093585849238e-05
6.26996377585425e-01	3.07067821267459e-03	-8.27781187162646e-05	6.36646339471798e-01	2.81379964185580e-03	-8.82369576906683e-05
6.46242196446347e-01	2.54204541700953e-03	-9.42524492588692e-05	6.55789445121676e-01	2.25368438065932e-03	-1.00902723217500e-04
6.65293817988041e-01	1.94673287715985e-03	-1.08280090482360e-04	6.74761325359607e-01	1.61890728099490e-03	-1.16494306775072e-04
6.84198304128449e-01	1.26756528530203e-03	-1.25676567959587e-04	6.93611474839231e-01	8.89633068048346e-04	-1.35984646669085e-04
7.03008008999032e-01	4.81515097386032e-04	-1.47610123799158e-04	7.12395609064528e-01	3.89782582381759e-05	-1.60786404058699e-04
7.21782604264719e-01	-4.42992252504659e-04	-1.75801527794173e-04	7.31178066355259e-01	-9.70381355927308e-04	-1.93013050878266e-04
7.40591950718829e-01	-1.55038678296771e-03	-2.12869484899514e-04	7.50035270010046e-01	-2.19173666805816e-03	-2.35940405219459e-04
7.59520310064560e-01	-2.90511605301769e-03	-2.62955487174921e-04	7.69060901396777e-01	-3.70373398900659e-03	-2.94864988768850e-04
7.78672764776120e-01	-4.60410869104311e-03	-3.32920582349905e-04	7.88373957092401e-01	-5.62714984736901e-03	-3.78801019957242e-04
7.98185455238461e-01	-6.79969785958023e-03	-4.34797249372787e-04	8.08131933625052e-01	-8.15674771917052e-03	-5.04099976687877e-04
8.18242819188839e-01	-9.74473896543104e-03	-5.91258248294757e-04	8.28553753857189e-01	-1.16265549752399e-02	-7.02933575958964e-04
8.39108672209336e-01	-1.38893470933695e-02	-8.49191568526031e-04	8.49962838430265e-01	-1.66572261872132e-02	-1.04580486769956e-03
8.61187436822538e-01	-2.01126760946422e-02	-1.31859909512011e-03	8.72876793909597e-01	-2.45344706114395e-02	-1.71217097320686e-03
8.85160307444276e-01	-3.03687627729292e-02	-2.30877254797912e-03	8.98223379335882e-01	-3.83718920327860e-02	-3.27334763267384e-03
9.12347104899604e-01	-4.99227699294335e-02	-4.97482015541051e-03	9.27991665520563e-01	-6.77826367442536e-02	-8.36823664943220e-03
9.45998552049799e-01	-9.82215458763408e-02	-1.64443906753298e-02	9.68198377421411e-01	-1.61494539157144e-01	-3.70549158992886e-02
1.00000000000000e+00	0.00000000000000e+00	0.00000000000000e+00
83	1.93069772888325e+04	6.36785714285714e-01
0.00000000000000e+00	9.91733704875863e-03	-1.22675619700363e-05	1.83916690944591e-02	9.78354930881586e-03	-1.25449532415445e-05
3.64269546989211e-02	9.65148963183560e-03	-1.28607640372813e-05	5.41174347525921e-02	9.52101647040515e-03	-1.31886420582372e-05
7.14742305611828e-02	9.39203011512313e-03	-1.35292090486239e-05	8.85080304482470e-02	9.26443203664107e-03	-1.38831281826235e-05
1.05229112264171e-01	9.13812462845542e-03	-1.42511063685458e-05	1.21647364602718e-01	9.01301094930362e-03	-1.46338972242255e-05
1.37772306817584e-01	8.88899446649560e-03	-1.50323065470914e-05	1.53613107924537e-01	8.76597878956242e-03	-1.54471944806556e-05
1.69178604468468e-01	8.64386740545742e-03	-1.58794826763398e-05	1.84477317428981e-01	8.52256339753898e-03	-1.63301562117191e-05
1.99517468233024e-01	8.40196916546754e-03	-1.68002724325600e-05	2.14306993938311e-01	8.28198612582676e-03	-1.72909651301456e-05
2.28853561647138e-01	8.16251440396454e-03	-1.78034521609582e-05	2.43164582206276e-01	8.04345250774618e-03	-1.83390421399920e-05
2.57247223245235e-01	7.92469698576004e-03	-1.88991434819652e-05	2.71108421602012e-01	7.80614206581220e-03	-1.94852750123875e-05
2.84754895182709e-01	7.68767926103298e-03	-2.00990721410665e-05	2.98193154298941e-01	7.56919696406544e-03	-2.07423039164656e-05
3.11429512524685e-01	7.45057999178855e-03	-2.14168796293102e-05	3.24470097112469e-01	7.33170911336400e-03	-2.21248686920195e-05
3.37320859006999e-01	7.21246052291846e-03	-2.28685124246120e-05	3.49987582493134e-01	7.09270527994010e-03	-2.36502460795318e-05
3.62475894513865e-01	6.97230867432341e-03	-2.44727078719809e-05	3.74791273693312e-01	6.85112957968670e-03	-2.53387801816274e-05
3.86939059098883e-01	6.72901968265105e-03	-2.62515968130206e-05	3.98924458776886e-01	6.60582267792087e-03	-2.72145797397538e-05
4.10752558095505e-01	6.48137336104360e-03	-2.82314689292740e-05	4.22428327929599e-01	6.35549662742196e-03	-2.93063589043019e-05
4.33956632722381e-01	6.22800637564991e-03	-3.04437501561505e-05	4.45342238460002e-01	6.09870422199754e-03	-3.16485668636624e-05
4.56589820596815e-01	5.96737817175308e-03	-3.29262466916003e-05	4.67703971970394e-01	5.83380103313957e-03	-3.42827802830570e-05
4.78689210748495e-01	5.69772867591323e-03	-3.57247831526131e-05	4.89549988452731e-01	5.55889807004117e-03	-3.72595787658803e-05
5.00290698107574e-01	5.41702507474007e-03	-3.88952975565182e-05	5.10915682567784e-01	5.27180191898435e-03	-4.06409821838150e-05
5.21429243082917e-01	5.12289429342028e-03	-4.25066808322772e-05	5.31835648164250e-01	4.96993820481517e-03	-4.45036655167819e-05
5.42139142826638e-01	4.81253612684052e-03	-4.66445222764289e-05	5.52343958288699e-01	4.65025278106457e-03	-4.89433851944554e-05
5.62454322224699e-01	4.48261024009322e-03	-5.14161837323890e-05	5.72474469675950e-01	4.30908220940873e-03	-5.40808929065939e-05
5.82408654746111e-01	4.12908745827001e-03	-5.69578671827387e-05	5.92261163224409e-01	3.94198217611952e-03	-6.00702352959726e-05
6.02036326305110e-01	3.74705105238071e-03	-6.34443744051971e-05	6.11738535600958e-01	3.54349670364806e-03	-6.71104033480585e-05
6.21372259684611e-01	3.33042747862433e-03	-7.11029429549814e-05	6.30942062435001e-01	3.10684290772500e-03	-7.54619504681475e-05
6.40452623520904e-01	2.87161604614039e-03	-8.02334934990601e-05	6.49908761422163e-01	2.62347341784785e-03	-8.54713744899982e-05
6.59315459468655e-01	2.36096948997311e-03	-9.12381691624553e-05	6.68677895489444e-01	2.08245732361223e-03	-9.76074821850137e-05
6.78001475789210e-01	1.78605207886062e-03	-1.04666184128854e-04	6.87291874344155e-01	1.46958630570504e-03	-1.12517143694868e-04
6.96555078324311e-01	1.13055591425937e-03	-1.21283322973564e-04	7.05797441325424e-01	7.66052453897714e-04	-1.31112470210137e-04
7.15025746062587e-01	3.72678741979993e-04	-1.42183269510099e-04	7.24247278754650e-01	-5.35571855311279e-05	-1.54713422430675e-04
7.33469918065209e-01	-5.17376260100955e-04	-1.68970565672888e-04	7.42702242320370e-01	-1.02440070649312e-03	-1.85286546492858e-04
7.51953659888440e-01	-1.58137697403216e-03	-2.04076778860474e-04	7.61234569206506e-01	-2.19646807675911e-03	-2.25866370494598e-04
7.70556557176350e-01	-2.87963943881708e-03	-2.51327419982017e-04	7.79932647815570e-01	-3.64317715183970e-03	-2.81331528227957e-04
7.89377617621765e-01	-4.50239779358741e-03	-3.17022811654022e-04	7.98908400826242e-01	-5.47662286230888e-03	-3.59930794314511e-04
8.08544617730436e-01	-6.59056423915849e-03	-4.12131763060319e-04	8.18309274778239e-01	-7.87630430227249e-03	-4.76505903169278e-04
8.28229709175396e-01	-9.37622048348175e-03	-5.57136553405613e-04	8.38338890118147e-01	-1.11473947036606e-02	-6.59966814907431e-04
8.48677254165205e-01	-1.32684672069997e-02	-7.93913962735315e-04	8.59295365982777e-01	-1.58506609284429e-02	-9.72841075493003e-04
8.70257901766846e-01	-1.90562149104307e-02	-1.21923669496060e-03	8.81649845717361e-01	-2.31306777134135e-02	-1.57150981842791e-03
8.93586587097078e-01	-2.84626892292691e-02	-2.09958878106686e-03	9.06231346846378e-01	-3.57023204363638e-02	-2.94155355989401e-03
9.19827537733829e-01	-4.60153748445967e-02	-4.40070475550236e-03	9.34764945220464e-01	-6.16881222937568e-02	-7.24752410627683e-03
9.51734450669050e-01	-8.77553076155456e-02	-1.38863767300550e-02	9.72169519375548e-01	-1.39018312661246e-01	-3.22859763663625e-02
1.00000000000000e+00	0.00000000000000e+00	0.00000000000000e+00
79	1.93069772888325e+04	7.07428571428571e-01
0.00000000000000e+00	1.03665869677210e-02	-1.32938613182088e-05	1.94743591756336e-02	1.02207893240509e-02	-1.36145230520412e-05
3.85546609428515e-02	1.00769525590014e-02	-1.39736359394682e-05	5.72542580499837e-02	9.93491929763746e-03	-1.43471421052421e-05
7.55859540133079e-02	9.79457110750093e-03	-1.47358206303849e-05	9.35620328397418e-02	9.65579098640523e-03	-1.51405043420372e-05
1.11194287175051e-01	9.51846302974957e-03	-1.55620841755244e-05	1.28494044769853e-01	9.38247209479348e-03	-1.60015131003277e-05
1.45472193388847e-01	9.24770346500470e-03	-1.64598130139026e-05	1.62139204278947e-01	9.11404250531245e-03	-1.69380801868790e-05
1.78505154303272e-01	8.98137430718693e-03	-1.74374901789065e-05	1.94579746839993e-01	8.84958333012853e-03	-1.79593080567031e-05
2.10372331537815e-01	8.71855302089486e-03	-1.85048937837440e-05	2.25891923013481e-01	8.58816542356466e-03	-1.90757130695829e-05
2.41147218570749e-01	8.45830076328657e-03	-1.96733448645237e-05	2.56146615015140e-01	8.32883701462994e-03	-2.02994947349211e-05
2.70898224633959e-01	8.19964943783114e-03	-2.09560060329128e-05	2.85409890406955e-01	8.07061008273680e-03	-2.16448716139350e-05
2.99689200509255e-01	7.94158726732097e-03	-2.23682535520631e-05	3.13743502164874e-01	7.81244500093226e-03	-2.31284954947952e-05
3.27579914906350e-01	7.68304236932438e-03	-2.39281424840865e-05	3.41205343293557e-01	7.55323287201248e-03	-2.47699666995338e-05
3.54626489142684e-01	7.42286367775535e-03	-2.56569826129205e-05	3.67849863314881e-01	7.29177484246413e-03	-2.65924854716548e-05
3.80881797112605e-01	7.15979841297298e-03	-2.75800712261631e-05	3.93728453331147e-01	7.02675746480041e-03	-2.86236761575243e-05
4.06395837012180e-01	6.89246502811902e-03	-2.97276159526572e-05	4.18889805946337e-01	6.75672290229978e-03	-3.08966347022377e-05
4.31216080972260e-01	6.61932030621148e-03	-3.21359421162626e-05	4.43380256120772e-01	6.48003241567041e-03	-3.34512855013624e-05
4.55387808654096e-01	6.33861869311025e-03	-3.48490121278022e-05	4.67244109052562e-01	6.19482101498359e-03	-3.63361444153387e-05
4.78954431004088e-01	6.04836156883093e-03	-3.79204722549265e-05	4.90523961455420e-01	5.89894043366068e-03	-3.96106334921154e-05
5.01957810789090e-01	5.74623295519827e-03	-4.14162850161937e-05	5.13261023195200e-01	5.58988655088677e-03	-4.33481673633995e-05
5.24438587315511e-01	5.42951728472385e-03	-4.54183250435669e-05	5.35495447244463e-01	5.26470579658000e-03	-4.76402684956856e-05
5.46436513983521e-01	5.09499266772839e-03	-5.00291935510155e-05	5.57266677457393e-01	4.91987309080666e-03	-5.26022500519918e-05
5.67990819216187e-01	4.73879069400240e-03	-5.53788555748280e-05	5.78613825966349e-01	4.55113027032361e-03	-5.83810063521373e-05
5.89140604096359e-01	4.35620958950733e-03	-6.16338386754123e-05	5.99576095389503e-01	4.15326931587545e-03	-6.51659788857284e-05
6.09925294152525e-01	3.94146177947441e-03	-6.90103767970740e-05	6.20193266026970e-01	3.71983704436363e-03	-7.32048752705161e-05
6.30385168805282e-01	3.48732694000464e-03	-7.77932759294941e-05	6.40506275633461e-01	3.24272573138029e-03	-8.28264534009637e-05
6.50562001063595e-01	2.98466697600053e-03	-8.83637468542808e-05	6.60557930517770e-01	2.71159568470170e-03	-9.44747214208785e-05
6.70499853849569e-01	2.42173455989070e-03	-1.01241358556159e-04	6.80393803848078e-01	2.11304281813174e-03	-1.08760813611886e-04
6.90246100731970e-01	1.78316564369596e-03	-1.17148918855614e-04	7.00063403942569e-01	1.42937169665669e-03	-1.26544665239869e-04
7.09852772884629e-01	1.04847514043738e-03	-1.37115902631324e-04	7.19621738709992e-01	6.36737936552612e-04	-1.49066909204576e-04
7.29378389829440e-01	1.89746115982103e-04	-1.62648380177322e-04	7.39131474630429e-01	-2.97748609369375e-04	-1.78170603671868e-04
7.48890525952549e-01	-8.32033627765738e-04	-1.96021093885390e-04	7.58666013346111e-01	-1.42070240240955e-03	-2.16688996508507e-04
7.68469531187468e-01	-2.07300721043402e-03	-2.40799007122039e-04	7.78314033620874e-01	-2.80033215239150e-03	-2.69158740742625e-04
7.88214131456218e-01	-3.61683551900516e-03	-3.02826890243857e-04	7.98186472226957e-01	-4.54033652097130e-03	-3.43212998666242e-04
8.08250233676312e-01	-5.59356145701106e-03	-3.92226600561818e-04	8.18427774760376e-01	-6.80593018432818e-03	-4.52505662261737e-04
8.28745509861272e-01	-8.21617310181288e-03	-5.27777592900902e-04	8.39235106630397e-01	-9.87626828625965e-03	-6.23444288956554e-04
8.49935165542959e-01	-1.18575272434922e-02	-7.47573452750228e-04	8.60893638463541e-01	-1.42603334857915e-02	-9.12641321584085e-04
8.72171421811305e-01	-1.72303251474529e-02	-1.13876741775809e-03	8.83847896434282e-01	-2.09865504225771e-02	-1.46008597423641e-03
8.96029860676461e-01	-2.58731829230976e-02	-1.93827392889778e-03	9.08866755768870e-01	-3.24609694293486e-02	-2.69409847758317e-03
9.22578507466248e-01	-4.17629185810333e-02	-3.99053072820088e-03	9.37511377323170e-01	-5.57404405771472e-02	-6.49112622829495e-03
9.54265307011427e-01	-7.86343645554460e-02	-1.22800047036973e-02	9.74045304673347e-01	-1.22330408070790e-01	-2.90634594078871e-02
1.00000000000000e+00	0.00000000000000e+00	0.00000000000000e+00
73	1.93069772888325e+04	7.78071428571429e-01
0.00000000000000e+00	1.11654293180554e-02	-1.52757791163083e-05	2.12335976921075e-02	1.09968524713864e-02	-1.56822588894823e-05
4.20052717800716e-02	1.08307036993038e-02	-1.61292297440330e-05	6.23318253293043e-02	1.06667890430283e-02	-1.65955893665082e-05
8.22293198873439e-02	1.05049502745276e-02	-1.70824759604393e-05	1.01713118626985e-01	1.03450311365736e-02	-1.75911118847072e-05
1.20797926909488e-01	1.01868768276110e-02	-1.81228123485866e-05	1.39497830256032e-01	1.00303334794534e-02	-1.86789927736353e-05
1.57826329934490e-01	9.87524763175895e-03	-1.92611799563203e-05	1.75796376351504e-01	9.72146568889887e-03	-1.98710205656649e-05
1.93420400424564e-01	9.56883336540115e-03	-2.05102938506396e-05	2.10710343094975e-01	9.41719510999395e-03	-2.11809252843587e-05
2.27677683130304e-01	9.26639350010205e-03	-2.18849993889325e-05	2.44333463353890e-01	9.11626860984516e-03	-2.26247773786881e-05
2.60688315429101e-01	8.96665733734303e-03	-2.34027146897020e-05	2.76752483317310e-01	8.81739268951875e-03	-2.42214818262365e-05
2.92535845520780e-01	8.66830301169608e-03	-2.50839855746587e-05	3.08047936214856e-01	8.51921116731469e-03	-2.59933996509254e-05
3.23297965367860e-01	8.36993362697847e-03	-2.69531855570104e-05	3.38294837942149e-01	8.22027950399673e-03	-2.79671345038146e-05
3.53047172265251e-01	8.07004947679335e-03	-2.90394011188688e-05	3.67563317656740e-01	7.91903460048293e-03	-3.01745402735420e-05
3.81851371393711e-01	7.76701502586752e-03	-3.13775696598739e-05	3.95919195095618e-01	7.61375852981527e-03	-3.26540104329531e-05
4.09774430608483e-01	7.45901891554168e-03	-3.40099581694897e-05	4.23424515467863e-01	7.30253420744953e-03	-3.54521540588681e-05
4.36876698020821e-01	7.14402463734731e-03	-3.69880750712426e-05	4.50138052288672e-01	6.98319034182426e-03	-3.86260166862495e-05
4.63215492655197e-01	6.81970880247551e-03	-4.03752172077887e-05	4.76115788468682e-01	6.65323191939193e-03	-4.22459882061244e-05
4.88845578651743e-01	6.48338266551907e-03	-4.42498586139539e-05	5.01411386419878e-01	6.30975127809497e-03	-4.63997534021487e-05
5.13819634218500e-01	6.13189091739508e-03	-4.87102209356660e-05	5.26076658999252e-01	5.94931259302323e-03	-5.11976521582191e-05
5.38188727970720e-01	5.76147936750271e-03	-5.38805835219591e-05	5.50162054975171e-01	5.56779962618204e-03	-5.67800529325257e-05
5.62002817664298e-01	5.36761921008178e-03	-5.99200058444271e-05	5.73717175672859e-01	5.16021219587293e-03	-6.33277697952295e-05
5.85311290021027e-01	4.94477017071770e-03	-6.70346935285338e-05	5.96791344015002e-01	4.72038945701780e-03	-7.10768407847784e-05
6.08163565964853e-01	4.48605603077978e-03	-7.54958749262791e-05	6.19434254098217e-01	4.24062751648036e-03	-8.03401150746286e-05
6.30609804124024e-01	3.98281176018478e-03	-8.56659221577516e-05	6.41696739993978e-01	3.71114083404245e-03	-9.15392845544094e-05
6.52701748529441e-01	3.42393969881472e-03	-9.80378887673883e-05	6.63631718730974e-01	3.11928799392813e-03	-1.05253700502406e-04
6.74493786780802e-01	2.79497317799904e-03	-1.13296231145421e-04	6.85295387996293e-01	2.44843269294992e-03	-1.22296727598004e-04
6.96044317314230e-01	2.07668201555355e-03	-1.32413572337509e-04	7.06748800307237e-01	1.67622419022795e-03	-1.43839149492342e-04
7.17417577292192e-01	1.24293592371894e-03	-1.56809218547771e-04	7.28060003833177e-01	7.71921987858581e-04	-1.71615246757018e-04
7.38686171951072e-01	2.57326597097984e-04	-1.88620421025743e-04	7.49307057733594e-01	-3.07910667813216e-04	-2.08282698619833e-04
7.59934702944077e-01	-9.32378286457425e-04	-2.31185706508930e-04	7.70582440930140e-01	-1.62662533462687e-03	-2.58081982744018e-04
7.81265180984044e-01	-2.40374545612798e-03	-2.89956443465078e-04	7.91999770908340e-01	-3.28018394134288e-03	-3.28117003329131e-04
8.02805465888679e-01	-4.27686766244462e-03	-3.74330494081754e-04	8.13704544412150e-01	-5.42081880913203e-03	-4.31031042159358e-04
8.24723131638532e-01	-6.74751391918227e-03	-5.01646233449060e-04	8.35892322085641e-01	-8.30441572161555e-03	-5.91126601598768e-04
8.47249745348708e-01	-1.01564172247318e-02	-7.06834076994456e-04	8.58841807252391e-01	-1.23945030080915e-02	-8.60104044315468e-04
8.70726996812588e-01	-1.51500810226883e-02	-1.06911987355662e-03	8.82980945046053e-01	-1.86197573791304e-02	-1.36455208985820e-03
8.95704507771718e-01	-2.31105542495980e-02	-1.80144086233147e-03	9.09037391926122e-01	-2.91278910593238e-02	-2.48673185462245e-03
9.23182742679246e-01	-3.75609595510853e-02	-3.65126235830315e-03	9.38455647384899e-01	-5.01128032433640e-02	-5.87219098893588e-03
9.55391344972178e-01	-7.04124966109130e-02	-1.09516805109418e-02	9.75035059621256e-01	-1.08414824519901e-01	-2.56605208193803e-02
1.00000000000000e+00	0.00000000000000e+00	0.00000000000000e+00
65	1.93069772888325e+04	8.48714285714286e-01
0.00000000000000e+00	1.24871517670491e-02	-1.89065700197943e-05	2.40201626509838e-02	1.22771566528344e-02	-1.94827977226808e-05
4.74576832090371e-02	1.20705192523671e-02	-2.01067494591811e-05	7.03361492875611e-02	1.18669616332889e-02	-2.07611867715229e-05
9.26779916835631e-02	1.16662386832020e-02	-2.14481292153401e-05	1.14504559319700e-01	1.14681084531310e-02	-2.21697663567166e-05
1.35836189011227e-01	1.12723311527718e-02	-2.29284758641590e-05	1.56692270307013e-01	1.10786681306139e-02	-2.37268417451197e-05
1.77091305841450e-01	1.08868808374742e-02	-2.45676782804072e-05	1.97050967594460e-01	1.06967297524809e-02	-2.54540532329539e-05
2.16588149421775e-01	1.05079732688342e-02	-2.63893161440709e-05	2.35719016186596e-01	1.03203665267091e-02	-2.73771318299865e-05
2.54459049796282e-01	1.01336601697981e-02	-2.84215133194987e-05	2.72823092423616e-01	9.94759902832176e-03	-2.95268660819303e-05
2.90825387170916e-01	9.76192069139947e-03	-3.06980315787353e-05	3.08479616416870e-01	9.57635396608580e-03	-3.19403414117403e-05
3.25798938069976e-01	9.39061719760836e-03	-3.32596808365615e-05	3.42796019938850e-01	9.20441641115843e-03	-3.46625539215939e-05
3.59483072418496e-01	9.01744326857323e-03	-3.61561660522369e-05	3.75871879682314e-01	8.82937279798357e-03	-3.77485205749206e-05
3.91973829562700e-01	8.63986083606383e-03	-3.94485190025051e-05	4.07799942298417e-01	8.44854117234117e-03	-4.12660903068574e-05
4.23360898324141e-01	8.25502231387776e-03	-4.32123360676329e-05	4.38667065277517e-01	8.05888381349162e-03	-4.52997011799461e-05
4.53728524401436e-01	7.85967207757454e-03	-4.75421717602842e-05	4.68555096524397e-01	7.65689556058868e-03	-4.99555072164259e-05
4.83156367810302e-01	7.45001926051714e-03	-5.25575316809856e-05	4.97541715480919e-01	7.23845828993919e-03	-5.53684387205600e-05
5.11720333731147e-01	7.02157050725827e-03	-5.84112174588647e-05	5.25701260078029e-01	6.79864781596007e-03	-6.17120960371143e-05
5.39493402413146e-01	6.56890603533533e-03	-6.53011199509557e-05	5.53105567062705e-01	6.33147298232628e-03	-6.92128580972451e-05
5.66546488204587e-01	6.08537424579758e-03	-7.34871832468453e-05	5.79824859048781e-01	5.82951649228614e-03	-7.81703735663886e-05
5.92949365257381e-01	5.56266724502841e-03	-8.33162997804227e-05	6.05928721172369e-01	5.28343075909987e-03	-8.89880196441872e-05
6.18771709531841e-01	4.99021875517047e-03	-9.52597085073226e-05	6.31487225501736e-01	4.68121481822203e-03	-1.02219094321176e-04
6.44084326035906e-01	4.35433089147264e-03	-1.09970607534926e-04	6.56572285816979e-01	4.00715323957024e-03	-1.18639158794398e-04
6.68960661343928e-01	3.63687599969209e-03	-1.28375466897035e-04	6.81259365136231e-01	3.24021701424204e-03	-1.39362370513485e-04
6.93478752569794e-01	2.81331236734772e-03	-1.51823699949594e-04	7.05629724573278e-01	2.35158137687042e-03	-1.66035703946132e-04
7.17723850389968e-01	1.84955283453037e-03	-1.82342487019094e-04	7.29773515935734e-01	1.30063884646558e-03	-2.01177070664249e-04
7.41792105121339e-01	6.96836877610352e-04	-2.23090467757814e-04	7.53794224088209e-01	2.83321510963219e-05	-2.48792481430504e-04
7.65795981988699e-01	-7.17040474760511e-04	-2.79209968803817e-04	7.77815347287715e-01	-1.55453628747382e-03	-3.15571667113934e-04
7.89872606475644e-01	-2.50353550440918e-03	-3.59534392552430e-04	8.01990964049910e-01	-3.58901897032526e-03	-4.13375403231164e-04
8.14197341161918e-01	-4.84371929678629e-03	-4.80293498892115e-04	8.26523459836782e-01	-6.31133386952099e-03	-5.64895925156073e-04
8.39007348107327e-01	-8.05145959448939e-03	-6.74015237888348e-04	8.51695483752636e-01	-1.01474289984363e-02	-8.18133009576005e-04
8.64645940213738e-01	-1.27192124492557e-02	-1.01400113299577e-03	8.77933169201987e-01	-1.59456445901944e-02	-1.28974907152557e-03
8.91655587580733e-01	-2.01047817480255e-02	-1.69560051329376e-03	9.05948259678739e-01	-2.56519866175385e-02	-2.32856008660232e-03
9.21005547468784e-01	-3.33833307377823e-02	-3.39654206537210e-03	9.37125225042294e-01	-4.48115526351704e-02	-5.41513231196400e-03
9.54805272989364e-01	-6.31273684727477e-02	-9.97989047124648e-03	9.74997276424656e-01	-9.69751369557259e-02	-2.30397245046610e-02
1.00000000000000e+00	0.00000000000000e+00	0.00000000000000e+00
57	1.93069772888325e+04	9.19357142857143e-01
0.00000000000000e+00	1.41856817602484e-02	-2.41177236723900e-05	2.75824644305430e-02	1.39159499171231e-02	-2.49673409631335e-05
5.44077981361139e-02	1.36510846151296e-02	-2.58807676907225e-05	8.05106113120194e-02	1.33906506468355e-02	-2.68453274923086e-05
1.05923601315218e-01	1.31342445969294e-02	-2.78649127933850e-05	1.30677692459810e-01	1.28814683617868e-02	-2.89437930387493e-05
1.54802164739952e-01	1.26319270016049e-02	-3.00866610640771e-05	1.78324772385179e-01	1.23852265471629e-02	-3.12986827546435e-05
2.01271853263116e-01	1.21409717430343e-02	-3.25855570106892e-05	2.23668430042394e-01	1.18987636889338e-02	-3.39535819513515e-05
2.45538303939694e-01	1.16581973523111e-02	-3.54097326722425e-05	2.66904141797491e-01	1.14188589140818e-02	-3.69617515045828e-05
2.87787557172092e-01	1.11803228990430e-02	-3.86182487681630e-05	3.08209186053933e-01	1.09421490578134e-02	-4.03888257556329e-05
3.28188757792778e-01	1.07038789281604e-02	-4.22842126639456e-05	3.47745161759088e-01	1.04650320212150e-02	-4.43164317669442e-05
3.66896510238626e-01	1.02251015574351e-02	-4.64989912873914e-05	3.85660198030115e-01	9.98354964509374e-03	-4.88471055122286e-05
4.04052959195551e-01	9.73980182811918e-03	-5.13779703497086e-05	4.22090921398976e-01	9.49324081831748e-03	-5.41110693061952e-05
4.39789658263523e-01	9.24319931137241e-03	-5.70685571483764e-05	4.57164240177353e-01	8.98895165584213e-03	-6.02757114642749e-05
4.74229283988921e-01	8.72970413914387e-03	-6.37614702492240e-05	4.90999002051052e-01	8.46458363197566e-03	-6.75590989602792e-05
5.07487251103166e-01	8.19262415530364e-03	-7.17069696900552e-05	5.23707581524646e-01	7.91275103720079e-03	-7.62495652535389e-05
5.39673287550826e-01	7.62376192355863e-03	-8.12386514235097e-05	5.55397459122937e-01	7.32430407236984e-03	-8.67347759372361e-05
5.70893036146389e-01	7.01284693263293e-03	-9.28091276473086e-05	5.86172866067768e-01	6.68764876786843e-03	-9.95458303294505e-05
6.01249765857832e-01	6.34671592551084e-03	-1.07044905264475e-04	6.16136589717458e-01	5.98775260604656e-03	-1.15426013658659e-04
6.30846304125615e-01	5.60809848632737e-03	-1.24833253708267e-04	6.45392072245110e-01	5.20465070117160e-03	-1.35441411536430e-04
6.59787350227474e-01	4.77376544971553e-03	-1.47464207969294e-04	6.74045998661164e-01	4.31113248625237e-03	-1.61165120742490e-04
6.88182413357617e-01	3.81161376068784e-03	-1.76871986006688e-04	7.02211680964969e-01	3.26903363941500e-03	-1.94996897037836e-04
7.16149766691823e-01	2.67590273449181e-03	-2.16063558817980e-04	7.30013743937984e-01	2.02304991689117e-03	-2.40745675178955e-04
7.43822079207587e-01	1.29912483976646e-03	-2.69921614218571e-04	7.57594990865829e-01	4.89915142156905e-04	-3.04753931912094e-04
7.71354907954459e-01	-4.22607108644391e-04	-3.46807447990427e-04	7.85127066823892e-01	-1.46164308402708e-03	-3.98228705416948e-04
7.98940301162126e-01	-2.65754222776315e-03	-4.62026326051523e-04	8.12828109261691e-01	-4.05074577055442e-03	-5.42523133878259e-04
8.26830128557952e-01	-5.69629779938952e-03	-6.46111403402649e-04	8.40994225646023e-01	-7.67098335048289e-03	-7.82568158209207e-04
8.55379547696886e-01	-1.00850526964443e-02	-9.67460574661239e-04	8.70061135500856e-01	-1.31023315707111e-02	-1.22681901336485e-03
8.85137194993826e-01	-1.69765795172180e-02	-1.60688538152565e-03	9.00741162354359e-01	-2.21214690452799e-02	-2.19641985390795e-03
9.17063058922627e-01	-2.92560608842344e-02	-3.18419813610760e-03	9.34390615933296e-01	-3.97368918262079e-02	-5.03357554289385e-03
9.53198177342285e-01	-5.63989759690385e-02	-9.15795017923138e-03	9.74374593778409e-01	-8.68489582180569e-02	-2.06925900998289e-02
1.00000000000000e+00	0.00000000000000e+00	0.00000000000000e+00
49	1.93069772888325e+04	9.90000000000000e-01
0.00000000000000e+00	1.64495078129647e-02	-3.20240909932323e-05	3.23021958432977e-02	1.60888102524115e-02	-3.33494589974670e-05
6.35814516881466e-02	1.57356032226843e-02	-3.47743256570165e-05	9.38915729887662e-02	1.53891329533979e-02	-3.62926984076584e-05
1.23282953244688e-01	1.50486803916570e-02	-3.79129517511512e-05	1.51802860285914e-01	1.47135357817838e-02	-3.96444205612578e-05
1.79495696408945e-01	1.43829934548130e-02	-4.14975341798129e-05	2.06403235168627e-01	1.40563464647294e-02	-4.34839754406280e-05
2.32564837498631e-01	1.37328809708079e-02	-4.56168648781397e-05	2.58017649531520e-01	1.34118702682717e-02	-4.79109798983135e-05
2.82796784232385e-01	1.30925683393237e-02	-5.03830101390434e-05	3.06935488742553e-01	1.27742028008329e-02	-5.30518660144530e-05
3.30465299146955e-01	1.24559670673499e-02	-5.59390389014425e-05	3.53416184227307e-01	1.21370115601611e-02	-5.90690406341299e-05
3.75816679640045e-01	1.18164337075415e-02	-6.24699250542093e-05	3.97694013861954e-01	1.14932664635059e-02	-6.61739192928668e-05
4.19074227176079e-01	1.11664650074561e-02	-7.02181982947803e-05	4.39982284926244e-01	1.08348911622986e-02	-7.46458187392829e-05
4.60442186251576e-01	1.04972950181996e-02	-7.95068749046557e-05	4.80477069524660e-01	1.01522930744071e-02	-8.48599322542665e-05
5.00109315762631e-01	9.79834201065111e-03	-9.07738040309969e-05	5.19360651365489e-01	9.43370696954426e-03	-9.73297713775523e-05
5.38252251668332e-01	9.05642296886322e-03	-1.04624423258315e-04	5.56804846985565e-01	8.66424744192962e-03	-1.12773229087093e-04
5.75038833093829e-01	8.25460153033908e-03	-1.21915166778175e-04	5.92974388467364e-01	7.82449673806274e-03	-1.32218705978682e-04
6.10631601080663e-01	7.37044250826902e-03	-1.43889647157502e-04	6.28030608274346e-01	6.88832874714884e-03	-1.57181567896458e-04
6.45191754109656e-01	6.37327465471915e-03	-1.72409695823994e-04	6.62135769917511e-01	5.81943260961304e-03	-1.89969932068434e-04
6.78883985521090e-01	5.21973014944765e-03	-2.10364918811434e-04	6.95458581107786e-01	4.56552645929253e-03	-2.34240553650844e-04
7.11882893279601e-01	3.84614874500544e-03	-2.62438133112664e-04	7.28181793956531e-01	3.04825589837976e-03	-2.96069681975597e-04
7.44382168400545e-01	2.15495127876064e-03	-3.36629976630309e-04	7.60513530047456e-01	1.14452085408634e-03	-3.86166444934721e-04
7.76608827438088e-01	-1.14000452619001e-05	-4.47544119419607e-04	7.92705526378262e-01	-1.35055513918303e-03	-5.24871887049416e-04
8.08847095822764e-01	-2.92424159255067e-03	-6.24212878167718e-04	8.25085102485383e-01	-4.80390266403563e-03	-7.54818307047822e-04
8.41482253419538e-01	-7.09193076084558e-03	-9.31377560613678e-04	8.58116972568794e-01	-9.94015052098918e-03	-1.17837179937474e-03
8.75090576606115e-01	-1.35831242980756e-02	-1.53911942234775e-03	8.92539111024897e-01	-1.84020096724463e-02	-2.09636007309610e-03
9.10654154456394e-01	-2.50566621971371e-02	-3.02495269153980e-03	9.29722539090969e-01	-3.47853621624256e-02	-4.75040654321646e-03
9.50211250606953e-01	-5.01584281691375e-02	-8.55403439363034e-03	9.72981581070454e-01	-7.79891473130480e-02	-1.90139419832689e-02
1.00000000000000e+00	0.00000000000000e+00	0.00000000000000e+00
