104	2.07711392596646e+00	1.00000000000000e-03
0.00000000000000e+00	-4.14349254414970e-04	6.56306918411786e-06	9.81329961780461e-03	-3.94802392437832e-04	6.67659525388498e-06
1.96343499674975e-02	-3.74920657098987e-04	6.77586495423377e-06	2.94627662838641e-02	-3.54726069775602e-04	6.87498171447753e-06
3.92981568438143e-02	-3.34219673937430e-04	6.97384710690585e-06	4.91401229462477e-02	-3.13402852144762e-04	7.07235543584428e-06
5.89882589709005e-02	-2.92277340326330e-04	7.17039525732766e-06	6.88421524469749e-02	-2.70845249892404e-04	7.26784793003699e-06
7.87013841319384e-02	-2.49109084524801e-04	7.36458808048290e-06	8.85655281009347e-02	-2.27071767682996e-04	7.46048623534445e-06
9.84341518472355e-02	-2.04736654919269e-04	7.55540194286031e-06	1.08306816394165e-01	-1.82107560272260e-04	7.64918885010069e-06
1.18183076418968e-01	-1.59188781257313e-04	7.74169205697284e-06	1.28062480389070e-01	-1.35985118973392e-04	7.83274676230405e-06
1.37944570711205e-01	-1.12501908451912e-04	7.92218164458180e-06	1.47828883893912e-01	-8.87450437864201e-05	8.00981463111583e-06
1.57714950723864e-01	-6.47210026929468e-05	8.09545247826282e-06	1.67602296456567e-01	-4.04368811421918e-05	8.17889295334773e-06
1.77490441021948e-01	-1.59004214889125e-05	8.25992152142518e-06	1.87378899245349e-01	8.87995336062986e-06	8.33831252622375e-06
1.97267181084513e-01	3.38951073417526e-05	8.41382703131721e-06	2.07154791883101e-01	5.91351511380900e-05	8.48621347215861e-06
2.17041232641370e-01	8.45894102917688e-05	8.55520404596799e-06	2.26926000304581e-01	1.10246375153000e-04	8.62051894223725e-06
2.36808588069831e-01	1.36093663990700e-04	8.68185935010146e-06	2.46688485711924e-01	1.62117978064646e-04	8.73890886055051e-06
2.56565179929025e-01	1.88305044718118e-04	8.79133443987268e-06	2.66438154708804e-01	2.14639570636277e-04	8.83878181412445e-06
2.76306891715857e-01	2.41105182441359e-04	8.88087598371889e-06	2.86170870701230e-01	2.67684369012255e-04	8.91721817553037e-06
2.96029569934917e-01	2.94358412613938e-04	8.94738494239267e-06	3.05882466662251e-01	3.21107322806546e-04	8.97092499008156e-06
3.15729037585215e-01	3.47909756798104e-04	8.98735875509704e-06	3.25568759369724e-01	3.74742937077066e-04	8.99617532756913e-06
3.35401109180054e-01	4.01582566622261e-04	8.99682836441595e-06	3.45225565241670e-01	4.28402727422283e-04	8.98873493937469e-06
3.55041607433825e-01	4.55175777612560e-04	8.97127068211212e-06	3.64848717913422e-01	4.81872235993497e-04	8.94376649551720e-06
3.74646381771795e-01	5.08460655827214e-04	8.90550521104316e-06	3.84434087726177e-01	5.34907485947422e-04	8.85571541087149e-06
3.94211328847875e-01	5.61176921488049e-04	8.79356723404445e-06	4.03977603329341e-01	5.87230737418065e-04	8.71816483172250e-06
4.13732415292544e-01	6.13028101285829e-04	8.62854327421392e-06	4.23475275641393e-01	6.38525374026311e-04	8.52365730341642e-06
4.33205702961191e-01	6.63675886879100e-04	8.40237396315668e-06	4.42923224468493e-01	6.88429689119752e-04	8.26346393278943e-06
4.52627377015146e-01	7.12733271571064e-04	8.10559256070320e-06	4.62317708150724e-01	7.36529264046659e-04	7.92730362930705e-06
4.71993777248080e-01	7.59756092471142e-04	7.72700630757850e-06	4.81655156697371e-01	7.82347586928078e-04	7.50296651730320e-06
4.91301433174602e-01	8.04232567772845e-04	7.25327925521491e-06	5.00932208991393e-01	8.25334360306518e-04	6.97585246711707e-06
5.10547103533738e-01	8.45570242411497e-04	6.66839318363976e-06	5.20145754798481e-01	8.64850868596778e-04	6.32836059477615e-06
5.29727821037276e-01	8.83079552423727e-04	5.95295906258286e-06	5.39292982519477e-01	9.00151515001779e-04	5.53908813771820e-06
5.48840943426618e-01	9.15953007037285e-04	5.08330552539960e-06	5.58371433893220e-01	9.30360293987631e-04	4.58179374152046e-06
5.67884212210741e-01	9.43238567916560e-04	4.03028007867068e-06	5.77379067213717e-01	9.54440600336559e-04	3.42401193642594e-06
5.86855820870499e-01	9.63805334303958e-04	2.75764253543365e-06	5.96314331103685e-01	9.71156125095463e-04	2.02519110870103e-06
6.05754494870084e-01	9.76298862793934e-04	1.21990527035543e-06	6.15176251533884e-01	9.79019693137850e-04	3.34170302540571e-07
6.24579586572892e-01	9.79082425464517e-04	-6.40621753644766e-07	6.33964535663877e-01	9.76225606201586e-04	-1.71427988293615e-06
6.43331189200594e-01	9.70158906088425e-04	-2.89792422814017e-06	6.52679697308242e-01	9.60559177985987e-04	-4.20429666303512e-06
6.62010275427874e-01	9.47065639997469e-04	-5.64800173119551e-06	6.71323210558946e-01	9.29274208849362e-04	-7.24579459920882e-06
6.80618868264076e-01	9.06731006941053e-04	-9.01705689426713e-06	6.89897700559160e-01	8.78924477059950e-04	-1.09842492230783e-05
6.99160254837313e-01	8.45275995229766e-04	-1.31734658335159e-05	7.08407184004440e-01	8.05128776851349e-04	-1.56152026302703e-05
7.17639258040677e-01	7.57734493158635e-04	-1.83452725057709e-05	7.26857377248251e-01	7.02237032369712e-04	-2.14059022591861e-05
7.36062587503901e-01	6.37652797336186e-04	-2.48471203974088e-05	7.45256097906248e-01	5.62846650828508e-04	-2.87285309641394e-05
7.54439301300592e-01	4.76502381241417e-04	-3.31216004010315e-05	7.63613798281482e-01	3.77086024825779e-04	-3.81125204755861e-05
7.72781425426171e-01	2.62800143812081e-04	-4.38059330538643e-05	7.81944288710157e-01	1.31526357364020e-04	-5.03297978617923e-05
7.91104803317095e-01	-1.92475649981594e-05	-5.78417811747389e-05	8.00265741402297e-01	-1.92520887140057e-04	-6.65378300435115e-05
8.09430289834659e-01	-3.91900317978866e-04	-7.66637205580345e-05	8.18602120575618e-01	-6.21757296043857e-04	-8.85308006448593e-05
8.27785477226479e-01	-8.87435709698958e-04	-1.02537841046413e-04	8.36985282494324e-01	-1.19552982715143e-03	-1.19201767706967e-04
8.46207273056563e-01	-1.55426161843342e-03	-1.39201483768447e-04	8.55458170801262e-01	-1.97399987285274e-03	-1.63442288532600e-04
8.64745903088545e-01	-2.46798772566370e-03	-1.93151848278728e-04	8.74079890192065e-01	-3.05338271091093e-03	-2.30026121152305e-04
8.83471426555389e-01	-3.75277522631789e-03	-2.76457901250193e-04	8.92934195872520e-01	-4.59645197346970e-03	-3.35911629349317e-04
9.02484981729396e-01	-5.62589085179066e-03	-4.13543025773677e-04	9.12144672224682e-01	-6.89928848666510e-03	-5.17302596536373e-04
9.21939721099818e-01	-8.50070099432820e-03	-6.59964712996564e-04	9.31904346121265e-01	-1.05558044874112e-02	-8.63171193685952e-04
9.42083975725916e-01	-1.32606622081846e-02	-1.16624017355904e-03	9.52540938801383e-01	-1.69379720720009e-02	-1.64815585009648e-03
9.63364513986680e-01	-2.21562089376665e-02	-2.49626970706496e-03	9.74690456607382e-01	-2.99838679994633e-02	-4.33842372014515e-03
9.86745409884464e-01	-3.94162236993115e-02	-1.46796909776810e-02	1.00000000000000e+00	0.00000000000000e+00	0.00000000000000e+00
51	2.07711392596646e+00	7.16428571428571e-02
0.00000000000000e+00	-7.50976730893416e-04	2.76805092579435e-05	2.03479673683602e-02	-6.68427571824282e-04	2.85246371660719e-05
4.07231374788943e-02	-5.83243171353165e-04	2.93575248462297e-05	6.11220711791569e-02	-4.95458470836652e-04	3.01819459799235e-05
8.15412111700506e-02	-4.05111399300662e-04	3.09935866663613e-05	1.01976884903177e-01	-3.12254230017461e-04	3.17876233398851e-05
1.22425308335253e-01	-2.16955121627560e-04	3.25586654659205e-05	1.42882590537420e-01	-1.19299815050322e-04	3.33006980477446e-05
1.63344739227714e-01	-1.93934836973941e-05	3.40070069493326e-05	1.83807667298161e-01	8.26372161877309e-05	3.46700992264193e-05
2.04267200411830e-01	1.86641881495975e-04	3.52816037818560e-05	2.24719085749588e-01	2.92443832219380e-04	3.58321575888443e-05
2.45159001991752e-01	3.99837273606374e-04	3.63112681126543e-05	2.65582570626543e-01	5.08584086731267e-04	3.67071478314385e-05
2.85985368685738e-01	6.18410166743688e-04	3.70065157753174e-05	3.06362943018775e-01	7.29001217236958e-04	3.71943529406948e-05
3.26710826230449e-01	8.39997868581466e-04	3.72536058131923e-05	3.47024554425412e-01	9.50989970696647e-04	3.71648184928075e-05
3.67299686925885e-01	1.06150985565745e-03	3.69056783020572e-05	3.87531828159209e-01	1.17102431840266e-03	3.64504490364403e-05
4.07716651950905e-01	1.27892498924864e-03	3.57692609054272e-05	4.27849928509578e-01	1.38451667941941e-03	3.48272159916840e-05
4.47927554455705e-01	1.48700315873707e-03	3.35832543525427e-05	4.67945586331769e-01	1.58546966221751e-03	3.19887073645386e-05
4.87900278142381e-01	1.67886120372540e-03	2.99854399242738e-05	5.07788123618315e-01	1.76595548050995e-03	2.75034476847624e-05
5.27605904089021e-01	1.84532875227461e-03	2.44577236718779e-05	5.47350743099625e-01	1.91531252468202e-03	2.07441358941463e-05
5.67020169242358e-01	1.97393809077473e-03	1.62339533206213e-05	5.86612189119285e-01	2.01886487009206e-03	1.07665141826363e-05
6.06125372957077e-01	2.04728700570433e-03	4.13924039610603e-06	6.25558956218219e-01	2.05581020109635e-03	-3.90602642630355e-06
6.44912961692264e-01	2.04028772322240e-03	-1.37021431356743e-05	6.64188348143422e-01	1.99559904279356e-03	-2.56836299592500e-05
6.83387193857053e-01	1.91534726595921e-03	-4.04255554755650e-05	7.02512926699398e-01	1.79143909035262e-03	-5.87005319181433e-05
7.21570617123899e-01	1.61349189588966e-03	-8.15640887859015e-05	7.40567357799102e-01	1.36798100110047e-03	-1.10485635926638e-04
7.59512764672925e-01	1.03698699433363e-03	-1.47554794088123e-04	7.78419651878218e-01	5.96310998032257e-04	-1.95816547843286e-04
7.97304961493998e-01	1.25604171619109e-05	-2.59835112316642e-04	8.16191077310206e-01	-7.61500990659636e-04	-3.46682156175504e-04
8.35107735952088e-01	-1.79464798392948e-03	-4.67754257631015e-04	8.54094902925755e-01	-3.19048406958811e-03	-6.42314356589901e-04
8.73207279266894e-01	-5.11159181031029e-03	-9.04899039213758e-04	8.92521719883643e-01	-7.82617974025801e-03	-1.32225929614371e-03
9.12150222604448e-01	-1.18050971253547e-02	-2.03693287954598e-03	9.32264570447251e-01	-1.79421952507113e-02	-3.39940878220668e-03
9.53148492805074e-01	-2.80982569522298e-02	-6.49040692953529e-03	9.75327514734059e-01	-4.66956295086161e-02	-1.61163302178682e-02
1.00000000000000e+00	0.00000000000000e+00	0.00000000000000e+00
39	2.07711392596646e+00	1.42285714285714e-01
0.00000000000000e+00	-7.95624026872388e-04	4.70832666268350e-05	2.70065097814037e-02	-6.54887787723712e-04	4.89005459882730e-05
5.40483646914562e-02	-5.08516138605808e-04	5.06913706874723e-05	8.11176863995618e-02	-3.56617195151787e-04	5.24448420879953e-05
1.08206273579797e-01	-1.99343917687056e-04	5.41428545490774e-05	1.35305616630845e-01	-3.69086110810768e-05	5.57645212416746e-05
1.62406916638199e-01	1.30408815314009e-04	5.72857683402983e-05	1.89501108939844e-01	3.02251505291395e-04	5.86788425950280e-05
2.16578891748750e-01	4.78175000043213e-04	5.99117052185738e-05	2.43630760319743e-01	6.57634960806397e-04	6.09472759341978e-05
2.70647047192414e-01	8.39972857456184e-04	6.17424780962050e-05	2.97617969100716e-01	1.02439906883933e-03	6.22470183818669e-05
3.24533681220580e-01	1.20997264688849e-03	6.24018106233359e-05	3.51384339538728e-01	1.39557673302193e-03	6.21369191123877e-05
3.78160172281903e-01	1.57988825074418e-03	6.13688494782716e-05	4.04851561563908e-01	1.76133999344552e-03	5.99969471815065e-05
4.31449136713191e-01	1.93807252140832e-03	5.78985639153595e-05	4.57943881171203e-01	2.10787228475806e-03	5.49225050334723e-05
4.84327255451181e-01	2.26809094529512e-03	5.08800604771542e-05	5.10591339490234e-01	2.41553881555201e-03	4.55325730222000e-05
5.36728998919316e-01	2.54634223044192e-03	3.85740028945314e-05	5.62734081473256e-01	2.65575008213303e-03	2.96061161632055e-05
5.88601652204474e-01	2.73786768734341e-03	1.81026110609439e-05	6.14328279720768e-01	2.78528514927490e-03	3.35630690995181e-06
6.39912390929728e-01	2.78854978260834e-03	-1.56001954652041e-05	6.65354719703253e-01	2.73540335970557e-03	-4.01164838301771e-05
6.90658887090625e-01	2.60965655810041e-03	-7.21169024480162e-05	7.15832169999445e-01	2.38948871806843e-03	-1.14413797666080e-04
7.40886546628053e-01	2.04481003697188e-03	-1.71235203571207e-04	7.65840159657138e-01	1.53304088583806e-03	-2.49150550112542e-04
7.90719430346389e-01	7.92111073725899e-04	-3.58774119664007e-04	8.15562225172923e-01	-2.71653602697097e-04	-5.18084370209504e-04
8.40422801793989e-01	-1.80557146966731e-03	-7.59359769698875e-04	8.65379930649286e-01	-4.05320122958164e-03	-1.14499472792207e-03
8.90551082187943e-01	-7.44290790051172e-03	-1.80788216404038e-03	9.16119259288281e-01	-1.27888983768101e-02	-3.07163612170958e-03
9.42389486406742e-01	-2.17929556282348e-02	-5.89912055632436e-03	9.69927670852742e-01	-3.88138099874620e-02	-1.38179052412284e-02
1.00000000000000e+00	0.00000000000000e+00	0.00000000000000e+00
31	2.07711392596646e+00	2.12928571428571e-01
0.00000000000000e+00	-7.11301999762104e-04	7.39058877615717e-05	3.45532513239964e-02	-4.89923361868039e-04	7.73705545230596e-05
6.91402544508522e-02	-2.57925067598586e-04	8.07560864326540e-05	1.03744986197079e-01	-1.56371738202488e-05	8.40141320177512e-05
1.38350688644197e-01	2.36445447673317e-04	8.70827578152156e-05	1.72939927256861e-01	4.97628065825317e-04	8.98881374074012e-05
2.07494666273363e-01	7.66981464319638e-04	9.23422050773670e-05	2.41996363378937e-01	1.04330109458706e-03	9.43396048328493e-05
2.76426085933999e-01	1.32505809914452e-03	9.57536359066369e-05	3.10764651312513e-01	1.61033943667233e-03	9.64307720555668e-05
3.44992794323273e-01	1.89677311885506e-03	9.61831212438202e-05	3.79091365315893e-01	2.18143273377525e-03	9.47778966928770e-05
4.13041563528789e-01	2.46071272647230e-03	9.19224968541910e-05	4.46825211689629e-01	2.73016182048547e-03	8.72430569912597e-05
4.80425080088727e-01	2.98425572218353e-03	8.02531468357959e-05	5.13825271710363e-01	3.21608052427391e-03	7.03073289259892e-05
5.47011685151335e-01	3.41688273279450e-03	5.65309762039501e-05	5.79972579987708e-01	3.57541659635408e-03	3.77119382336533e-05
6.12699281642240e-01	3.67697704020009e-03	1.21291849468630e-05	6.45187082523674e-01	3.70193328700341e-03	-2.27260828804532e-05
6.77436428346724e-01	3.62344706315376e-03	-7.06196764836964e-05	7.09454532506793e-01	3.40381533885847e-03	-1.37395548648112e-04
7.41257655343342e-01	2.98840263423084e-03	-2.32480928102019e-04	7.72874456002461e-01	2.29515610518072e-03	-3.71803368658608e-04
8.04351152019852e-01	1.19558629387373e-03	-5.83841486478498e-04	8.35759890008768e-01	-5.21810498069208e-04	-9.23285225827852e-04
8.67213205176651e-01	-3.22706938891482e-03	-1.50542160525835e-03	8.98891036635006e-01	-7.61858853794739e-03	-2.60630070268753e-03
9.31096710691139e-01	-1.51434723135108e-02	-5.02232697859362e-03	9.64391302885410e-01	-2.94487668498393e-02	-1.15023765320548e-02
1.00000000000000e+00	0.00000000000000e+00	0.00000000000000e+00
25	2.07711392596646e+00	2.83571428571429e-01
0.00000000000000e+00	-4.60759629869245e-04	1.12626362098078e-04	4.36680790677363e-02	-1.22915680824343e-04	1.18919637541182e-04
8.73466203924884e-02	2.33916184174343e-04	1.24980287121157e-04	1.31004473352849e-01	6.08792282613679e-04	1.30652483789850e-04
1.74608965758113e-01	1.00026027764166e-03	1.35740156893438e-04	2.18126110552959e-01	1.40624608374562e-03	1.40000578869204e-04
2.61520876613936e-01	1.82392099627771e-03	1.43131891771620e-04	3.04757532552259e-01	2.24953589128041e-03	1.44755396474849e-04
3.47800073891887e-01	2.67820812492436e-03	1.44389716732141e-04	3.90612746292890e-01	3.10363847925665e-03	1.41412209645919e-04
4.33160681351947e-01	3.51772217980839e-03	1.35000051329826e-04	4.75410667999275e-01	3.90999618324761e-03	1.24038343322086e-04
5.17332093375528e-01	4.26682842353954e-03	1.06973470916150e-04	5.58898105265449e-01	4.57019187449670e-03	8.15730076764165e-05
6.00087078836720e-01	4.79575457999848e-03	4.45205857017017e-05	6.40884522938280e-01	4.90981038710037e-03	-9.29277739114553e-06
6.81285653365448e-01	4.86417651555970e-03	-8.80634174342809e-05	7.21299028051026e-01	4.58737466739900e-03	-2.05569072500245e-04
7.60951958283624e-01	3.96867037137061e-03	-3.86296158487953e-04	8.00299054937748e-01	2.82753571698446e-03	-6.76873644825493e-04
8.39436672308812e-01	8.51125840527267e-04	-1.17437433755208e-03	8.78529369553138e-01	-2.54471459886318e-03	-2.10681356006281e-03
9.17863596107011e-01	-8.55496799290645e-03	-4.11180823578716e-03	9.57972955397663e-01	-2.01023845776132e-02	-9.30899142451169e-03
1.00000000000000e+00	0.00000000000000e+00	0.00000000000000e+00
21	2.07711392596646e+00	3.54214285714286e-01
0.00000000000000e+00	2.40908576566445e-05	1.57596658545978e-04	5.30096947198976e-02	4.96919147809805e-04	1.67639296484556e-04
1.05966214653886e-01	9.99451005622376e-04	1.77138826386258e-04	1.58816510438824e-01	1.52953155940483e-03	1.85716440760375e-04
2.11504971566317e-01	2.08379281756443e-03	1.92885638965579e-04	2.63973990221519e-01	2.65735015152058e-03	1.98022440739187e-04
3.16164703671258e-01	3.24341925463612e-03	2.00317879680001e-04	3.68017943063111e-01	3.83280817381482e-03	1.98704384378301e-04
4.19475423401558e-01	4.41321245957516e-03	1.91737937500824e-04	4.70481222302006e-01	4.96818995650350e-03	1.77403848680147e-04
5.20983618940426e-01	5.47560024139204e-03	1.52787115425657e-04	5.70937408341901e-01	5.90512604065996e-03	1.13494502128830e-04
6.20306886350250e-01	6.21417425666071e-03	5.26014049623269e-05	6.69069849660409e-01	6.34081446867518e-03	-4.13608924147990e-05
7.17223240458791e-01	6.19105795514430e-03	-1.88488300054690e-04	7.64791636709206e-01	5.61471689838022e-03	-4.26436194050250e-04
8.11841011276045e-01	4.35661243613517e-03	-8.31952756775500e-04	8.58503032683571e-01	1.95005943408044e-03	-1.57992232616722e-03
9.05022629621935e-01	-2.53776414581552e-03	-3.13705912554685e-03	9.51864302674205e-01	-1.13027470145767e-02	-6.95616021945722e-03
1.00000000000000e+00	0.00000000000000e+00	0.00000000000000e+00
17	2.07711392596646e+00	4.24857142857143e-01
0.00000000000000e+00	8.21726252566046e-04	2.39042937585365e-04	6.70421261261718e-02	1.53773391524747e-03	2.56979311621719e-04
1.33877252538121e-01	2.30545021368522e-03	2.73426548117905e-04	2.00403935362922e-01	3.11911139960408e-03	2.87265586201180e-04
2.66516148881655e-01	3.96943921480641e-03	2.96995725475035e-04	3.32105165238888e-01	4.84258753528333e-03	3.00581000229450e-04
3.97062057986150e-01	5.71869389246515e-03	2.95187751664372e-04	4.61280946250431e-01	6.56974416071854e-03	2.76719091421573e-04
5.24663151182285e-01	7.35619417747424e-03	2.38953683691090e-04	5.87122554748520e-01	8.02125864887748e-03	1.71881614401403e-04
6.48592699876795e-01	8.48066019310245e-03	5.83162579084195e-05	7.09036694716706e-01	8.60314074898882e-03	-1.33485136595501e-04
7.68462121689425e-01	8.17105574101995e-03	-4.67396223294614e-04	8.26945790365916e-01	6.79472914539292e-03	-1.08664144349335e-03
8.84679939520650e-01	3.70966397990702e-03	-2.36393427144810e-03	9.42071554167786e-01	-2.81433621928329e-03	-5.44539366319707e-03
1.00000000000000e+00	0.00000000000000e+00	0.00000000000000e+00
14	2.07711392596646e+00	4.95500000000000e-01
0.00000000000000e+00	2.06132385037960e-03	3.50496759375818e-04	8.34647118049386e-02	3.10676549766786e-03	3.80842893025091e-04
1.66410141133332e-01	4.23695788945644e-03	4.07559504304156e-04	2.48653833032429e-01	5.43809542127738e-03	4.27704755540992e-04
3.30006744435745e-01	6.68731535690381e-03	4.37137862252523e-04	4.10278752470107e-01	7.94949514443599e-03	4.29860286183747e-04
4.89286040098356e-01	9.17239057813590e-03	3.96727502813943e-04	5.66860796982282e-01	1.02784449624839e-02	3.22784006163146e-04
6.42864055617194e-01	1.11496037300993e-02	1.81411440578927e-04	7.17203422624964e-01	1.15967582329619e-02	-7.95401630973025e-05
7.89859753057043e-01	1.12934015782569e-02	-5.74316931136520e-04	8.60932689025561e-01	9.61944212871746e-03	-1.59159967984523e-03
9.30731916062087e-01	5.24007799261983e-03	-4.00608871323471e-03	1.00000000000000e+00	0.00000000000000e+00	0.00000000000000e+00
12	2.07711392596646e+00	5.66142857142857e-01
0.00000000000000e+00	3.75046847634797e-03	4.71519033633849e-04	9.97263492581208e-02	5.14640330857263e-03	5.16781139453970e-04
1.98427636510132e-01	6.66406605602909e-03	5.55147111440224e-04	2.95819296969077e-01	8.27733739841541e-03	5.80724441502700e-04
3.91610700302966e-01	9.94228213763038e-03	5.84919397141781e-04	4.85517313941375e-01	1.15902025277528e-02	5.54561501586948e-04
5.77276898149039e-01	1.31160856062060e-02	4.67745813931941e-04	6.66670867218045e-01	1.43565625466545e-02	2.83972414191980e-04
7.53553535614892e-01	1.50429490926556e-02	-8.13278951885543e-05	8.37896328249241e-01	1.46918744258322e-02	-8.31536642640573e-04
9.19866442632339e-01	1.23387057200497e-02	-2.56521236411800e-03	1.00000000000000e+00	0.00000000000000e+00	0.00000000000000e+00
11	2.07711392596646e+00	6.36785714285714e-01
0.00000000000000e+00	5.63061222040717e-03	5.45027466513193e-04	1.10853309536523e-01	7.22585139373255e-03	5.99509119139197e-04
2.20111201149114e-01	8.96164710701508e-03	6.45339263552369e-04	3.27424796209354e-01	1.08045839261496e-02	6.75131405365792e-04
4.32443066661709e-01	1.26991102015342e-02	6.78181449009441e-04	5.34829687768384e-01	1.45593090137335e-02	6.38025273092868e-04
6.34284761504177e-01	1.62548272115961e-02	5.26724291067371e-04	7.30572644413339e-01	1.75826499659490e-02	2.90623119651112e-04
8.23559477189639e-01	1.82036850476628e-02	-1.88538157641638e-04	9.13270802023126e-01	1.75183557356007e-02	-1.24726066277736e-03
1.00000000000000e+00	0.00000000000000e+00	0.00000000000000e+00
11	2.07711392596646e+00	7.07428571428571e-01
0.00000000000000e+00	7.16773365894396e-03	5.14693460391680e-04	1.11999001333528e-01	8.65040913794402e-03	5.63990176664753e-04
2.22072669842214e-01	1.02550996979588e-02	6.06922745548411e-04	3.29908507165645e-01	1.19558371282714e-02	6.38422119833337e-04
4.35194866872988e-01	1.37113625564298e-02	6.51596452221792e-04	5.37634004935940e-01	1.54607554486708e-02	6.36656585583761e-04
6.36957984405269e-01	1.71165945158140e-02	5.78506966784076e-04	7.32947654185358e-01	1.85521767386124e-02	4.51168081335829e-04
8.25455781385585e-01	1.95746296061543e-02	2.04200512202268e-04	9.14437810131444e-01	1.99075732739851e-02	-3.17196963187882e-04
1.00000000000000e+00	0.00000000000000e+00	0.00000000000000e+00
11	2.07711392596646e+00	7.78071428571429e-01
0.00000000000000e+00	8.70020087273615e-03	4.81779794075488e-04	1.13054181158308e-01	1.00584369962256e-02	5.25610488825823e-04
2.23853073358583e-01	1.15203605358766e-02	5.64924680986789e-04	3.32125417459145e-01	1.30663034281203e-02	5.96392667914336e-04
4.37603336103497e-01	1.46664914807028e-02	6.15789547165568e-04	5.40032161630817e-01	1.62790386813197e-02	6.17616877661598e-04
6.39181780888322e-01	1.78471709833675e-02	5.94252801517592e-04	7.34859291256949e-01	1.92944242508254e-02	5.34069221796440e-04
8.26923009575040e-01	2.05150621342650e-02	4.17249878311376e-04	9.15298617678067e-01	2.14047760229383e-02	1.54850631853165e-04
1.00000000000000e+00	0.00000000000000e+00	0.00000000000000e+00
11	2.07711392596646e+00	8.48714285714286e-01
0.00000000000000e+00	1.01887835010881e-02	4.45816681754474e-04	1.13989793955093e-01	1.14102510229404e-02	4.83862334121232e-04
2.25404643363581e-01	1.27173699827493e-02	5.18769882347780e-04	3.34018978197025e-01	1.40955082326943e-02	5.48430083049611e-04
4.39612543218676e-01	1.55236086262424e-02	5.70350207653392e-04	5.41977586107804e-01	1.69734517645007e-02	5.81571713933138e-04
6.40926750307426e-01	1.84088385766669e-02	5.78445627528956e-04	7.36301369319249e-01	1.97843009321413e-02	5.56112018672672e-04
8.27979906460784e-01	2.10425199613362e-02	5.07389392195634e-04	9.15886492398071e-01	2.21636740641936e-02	3.65405739162772e-04
1.00000000000000e+00	0.00000000000000e+00	0.00000000000000e+00
11	2.07711392596646e+00	9.19357142857143e-01
0.00000000000000e+00	1.15901041531500e-02	4.06574198066667e-04	1.14778796053531e-01	1.26632521535902e-02	4.38602073402738e-04
2.26684663722453e-01	1.38046729281082e-02	4.68450036612666e-04	3.35541148810226e-01	1.50035967832495e-02	4.94817607791131e-04
4.41178291849219e-01	1.62453024337028e-02	5.16268711242551e-04	5.43437711641780e-01	1.75109578158016e-02	5.31245849439643e-04
6.42177944665851e-01	1.87775752697777e-02	5.38047987355905e-04	7.37279781733115e-01	2.00179728728584e-02	5.34732548693295e-04
8.28651344508986e-01	2.12005161275121e-02	5.18877964563624e-04	9.16232704332795e-01	2.23442336708669e-02	4.30869031354475e-04
1.00000000000000e+00	0.00000000000000e+00	0.00000000000000e+00
11	2.07711392596646e+00	9.90000000000000e-01
0.00000000000000e+00	1.28583694826688e-02	3.64196586220777e-04	1.15397091531872e-01	1.37740001673284e-02	3.90177484031473e-04
2.27656705809494e-01	1.47417767518783e-02	4.14613834354594e-04	3.36653278325775e-01	1.57538341601777e-02	4.36719465093161e-04
4.42268042393646e-01	1.67999489789062e-02	4.55675638110553e-04	5.44392478996085e-01	1.78675878618165e-02	4.70661220804858e-04
6.42931802176320e-01	1.89420749074319e-02	4.80874733676084e-04	7.37808302933038e-01	2.00068485319539e-02	4.85537762915489e-04
8.28964372657377e-01	2.10437441294035e-02	4.83865363611113e-04	9.16365049599311e-01	2.20886095510872e-02	4.19338936257341e-04
1.00000000000000e+00	0.00000000000000e+00	0.00000000000000e+00
