84	1.00000000000000e+05	1.00000000000000e-03
0.00000000000000e+00	1.03376921680689e-02	-1.31549209174686e-05	1.67030115831532e-02	1.01929163458336e-02	-1.34464412719915e-05
3.30689554302757e-02	1.00501378345441e-02	-1.37897021839084e-05	4.91092136514080e-02	9.90918124584761e-03	-1.41462433047579e-05
6.48347006580445e-02	9.76993178257457e-03	-1.45167573863958e-05	8.02558882354808e-02	9.63227626436258e-03	-1.49019830726349e-05
9.53828294025042e-02	9.49610281913937e-03	-1.53027080558310e-05	1.10225180843154e-01	9.36130057554263e-03	-1.57197738361869e-05
1.24792224016200e-01	9.22775935273035e-03	-1.61540792760206e-05	1.39092885039792e-01	9.09536934921418e-03	-1.66065864106724e-05
1.53135753441259e-01	8.96402082276126e-03	-1.70783244579642e-05	1.66929099855337e-01	8.83360376817399e-03	-1.75703974860664e-05
1.80480892747945e-01	8.70400757642886e-03	-1.80839871743999e-05	1.93798814237178e-01	8.57512069827093e-03	-1.86203663481432e-05
2.06890275078090e-01	8.44683027283089e-03	-1.91809002088039e-05	2.19762428873459e-01	8.31902175369059e-03	-1.97670578696574e-05
2.32422185568553e-01	8.19157851025998e-03	-2.03804215594960e-05	2.44876224284327e-01	8.06438141093957e-03	-2.10227005266184e-05
2.57131005540187e-01	7.93730836217099e-03	-2.16957350305247e-05	2.69192782914654e-01	7.81023384012114e-03	-2.24015167948899e-05
2.81067614189543e-01	7.68302837543633e-03	-2.31422033025730e-05	2.92761372021160e-01	7.55555798450969e-03	-2.39201262715039e-05
3.04279754180125e-01	7.42768358578272e-03	-2.47378212803184e-05	3.15628293399645e-01	7.29926033019201e-03	-2.55980385330812e-05
3.26812366870970e-01	7.17013690186752e-03	-2.65037753199859e-05	3.37837205423544e-01	7.04015472011643e-03	-2.74582917958455e-05
3.48707902426836e-01	6.90914708897705e-03	-2.84651452713280e-05	3.59429422450273e-01	6.77693824798498e-03	-2.95282226252525e-05
3.70006609717708e-01	6.64334234844111e-03	-3.06517919737015e-05	3.80444196393049e-01	6.50816222064821e-03	-3.18405003310041e-05
3.90746810734674e-01	6.37118818253346e-03	-3.30994860193723e-05	4.00918985156478e-01	6.23219651872509e-03	-3.44343832259231e-05
4.10965164235987e-01	6.09094789272624e-03	-3.58514018454770e-05	4.20889712711151e-01	5.94718554420903e-03	-3.73574039100877e-05
4.30696923510321e-01	5.80063323100921e-03	-3.89599740711066e-05	4.40391025863249e-01	5.65099294899740e-03	-4.06675273902923e-05
4.49976193544723e-01	5.49794235751433e-03	-4.24894384309926e-05	4.59456553307440e-01	5.34113167887829e-03	-4.44360754736639e-05
4.68836193567259e-01	5.18018057430214e-03	-4.65191049183744e-05	4.78119173409419e-01	5.01467407231071e-03	-4.87515180889186e-05
4.87309531995576e-01	4.84415825871376e-03	-5.11478948288513e-05	4.96411298459625e-01	4.66813524125809e-03	-5.37246604377373e-05
5.05428502393956e-01	4.48605725189100e-03	-5.65003297758881e-05	5.14365185043089e-01	4.29731989881166e-03	-5.94958475517160e-05
5.23225411339558e-01	4.10125432491615e-03	-6.27349919664066e-05	5.32013282939393e-01	3.89711805923132e-03	-6.62448523807146e-05
5.40732952441661e-01	3.68408415498833e-03	-7.00563043174451e-05	5.49388639010098e-01	3.46122876944488e-03	-7.42048109154680e-05
5.57984645654092e-01	3.22751633938401e-03	-7.87312863315126e-05	5.66525378477575e-01	2.98178133020199e-03	-8.36827101622362e-05
5.75015368267978e-01	2.72270826341714e-03	-8.91140539911461e-05	5.83459294867951e-01	2.44880511571455e-03	-9.50888830155705e-05
5.91862014880971e-01	2.15837443096012e-03	-1.01682193038632e-04	6.00228593369100e-01	1.84947521203305e-03	-1.08981875792891e-04
6.08564340371875e-01	1.51987878186044e-03	-1.17092099199967e-04	6.16874853260428e-01	1.16701402126274e-03	-1.26137163071860e-04
6.25166066203370e-01	7.87898583722635e-04	-1.36265653974288e-04	6.33444308355640e-01	3.79054904892984e-04	-1.47656864534662e-04
6.41716372811573e-01	-6.35954133313410e-05	-1.60528928252024e-04	6.49989598946718e-01	-5.44866043358239e-04	-1.75148913519330e-04
6.58271971550897e-01	-1.07047759703205e-03	-1.91846175395805e-04	6.66572241205591e-01	-1.64727692875011e-03	-2.11031602616485e-04
6.74900071797120e-01	-2.28352415145461e-03	-2.33222890920981e-04	6.83266223073267e-01	-2.98927339588839e-03	-2.59077755894177e-04
6.91682778991037e-01	-3.77687547313232e-03	-2.89444270791472e-04	7.00163436651388e-01	-4.66166261767309e-03	-3.25429570543712e-04
7.08723876580394e-01	-5.66289010038012e-03	-3.68499311606874e-04	7.17382243955444e-01	-6.80504882238875e-03	-4.20627647318872e-04
7.26159783824423e-01	-8.11973729572757e-03	-4.84523194689501e-04	7.35081694361232e-01	-9.64838866372308e-03	-5.63978452920999e-04
7.44178295815533e-01	-1.14463290209041e-02	-6.64433190962876e-04	7.53486668304643e-01	-1.35889946879190e-02	-7.93904242723409e-04
7.63053006569682e-01	-1.61817372139320e-02	-9.64592781928175e-04	7.72936108875652e-01	-1.93758855874189e-02	-1.19576007337341e-03
7.83212732952150e-01	-2.33961060053518e-02	-1.51919729395500e-03	7.93986174475685e-01	-2.85893873469460e-02	-1.99024856710439e-03
8.05400736651275e-01	-3.55180098327248e-02	-2.71172100401729e-03	8.17667762115537e-01	-4.51487366607963e-02	-3.89063026976588e-03
8.31116498219641e-01	-5.92729590914856e-02	-5.98729430231293e-03	8.46304989066640e-01	-8.15513059286757e-02	-1.01473600223918e-02
8.64301423039761e-01	-1.20652492188291e-01	-1.93228618013324e-02	8.87573242622697e-01	-2.07205912266143e-01	-3.04582351727261e-02
9.23754600683315e-01	-3.88343127537024e-01	2.97819919129004e-02	1.00000000000000e+00	0.00000000000000e+00	0.00000000000000e+00
95	1.00000000000000e+05	7.16428571428571e-02
0.00000000000000e+00	9.08930938568808e-03	-1.02111232767044e-05	1.49148638876577e-02	8.97714497784174e-03	-1.03938217197452e-05
2.95643254819502e-02	8.86636943236607e-03	-1.06266685806489e-05	4.39562957115640e-02	8.75684864183568e-03	-1.08674094017047e-05
5.80983981594794e-02	8.64851343159767e-03	-1.11164037464029e-05	7.19979825527185e-02	8.54129552692506e-03	-1.13740330973666e-05
8.56621378287396e-02	8.43512740545038e-03	-1.16406998598162e-05	9.90977045069865e-02	8.32994215906879e-03	-1.19168323364782e-05
1.12311286411114e-01	8.22567334321844e-03	-1.22028817881592e-05	1.25309261784348e-01	8.12225483907780e-03	-1.24993285564035e-05
1.38097793837420e-01	8.01962070516526e-03	-1.28066824907069e-05	1.50682840765974e-01	7.91770502519240e-03	-1.31254826354343e-05
1.63070165271853e-01	7.81644176615304e-03	-1.34563056095605e-05	1.75265343620413e-01	7.71576461130463e-03	-1.37997605467177e-05
1.87273774264068e-01	7.61560681073536e-03	-1.41564985154385e-05	1.99100686060279e-01	7.51590101204402e-03	-1.45272130025464e-05
2.10751146110582e-01	7.41657908428461e-03	-1.49126405424305e-05	2.22230067245667e-01	7.31757194803029e-03	-1.53135703664375e-05
2.33542215180046e-01	7.21880937695829e-03	-1.57308417272350e-05	2.44692215358661e-01	7.12021981084310e-03	-1.61653551633556e-05
2.55684559516491e-01	7.02173013668794e-03	-1.66180709864072e-05	2.66523611971282e-01	6.92326547134337e-03	-1.70900172562494e-05
2.77213615668499e-01	6.82474893167773e-03	-1.75822993713215e-05	2.87758697996766e-01	6.72610136836105e-03	-1.80960972351318e-05
2.98162876391413e-01	6.62724111406399e-03	-1.86326837394724e-05	3.08430063742951e-01	6.52808367339630e-03	-1.91934195685750e-05
3.18564073626959e-01	6.42854143380567e-03	-1.97797766285923e-05	3.28568625371179e-01	6.32852330914213e-03	-2.03933354452346e-05
3.38447348975533e-01	6.22793438065528e-03	-2.10358000451993e-05	3.48203789900312e-01	6.12667550759949e-03	-2.17090147711652e-05
3.57841413737725e-01	6.02464287927895e-03	-2.24149676395502e-05	3.67363610782005e-01	5.92172754426290e-03	-2.31558060883597e-05
3.76773700513247e-01	5.81781491900402e-03	-2.39338697649583e-05	3.86074936010271e-01	5.71278419071830e-03	-2.47516896596522e-05
3.95270508308389e-01	5.60650769004001e-03	-2.56120063133469e-05	4.04363550718150e-01	5.49885023739982e-03	-2.65178144958078e-05
4.13357143121681e-01	5.38966835543264e-03	-2.74723708117985e-05	4.22254316264318e-01	5.27880943739234e-03	-2.84792285518698e-05
4.31058056059889e-01	5.16611082489660e-03	-2.95422771150466e-05	4.39771307929261e-01	5.05139872991633e-03	-3.06657526634169e-05
4.48396981193321e-01	4.93448712496569e-03	-3.18543097177493e-05	4.56937953542882e-01	4.81517648888574e-03	-3.31130925084189e-05
4.65397075610195e-01	4.69325219333006e-03	-3.44476806561911e-05	4.73777175669751e-01	4.56848312352798e-03	-3.58643080125010e-05
4.82081064497061e-01	4.44061967466736e-03	-3.73698177351667e-05	4.90311540419718e-01	4.30939171466438e-03	-3.89717567588210e-05
4.98471394597226e-01	4.17450635822325e-03	-4.06785343556315e-05	5.06563416570935e-01	4.03564525042066e-03	-4.24994784069543e-05
5.14590400131553e-01	3.89246158485390e-03	-4.44449700309768e-05	5.22555149557287e-01	3.74457669802197e-03	-4.65265950391203e-05
5.30460486283516e-01	3.59157616951511e-03	-4.87573155427690e-05	5.38309256073792e-01	3.43300536015811e-03	-5.11516763337383e-05
5.46104336772608e-01	3.26836429766941e-03	-5.37260577726517e-05	5.53848646732989e-01	3.09710163786225e-03	-5.64988827660429e-05
5.61545154027634e-01	2.91860783105302e-03	-5.94909655808884e-05	5.69196886569864e-01	2.73220742101832e-03	-6.27260809298313e-05
5.76806943292426e-01	2.53714928360638e-03	-6.62311262413784e-05	5.84378506561437e-01	2.33259594862578e-03	-7.00368133164098e-05
5.91914856031820e-01	2.11761121051990e-03	-7.41786031359659e-05	5.99419384191476e-01	1.89114399259482e-03	-7.86968364623331e-05
6.06895613894663e-01	1.65201194052167e-03	-8.36387026166285e-05	6.14347218235669e-01	1.39887840400998e-03	-8.90583347914475e-05
6.21778043203460e-01	1.13022849618916e-03	-9.50193436917157e-05	6.29192133636387e-01	8.44337274455098e-04	-1.01595944495436e-04
6.36593763129533e-01	5.39232667197131e-04	-1.08875336952696e-04	6.43987468688779e-01	2.12651340229630e-04	-1.16961361710688e-04
6.51378091118817e-01	-1.38019226796016e-04	-1.25976563601915e-04	6.58770822392511e-01	-5.15806374564609e-04	-1.36068748001428e-04
6.66171261550495e-01	-9.24239544903172e-04	-1.47415568447995e-04	6.73585481129125e-01	-1.36745679584616e-03	-1.60232413068062e-04
6.81020106659167e-01	-1.85033728673722e-03	-1.74784121928173e-04	6.88482412530174e-01	-2.37867779888545e-03	-1.91395380734427e-04
6.95980438557330e-01	-2.95940738938361e-03	-2.10473177736592e-04	7.03523132939902e-01	-3.60088299825789e-03	-2.32526205300676e-04
7.11120529306209e-01	-4.31325980190023e-03	-2.58204311959886e-04	7.18783968203021e-01	-5.10900340812170e-03	-2.88340908201512e-04
7.26526377392407e-01	-6.00356770898791e-03	-3.24023036530452e-04	7.34362630974275e-01	-7.01633048018002e-03	-3.66688778806967e-04
7.42310015902338e-01	-8.17190010259250e-03	-4.18270045303482e-04	7.50388847381949e-01	-9.50196969890171e-03	-4.81410291991891e-04
7.58623294738189e-01	-1.10480073323994e-02	-5.59801834858709e-04	7.67042511481031e-01	-1.28652492754981e-02	-6.58725029184737e-04
7.75682216212500e-01	-1.50288033567054e-02	-7.85926630890943e-04	7.84586961287179e-01	-1.76432139758399e-02	-9.53139783373080e-04
7.93813486068160e-01	-2.08580457966868e-02	-1.17877955121304e-03	8.03435848921674e-01	-2.48942826439619e-02	-1.49299410801174e-03
8.13553614747154e-01	-3.00911670178513e-02	-1.94772755125538e-03	8.24305593352523e-01	-3.69941946461509e-02	-2.63810817657095e-03
8.35894381016182e-01	-4.65318368737432e-02	-3.75175194474253e-03	8.48633832414847e-01	-6.04011940677968e-02	-5.69246922807021e-03
8.63050994389533e-01	-8.20052037708294e-02	-9.40848929680982e-03	8.80138373940371e-01	-1.19180307732565e-01	-1.70255794155432e-02
9.02115251669804e-01	-1.97072832421518e-01	-2.44703310826797e-02	9.35354645196133e-01	-3.48486757046923e-01	2.51625124303424e-02
1.00000000000000e+00	0.00000000000000e+00	0.00000000000000e+00
114	1.00000000000000e+05	1.42285714285714e-01
0.00000000000000e+00	7.52587887697276e-03	-7.03146962521828e-06	1.25561649493122e-02	7.44880022466798e-03	-7.11028608368913e-06
2.49266568160775e-02	7.37255296862149e-03	-7.24179291378135e-06	3.71160797351500e-02	7.29703015096539e-03	-7.37697319763697e-06
4.91288985213860e-02	7.22219895698206e-03	-7.51596496151308e-06	6.09694439502096e-02	7.14802694684602e-03	-7.65891294407517e-06
7.26419180969365e-02	7.07448200661065e-03	-7.80596756655427e-06	8.41503994378678e-02	7.00153230688172e-03	-7.95728876257229e-06
9.54988477261915e-02	6.92914624867891e-03	-8.11304145087455e-06	1.06691108655040e-01	6.85729242482069e-03	-8.27340118236819e-06
1.17730918319232e-01	6.78593956727536e-03	-8.43855082544032e-06	1.28621907486683e-01	6.71505650202131e-03	-8.60868242646973e-06
1.39367605689765e-01	6.64461210182288e-03	-8.78399808290631e-06	1.49971445146357e-01	6.57457523951899e-03	-8.96471162614709e-06
1.60436764519799e-01	6.50491473018944e-03	-9.15104374810127e-06	1.70766812526497e-01	6.43559929491788e-03	-9.34323177648189e-06
1.80964751399339e-01	6.36659749744828e-03	-9.54152278254128e-06	1.91033660214855e-01	6.29787769498447e-03	-9.74617681737122e-06
2.00976538091486e-01	6.22940798587068e-03	-9.95746922982654e-06	2.10796307266018e-01	6.16115614948165e-03	-1.01756892210147e-05
2.20495816054938e-01	6.09308958839261e-03	-1.04011412969118e-05	2.30077841707077e-01	6.02517527680946e-03	-1.06341522925213e-05
2.39545093153642e-01	5.95737967275456e-03	-1.08750568847960e-05	2.48900213661567e-01	5.88966868674778e-03	-1.11242213660656e-05
2.58145783395615e-01	5.82200757850893e-03	-1.13820232852113e-05	2.67284321894784e-01	5.75436090391124e-03	-1.16488658219449e-05
2.76318290468043e-01	5.68669243388298e-03	-1.19251767174422e-05	2.85250094514441e-01	5.61896507056270e-03	-1.22114083556113e-05
2.94082085772383e-01	5.55114076501573e-03	-1.25080420272372e-05	3.02816564502741e-01	5.48318041764917e-03	-1.28155845910971e-05
3.11455781610350e-01	5.41504378602697e-03	-1.31345737539590e-05	3.20001940708288e-01	5.34668940304717e-03	-1.34655941967932e-05
3.28457200129208e-01	5.27807440815087e-03	-1.38092424661895e-05	3.36823674888207e-01	5.20915450841830e-03	-1.41661805390658e-05
3.45103438601055e-01	5.13988378745700e-03	-1.45370970110470e-05	3.53298525362318e-01	5.07021459436707e-03	-1.49227260726192e-05
3.61410931587287e-01	5.00009740915153e-03	-1.53238580868909e-05	3.69442617821891e-01	4.92948067062149e-03	-1.57413334915812e-05
3.77395510524814e-01	4.85831061143593e-03	-1.61760495631658e-05	3.85271503825990e-01	4.78653107898763e-03	-1.66289671492681e-05
3.93072461265749e-01	4.71408334350931e-03	-1.71011192000581e-05	4.00800217518970e-01	4.64090585956622e-03	-1.75936003101729e-05
4.08456580108836e-01	4.56693405535447e-03	-1.81075865148816e-05	4.16043331114695e-01	4.49210012687984e-03	-1.86443717866691e-05
4.23562228878809e-01	4.41633261934937e-03	-1.92052820346955e-05	4.31015009717507e-01	4.33955634955163e-03	-1.97918264712715e-05
4.38403389641159e-01	4.26169182741609e-03	-2.04055432784234e-05	4.45729066089730e-01	4.18265513252969e-03	-2.10481607250124e-05
4.52993719688722e-01	4.10235738992992e-03	-2.17215215743138e-05	4.60199016032747e-01	4.02070434017343e-03	-2.24275943438990e-05
4.67346607503269e-01	3.93759594098841e-03	-2.31685338489829e-05	4.74438135127744e-01	3.85292581238117e-03	-2.39466722764536e-05
4.81475230488406e-01	3.76658066430502e-03	-2.47645350333059e-05	4.88459517689354e-01	3.67843967371773e-03	-2.56248642489521e-05
4.95392615391460e-01	3.58837379220822e-03	-2.65306427780221e-05	5.02276138925576e-01	3.49624498020273e-03	-2.74851218591277e-05
5.09111702495592e-01	3.40190536424179e-03	-2.84918568542736e-05	5.15900921484106e-01	3.30519625349157e-03	-2.95547170312549e-05
5.22645414874995e-01	3.20594706581168e-03	-3.06779110177402e-05	5.29346807808675e-01	3.10397426571862e-03	-3.18661049725222e-05
5.36006734287432e-01	2.99908001712312e-03	-3.31244512707940e-05	5.42626840050971e-01	2.89105040538828e-03	-3.44584459830433e-05
5.49208785645152e-01	2.77965436315752e-03	-3.58743732746802e-05	5.55754249707191e-01	2.66464122725751e-03	-3.73789991334750e-05
5.62264932498412e-01	2.54573898322286e-03	-3.89798822806320e-05	5.68742559715055e-01	2.42265175469591e-03	-4.06853831138587e-05
5.75188886615202e-01	2.29505718567724e-03	-4.25048254701910e-05	5.81605702503745e-01	2.16260309769201e-03	-4.44484411903368e-05
5.87994835624785e-01	2.02490468339778e-03	-4.65279685839537e-05	5.94358158515431e-01	1.88153938584978e-03	-4.87560819324440e-05
6.00697593889540e-01	1.73204351513645e-03	-5.11473752440317e-05	6.07015121121586e-01	1.57590639999694e-03	-5.37182100839306e-05
6.13312783421687e-01	1.41256392463340e-03	-5.64867296490856e-05	6.19592695803483e-01	1.24139237114207e-03	-5.94737521477651e-05
6.25857053961864e-01	1.06169991822536e-03	-6.27029263049472e-05	6.32108144203966e-01	8.72716785367711e-04	-6.62009554353027e-05
6.38348354600057e-01	6.73584337569810e-04	-6.99982902090390e-05	6.44580187551029e-01	4.63342400614186e-04	-7.41300324522687e-05
6.50806274008230e-01	2.40913602550519e-04	-7.86365601999073e-05	6.57029389630003e-01	5.08499158735631e-06	-8.35644039169914e-05
6.63252473215781e-01	-2.45513855821389e-04	-8.89673125317181e-05	6.69478647831076e-01	-5.12436173444208e-04	-9.49081310508415e-05
6.75711245125166e-01	-7.97449392302085e-04	-1.01460503084905e-04	6.81953833460187e-01	-1.10257298207306e-03	-1.08711070394563e-04
6.88210250612764e-01	-1.43012519668184e-03	-1.16761759934914e-04	6.94484641995108e-01	-1.78277824287165e-03	-1.25734059479798e-04
7.00781505574244e-01	-2.16362703987649e-03	-1.35773927292027e-04	7.07105744981005e-01	-2.57627676185834e-03	-1.47056628638786e-04
7.13462732707571e-01	-3.02495115028834e-03	-1.59793845229128e-04	7.19858385820962e-01	-3.51462352776166e-03	-1.74246738497530e-04
7.26299257324951e-01	-4.05119680933252e-03	-1.90734235372858e-04	7.32792647307446e-01	-4.64171826745208e-03	-2.09655386499419e-04
7.39346739279114e-01	-5.29467418940954e-03	-2.31508857976070e-04	7.45970769008125e-01	-6.02036091344305e-03	-2.56930558741209e-04
7.52675235685953e-01	-6.83139777356467e-03	-2.86732638393294e-04	7.59472169031316e-01	-7.74339553083248e-03	-3.21974368641120e-04
7.66375471249663e-01	-8.77588867020129e-03	-3.64051755873174e-04	7.73401360837551e-01	-9.95362433573055e-03	-4.14834308532175e-04
7.80568957292611e-01	-1.13083866715130e-02	-4.76870720974798e-04	7.87901064589074e-01	-1.28816272341571e-02	-5.53708744306380e-04
7.95425241181324e-01	-1.47283752108702e-02	-6.50385052603175e-04	8.03175293420466e-01	-1.69231160058257e-02	-7.74258242709269e-04
8.11193412316157e-01	-1.95690245987102e-02	-9.36373678161795e-04	8.19533320435773e-01	-2.28128136033373e-02	-1.15389646181452e-03
8.28265065760444e-01	-2.68696228652897e-02	-1.45458598099601e-03	8.37482623974572e-01	-3.20666744684394e-02	-1.88544569412152e-03
8.47316554016994e-01	-3.89238200510176e-02	-2.53055795233426e-03	8.57956360827947e-01	-4.83118742037812e-02	-3.55007662399287e-03
8.69693087704464e-01	-6.17881094322720e-02	-5.26994662145985e-03	8.83008660478926e-01	-8.23793070726150e-02	-8.37942860419139e-03
8.98788725763075e-01	-1.16721847894355e-01	-1.40266936325006e-02	9.18921712510847e-01	-1.83202044247967e-01	-1.72326372133038e-02
9.48295383031445e-01	-2.96536218943670e-01	1.92980867875918e-02	1.00000000000000e+00	0.00000000000000e+00	0.00000000000000e+00
121	1.00000000000000e+05	2.12928571428571e-01
0.00000000000000e+00	7.05240862730960e-03	-6.19166920823311e-06	1.19514993314115e-02	6.98465088006661e-03	-6.24721796738115e-06
2.37372031192652e-02	6.91759247210877e-03	-6.35560999273643e-06	3.53609699843767e-02	6.85113253196623e-03	-6.46684109084639e-06
4.68265489581140e-02	6.78524564351846e-03	-6.58101149131340e-06	5.81375833146928e-02	6.71990666416744e-03	-6.69822530818820e-06
6.92976145297487e-02	6.65509069357761e-03	-6.81859121609563e-06	8.03100860727549e-02	6.59077304285316e-03	-6.94222333952332e-06
9.11783470418536e-02	6.52692920187881e-03	-7.06924089777239e-06	1.01905655649202e-01	6.46353480771111e-03	-7.19976857710414e-06
1.12495182564482e-01	6.40056561048330e-03	-7.33393538276950e-06	1.22950014123829e-01	6.33799744899499e-03	-7.47187992256038e-06
1.33273155410992e-01	6.27580620665391e-03	-7.61374314905972e-06	1.43467533217305e-01	6.21396778889260e-03	-7.75967532784527e-06
1.53535998886537e-01	6.15245808549281e-03	-7.90983354148622e-06	1.63481331050533e-01	6.09125293653134e-03	-8.06438197242798e-06
1.73306238261170e-01	6.03032809915094e-03	-8.22349319462568e-06	1.83013361523922e-01	5.96965921370440e-03	-8.38734962016474e-06
1.92605276738029e-01	5.90922175836939e-03	-8.55613815065048e-06	2.02084497048116e-01	5.84899103064918e-03	-8.73006289081601e-06
2.11453475111718e-01	5.78894208360747e-03	-8.90932946973066e-06	2.20714605287209e-01	5.72904971059529e-03	-9.09416156269494e-06
2.29870225746150e-01	5.66928838766056e-03	-9.28479109507663e-06	2.38922620514153e-01	5.60963223540112e-03	-9.48146213231027e-06
2.47874021444031e-01	5.55005497529093e-03	-9.68443241577965e-06	2.56726610124899e-01	5.49052988073395e-03	-9.89397285389160e-06
2.65482519730777e-01	5.43102972860443e-03	-1.01103688179283e-05	2.74143836812065e-01	5.37152675582853e-03	-1.03339262911284e-05
2.82712603033170e-01	5.31199258301540e-03	-1.05649585964152e-05	2.91190816859527e-01	5.25239818776502e-03	-1.08038070747440e-05
2.99580435196962e-01	5.19271381273168e-03	-1.10508218491567e-05	3.07883374986544e-01	5.13290893726093e-03	-1.13063858842022e-05
3.16101514757678e-01	5.07295217404424e-03	-1.15708932681979e-05	3.24236696142469e-01	5.01281121918273e-03	-1.18447647259323e-05
3.32290725354018e-01	4.95245277416290e-03	-1.21284480334438e-05	3.40265374631463e-01	4.89184245980989e-03	-1.24224165891640e-05
3.48162383654491e-01	4.83094473298884e-03	-1.27271733971757e-05	3.55983460930007e-01	4.76972279464549e-03	-1.30432534100056e-05
3.63730285153658e-01	4.70813847818996e-03	-1.33712175647283e-05	3.71404506548937e-01	4.64615216456310e-03	-1.37116687723982e-05
3.79007748186477e-01	4.58372267888518e-03	-1.40652611988479e-05	3.86541607286297e-01	4.52080709174174e-03	-1.44326536732908e-05
3.94007656505987e-01	4.45736072549874e-03	-1.48146018741357e-05	4.01407445217117e-01	4.39333684657228e-03	-1.52118542662283e-05
4.08742500773497e-01	4.32868666806496e-03	-1.56252564369463e-05	4.16014329773502e-01	4.26335909214837e-03	-1.60556952231161e-05
4.23224419320111e-01	4.19730053444889e-03	-1.65041051163328e-05	4.30374238281645e-01	4.13045477758800e-03	-1.69715036193452e-05
4.37465238556445e-01	4.06276273254691e-03	-1.74589779595724e-05	4.44498856345167e-01	3.99416221135329e-03	-1.79676914173754e-05
4.51476513434348e-01	3.92458768263215e-03	-1.84988921143603e-05	4.58399618495143e-01	3.85397000336440e-03	-1.90539213804630e-05
4.65269568401443e-01	3.78223612766537e-03	-1.96342238634184e-05	4.72087749571829e-01	3.70930879327980e-03	-2.02413616610109e-05
4.78855539340172e-01	3.63510613639906e-03	-2.08770024114902e-05	4.85574307360150e-01	3.55954131723313e-03	-2.15429372760756e-05
4.92245417049205e-01	3.48252218354528e-03	-2.22411492514230e-05	4.98870227077881e-01	3.40395069203003e-03	-2.29737522083884e-05
5.05450092911633e-01	3.32372236598033e-03	-2.37429855305393e-05	5.11986368412242e-01	3.24172601904760e-03	-2.45514181427264e-05
5.18480407506131e-01	3.15784262898289e-03	-2.54016379435118e-05	5.24933565930132e-01	3.07194528773369e-03	-2.62966892972116e-05
5.31347203062015e-01	2.98389777615715e-03	-2.72396628779870e-05	5.37722683849369e-01	2.89355428336968e-03	-2.82340911523793e-05
5.44061380846272e-01	2.80075820046410e-03	-2.92838037234677e-05	5.50364676372919e-01	2.70534094393438e-03	-3.03928755407412e-05
5.56633964812951e-01	2.60712116158746e-03	-3.15659095082577e-05	5.62870655064281e-01	2.50590320501143e-03	-3.28079340676801e-05
5.69076173163586e-01	2.40147561946702e-03	-3.41244208403868e-05	5.75251965105501e-01	2.29360959237801e-03	-3.55213996818815e-05
5.81399499880430e-01	2.18205717406583e-03	-3.70055671985448e-05	5.87520272758452e-01	2.06654913145976e-03	-3.85843185308765e-05
5.93615808850819e-01	1.94679260591757e-03	-4.02658397158362e-05	5.99687666984550e-01	1.82246846382816e-03	-4.20592170742307e-05
6.05737443930904e-01	1.69322828316876e-03	-4.39745610629760e-05	6.11766779034590e-01	1.55869091945271e-03	-4.60231486518747e-05
6.17777359297689e-01	1.41843858198132e-03	-4.82175878735447e-05	6.23770924980650e-01	1.27201234048013e-03	-5.05720105397067e-05
6.29749275792683e-01	1.11890696179207e-03	-5.31022973035977e-05	6.35714277755715e-01	9.58564960797270e-04	-5.58263432970385e-05
6.41667870840176e-01	7.90369722533324e-04	-5.87643722387288e-05	6.47612077487849e-01	6.13637522227206e-04	-6.19393087548659e-05
6.53549012157378e-01	4.27608235424426e-04	-6.53772230609917e-05	6.59480892052696e-01	2.31434477759418e-04	-6.91078614238894e-05
6.65410049224589e-01	2.41688633854098e-05	-7.31652853567244e-05	6.71338944272182e-01	-1.95251012845676e-04	-7.75886413386662e-05
6.77270181916033e-01	-4.28020347722713e-04	-8.24230970506434e-05	6.83206528769964e-01	-6.75488264986313e-04	-8.77209828720193e-05
6.89150933707550e-01	-9.39183069080030e-04	-9.35431949837806e-05	6.95106551305184e-01	-1.22084257828137e-03	-9.99609298921733e-05
7.01076768951746e-01	-1.52245075951629e-03	-1.07057843169667e-04	7.07065238351866e-01	-1.84628223581496e-03	-1.14932753463082e-04
7.13075912324428e-01	-2.19495669849912e-03	-1.23703052995916e-04	7.19113088022682e-01	-2.57150588016986e-03	-1.33509037530510e-04
7.25181457993636e-01	-2.97945657890275e-03	-1.44519448130431e-04	7.31286170875657e-01	-3.42293435985674e-03	-1.56938632763559e-04
7.37432904036886e-01	-3.90679408866457e-03	-1.71015929390617e-04	7.43627951129327e-01	-4.43678550097382e-03	-1.87058209956348e-04
7.49878328440701e-01	-5.01976497711232e-03	-2.05446976125900e-04	7.56191905165499e-01	-5.66397389688233e-03	-2.26658760809295e-04
7.62577564442463e-01	-6.37939753537431e-03	-2.51297012124674e-04	7.69045404398172e-01	-7.17823854446797e-03	-2.80137914214551e-04
7.75606991876467e-01	-8.07557277607363e-03	-3.14181702351091e-04	7.82275686564233e-01	-9.09020977287955e-03	-3.54749424403611e-04
7.89067060488752e-01	-1.02459163467571e-02	-4.03602660377755e-04	7.95999449091683e-01	-1.15731268213166e-02	-4.63133143916883e-04
8.03094687157304e-01	-1.31114006403673e-02	-5.36654323316510e-04	8.10379110051169e-01	-1.49130474951709e-02	-6.28851562875621e-04
8.17884945027024e-01	-1.70485641451991e-02	-7.46530123511890e-04	8.25652291835990e-01	-1.96151148914000e-02	-8.99832400509171e-04
8.33732022386273e-01	-2.27500363287249e-02	-1.10440864337424e-03	8.42190166886183e-01	-2.66533386008280e-02	-1.38531958934229e-03
8.51114810887794e-01	-3.16266822402811e-02	-1.78453287064317e-03	8.60627457821075e-01	-3.81444865854706e-02	-2.37605966542720e-03
8.70902846747930e-01	-4.69914663753027e-02	-3.29846142150370e-03	8.82206068073019e-01	-5.95485845634879e-02	-4.82783322480573e-03
8.94968697936174e-01	-7.84430064355982e-02	-7.53600648416364e-03	9.09964665870130e-01	-1.09243099595029e-01	-1.24138184575042e-02
9.28784453822537e-01	-1.66353186808944e-01	-1.68948716378841e-02	9.55343864203108e-01	-2.73370747068303e-01	1.38675217300398e-02
1.00000000000000e+00	0.00000000000000e+00	0.00000000000000e+00
121	1.00000000000000e+05	2.83571428571429e-01
0.00000000000000e+00	7.01695115869216e-03	-6.13319112341415e-06	1.20722863384585e-02	6.94985765450018e-03	-6.18949288244686e-06
2.39779300029997e-02	6.88345038848492e-03	-6.29662200135606e-06	3.57207906189474e-02	6.81763192276796e-03	-6.40655055295092e-06
4.73046187362305e-02	6.75237729837663e-03	-6.51937708884276e-06	5.87330596317998e-02	6.68766182119929e-03	-6.63520407817586e-06
7.00096572318551e-02	6.62346103229328e-03	-6.75413910000700e-06	8.11378578702663e-02	6.55975067459891e-03	-6.87629359497066e-06
9.21210138916110e-02	6.49650666478618e-03	-7.00178496026993e-06	1.02962387106758e-01	6.43370506094665e-03	-7.13073595370872e-06
1.13665152108526e-01	6.37132202959600e-03	-7.26327376110447e-06	1.24232399454538e-01	6.30933381950083e-03	-7.39953364536916e-06
1.34667138723980e-01	6.24771672337210e-03	-7.53965492905628e-06	1.44972301454694e-01	6.18644705322735e-03	-7.68378612314713e-06
1.55150743966614e-01	6.12550109991461e-03	-7.83208013133141e-06	1.65205250077343e-01	6.06485510662114e-03	-7.98469892426823e-06
1.75138533715295e-01	6.00448523267194e-03	-8.14181239428002e-06	1.84953241435607e-01	5.94436751892413e-03	-8.30359880077403e-06
1.94651954843785e-01	5.88447784917978e-03	-8.47024328165524e-06	2.04237192931775e-01	5.82479192268126e-03	-8.64194421268394e-06
2.13711414330934e-01	5.76528520451025e-03	-8.81890610648917e-06	2.23077019486248e-01	5.70593289876609e-03	-9.00134809933562e-06
2.32336352755824e-01	5.64670989382821e-03	-9.18949541861558e-06	2.41491704439672e-01	5.58759073540016e-03	-9.38358985425047e-06
2.50545312741436e-01	5.52854957290005e-03	-9.58388423133449e-06	2.59499365666788e-01	5.46956011567712e-03	-9.79064456063661e-06
2.68356002861899e-01	5.41059558605173e-03	-1.00041515824767e-05	2.77117317395374e-01	5.35162867194638e-03	-1.02247036244396e-05
2.85785357486850e-01	5.29263146312497e-03	-1.04526106581293e-05	2.94362128185454e-01	5.23357540635483e-03	-1.06882024577537e-05
3.02849593001080e-01	5.17443125029526e-03	-1.09318321777074e-05	3.11249675491471e-01	5.11516896335373e-03	-1.11838648269025e-05
3.19564260808047e-01	5.05575768562205e-03	-1.14446901859910e-05	3.27795197203192e-01	4.99616566041716e-03	-1.17147252693961e-05
3.35944297501820e-01	4.93636014478338e-03	-1.19944061924837e-05	3.44013340539967e-01	4.87630733975819e-03	-1.22841960439324e-05
3.52004072573056e-01	4.81597230753761e-03	-1.25845878222730e-05	3.59918208656511e-01	4.75531887836156e-03	-1.28961046084175e-05
3.67757434001383e-01	4.69430955117200e-03	-1.32192999602321e-05	3.75523405307666e-01	4.63290539280936e-03	-1.35547619795062e-05
3.83217752077935e-01	4.57106594180257e-03	-1.39031254178246e-05	3.90842077913986e-01	4.50874906096410e-03	-1.42650562360291e-05
3.98397961799310e-01	4.44591081305257e-03	-1.46412572104015e-05	4.05886959370111e-01	4.38250537645213e-03	-1.50325060486178e-05
4.13310604177591e-01	4.31848479795405e-03	-1.54395954679032e-05	4.20670408944810e-01	4.25379892490252e-03	-1.58633974629563e-05
4.27967866820696e-01	4.18839520199676e-03	-1.63048487782369e-05	4.35204452634638e-01	4.12221843538840e-03	-1.67649249778190e-05
4.42381624155028e-01	4.05521065695624e-03	-1.72446902695356e-05	4.49500823354918e-01	3.98731087545490e-03	-1.77452858565186e-05
4.56563477688664e-01	3.91845482898168e-03	-1.82679323157409e-05	4.63571001383396e-01	3.84857472759159e-03	-1.88139401757770e-05
4.70524796749379e-01	3.77759896813501e-03	-1.93847186136242e-05	4.77426255513710e-01	3.70545182248705e-03	-1.99817847990058e-05
4.84276760182044e-01	3.63205310022829e-03	-2.06067765704532e-05	4.91077685433468e-01	3.55731778267243e-03	-2.12614686740942e-05
4.97830399554017e-01	3.48115556604189e-03	-2.19477545868596e-05	5.04536265914955e-01	3.40347044170830e-03	-2.26676801282633e-05
5.11196644502188e-01	3.32416029078564e-03	-2.34235173670605e-05	5.17812893503826e-01	3.24311616139661e-03	-2.42176661657822e-05
5.24386370964331e-01	3.16022174806041e-03	-2.50527264598066e-05	5.30918436513357e-01	3.07535288744987e-03	-2.59316249926478e-05
5.37410453178635e-01	2.98837641733574e-03	-2.68573751429635e-05	5.43863789294737e-01	2.89914990857332e-03	-2.78334629955079e-05
5.50279820517449e-01	2.80752020661490e-03	-2.88635176506347e-05	5.56659931959188e-01	2.71332280231884e-03	-2.99515951904805e-05
5.63005520458218e-01	2.61638067424297e-03	-3.11021976959758e-05	5.69317996998914e-01	2.51650267260839e-03	-3.23200836171988e-05
5.75598789302305e-01	2.41348259388952e-03	-3.36106358149735e-05	5.81849344605970e-01	2.30709738754098e-03	-3.49797805678786e-05
5.88071132658299e-01	2.19710526948536e-03	-3.64339825755788e-05	5.94265648953637e-01	2.08324380144131e-03	-3.79803754622099e-05
6.00434418238337e-01	1.96522773657382e-03	-3.96269209561595e-05	6.06578998322301e-01	1.84274635691839e-03	-4.13824443457056e-05
6.12700984236107e-01	1.71546056348926e-03	-4.32567509172088e-05	6.18802012779008e-01	1.58299957286445e-03	-4.52607667662530e-05
6.24883767510173e-01	1.44495714247772e-03	-4.74066996636324e-05	6.30947984243627e-01	1.30088724778954e-03	-4.97082253183567e-05
6.36996457116990e-01	1.15029911731179e-03	-5.21807040587685e-05	6.43031045315446e-01	9.92651515738796e-04	-5.48414361511984e-05
6.49053680546026e-01	8.27346137135310e-04	-5.77099619343269e-05	6.55066375373509e-01	6.53719945139741e-04	-6.08084171602741e-05
6.61071232548856e-01	4.71036261584956e-04	-6.41619561185802e-05	6.67070455484704e-01	2.78474361624870e-04	-6.77992586894938e-05
6.73066360061149e-01	7.51172744146711e-05	-7.17531389329285e-05	6.79061387980020e-01	-1.40062579195965e-04	-7.60612792944926e-05
6.85058121928776e-01	-3.68220367500394e-04	-8.07671222304851e-05	6.91059302867998e-01	-6.10659021487714e-04	-8.59209560204466e-05
6.97067849822042e-01	-8.68853312486872e-04	-9.15812485968726e-05	7.03086882634213e-01	-1.14447874272294e-03	-9.78162925178161e-05
7.09119748250496e-01	-1.43944640033855e-03	-1.04706246859987e-04	7.15170051225775e-01	-1.75594525298328e-03	-1.12345690247206e-04
7.21241689311812e-01	-2.09649378906596e-03	-1.20846833230104e-04	7.27338895198540e-01	-2.46400348162978e-03	-1.30343596257187e-04
7.33466285754938e-01	-2.86185731090538e-03	-1.40996842370678e-04	7.39628920474424e-01	-3.29400759668053e-03	-1.53001186124602e-04
7.45832371302437e-01	-3.76509874163078e-03	-1.66594021578037e-04	7.52082806653249e-01	-4.28062396754803e-03	-1.82066664173863e-04
7.58387093273584e-01	-4.84712626686901e-03	-1.99778971953446e-04	7.64752920765068e-01	-5.47245179477462e-03	-2.20183367752202e-04
7.71188955157918e-01	-6.16609260431755e-03	-2.43849758960524e-04	7.77705030193699e-01	-6.93963110955076e-03	-2.71506195865134e-04
7.84312388109643e-01	-7.80733709431702e-03	-3.04095058965004e-04	7.91023986314704e-01	-8.78697921663751e-03	-3.42853451819058e-04
7.97854893086485e-01	-9.90095369530897e-03	-3.89424972312868e-04	8.04822805559589e-01	-1.11778541597565e-02	-4.46037325909643e-04
8.11948738774254e-01	-1.26547323282585e-02	-5.15764878612268e-04	8.19257959084218e-01	-1.43804118117439e-02	-6.02936868709492e-04
8.26781274869247e-01	-1.64204365709799e-02	-7.13811121315411e-04	8.34556863749401e-01	-1.88647357484713e-02	-8.57673386179147e-04
8.42632930622297e-01	-2.18397853264916e-02	-1.04876717827862e-03	8.51071698740653e-01	-2.55287021668053e-02	-1.30976721816212e-03
8.59955631328331e-01	-3.02058311446023e-02	-1.67838447842961e-03	8.69397576475659e-01	-3.62992704320304e-02	-2.22067360946476e-03
8.79558242910087e-01	-4.45107084713420e-02	-3.05956428164711e-03	8.90678436014426e-01	-5.60618574491107e-02	-4.43979546607154e-03
9.03143947113486e-01	-7.32472875702728e-02	-6.87858754218840e-03	9.17631985151728e-01	-1.00841439868350e-01	-1.14167982801980e-02
9.35495693892512e-01	-1.50799435348156e-01	-1.78471563143581e-02	9.59976711099758e-01	-2.56426870580752e-01	5.30917978691881e-03
1.00000000000000e+00	0.00000000000000e+00	0.00000000000000e+00
121	1.00000000000000e+05	3.54214285714286e-01
0.00000000000000e+00	6.98069431720727e-03	-6.06521596924203e-06	1.21903247034000e-02	6.91430210964983e-03	-6.12196221450034e-06
2.42132323229886e-02	6.84858326036153e-03	-6.22763364810375e-06	3.60725805835035e-02	6.78344361020367e-03	-6.33605986610775e-06
4.77721187467619e-02	6.71885867967603e-03	-6.44733691568256e-06	5.93154913792888e-02	6.65480424707776e-03	-6.56156564460275e-06
7.07062422339026e-02	6.59125631705448e-03	-6.67885118144085e-06	8.19478179700411e-02	6.52819109138147e-03	-6.79930380953486e-06
9.30435717210583e-02	6.46558493692440e-03	-6.92303798444094e-06	1.03996766516294e-01	6.40341435775071e-03	-7.05017410029818e-06
1.14810578565270e-01	6.34165596315861e-03	-7.18083768891375e-06	1.25488100411001e-01	6.28028643716227e-03	-7.31515973173558e-06
1.36032343959037e-01	6.21928251196024e-03	-7.45327974871479e-06	1.46446243388467e-01	6.15862092661312e-03	-7.59533959149294e-06
1.56732657950902e-01	6.09827840811672e-03	-7.74149207516395e-06	1.66894374662995e-01	6.03823162999451e-03	-7.89189544403435e-06
1.76934110897929e-01	5.97845718216883e-03	-8.04671561982495e-06	1.86854516880952e-01	5.91893153795287e-03	-8.20612712271185e-06
1.96658178093816e-01	5.85963101772569e-03	-8.37031246003761e-06	2.06347617592753e-01	5.80053175583961e-03	-8.53946430101615e-06
2.15925298244403e-01	5.74160966433857e-03	-8.71378635403097e-06	2.25393624883909e-01	5.68284038505573e-03	-8.89348764254727e-06
2.34754946399256e-01	5.62419926739977e-03	-9.07879428724279e-06	2.44011557745618e-01	5.56566131380021e-03	-9.26994148930937e-06
2.53165701893538e-01	5.50720113833236e-03	-9.46717521221885e-06	2.62219571714421e-01	5.44879292824230e-03	-9.67075699498388e-06
2.71175311806787e-01	5.39041039287769e-03	-9.88096206122613e-06	2.80035020266577e-01	5.33202671614452e-03	-1.00980812567375e-05
2.88800750404718e-01	5.27361450022412e-03	-1.03224190479700e-05	2.97474512415022e-01	5.21514571479798e-03	-1.05542969321970e-05
3.06058274995404e-01	5.15659165298765e-03	-1.07940631648429e-05	3.14553966925300e-01	5.09792283102528e-03	-1.10420684731327e-05
3.22963478602268e-01	5.03910898324866e-03	-1.12987056104519e-05	3.31288663540281e-01	4.98011893044414e-03	-1.15643698905821e-05
3.39531339832763e-01	4.92092055602478e-03	-1.18394921635456e-05	3.47693291582764e-01	4.86148070896975e-03	-1.21245276569759e-05
3.55776270303089e-01	4.80176511983132e-03	-1.24199567135275e-05	3.63781996288979e-01	4.74173831725766e-03	-1.27262896172375e-05
3.71712159965927e-01	4.68136353331539e-03	-1.30440682770683e-05	3.79568423215286e-01	4.62060260216002e-03	-1.33738681231677e-05
3.87352420680272e-01	4.55941585573227e-03	-1.37163029894083e-05	3.95065761055026e-01	4.49776201505125e-03	-1.40720325199073e-05
4.02710028359399e-01	4.43559802502880e-03	-1.44417389913443e-05	4.10286783202335e-01	4.37287898376493e-03	-1.48261717298759e-05
4.17797564036389e-01	4.30955795481647e-03	-1.52261228576478e-05	4.25243888406533e-01	4.24558581532497e-03	-1.56424341364314e-05
4.32627254196118e-01	4.18091108946261e-03	-1.60760028558027e-05	4.39949140873098e-01	4.11547980626525e-03	-1.65278130384028e-05
4.47211010739656e-01	4.04923521054212e-03	-1.69988817888544e-05	4.54414310188956e-01	3.98211763298351e-03	-1.74903204817056e-05
4.61560470972177e-01	3.91406422930141e-03	-1.80033236765187e-05	4.68650911479892e-01	3.84500871414484e-03	-1.85391687343994e-05
4.75687038041781e-01	3.77488109085822e-03	-1.90992283832792e-05	4.82670246248973e-01	3.70360734954867e-03	-1.96849799936061e-05
4.89601922303645e-01	3.63110913590536e-03	-2.02980151196019e-05	4.96483444400865e-01	3.55730338889426e-03	-2.09400502089174e-05
5.03316184148104e-01	3.48210194876253e-03	-2.16129418673106e-05	5.10101508028235e-01	3.40541113278459e-03	-2.23187077910136e-05
5.16840778912405e-01	3.32713119988437e-03	-2.30595050316751e-05	5.23535357629929e-01	3.24715585134161e-03	-2.38376651915395e-05
5.30186604602664e-01	3.16537176471954e-03	-2.46557887586540e-05	5.36795881552111e-01	3.08165773007030e-03	-2.55166218159353e-05
5.43364553289300e-01	2.99588406614859e-03	-2.64231629913958e-05	5.49893989597020e-01	2.90791195097428e-03	-2.73787679410109e-05
5.56385567215861e-01	2.81759217455035e-03	-2.83869362243117e-05	5.62840671947905e-01	2.72476468180094e-03	-2.94516836534253e-05
5.69260700890409e-01	2.62925697645278e-03	-3.05772465869492e-05	5.75647064817662e-01	2.53088322486295e-03	-3.17683327881735e-05
5.82001190727220e-01	2.42944295287106e-03	-3.30302065159049e-05	5.88324524571282e-01	2.32471906768161e-03	-3.43684456300952e-05
5.94618534197150e-01	2.21647671572200e-03	-3.57893790483566e-05	6.00884712520537e-01	2.10446111271834e-03	-3.73000010225333e-05
6.07124580962795e-01	1.98839519777638e-03	-3.89079437161932e-05	6.13339693185493e-01	1.86797735261224e-03	-4.06216937420822e-05
6.19531639159928e-01	1.74287868000711e-03	-4.24507520875306e-05	6.25702049615732e-01	1.61273970692655e-03	-4.44056860808839e-05
6.31852600919506e-01	1.47716676514986e-03	-4.64982842720563e-05	6.37985020441527e-01	1.33572784819402e-03	-4.87417349785968e-05
6.44101092478046e-01	1.18794784520593e-03	-5.11508265699234e-05	6.50202664807580e-01	1.03330312067640e-03	-5.37422253898967e-05
6.56291655972475e-01	8.71215173852802e-04	-5.65347478727052e-05	6.62370063392798e-01	7.01043306845062e-04	-5.95496915256621e-05
6.68439972438158e-01	5.22076118065318e-04	-6.28112395675284e-05	6.74503566605517e-01	3.33521575032858e-04	-6.63469428534569e-05
6.80563138978420e-01	1.34495387585698e-04	-7.01882989067037e-05	6.86621105176281e-01	-7.59926697417868e-05	-7.43714480275770e-05
6.92680018043112e-01	-2.99054911437335e-04	-7.89380185728383e-05	6.98742584375140e-01	-5.35944910695196e-04	-8.39361557301022e-05
7.04811684048833e-01	-7.88080353984033e-04	-8.94217833267152e-05	7.10890391988096e-01	-1.05707042700032e-03	-9.54601611882211e-05
7.16982003506256e-01	-1.34474881454538e-03	-1.02127814877617e-04	7.23090063680721e-01	-1.65321376895444e-03	-1.09514892881135e-04
7.29218401573728e-01	-1.98487684395154e-03	-1.17728211283641e-04	7.35371170311315e-01	-2.34252270501845e-03	-1.26895106923985e-04
7.41552894289937e-01	-2.72938301502235e-03	-1.37168373130381e-04	7.47768525115059e-01	-3.14922822170016e-03	-1.48732745967717e-04
7.54023508316176e-01	-3.60648322772616e-03	-1.61813004802669e-04	7.60323863469200e-01	-4.10637538541125e-03	-1.76683550967338e-04
7.66676281145544e-01	-4.65511728326840e-03	-1.93685355673878e-04	7.73088241159161e-01	-5.26014917936790e-03	-2.13244187807105e-04
7.79568158074907e-01	-5.93045754723842e-03	-2.35893888481886e-04	7.86125561985292e-01	-6.67697878671092e-03	-2.62319773893127e-04
7.92771325423525e-01	-7.51316450724837e-03	-2.93401860757880e-04	7.99517951535421e-01	-8.45572431775099e-03	-3.30292675460697e-04
8.06379944658215e-01	-9.52565871682931e-03	-3.74522977106606e-04	8.13374293651441e-01	-1.07497076400359e-02	-4.28157110726080e-04
8.20521112276366e-01	-1.21624122772871e-02	-4.94032672951006e-04	8.27844502764543e-01	-1.38091158681085e-02	-5.76137115160691e-04
8.35373743891071e-01	-1.57504675399895e-02	-6.80195658026239e-04	8.43144963340465e-01	-1.80692853424143e-02	-8.14678199288155e-04
8.51203554490301e-01	-2.08814719186035e-02	-9.92492729866568e-04	8.59607778029496e-01	-2.43538607024021e-02	-1.23406621660349e-03
8.68434327112370e-01	-2.87347273182932e-02	-1.57315460344143e-03	8.77787307775606e-01	-3.44084998876064e-02	-2.06848588440889e-03
8.87813516788961e-01	-4.19996672205242e-02	-2.82867184027236e-03	8.98730198216938e-01	-5.25841703545583e-02	-4.06944649439533e-03
9.10879876037750e-01	-6.81577752660861e-02	-6.25264176340901e-03	9.24851241936781e-01	-9.28030294614417e-02	-1.03949341723841e-02
9.41788022323876e-01	-1.36378801580369e-01	-1.76921292267740e-02	9.64345549095424e-01	-2.33094321670701e-01	-5.77330270131915e-03
1.00000000000000e+00	0.00000000000000e+00	0.00000000000000e+00
121	1.00000000000000e+05	4.24857142857143e-01
0.00000000000000e+00	6.94375876896158e-03	-5.98804085649718e-06	1.23050482817180e-02	6.87810220082241e-03	-6.04492798106371e-06
2.44419826212020e-02	6.81310638375865e-03	-6.14895129635862e-06	3.64146558984270e-02	6.74868027949804e-03	-6.25567856293863e-06
4.82268132389383e-02	6.68479991105353e-03	-6.36520430519205e-06	5.98820957419648e-02	6.62144155026101e-03	-6.47762720507039e-06
7.13840443172778e-02	6.55858168722911e-03	-6.59304960981544e-06	8.27361033634947e-02	6.49619700388149e-03	-6.71157964604596e-06
9.39416242958768e-02	6.43426434209182e-03	-6.83332978534956e-06	1.05003868931262e-01	6.37276067464865e-03	-6.95841730813385e-06
1.15926012737339e-01	6.31166307700459e-03	-7.08696537943254e-06	1.26711147953089e-01	6.25094869594589e-03	-7.21910226331168e-06
1.37362286586882e-01	6.19059472138117e-03	-7.35496279014036e-06	1.47882363298356e-01	6.13057835635389e-03	-7.49468891525495e-06
1.58274238169911e-01	6.07087678186669e-03	-7.63842726736463e-06	1.68540699373363e-01	6.01146713090839e-03	-7.78633304476806e-06
1.78684465736998e-01	5.95232645466326e-03	-7.93856929748316e-06	1.88708189218039e-01	5.89343168789114e-03	-8.09530620582422e-06
1.98614457285316e-01	5.83475961654067e-03	-8.25672240978292e-06	2.08405795216640e-01	5.77628684334419e-03	-8.42300570136345e-06
2.18084668315259e-01	5.71798975477700e-03	-8.59435534406039e-06	2.27653484049490e-01	5.65984447290702e-03	-8.77097550855410e-06
2.37114594119572e-01	5.60182683631605e-03	-8.95308837622899e-06	2.46470296455410e-01	5.54391233654861e-03	-9.14091959813845e-06
2.55722837148999e-01	5.48607609947194e-03	-9.33471385700102e-06	2.64874412324877e-01	5.42829282577761e-03	-9.53472531528554e-06
2.73927169952089e-01	5.37053675084009e-03	-9.74122194041804e-06	2.82883211600850e-01	5.31278159786419e-03	-9.95448699003809e-06
2.91744594147045e-01	5.25500052561978e-03	-1.01748186525086e-05	3.00513331427608e-01	5.19716607589094e-03	-1.04025313067968e-05
3.09191395849725e-01	5.13925012516125e-03	-1.06379614581709e-05	3.17780719956695e-01	5.08122380878673e-03	-1.08814580950245e-05
3.26283197953314e-01	5.02305747401177e-03	-1.11333939951663e-05	3.34700687193420e-01	4.96472060661346e-03	-1.13941625472513e-05
3.43035009632341e-01	4.90618177018809e-03	-1.16641855369970e-05	3.51287953246845e-01	4.84740850589338e-03	-1.19438984615972e-05
3.59461273425281e-01	4.78836728502330e-03	-1.22337732737510e-05	3.67556694330353e-01	4.72902340489778e-03	-1.25343081400775e-05
3.75575910237227e-01	4.66934089970539e-03	-1.28460308501666e-05	3.83520586849496e-01	4.60928244460135e-03	-1.31695022078659e-05
3.91392362595586e-01	4.54880925159884e-03	-1.35053188641265e-05	3.99192849908206e-01	4.48788096164932e-03	-1.38541188945407e-05
4.06923636489486e-01	4.42645551689735e-03	-1.42165802545779e-05	4.14586286564505e-01	4.36448901280984e-03	-1.45934124935465e-05
4.22182342126010e-01	4.30193562304981e-03	-1.49854023872020e-05	4.29713324172927e-01	4.23874735470608e-03	-1.53933572699660e-05
4.37180733945993e-01	4.17487397479421e-03	-1.58181676546132e-05	4.44586054163101e-01	4.11026274632365e-03	-1.62607555169725e-05
4.51930750257944e-01	4.04485834573198e-03	-1.67221502933579e-05	4.59216271624821e-01	3.97860252530458e-03	-1.72034105323515e-05
4.66444052873675e-01	3.91143398463800e-03	-1.77056935135589e-05	4.73615515098534e-01	3.84328810038870e-03	-1.82302464284412e-05
4.80732067163577e-01	3.77409664050443e-03	-1.87784025096338e-05	4.87795107011031e-01	3.70378748063049e-03	-1.93515952684464e-05
4.94806022995346e-01	3.63228428719942e-03	-1.99513695922082e-05	5.01766195248530e-01	3.55950616695933e-03	-2.05793916143726e-05
5.08676997081905e-01	3.48536728163262e-03	-2.12374588386410e-05	5.15539796429991e-01	3.40977642787332e-03	-2.19275132733454e-05
5.22355957342739e-01	3.33263658191951e-03	-2.26516601777860e-05	5.29126841532856e-01	3.25384440576082e-03	-2.34121937527920e-05
5.35853809985680e-01	3.17328962337049e-03	-2.42115739506055e-05	5.42538224639944e-01	3.09085442058321e-03	-2.50524590517109e-05
5.49181450148302e-01	3.00641291043968e-03	-2.59378264595433e-05	5.55784855727296e-01	2.91983010821095e-03	-2.68708241746296e-05
5.62349817108798e-01	2.83096125717042e-03	-2.78549094052671e-05	5.68877718604334e-01	2.73965098034035e-03	-2.88939388419784e-05
5.75369955296242e-01	2.64573188633621e-03	-2.99919757147382e-05	5.81827935372068e-01	2.54902390657619e-03	-3.11536602686235e-05
5.88253082617694e-01	2.44933249989954e-03	-3.23839342304399e-05	5.94646839090844e-01	2.34644748013579e-03	-3.36882833011920e-05
6.01010667995356e-01	2.24014147829732e-03	-3.50728660003519e-05	6.07346056781530e-01	2.13016756336271e-03	-3.65442340730660e-05
6.13654520502239e-01	2.01625782977910e-03	-3.81098539272706e-05	6.19937605454530e-01	1.89812072800821e-03	-3.97779939755871e-05
6.26196893145571e-01	1.77543816476278e-03	-4.15576817811569e-05	6.32434004624984e-01	1.64786281724205e-03	-4.34590593150208e-05
6.38650605230841e-01	1.51501463129167e-03	-4.54935009746027e-05	6.44848409805980e-01	1.37647675215447e-03	-4.76737076664513e-05
6.51029188449419e-01	1.23179096384596e-03	-5.00138870773714e-05	6.57194772877671e-01	1.08045247598176e-03	-5.25299859615025e-05
6.63347063483230e-01	9.21904045492639e-04	-5.52400531548258e-05	6.69488037191983e-01	7.55528932457228e-04	-5.81645078479021e-05
6.75619756239722e-01	5.80642800277698e-04	-6.13265133597718e-05	6.81744378008662e-01	3.96484293716970e-04	-6.47524365020580e-05
6.87864166090731e-01	2.02204010288254e-04	-6.84723960122646e-05	6.93981502775837e-01	-3.14846497906363e-06	-7.25209181970943e-05
7.00098903201630e-01	-2.20639898788844e-04	-7.69377036193841e-05	7.06219031448528e-01	-4.51471472086462e-04	-8.17686397140971e-05
7.12344718921678e-01	-6.97000371899348e-04	-8.70669852004458e-05	7.18478985434340e-01	-9.58765648277238e-04	-9.28948194882651e-05
7.24625063497720e-01	-1.23851929487284e-03	-9.93248607681352e-05	7.30786426436363e-01	-1.53826383954725e-03	-1.06442746976354e-04
7.36966821093093e-01	-1.86029814311672e-03	-1.14349876368047e-04	7.43170306072780e-01	-2.20727402784648e-03	-1.23166659899310e-04
7.49401296713879e-01	-2.58226505346137e-03	-1.33037403629688e-04	7.55664618283790e-01	-2.98885209089117e-03	-1.44136507449710e-04
7.61965569302964e-01	-3.43123107317378e-03	-1.56676119681398e-04	7.68309997442686e-01	-3.91435209597002e-03	-1.70914173036385e-04
7.74704391168850e-01	-4.44408790302697e-03	-1.87171005791464e-04	7.81155991258351e-01	-5.02746009391541e-03	-2.05845253034909e-04
7.87672927688868e-01	-5.67293116129453e-03	-2.27437026167676e-04	7.94264389246941e-01	-6.39078239577917e-03	-2.52584182509619e-04
8.00940835816967e-01	-7.19362528894951e-03	-2.82107673002407e-04	8.07714267106472e-01	-8.09709291209315e-03	-3.17075869985528e-04
8.14598567045749e-01	-9.12077769616793e-03	-3.58905069865134e-04	8.21609951244824e-01	-1.02895524765790e-02	-4.09499227278953e-04
8.28767557347936e-01	-1.16354402996778e-02	-4.71466846468038e-04	8.36094237406499e-01	-1.32003307092416e-02	-5.48455684817650e-04
8.43617642292447e-01	-1.50400214386682e-02	-6.45683311333523e-04	8.51371739081962e-01	-1.72303637773572e-02	-7.70827317492451e-04
8.59398989112771e-01	-1.98769595108742e-02	-9.35527491731980e-04	8.67753568690013e-01	-2.31309216635762e-02	-1.15809423970492e-03
8.76506300949632e-01	-2.72156345118032e-02	-1.46857761887187e-03	8.85752530364961e-01	-3.24742931732310e-02	-1.91890742225165e-03
8.95625350591630e-01	-3.94594196482463e-02	-2.60448732896723e-03	9.06319271045610e-01	-4.91130280060915e-02	-3.71410115509940e-03
9.18136096104079e-01	-6.31610415666636e-02	-5.65468974353855e-03	9.31583732280833e-01	-8.50773957311057e-02	-9.37251772538117e-03
9.47621603696956e-01	-1.22963036874777e-01	-1.67700988325450e-02	9.68401938080841e-01	-2.06230610928287e-01	-1.64819371150595e-02
1.00000000000000e+00	0.00000000000000e+00	0.00000000000000e+00
83	1.00000000000000e+05	4.95500000000000e-01
0.00000000000000e+00	1.01066688713443e-02	-1.26262200716987e-05	1.81124077183384e-02	9.96809133532128e-03	-1.29128558394864e-05
3.58672884456834e-02	9.83135396194990e-03	-1.32408257185190e-05	5.32764602179500e-02	9.69630482975670e-03	-1.35814341744034e-05
7.03512662657051e-02	9.56283761712373e-03	-1.39353383901142e-05	8.71026000156655e-02	9.43084735558619e-03	-1.43032392634357e-05
1.03540928860541e-01	9.30023014796988e-03	-1.46858831813201e-05	1.19676316538562e-01	9.17088289277013e-03	-1.50840684705056e-05
1.35518444223659e-01	9.04270299800758e-03	-1.54986468261509e-05	1.51076630419687e-01	8.91558809984505e-03	-1.59305306954849e-05
1.66359849745026e-01	8.78943576522295e-03	-1.63806945023826e-05	1.81376750687690e-01	8.66414319916098e-03	-1.68501841932844e-05
1.96135672405230e-01	8.53960693345224e-03	-1.73401215273206e-05	2.10644660638629e-01	8.41572250270639e-03	-1.78517084241658e-05
2.24911482804689e-01	8.29238411885136e-03	-1.83862399332213e-05	2.38943642327058e-01	8.16948431106401e-03	-1.89451065066848e-05
2.52748392262404e-01	8.04691356028053e-03	-1.95298059981752e-05	2.66332748274661e-01	7.92455990736984e-03	-2.01419540790670e-05
2.79703501007262e-01	7.80230853293640e-03	-2.07832940608554e-05	2.92867227900559e-01	7.68004131189781e-03	-2.14557106466007e-05
3.05830304499215e-01	7.55763632849882e-03	-2.21612412887318e-05	3.18598915292264e-01	7.43496735846216e-03	-2.29020926034718e-05
3.31179064126724e-01	7.31190331489051e-03	-2.36806631670472e-05	3.43576584234144e-01	7.18830761497080e-03	-2.44995495315425e-05
3.55797147908378e-01	7.06403753851026e-03	-2.53615850880351e-05	3.67846275871679e-01	6.93894347254620e-03	-2.62698497681679e-05
3.79729346365956e-01	6.81286811661197e-03	-2.72277039832236e-05	3.91451604005387e-01	6.68564559336349e-03	-2.82388184065230e-05
4.03018168426796e-01	6.55710048331226e-03	-2.93072193247035e-05	4.14434042774358e-01	6.42704668902505e-03	-3.04372983770396e-05
4.25704122056321e-01	6.29528628899512e-03	-3.16338992336629e-05	4.36833201411809e-01	6.16160813855204e-03	-3.29023384599836e-05
4.47825984328209e-01	6.02578637318940e-03	-3.42484740014637e-05	4.58687090851088e-01	5.88757871202250e-03	-3.56787723132523e-05
4.69421065831501e-01	5.74672455074721e-03	-3.72003866604409e-05	4.80032387258795e-01	5.60294283499663e-03	-3.88212634232499e-05
4.90525474731005e-01	5.45592952860785e-03	-4.05501841616029e-05	5.00904698120432e-01	5.30535500730767e-03	-4.23969874070451e-05
5.11174386496664e-01	5.15086074493620e-03	-4.43726008156897e-05	5.21338837378555e-01	4.99205582159634e-03	-4.64892691987018e-05
5.31402326393401e-01	4.82851278505048e-03	-4.87607301740134e-05	5.41369117433335e-01	4.65976290218717e-03	-5.12024254397669e-05
5.51243473411204e-01	4.48529071805859e-03	-5.38317721521242e-05	5.61029667733314e-01	4.30452775745627e-03	-5.66684818379404e-05
5.70731996624952e-01	4.11684511262522e-03	-5.97348752939819e-05	5.80354792467155e-01	3.92154501744879e-03	-6.30563987478183e-05
5.89902438329360e-01	3.71785084383158e-03	-6.66621474505469e-05	5.99379383916564e-01	3.50489513126018e-03	-7.05853562923409e-05
6.08790163190446e-01	3.28170609225986e-03	-7.48644100843077e-05	6.18139413971101e-01	3.04719086499494e-03	-7.95435784310961e-05
6.27431899891595e-01	2.80011595824869e-03	-8.46741797293493e-05	6.36672535151060e-01	2.53908402355285e-03	-9.03161364962379e-05
6.45866412608342e-01	2.26250540745743e-03	-9.65395806309388e-05	6.55018835880902e-01	1.96856398868173e-03	-1.03427043890214e-04
6.64135356264853e-01	1.65517556958905e-03	-1.11076213142658e-04	6.73221815488313e-01	1.31993685823506e-03	-1.19603413903713e-04
6.82284395562344e-01	9.60062409883999e-04	-1.29148004354374e-04	6.91329677321235e-01	5.72306252501820e-04	-1.39878063785570e-04
7.00364709672620e-01	1.52863652696844e-04	-1.51997790340141e-04	7.09397092145861e-01	-3.02753069670203e-04	-1.65757213595574e-04
7.18435074086777e-01	-7.99872973944016e-04	-1.81465090452360e-04	7.27487674874603e-01	-1.34487063556077e-03	-1.99506232318569e-04
7.36564830945144e-01	-1.94543201131714e-03	-2.20365092092889e-04	7.45677577359067e-01	-2.61090475670989e-03	-2.44658342147153e-04
7.54838274408808e-01	-3.35276568822152e-03	-2.73180622895275e-04	7.64060893701138e-01	-4.18525376637968e-03	-3.06969629315423e-04
7.73361383900545e-01	-5.12624096597447e-03	-3.47400243055684e-04	7.82758144860173e-01	-6.19844645615986e-03	-3.96326782161172e-04
7.92272651820928e-01	-7.43117398602133e-03	-4.56294633748300e-04	8.01930291557620e-01	-8.86283396849119e-03	-5.30876182542661e-04
8.11761504552728e-01	-1.05447150795736e-02	-6.25205096942860e-04	8.21803380464874e-01	-1.25467574454088e-02	-7.46873590929731e-04
8.32101944844708e-01	-1.49666982496239e-02	-9.07481660227694e-04	8.42715536445187e-01	-1.79450815303267e-02	-1.12545417121712e-03
8.53719975307879e-01	-2.16909644093940e-02	-1.43145957535640e-03	8.65216815254382e-01	-2.65282548907004e-02	-1.87954104339338e-03
8.77347227316463e-01	-3.29844587028713e-02	-2.57198150263638e-03	8.90316936053544e-01	-4.19737298945672e-02	-3.72097023818618e-03
9.04444966866783e-01	-5.52106819837549e-02	-5.82359015726608e-03	9.20270471032171e-01	-7.62590106917951e-02	-1.02542982363059e-02
9.38828310198319e-01	-1.13639798896358e-01	-2.17235315915276e-02	9.62565113934589e-01	-2.01302960865871e-01	-4.94147470904291e-02
1.00000000000000e+00	0.00000000000000e+00	0.00000000000000e+00
95	1.00000000000000e+05	5.66142857142857e-01
0.00000000000000e+00	8.76786826237708e-03	-9.45119631290403e-06	1.59568960913424e-02	8.66360289736789e-03	-9.62341939003686e-06
3.16396794722006e-02	8.56056784456771e-03	-9.83479130423071e-06	4.70562355669402e-02	8.45865322011052e-03	-1.00531981350738e-05
6.22141734105995e-02	8.35779859159969e-03	-1.02789547475890e-05	7.71208382237276e-02	8.25794424329618e-03	-1.05123948506147e-05
9.17833235810386e-02	8.15903105434335e-03	-1.07538705407251e-05	1.06208482955572e-01	8.06100038164148e-03	-1.10037549123643e-05
1.20402940677986e-01	7.96379393846958e-03	-1.12624422925478e-05	1.34373102347990e-01	7.86735367581759e-03	-1.15303509782283e-05
1.48125164732460e-01	7.77162165999212e-03	-1.18079246664848e-05	1.61665125182564e-01	7.67653994544504e-03	-1.20956323219623e-05
1.74998790600147e-01	7.58205045460247e-03	-1.23939744309798e-05	1.88131785981725e-01	7.48809483970425e-03	-1.27034800088133e-05
2.01069562566752e-01	7.39461435549704e-03	-1.30247133578454e-05	2.13817405615141e-01	7.30154971576380e-03	-1.33582736874249e-05
2.26380441837664e-01	7.20884095058039e-03	-1.37047989754446e-05	2.38763646501428e-01	7.11642725751060e-03	-1.40649702389251e-05
2.50971850231464e-01	7.02424684049263e-03	-1.44395128554020e-05	2.63009745528330e-01	6.93223674414667e-03	-1.48292005253126e-05
2.74881893020630e-01	6.84033268048956e-03	-1.52348606512476e-05	2.86592727470431e-01	6.74846883840208e-03	-1.56573757734702e-05
2.98146563548754e-01	6.65657769743588e-03	-1.60976956817827e-05	3.09547601397542e-01	6.56458979616148e-03	-1.65568293815088e-05
3.20799931994009e-01	6.47243353210536e-03	-1.70358671967019e-05	3.31907542332444e-01	6.38003489902461e-03	-1.75359739043035e-05
3.42874320438403e-01	6.28731723644460e-03	-1.80584021747254e-05	3.53704060229544e-01	6.19420094535084e-03	-1.86044982422029e-05
3.64400466237218e-01	6.10060318663219e-03	-1.91757120775460e-05	3.74967158202612e-01	6.00643755972285e-03	-1.97736122282688e-05
3.85407675561128e-01	5.91161371202964e-03	-2.03998758363522e-05	3.95725481828749e-01	5.81603699618283e-03	-2.10563310389933e-05
4.05923968903811e-01	5.71960800881555e-03	-2.17449478390197e-05	4.16006461298255e-01	5.62222213072361e-03	-2.24678572875447e-05
4.25976220312271e-01	5.52376902398599e-03	-2.32273738540734e-05	4.35836448166752e-01	5.42413206077197e-03	-2.40260085697663e-05
4.45590292108496e-01	5.32318769953255e-03	-2.48664874531457e-05	4.55240848503664e-01	5.22080482544762e-03	-2.57517910517979e-05
4.64791166935706e-01	5.11684395415823e-03	-2.66851558738956e-05	4.74244254325193e-01	5.01115641855687e-03	-2.76701214658726e-05
4.83603079089760e-01	4.90358341705055e-03	-2.87105523089082e-05	4.92870575364065e-01	4.79395501313440e-03	-2.98107013185778e-05
5.02049647300987e-01	4.68208891302568e-03	-3.09752132281460e-05	5.11143173477693e-01	4.56778920764034e-03	-3.22091999451768e-05
5.20154011431862e-01	4.45084491573033e-03	-3.35182961608282e-05	5.29085002356438e-01	4.33102833928367e-03	-3.49087183393326e-05
5.37938975984314e-01	4.20809321865590e-03	-3.63873377136059e-05	5.46718755697994e-01	4.08177263074117e-03	-3.79617525414488e-05
5.55427163903652e-01	3.95177666591251e-03	-3.96404086870916e-05	5.64067027713896e-01	3.81778979561909e-03	-4.14327420694693e-05
5.72641184989643e-01	3.67946761316928e-03	-4.33491727711566e-05	5.81152490799364e-01	3.53643369436041e-03	-4.54014798176861e-05
5.89603824360035e-01	3.38827522277851e-03	-4.76027261961942e-05	5.97998096537653e-01	3.23453884402269e-03	-4.99677498519979e-05
6.06338257992714e-01	3.07472490073502e-03	-5.25130904140969e-05	6.14627308074996e-01	2.90828177673208e-03	-5.52575694112711e-05
6.22868304583879e-01	2.73459862498293e-03	-5.82225075647091e-05	6.31064374535076e-01	2.55299707244050e-03	-6.14320997336382e-05
6.39218726097325e-01	2.36272166684581e-03	-6.49139583948077e-05	6.47334661892486e-01	2.16292861328027e-03	-6.86997321890370e-05
6.55415593889620e-01	1.95267240135055e-03	-7.28257887345762e-05	6.63465060168567e-01	1.73089004068983e-03	-7.73340893378549e-05
6.71486743883585e-01	1.49638230931748e-03	-8.22732573431129e-05	6.79484494826327e-01	1.24779133452613e-03	-8.76998886685243e-05
6.87462354073201e-01	9.83573650514380e-04	-9.36801716613367e-05	6.95424582309721e-01	7.01967640412082e-04	-1.00291903737393e-04
7.03375692560629e-01	4.00953957667038e-04	-1.07627019570566e-04	7.11320488227990e-01	7.82071091394165e-05	-1.15794785461754e-04
7.19264107562266e-01	-2.68964178149589e-04	-1.24925865619518e-04	7.27212075979859e-01	-6.43690932342067e-04	-1.35177546224607e-04
7.35170368017584e-01	-1.04963641790945e-03	-1.46740507850351e-04	7.43145481212013e-01	-1.49111271380720e-03	-1.59847695220039e-04
7.51144524854730e-01	-1.97322899023733e-03	-1.74786058729781e-04	7.59175327468638e-01	-2.50208194574120e-03	-1.91912274110306e-04
7.67246568070516e-01	-3.08500298234105e-03	-2.11674050285104e-04	7.75367937971989e-01	-3.73088270452893e-03	-2.34639416702320e-04
7.83550342237108e-01	-4.45060215807724e-03	-2.61537672211265e-04	7.91806153285335e-01	-5.25761332773889e-03	-2.93317910593727e-04
8.00149534012682e-01	-6.16873533355011e-03	-3.31232204010989e-04	8.08596855026783e-01	-7.20526040018477e-03	-3.76959409226441e-04
8.17167241468663e-01	-8.39451712686079e-03	-4.32794661818781e-04	8.25883301692709e-01	-9.77214156499029e-03	-5.01936296821937e-04
8.34772116752319e-01	-1.13854313340589e-02	-5.88949823655538e-04	8.43866613103207e-01	-1.32984465908113e-02	-7.00532504281037e-04
8.53207514444755e-01	-1.56000138172466e-02	-8.46818092105739e-04	8.62846197721269e-01	-1.84167053330365e-02	-1.04372576668377e-03
8.72849015491416e-01	-2.19348018771250e-02	-1.31739335214553e-03	8.83304106970491e-01	-2.64392678505749e-02	-1.71312074172048e-03
8.94332671326909e-01	-3.23870448590293e-02	-2.31487857418977e-03	9.06108805134357e-01	-4.05549271445647e-02	-3.29224768746594e-03
9.18897262368129e-01	-5.23648583650216e-02	-5.02855359492504e-03	9.33133257427735e-01	-7.06806698033768e-02	-8.53361038291123e-03
9.49617810726223e-01	-1.02050745160410e-01	-1.70780775714658e-02	9.70115107256100e-01	-1.67965566738099e-01	-4.01044680575036e-02
1.00000000000000e+00	0.00000000000000e+00	0.00000000000000e+00
97	1.00000000000000e+05	6.36785714285714e-01
0.00000000000000e+00	8.53703690225260e-03	-8.90169459499823e-06	1.57557712437418e-02	8.43834220015460e-03	-9.05752275226490e-06
3.12478631671536e-02	8.34078771794466e-03	-9.25134675933137e-06	4.64836609373869e-02	8.24427052531740e-03	-9.45145626096711e-06
6.14702974975878e-02	8.14873638073532e-03	-9.65812596942506e-06	7.62146647241927e-02	8.05413167479152e-03	-9.87164587895606e-06
9.07234242600983e-02	7.96040332760217e-03	-1.00923215440307e-05	1.05003017805630e-01	7.86749868976799e-03	-1.03204766894738e-05
1.19059676900837e-01	7.77536543798574e-03	-1.05564526358126e-05	1.32899432230491e-01	7.68395147493806e-03	-1.08006110866032e-05
1.46528122481108e-01	7.59320482302139e-03	-1.10533338086860e-05	1.59951402777497e-01	7.50307352398649e-03	-1.13150273066687e-05
1.73174752724556e-01	7.41350552427522e-03	-1.15861197924616e-05	1.86203484078578e-01	7.32444857115988e-03	-1.18670669697618e-05
1.99042748070738e-01	7.23585009751360e-03	-1.21583526810909e-05	2.11697542404198e-01	7.14765710150922e-03	-1.24604889182311e-05
2.24172717945034e-01	7.05981603247663e-03	-1.27740227506834e-05	2.36472985125971e-01	6.97227265499079e-03	-1.30995327392025e-05
2.48602920081044e-01	6.88497192611237e-03	-1.34376376856871e-05	2.60566970528169e-01	6.79785784933329e-03	-1.37889948605974e-05
2.72369461415942e-01	6.71087333197318e-03	-1.41543054474891e-05	2.84014600350044e-01	6.62396003368060e-03	-1.45343198474368e-05
2.95506482814020e-01	6.53705818965244e-03	-1.49298331091341e-05	3.06849097198591e-01	6.45010645935495e-03	-1.53417036443670e-05
3.18046329652937e-01	6.36304171860003e-03	-1.57708435137849e-05	3.29101968771150e-01	6.27579887257546e-03	-1.62182308676151e-05
3.40019710126401e-01	6.18831064351655e-03	-1.66849158578231e-05	3.50803160665095e-01	6.10050733536838e-03	-1.71720226616046e-05
3.61455842973058e-01	6.01231658946255e-03	-1.76807578433635e-05	3.71981199425436e-01	5.92366313261672e-03	-1.82124273147011e-05
3.82382596231868e-01	5.83446845058022e-03	-1.87684205132932e-05	3.92663327388604e-01	5.74465051976114e-03	-1.93502487229047e-05
4.02826618548751e-01	5.65412343715987e-03	-1.99595368286509e-05	4.12875630822426e-01	5.56279705306384e-03	-2.05980378524817e-05
4.22813464518358e-01	5.47057656864403e-03	-2.12676484261376e-05	4.32643162838835e-01	5.37736208539652e-03	-2.19704196404713e-05
4.42367715540203e-01	5.28304812292091e-03	-2.27085771189461e-05	4.51990062571509e-01	5.18752309015880e-03	-2.34845443363163e-05
4.61513097704416e-01	5.09066863674312e-03	-2.43009262379523e-05	4.70939672168395e-01	4.99235910743301e-03	-2.51606014016748e-05
4.80272598305285e-01	4.89246069020899e-03	-2.60666644320562e-05	4.89514653259492e-01	4.79083071066966e-03	-2.70225166858484e-05
4.98668582719845e-01	4.68731670560874e-03	-2.80318756409326e-05	5.07737104731540e-01	4.58175542189942e-03	-2.90988055555719e-05
5.16722913597703e-01	4.47397171824937e-03	-3.02277645398696e-05	5.25628683892002e-01	4.36377732502446e-03	-3.14236501843812e-05
5.34457074605984e-01	4.25096945602843e-03	-3.26918527462361e-05	5.43210733457324e-01	4.13532926793825e-03	-3.40383282291246e-05
5.51892301388073e-01	4.01662007261216e-03	-3.54696475288740e-05	5.60504417285721e-01	3.89458531554188e-03	-3.69930509751537e-05
5.69049722963813e-01	3.76894652766935e-03	-3.86166673389532e-05	5.77530868442947e-01	3.63940043313749e-03	-4.03493946901090e-05
5.85950517580847e-01	3.50561649273740e-03	-4.22013097369778e-05	5.94311354103078e-01	3.36723314609477e-03	-4.41835155562398e-05
6.02616088098496e-01	3.22385438623107e-03	-4.63085401882779e-05	6.10867463048140e-01	3.07504529890168e-03	-4.85904529490266e-05
6.19068263470787e-01	2.92032699546074e-03	-5.10450474411339e-05	6.27221323280187e-01	2.75917092147338e-03	-5.36901641712273e-05
6.35329534964486e-01	2.59099220051406e-03	-5.65460326868994e-05	6.43395859717796e-01	2.41514181537350e-03	-5.96356283546484e-05
6.51423338676854e-01	2.23089753723849e-03	-6.29851379807533e-05	6.59415105443130e-01	2.03745328877347e-03	-6.66245165961143e-05
6.67374400104672e-01	1.83390662129290e-03	-7.05881585283397e-05	6.75304585013354e-01	1.61924390741519e-03	-7.49157109605214e-05
6.83209162624169e-01	1.39232275408063e-03	-7.96530677544816e-05	6.91091795766220e-01	1.15185101157400e-03	-8.48535905695336e-05
6.98956330793677e-01	8.96361551163460e-04	-9.05795932502063e-05	7.06806824163475e-01	6.24181843076999e-04	-9.69041935034998e-05
7.14647573110749e-01	3.33397136950353e-04	-1.03913697344860e-04	7.22483151250712e-01	2.18054029162973e-05	-1.11710540778409e-04
7.30318450138515e-01	-3.13138052275619e-04	-1.20417033740106e-04	7.38158728079834e-01	-6.74389160608357e-04	-1.30180154964910e-04
7.46009667825637e-01	-1.06540066842209e-03	-1.41177737090326e-04	7.53877445232745e-01	-1.49022976979052e-03	-1.53626547325647e-04
7.61768811567410e-01	-1.95367444942884e-03	-1.67793110034342e-04	7.69691192928721e-01	-2.46144840520013e-03	-1.84007976507861e-04
7.77652811357947e-01	-3.02040741299126e-03	-2.02685042608453e-04	7.85662833697901e-01	-3.63884555141658e-03	-2.24348062653812e-04
7.93731556359433e-01	-4.32688765093081e-03	-2.49667556800448e-04	8.01870637120612e-01	-5.09701607888557e-03	-2.79513134526788e-04
8.10093389364557e-01	-5.96478922880839e-03	-3.15028415373009e-04	8.18415160452890e-01	-6.94983755851486e-03	-3.57740556348185e-04
8.26853825362882e-01	-8.07726178317036e-03	-4.09729338758602e-04	8.35430441161460e-01	-9.37966073393171e-03	-4.73877087319385e-04
8.44170130707187e-01	-1.09000951154975e-02	-5.54280403896268e-04	8.53103300752457e-01	-1.26965887718952e-02	-6.56908551125657e-04
8.62267361433098e-01	-1.48491195917595e-02	-7.90733998308646e-04	8.71709221318816e-01	-1.74708785473651e-02	-9.69740974927191e-04
8.81489027029759e-01	-2.07271466730652e-02	-1.21667918169277e-03	8.91685988992817e-01	-2.48684302168335e-02	-1.57055859181465e-03
9.02407892713367e-01	-3.02920321046521e-02	-2.10276695829004e-03	9.13807557629056e-01	-3.76644419494642e-02	-2.95530551140111e-03
9.26113514200776e-01	-4.81859129932261e-02	-4.44349989399528e-03	9.39693092581830e-01	-6.42242230949944e-02	-7.38270687981624e-03
9.55201243248976e-01	-9.10298271285223e-02	-1.44041487937137e-02	9.74012170917592e-01	-1.44086690283638e-01	-3.51105103800724e-02
1.00000000000000e+00	0.00000000000000e+00	0.00000000000000e+00
92	1.00000000000000e+05	7.07428571428571e-01
0.00000000000000e+00	8.95472024890975e-03	-9.71574320240975e-06	1.67435689517453e-02	8.84640088086819e-03	-9.90200952877274e-06
3.31934959043307e-02	8.73938338373947e-03	-1.01248583084246e-05	4.93583902354520e-02	8.63355752485151e-03	-1.03553153691927e-05
6.52465535358493e-02	8.52885794652503e-03	-1.05937312173676e-05	8.08659939285827e-02	8.42522007345758e-03	-1.08404765692960e-05
9.62244398643627e-02	8.32257997794739e-03	-1.10959437658043e-05	1.11329353195538e-01	8.22087424571638e-03	-1.13605486833368e-05
1.26187941575411e-01	8.12003984091003e-03	-1.16347326306609e-05	1.40807170226387e-01	8.02001396811258e-03	-1.19189632672434e-05
1.55193773117519e-01	7.92073393542303e-03	-1.22137376041831e-05	1.69354263589375e-01	7.82213701193779e-03	-1.25195832427760e-05
1.83294944461646e-01	7.72416028506240e-03	-1.28370618386331e-05	1.97021917656714e-01	7.62674051164081e-03	-1.31667714209360e-05
2.10541093370296e-01	7.52981396040275e-03	-1.35093465554181e-05	2.23858198818446e-01	7.43331626201083e-03	-1.38654673169647e-05
2.36978786588361e-01	7.33718223322977e-03	-1.42358562733591e-05	2.49908242619027e-01	7.24134570930746e-03	-1.46212860259176e-05
2.62651793836141e-01	7.14573935807805e-03	-1.50225810486848e-05	2.75214515464548e-01	7.05029449335415e-03	-1.54406258774387e-05
2.87601338040203e-01	6.95494086088599e-03	-1.58763634878767e-05	2.99817054142663e-01	6.85960643387062e-03	-1.63308084462077e-05
3.11866324868065e-01	6.76421717114373e-03	-1.68050459712354e-05	3.23753686061855e-01	6.66869677510862e-03	-1.73002418102364e-05
3.35483554329657e-01	6.57296642423022e-03	-1.78176481382408e-05	3.47060232844152e-01	6.47694449646252e-03	-1.83586174293815e-05
3.58487916965194e-01	6.38054623580153e-03	-1.89245954849149e-05	3.69770699690194e-01	6.28368345208674e-03	-1.95171529788762e-05
3.80912576951090e-01	6.18626413061207e-03	-2.01379787749811e-05	3.91917452774470e-01	6.08819204791766e-03	-2.07888989995908e-05
4.02789144320942e-01	5.98936633979030e-03	-2.14718900131139e-05	4.13531386820021e-01	5.88968102568654e-03	-2.21890909908318e-05
4.24147838416921e-01	5.78902450949204e-03	-2.29428323084147e-05	4.34642084947771e-01	5.68727896883070e-03	-2.37356274179756e-05
4.45017644660502e-01	5.58431979037977e-03	-2.45702336318931e-05	4.55277972898594e-01	5.48001480836247e-03	-2.54496310903018e-05
4.65426466766421e-01	5.37422359757023e-03	-2.63770872235281e-05	4.75466469794945e-01	5.26679659469509e-03	-2.73561680286249e-05
4.85401276628358e-01	5.15757415786755e-03	-2.83907746398970e-05	4.95234137753228e-01	5.04638552206016e-03	-2.94851869020452e-05
5.04968264293438e-01	4.93304762526714e-03	-3.06441082000841e-05	5.14606832896177e-01	4.81736375068853e-03	-3.18726883212772e-05
5.24152990736697e-01	4.69912215772750e-03	-3.31766499537256e-05	5.33609860671648e-01	4.57809426887223e-03	-3.45622557007541e-05
5.42980546575328e-01	4.45403297571634e-03	-3.60364989893114e-05	5.52268138895167e-01	4.32667033507372e-03	-3.76070699616982e-05
5.61475720469399e-01	4.19571532146490e-03	-3.92825544870412e-05	5.70606372653018e-01	4.06085103800269e-03	-4.10725106627652e-05
5.79663181806074e-01	3.92173160403475e-03	-4.29876019598652e-05	5.88649246204968e-01	3.77797861329188e-03	-4.50397630986643e-05
5.97567683446331e-01	3.62917705915189e-03	-4.72423852542203e-05	6.06421638423649e-01	3.47487065164964e-03	-4.96105363139154e-05
6.15214291969234e-01	3.31455642995881e-03	-5.21612316015663e-05	6.23948870269097e-01	3.14767848101782e-03	-5.49137263849975e-05
6.32628655176403e-01	2.97362056020423e-03	-5.78898122172156e-05	6.41256995571066e-01	2.79169787433964e-03	-6.11144283846343e-05
6.49837319937967e-01	2.60114688855606e-03	-6.46160183339628e-05	6.58373150370866e-01	2.40111361797335e-03	-6.84271464794772e-05
6.66868118246104e-01	2.19064017905901e-03	-7.25854957996930e-05	6.75325981857842e-01	1.96864781291550e-03	-7.71344086754056e-05
6.83750646369852e-01	1.73391795265321e-03	-8.21244215654104e-05	6.92146186506846e-01	1.48506846402419e-03	-8.76144436035009e-05
7.00516872506827e-01	1.22052524354976e-03	-9.36733777678889e-05	7.08867199969580e-01	9.38488778128743e-04	-1.00382799844034e-04
7.17201924382109e-01	6.36891433883457e-04	-1.07839042449598e-04	7.25526101298511e-01	3.13346807700343e-04	-1.16157039981246e-04
7.33845133386483e-01	-3.49132284309661e-05	-1.25475008998288e-04	7.42164825874309e-01	-4.11118266928745e-04	-1.35959606813785e-04
7.50491452351059e-01	-8.19057985461447e-04	-1.47813677673136e-04	7.58831833417045e-01	-1.26320671902369e-03	-1.61286674313255e-04
7.67193431422266e-01	-1.74888528159067e-03	-1.76686829299388e-04	7.75584465539452e-01	-2.28246734616899e-03	-1.94399371742815e-04
7.84014052780079e-01	-2.87164853765964e-03	-2.14911697687059e-04	7.92492382478314e-01	-3.52580756093424e-03	-2.38844627677537e-04
8.01030934485889e-01	-4.25647949175945e-03	-2.67003553215517e-04	8.09642755161481e-01	-5.07801265556296e-03	-3.00442490151376e-04
8.18342810971975e-01	-6.00846169307601e-03	-3.40567547664872e-04	8.27148447924153e-01	-7.07085313394640e-03	-3.89284787294164e-04
8.36079998019192e-01	-8.29499676280854e-03	-4.49229706223964e-04	8.45161594101994e-01	-9.72014110755426e-03	-5.24130256895905e-04
8.54422286998062e-01	-1.13989711346111e-02	-6.19396724867105e-04	8.63897612868211e-01	-1.34037909590439e-02	-7.43125742682427e-04
8.73631851813114e-01	-1.58364451051773e-02	-9.07860699608465e-04	8.83681386393614e-01	-1.88448087299220e-02	-1.13388917026414e-03
8.94119885611912e-01	-2.26515671614412e-02	-1.45575130728615e-03	9.05046676930920e-01	-2.76072248056312e-02	-1.93615380975776e-03
9.16601045724928e-01	-3.42945079309774e-02	-2.69869300036141e-03	9.28988463716231e-01	-4.37514621527177e-02	-4.01516453052886e-03
9.42533447502722e-01	-5.79985071391581e-02	-6.58219523045855e-03	9.57800986517744e-01	-8.14304138732844e-02	-1.26519030152576e-02
9.75936222892573e-01	-1.26375426818760e-01	-3.12003026712540e-02	1.00000000000000e+00	0.00000000000000e+00	0.00000000000000e+00
83	1.00000000000000e+05	7.78071428571429e-01
0.00000000000000e+00	9.87995697093869e-03	-1.17184292025563e-05	1.87007352942059e-02	9.74852622635591e-03	-1.19807976788344e-05
3.70403827843667e-02	9.61881549587673e-03	-1.22795072272641e-05	5.50305814174918e-02	9.49068883429161e-03	-1.25895350495675e-05
7.26825130457207e-02	9.36405010165253e-03	-1.29114601270519e-05	9.00069259307694e-02	9.23880437282221e-03	-1.32458997268436e-05
1.07014157111946e-01	9.11485769336418e-03	-1.35935108984686e-05	1.23714153494562e-01	8.99211683820389e-03	-1.39549943671824e-05
1.40116491749543e-01	8.87048906889421e-03	-1.43310990097234e-05	1.56230397108287e-01	8.74988188290060e-03	-1.47226236539844e-05
1.72064761130750e-01	8.63020276519877e-03	-1.51304238127370e-05	1.87628158519059e-01	8.51135892498345e-03	-1.55554133614011e-05
2.02928863043994e-01	8.39325703520255e-03	-1.59985736176704e-05	2.17974862646973e-01	8.27580294977182e-03	-1.64609549435646e-05
2.32773873776088e-01	8.15890141892672e-03	-1.69436852472948e-05	2.47333355010893e-01	8.04245578710705e-03	-1.74479768024760e-05
2.61660520027238e-01	7.92636767406929e-03	-1.79751333717615e-05	2.75762349950384e-01	7.81053663881326e-03	-1.85265590746386e-05
2.89645605141854e-01	7.69485981908224e-03	-1.91037662506943e-05	3.03316836463005e-01	7.57923155287687e-03	-1.97083884838634e-05
3.16782396056102e-01	7.46354296461549e-03	-2.03421900419887e-05	3.30048447681805e-01	7.34768152489518e-03	-2.10070800523710e-05
3.43120976650281e-01	7.23153056868031e-03	-2.17051246369504e-05	3.56005799381774e-01	7.11496878320705e-03	-2.24385675124950e-05
3.68708572631268e-01	6.99786963134330e-03	-2.32098409416182e-05	3.81234802411073e-01	6.88010074893075e-03	-2.40215958324796e-05
3.93589852644351e-01	6.76152324854540e-03	-2.48767127359883e-05	4.05778953582422e-01	6.64199099349583e-03	-2.57783399646438e-05
4.17807210018322e-01	6.52134975815621e-03	-2.67299116292197e-05	4.29679609329504e-01	6.39943632543116e-03	-2.77351853079644e-05
4.41401029382858e-01	6.27607747725678e-03	-2.87982795503794e-05	4.52976246336105e-01	6.15108888182991e-03	-2.99237232845861e-05
4.64409942370781e-01	6.02427379742698e-03	-3.11164772186512e-05	4.75706713393832e-01	5.89542173024271e-03	-3.23820281855625e-05
4.86871076746333e-01	5.76430681421303e-03	-3.37264232279644e-05	4.97907478961203e-01	5.63068604998374e-03	-3.51563492237972e-05
5.08820303614382e-01	5.49429731049633e-03	-3.66792197936672e-05	5.19613879318119e-01	5.35485706774108e-03	-3.83032651252169e-05
5.30292487909724e-01	5.21205784679180e-03	-4.00376580809159e-05	5.40860372894755e-01	5.06556528301094e-03	-4.18926316045898e-05
5.51321748210681e-01	4.91501476059808e-03	-4.38796150061815e-05	5.61680807385242e-01	4.76000764552831e-03	-4.60114472973228e-05
5.71941733173306e-01	4.60010686919632e-03	-4.83025701953910e-05	5.82108707768471e-01	4.43483181810023e-03	-5.07692439615237e-05
5.92185923699801e-01	4.26365253444061e-03	-5.34298767038699e-05	6.02177595540945e-01	4.08598289007589e-03	-5.63053551148052e-05
6.12087972580338e-01	3.90117265530021e-03	-5.94194557774763e-05	6.21921352626295e-01	3.70849821109087e-03	-6.27993340056587e-05
6.31682097151705e-01	3.50715161227755e-03	-6.64760979030010e-05	6.41374648020974e-01	3.29622779132377e-03	-7.04855767339474e-05
6.51003546087858e-01	3.07470932898157e-03	-7.48692175571719e-05	6.60573452010788e-01	2.84144795422314e-03	-7.96749500793226e-05
6.70089169704663e-01	2.59514338045097e-03	-8.49589058582456e-05	6.79555672933277e-01	2.33431630723069e-03	-9.07865447945522e-05
6.88978135666172e-01	2.05727757216212e-03	-9.72352876580374e-05	6.98361966956414e-01	1.76208849403992e-03	-1.04396447564437e-04
7.07712851288524e-01	1.44651432854159e-03	-1.12379072743751e-04	7.17036795567981e-01	1.10796527185508e-03	-1.21313838125969e-04
7.26340184236763e-01	7.43423305066493e-04	-1.31358235643919e-04	7.35629844392355e-01	3.49351455552371e-04	-1.42704005102079e-04
7.44913123310474e-01	-7.84220753513587e-05	-1.55586173357536e-04	7.54197981479796e-01	-5.44851967214321e-04	-1.70295017445365e-04
7.63493105204457e-01	-1.05586570762028e-03	-1.87192868348340e-04	7.72808044126873e-01	-1.61861144627551e-03	-2.06736894637904e-04
7.82153380830498e-01	-2.24178646961204e-03	-2.29509703529418e-04	7.91540942227119e-01	-2.93607503229076e-03	-2.56263312239602e-04
8.00984066063468e-01	-3.71474036637565e-03	-2.87983325502505e-04	8.10497941178914e-01	-4.59444705303835e-03	-3.25978198768562e-04
8.20100048047032e-01	-5.59640344715562e-03	-3.72020011663921e-04	8.29810738051387e-01	-6.74800840109879e-03	-4.28551184834758e-04
8.39654008637395e-01	-8.08524898112650e-03	-4.99017156611048e-04	8.49658561243301e-01	-9.65630118133387e-03	-5.88403321582165e-04
8.59859278208445e-01	-1.15270848339785e-02	-7.04141549858539e-04	8.70299339203743e-01	-1.37901288615567e-02	-8.57702688568551e-04
8.81033348420141e-01	-1.65792541458228e-02	-1.06755601548558e-03	8.92132126387597e-01	-2.00950659507146e-02	-1.36498433809984e-03
9.03690382919146e-01	-2.46516265922084e-02	-1.80645478376018e-03	9.15839690115215e-01	-3.07677563651008e-02	-2.50254389474280e-03
9.28771985680347e-01	-3.93606348876840e-02	-3.69461618736255e-03	9.42786213728108e-01	-5.21985484408523e-02	-5.99669719204443e-03
9.58393343185544e-01	-7.30788099807093e-02	-1.13849167623081e-02	9.76602219819715e-01	-1.12428327948025e-01	-2.78667484599524e-02
1.00000000000000e+00	0.00000000000000e+00	0.00000000000000e+00
73	1.00000000000000e+05	8.48714285714286e-01
0.00000000000000e+00	1.11859804320347e-02	-1.48678227516186e-05	2.14182169442918e-02	1.10181624113856e-02	-1.52613319817085e-05
4.23696008258954e-02	1.08528020600922e-02	-1.56942943112526e-05	6.28711067900496e-02	1.06897076774719e-02	-1.61459672973763e-05
8.29389407111411e-02	1.05287228039841e-02	-1.66174454265811e-05	1.02588602725748e-01	1.03696930716592e-02	-1.71099041170741e-05
1.21834928153790e-01	1.02124656996014e-02	-1.76246082916887e-05	1.40692125800158e-01	1.00568889816754e-02	-1.81629185034282e-05
1.59173813845641e-01	9.90281177402919e-03	-1.87263020636763e-05	1.77293053518684e-01	9.75008296570379e-03	-1.93163410686648e-05
1.95062380724018e-01	9.59855094117712e-03	-1.99347457954246e-05	2.12493835790260e-01	9.44806301548673e-03	-2.05833641395703e-05
2.29598991486149e-01	9.29846485539554e-03	-2.12641988897033e-05	2.46388979443803e-01	9.14959986130404e-03	-2.19794203506485e-05
2.62874515117506e-01	9.00130852201464e-03	-2.27313858833789e-05	2.79065921397536e-01	8.85342772100906e-03	-2.35226572142810e-05
2.94973150990707e-01	8.70579000074101e-03	-2.43560244561625e-05	3.10605807672290e-01	8.55822276192586e-03	-2.52345277906851e-05
3.25973166507957e-01	8.41054741125968e-03	-2.61614914061070e-05	3.41084193139028e-01	8.26257840925559e-03	-2.71405462750618e-05
3.55947562220049e-01	8.11412225617336e-03	-2.81756737772199e-05	3.70571675093797e-01	7.96497635194204e-03	-2.92712388905159e-05
3.84964676786175e-01	7.81492776824178e-03	-3.04320476995912e-05	3.99134472401030e-01	7.66375184279933e-03	-3.16633847265990e-05
4.13088742993969e-01	7.51121066379090e-03	-3.29710873947509e-05	4.26834961003290e-01	7.35705133796105e-03	-3.43616069398145e-05
4.40380405316895e-01	7.20100406498148e-03	-3.58420897910161e-05	4.53732176055110e-01	7.04277997526681e-03	-3.74204752924268e-05
4.66897209151753e-01	6.88206866615082e-03	-3.91055957829067e-05	4.79882290819389e-01	6.71853542075551e-03	-4.09073014406847e-05
4.92694071989469e-01	6.55181804174831e-03	-4.28366052793727e-05	5.05339082824434e-01	6.38152324156183e-03	-4.49058571294625e-05
5.17823747407041e-01	6.20722249088090e-03	-4.71289392742769e-05	5.30154398722505e-01	6.02844723753848e-03	-4.95214943261324e-05
5.42337294061821e-01	5.84468339833166e-03	-5.21012036709401e-05	5.54378630990416e-01	5.65536498637442e-03	-5.48881268305212e-05
5.66284564045741e-01	5.45986665262332e-03	-5.79050798323877e-05	5.78061222351633e-01	5.25749501582462e-03	-6.11781194621575e-05
5.89714728366517e-01	5.04747839832920e-03	-6.47370696904570e-05	6.01251218019425e-01	4.82895489601054e-03	-6.86162706273752e-05
6.12676862531870e-01	4.60095801863813e-03	-7.28553406639243e-05	6.23997892280898e-01	4.36239984665376e-03	-7.75002727675389e-05
6.35220623126545e-01	4.11205057296082e-03	-8.26045838275835e-05	6.46351485715981e-01	3.84851423808152e-03	-8.82309669707482e-05
6.57397058384128e-01	3.57019911282364e-03	-9.44531819844219e-05	6.68364104411538e-01	3.27528173144453e-03	-1.01358489852377e-04
6.79259614576726e-01	2.96166283254573e-03	-1.09050743043015e-04	6.90090856168482e-01	2.62691300217055e-03	-1.17654334109707e-04
7.00865429919492e-01	2.26820501110048e-03	-1.27319219031641e-04	7.11591336709800e-01	1.88222911658298e-03	-1.38227504424160e-04
7.22277056398999e-01	1.46508623799479e-03	-1.50602241540287e-04	7.32931641827131e-01	1.01215129088028e-03	-1.64718831015209e-04
7.43564831946312e-01	5.17897005697154e-04	-1.80920286874997e-04	7.54187189301216e-01	-2.43341870453939e-05	-1.99638924262002e-04
7.64810268811515e-01	-6.22632911005949e-04	-2.21424900200384e-04	7.75446827264515e-01	-1.28692541691888e-03	-2.46987401601118e-04
7.86111086404297e-01	-2.02951839217314e-03	-2.77253730639027e-04	7.96819067574782e-01	-2.86585073563383e-03	-3.13453850276257e-04
8.07589023390635e-01	-3.81554310915666e-03	-3.57248263596066e-04	8.18442003258161e-01	-4.90389719520357e-03	-4.10922432159122e-04
8.29402607200170e-01	-6.16408373671540e-03	-4.77691531553637e-04	8.40500010519558e-01	-7.64041443487407e-03	-5.62194716196229e-04
8.51769387991487e-01	-9.39337538939744e-03	-6.71326381072701e-04	8.63253944891130e-01	-1.15076328001368e-02	-8.15691498329052e-04
8.75007901718531e-01	-1.41052478382935e-02	-1.01229461177121e-03	8.87101039396237e-01	-1.73685101617229e-02	-1.28980536832679e-03
8.99625924773960e-01	-2.15815407754825e-02	-1.69968905838891e-03	9.12710022337455e-01	-2.72111799196293e-02	-2.34206467169429e-03
9.26537407699442e-01	-3.50772661037466e-02	-3.43371229400113e-03	9.41391290090024e-01	-4.67473106340923e-02	-5.52052852907092e-03
9.57748104295651e-01	-6.55517133707421e-02	-1.03364291567631e-02	9.76527408663389e-01	-1.00549860769539e-01	-2.47485153238274e-02
1.00000000000000e+00	0.00000000000000e+00	0.00000000000000e+00
63	1.00000000000000e+05	9.19357142857143e-01
0.00000000000000e+00	1.29126766934691e-02	-1.95908609359474e-05	2.49926599708735e-02	1.26900714583706e-02	-2.02070372374852e-05
4.93589548621076e-02	1.24711929118217e-02	-2.08728054784668e-05	7.31249860883933e-02	1.22557341838194e-02	-2.15720862553059e-05
9.63155343363470e-02	1.20434207289217e-02	-2.23071690150789e-05	1.18954147625690e-01	1.18339818575111e-02	-2.30805430430081e-05
1.41063223053316e-01	1.16271495430871e-02	-2.38949173383407e-05	1.62664082589259e-01	1.14226572188243e-02	-2.47532449024757e-05
1.83777043466495e-01	1.12202385490461e-02	-2.56587504012806e-05	2.04421483655956e-01	1.10196261582702e-02	-2.66149588967757e-05
2.24615902873447e-01	1.08205503130803e-02	-2.76257320763751e-05	2.44377979525755e-01	1.06227375312493e-02	-2.86953061037210e-05
2.63724623968546e-01	1.04259091093244e-02	-2.98283370467889e-05	2.82672028418177e-01	1.02297795434587e-02	-3.10299508798906e-05
3.01235713832981e-01	1.00340548284152e-02	-3.23058031443946e-05	3.19430574056446e-01	9.83843060043155e-03	-3.36621434591233e-05
3.37270917494972e-01	9.64259011066804e-03	-3.51058957415162e-05	3.54770506586046e-01	9.44620197655510e-03	-3.66447434534400e-05
3.71942595298942e-01	9.24891769454983e-03	-3.82872356388120e-05	3.88799964898936e-01	9.05036884738419e-03	-4.00429024653981e-05
4.05354958197995e-01	8.85016397556093e-03	-4.19223976280136e-05	4.21619512509381e-01	8.64788503233638e-03	-4.39376600329666e-05
4.37605191521398e-01	8.44308335265764e-03	-4.61021027442499e-05	4.53323216306256e-01	8.23527505337118e-03	-4.84308392034727e-05
4.68784495684242e-01	8.02393574717541e-03	-5.09409476459055e-05	4.83999656171611e-01	7.80849444745191e-03	-5.36517872948838e-05
4.98979071753085e-01	7.58832649581298e-03	-5.65853712266584e-05	5.13732893737688e-01	7.36274532758374e-03	-5.97668154851405e-05
5.28271080980475e-01	7.13099284907392e-03	-6.32248895442444e-05	5.42603430783955e-01	6.89222807617496e-03	-6.69926547749444e-05
5.56739610833706e-01	6.64551376252098e-03	-7.11082793143358e-05	5.70689192573849e-01	6.38980044167203e-03	-7.56159910157983e-05
5.84461686494349e-01	6.12390741406132e-03	-8.05672843819938e-05	5.98066579885215e-01	5.84649992397401e-03	-8.60224283625310e-05
6.11513377719136e-01	5.55606140297038e-03	-9.20522346454788e-05	6.24811647460838e-01	5.25086004478759e-03	-9.87404937311531e-05
6.37971068773582e-01	4.92890750599040e-03	-1.06186807780295e-04	6.51001489320840e-01	4.58790825884581e-03	-1.14510379643828e-04
6.63912988150715e-01	4.22519660150367e-03	-1.23854831402426e-04	6.76715948534130e-01	3.83765775654199e-03	-1.34394436704044e-04
6.89421142632600e-01	3.42162833031079e-03	-1.46342358043672e-04	7.02039831044210e-01	2.97276952728120e-03	-1.59961620029181e-04
7.14583881184354e-01	2.48590343394239e-03	-1.75579499945400e-04	7.27065909698923e-01	1.95480121462266e-03	-1.93607911406213e-04
7.39499455813301e-01	1.37190248869934e-03	-2.14570351090515e-04	7.51899194932286e-01	7.27943348524551e-04	-2.39141190574221e-04
7.64281205211295e-01	1.14508070625519e-05	-2.68200101005034e-04	7.76663304791262e-01	-7.91949454730601e-04	-3.02912774814867e-04
7.89065484694546e-01	-1.70050178643910e-03	-3.44850176823286e-04	8.01510473437797e-01	-2.73770193903466e-03	-3.96169577997485e-04
8.14024486494673e-01	-3.93430512439585e-03	-4.59900496778687e-04	8.26638240836060e-01	-5.33132906884015e-03	-5.40402633293358e-04
8.39388359191832e-01	-6.98465690101902e-03	-6.44137844913573e-04	8.52319363881476e-01	-8.97234025981519e-03	-7.81015359243575e-04
8.65486592950756e-01	-1.14066199545030e-02	-9.66864624920127e-04	8.78960617326755e-01	-1.44546079020794e-02	-1.22826248306973e-03
8.92834219778396e-01	-1.83758173505291e-02	-1.61266891866907e-03	9.07234008660074e-01	-2.35947329896707e-02	-2.21181870127585e-03
9.22341054651862e-01	-3.08525752374674e-02	-3.22270401205094e-03	9.38430852428473e-01	-4.15562342071260e-02	-5.13582637804166e-03
9.55960429851228e-01	-5.86675110571409e-02	-9.48313592094463e-03	9.75794748305601e-01	-9.01793543134070e-02	-2.21312352228606e-02
1.00000000000000e+00	0.00000000000000e+00	0.00000000000000e+00
54	1.00000000000000e+05	9.90000000000000e-01
0.00000000000000e+00	1.50140753396883e-02	-2.61621038124549e-05	2.93551275996880e-02	1.47146892223453e-02	-2.71363124875190e-05
5.78588861719319e-02	1.44210839909802e-02	-2.81830004396078e-05	8.55522289766948e-02	1.41327320563991e-02	-2.92915859265719e-05
1.12473723386995e-01	1.38491385121684e-02	-3.04670547184305e-05	1.38659734231933e-01	1.35698155634856e-02	-3.17149051745069e-05
1.64144591776659e-01	1.32942796020750e-02	-3.30412131670510e-05	1.88960745753684e-01	1.30220482218411e-02	-3.44527062712263e-05
2.13138906906929e-01	1.27526371344175e-02	-3.59568496373086e-05	2.36708177355738e-01	1.24855569383109e-02	-3.75619452732678e-05
2.59696170952716e-01	1.22203096912383e-02	-3.92772474744341e-05	2.82129124694254e-01	1.19563852277143e-02	-4.11130970381368e-05
3.04032002143823e-01	1.16932571558850e-02	-4.30810777296564e-05	3.25428589743884e-01	1.14303784573124e-02	-4.51941993986349e-05
3.46341586821203e-01	1.11671766070125e-02	-4.74671173373853e-05	3.66792690031445e-01	1.09030480924990e-02	-4.99163850546935e-05
3.86802672941556e-01	1.06373522211971e-02	-5.25607587700261e-05	4.06391461411956e-01	1.03694040549260e-02	-5.54215584855910e-05
4.25578205415193e-01	1.00984662933097e-02	-5.85231030187927e-05	4.44381347913379e-01	9.82373986738971e-03	-6.18932277267614e-05
4.62818691414505e-01	9.54435298262624e-03	-6.55639168911648e-05	4.80907462838214e-01	9.25934824748142e-03	-6.95720659189547e-05
4.98664377347108e-01	8.96766746565292e-03	-7.39604133623839e-05	5.16105701842162e-01	8.66813357771257e-03	-7.87787043567967e-05
5.33247318883743e-01	8.35942897829578e-03	-8.40850882073418e-05	5.50104791888653e-01	8.04006947941915e-03	-8.99479177183249e-05
5.66693432572852e-01	7.70837261744828e-03	-9.64479390730411e-05	5.83028371770895e-01	7.36241905623158e-03	-1.03681140176670e-04
5.99124634974736e-01	7.00000493586628e-03	-1.11762285001316e-04	6.14997224217298e-01	6.61858293203288e-03	-1.20829560914748e-04
6.30661208297916e-01	6.21518839126312e-03	-1.31050503303420e-04	6.46131823844965e-01	5.78634638355524e-03	-1.42629905973912e-04
6.61424590375248e-01	5.32795305954403e-03	-1.55820103341586e-04	6.76555443412738e-01	4.83512347332704e-03	-1.70935016316154e-04
6.91540890956766e-01	4.30199344657156e-03	-1.88369026134838e-04	7.06398200294260e-01	3.72145917594380e-03	-2.08623126724206e-04
7.21145624533179e-01	3.08483036380158e-03	-2.32341560149063e-04	7.35802681627577e-01	2.38136138445855e-03	-2.60363883719084e-04
7.50390503574726e-01	1.59760825591393e-03	-2.93800782880771e-04	7.64932280699798e-01	7.16531216480076e-04	-3.34146697531068e-04
7.79453836838894e-01	-2.83783345428890e-04	-3.83450296706611e-04	7.93984388030106e-01	-1.43197876959067e-03	-4.44582336850852e-04
8.08557563886555e-01	-2.76619626686359e-03	-5.21664986834036e-04	8.23212814200973e-01	-4.33831070982371e-03	-6.20791738119353e-04
8.37997396499653e-01	-6.22063315170418e-03	-7.51278352439044e-04	8.52969268919753e-01	-8.51690950445594e-03	-9.27953303207829e-04
8.68201449636578e-01	-1.13811809711200e-02	-1.17560415121787e-03	8.83788865315218e-01	-1.50518540360496e-02	-1.53826387797795e-03
8.99859672022158e-01	-1.99172466748874e-02	-2.10047142531455e-03	9.16595209664161e-01	-2.66517655947316e-02	-3.04215694795174e-03
9.34268247087226e-01	-3.65264792674458e-02	-4.80575212566103e-03	9.53325201967651e-01	-5.21937593138871e-02	-8.74618007487316e-03
9.74595526795970e-01	-8.07452294462321e-02	-1.98556431478603e-02	1.00000000000000e+00	0.00000000000000e+00	0.00000000000000e+00
