116	3.46483485573037e+02	1.00000000000000e-03
0.00000000000000e+00	6.72344494602517e-03	-7.07439919223063e-06	1.18017472413507e-02	6.65752941206943e-03	-7.15646012494631e-06
2.34473934386454e-02	6.59217278947000e-03	-7.28762839963260e-06	3.49405053689306e-02	6.52728130457958e-03	-7.42241981921410e-06
4.62845531850876e-02	6.46282972960943e-03	-7.56096747278612e-06	5.74829137336333e-02	6.39879293695689e-03	-7.70341249411999e-06
6.85388739989343e-02	6.33514586016215e-03	-7.84990161006860e-06	7.94556344103245e-02	6.27186346135855e-03	-8.00058861982755e-06
9.02363120191449e-02	6.20892069879497e-03	-8.15563563527633e-06	1.00883943552362e-01	6.14629248852805e-03	-8.31521230248988e-06
1.11401488349106e-01	6.08395366687375e-03	-8.47949435112128e-06	1.21791831186146e-01	6.02187895987849e-03	-8.64866927319241e-06
1.32057784997972e-01	5.96004294082841e-03	-8.82293298731796e-06	1.42202093496992e-01	5.89841999077811e-03	-9.00248960089556e-06
1.52227433698983e-01	5.83698426212220e-03	-9.18755568113383e-06	1.62136418358736e-01	5.77570963618057e-03	-9.37835863812353e-06
1.71931598320647e-01	5.71456967882722e-03	-9.57513736765669e-06	1.81615464788750e-01	5.65353759319454e-03	-9.77814101621455e-06
1.91190451520540e-01	5.59258618518554e-03	-9.98763712956041e-06	2.00658936948676e-01	5.53168779669999e-03	-1.02039010756449e-05
2.10023246234665e-01	5.47081427706342e-03	-1.04272306322706e-05	2.19285653258218e-01	5.40993690487079e-03	-1.06579313208233e-05
2.28448382546139e-01	5.34902635581691e-03	-1.08963324891853e-05	2.37513611144192e-01	5.28805263094223e-03	-1.11427794236008e-05
2.46483470435492e-01	5.22698499537344e-03	-1.13976360220924e-05	2.55360047908773e-01	5.16579191668209e-03	-1.16612878040545e-05
2.64145388879811e-01	5.10444099739993e-03	-1.19341447699650e-05	2.72841498169196e-01	5.04289889251330e-03	-1.22166368139442e-05
2.81450341739637e-01	4.98113123389587e-03	-1.25092175990993e-05	2.89973848295866e-01	4.91910257213202e-03	-1.28123815101855e-05
2.98413910850112e-01	4.85677623208369e-03	-1.31266304663757e-05	3.06772388256407e-01	4.79411428566734e-03	-1.34525185553347e-05
3.15051106716386e-01	4.73107740316570e-03	-1.37906242709818e-05	3.23251861259898e-01	4.66762475446281e-03	-1.41415587420202e-05
3.31376417203297e-01	4.60371391018732e-03	-1.45059792555635e-05	3.39426511588417e-01	4.53930070268527e-03	-1.48845834795353e-05
3.47403854605411e-01	4.47433909416284e-03	-1.52781131252944e-05	3.55310131002533e-01	4.40878103477260e-03	-1.56873597607632e-05
3.63147001486075e-01	4.34257631053048e-03	-1.61131699878414e-05	3.70916104113758e-01	4.27567236947479e-03	-1.65564465541834e-05
3.78619055684994e-01	4.20801412541993e-03	-1.70181421239590e-05	3.86257453131610e-01	4.13954381587089e-03	-1.74993009747215e-05
3.93832874912517e-01	4.07020073228592e-03	-1.80010258601371e-05	4.01346882416511e-01	3.99992099155266e-03	-1.85244874384427e-05
4.08801021377135e-01	3.92863734864268e-03	-1.90709704568359e-05	4.16196823303768e-01	3.85627884484752e-03	-1.96418316189551e-05
4.23535806933912e-01	3.78277053426546e-03	-2.02385225207546e-05	4.30819479711342e-01	3.70803322449231e-03	-2.08626411870583e-05
4.38049339295297e-01	3.63198302249423e-03	-2.15158778316127e-05	4.45226875106799e-01	3.55453098685921e-03	-2.22000524265908e-05
4.52353569917940e-01	3.47558273326465e-03	-2.29171466177291e-05	4.59430901490828e-01	3.39503793552920e-03	-2.36692970687624e-05
4.66460344273649e-01	3.31278981783001e-03	-2.44588145241753e-05	4.73443371161710e-01	3.22872459052137e-03	-2.52882005475907e-05
4.80381455332244e-01	3.14272083010292e-03	-2.61601696776026e-05	4.87276072162599e-01	3.05464879608941e-03	-2.70776729216493e-05
4.94128701242439e-01	2.96436967445057e-03	-2.80439249678022e-05	5.00940828491762e-01	2.87173472027336e-03	-2.90624219889679e-05
5.07713948397843e-01	2.77658429194472e-03	-3.01369520434580e-05	5.14449566385770e-01	2.67874689182213e-03	-3.12716825305870e-05
5.21149201338590e-01	2.57803803417134e-03	-3.24712168140451e-05	5.27814388285476e-01	2.47425875780727e-03	-3.37405111374700e-05
5.34446681278922e-01	2.36719430616894e-03	-3.50850073245201e-05	5.41047656483420e-01	2.25661275920053e-03	-3.65108560704819e-05
5.47618915501441e-01	2.14226254496963e-03	-3.80245426523373e-05	5.54162088968386e-01	2.02387127681902e-03	-3.96335434242889e-05
5.60678840446766e-01	1.90114257900764e-03	-4.13458423957902e-05	5.67170870661770e-01	1.77375424500736e-03	-4.31705368866275e-05
5.73639922118525e-01	1.64135454490366e-03	-4.51174670477172e-05	5.80087784154542e-01	1.50355972593919e-03	-4.71979165961312e-05
5.86516298481721e-01	1.35994905628478e-03	-4.94240217139286e-05	5.92927365288827e-01	1.21006190458983e-03	-5.18099080990542e-05
5.99322949976087e-01	1.05339112208980e-03	-5.43708365179363e-05	6.05705090618009e-01	8.89378657975559e-04	-5.71243521549913e-05
6.12075906252516e-01	7.17408377224116e-04	-6.00902069081144e-05	6.18437606122504e-01	5.36797802036526e-04	-6.32903072377289e-05
6.24792500013314e-01	3.46790682461018e-04	-6.67500828126499e-05	6.31143009850639e-01	1.46545291351829e-04	-7.04980702084246e-05
6.37491682764714e-01	-6.48774326680313e-05	-7.45666409862622e-05	6.43841205855090e-01	-2.88526873603367e-04	-7.89934817282401e-05
6.50194422937552e-01	-5.25581208863368e-04	-8.38212533995630e-05	6.56554353619733e-01	-7.77366272218027e-04	-8.90991901090210e-05
6.62924215110079e-01	-1.04537799504789e-03	-9.48850102484577e-05	6.69307447256967e-01	-1.33131310406087e-03	-1.01244641902865e-04
6.75707741431736e-01	-1.63709986659788e-03	-1.08255982775196e-04	6.82129073986617e-01	-1.96493992498159e-03	-1.16010341855155e-04
6.88575745212403e-01	-2.31735877490058e-03	-1.24614439340531e-04	6.95052424933456e-01	-2.69726188934993e-03	-1.34196591366598e-04
7.01564206151077e-01	-3.10801424256235e-03	-1.44907371131930e-04	7.08116668547781e-01	-3.55352449878354e-03	-1.56930004532763e-04
7.14715954099814e-01	-4.03836511394773e-03	-1.70483359114737e-04	7.21368857740692e-01	-4.56791006848711e-03	-1.85834626573955e-04
7.28082936816292e-01	-5.14851543723649e-03	-2.03311542073648e-04	7.34866644256235e-01	-5.78775176243862e-03	-2.23317206647700e-04
7.41729491947231e-01	-6.49469710441675e-03	-2.46354106899993e-04	7.48682252941692e-01	-7.28032231219577e-03	-2.73053734745510e-04
7.55737214185322e-01	-8.15799753720969e-03	-3.04217123418882e-04	7.62908495746753e-01	-9.14416429102294e-03	-3.40872122604141e-04
7.70212458744274e-01	-1.02592453304120e-02	-3.84350599806682e-04	7.77668233307245e-01	-1.15288800661550e-02	-4.36403018491571e-04
7.85298411547374e-01	-1.29856426154399e-02	-4.99359400205845e-04	7.93129971414925e-01	-1.46714585071419e-02	-5.76366170798259e-04
8.01195529924854e-01	-1.66410702573204e-02	-6.71734200345497e-04	8.09535076539065e-01	-1.89670864155258e-02	-7.91464747692094e-04
8.18198423609539e-01	-2.17474862899594e-02	-9.44046175050062e-04	8.27248757093729e-01	-2.51170253666892e-02	-1.14163944307211e-03
8.36767927803112e-01	-2.92648482326485e-02	-1.40183397522264e-03	8.46864591559983e-01	-3.44622232476963e-02	-1.74997143846722e-03
8.57687194079487e-01	-4.11066099988142e-02	-2.22124401985924e-03	8.69445546990804e-01	-4.97909816390019e-02	-2.85814572042020e-03
8.82448323743008e-01	-6.14058742950185e-02	-3.68465409158580e-03	8.97171285817075e-01	-7.72493910290395e-02	-4.59163716923627e-03
9.14386206871832e-01	-9.89151550923404e-02	-5.00396680813142e-03	9.35406051514714e-01	-1.26810663618092e-01	-3.99305731420196e-03
9.62528707122042e-01	-1.53058126001875e-01	-1.08646692278886e-02	1.00000000000000e+00	0.00000000000000e+00	0.00000000000000e+00
48	3.46483485573037e+02	7.16428571428571e-02
0.00000000000000e+00	1.64018472380083e-02	-4.24069385718262e-05	2.88408364855572e-02	1.60120398088817e-02	-4.43183067582176e-05
5.67726435463683e-02	1.56288502611917e-02	-4.63818966236484e-05	8.38448201800286e-02	1.52513610139617e-02	-4.85923217934392e-05
1.10103647616549e-01	1.48786843764799e-02	-5.09638018828529e-05	1.35592560726761e-01	1.45099280260825e-02	-5.35123151266248e-05
1.60352395074016e-01	1.41441872174066e-02	-5.62558671637348e-05	1.84421612325935e-01	1.37805364496733e-02	-5.92148045504004e-05
2.07836506674710e-01	1.34180204271461e-02	-6.24121916990017e-05	2.30631394635350e-01	1.30556440872447e-02	-6.58742530308398e-05
2.52838790360188e-01	1.26923614773058e-02	-6.96309126235750e-05	2.74489568419577e-01	1.23270631473915e-02	-7.37164280273372e-05
2.95613115850258e-01	1.19585617500504e-02	-7.81701732606166e-05	3.16237475161291e-01	1.15855753630785e-02	-8.30375752631785e-05
3.36389479913179e-01	1.12067080175615e-02	-8.83712608621412e-05	3.56094884448606e-01	1.08204267710079e-02	-9.42324789687810e-05
3.75378489355986e-01	1.04250344012393e-02	-1.00692825110160e-04	3.94264264294915e-01	1.00186367544273e-02	-1.07836434368513e-04
4.12775469910956e-01	9.59910321494961e-03	-1.15762677563191e-04	4.30934780729395e-01	9.16401862604554e-03	-1.24589603709424e-04
4.48764411155610e-01	8.71062420761026e-03	-1.34458281867866e-04	4.66286247048033e-01	8.23574449415676e-03	-1.45538412383850e-04
4.83521985796209e-01	7.73569606094315e-03	-1.58035540801515e-04	5.00493288477059e-01	7.20617264216483e-03	-1.72200523918864e-04
5.17221948536394e-01	6.64209908679592e-03	-1.88342016399279e-04	5.33730082641750e-01	6.03744381864346e-03	-2.06843107253940e-04
5.50040351006596e-01	5.38497570932694e-03	-2.28183929923631e-04	5.66176216787315e-01	4.67594475151611e-03	-2.52972453321565e-04
5.82162257400527e-01	3.89965816801263e-03	-2.81987517592786e-04	5.98024545238596e-01	3.04290939832330e-03	-3.16239470023572e-04
6.13791121986619e-01	2.08919784066341e-03	-3.57057359580581e-04	6.29492600674204e-01	1.01764539285343e-03	-4.06216876380983e-04
6.45162944562046e-01	-1.98535331037530e-04	-4.66132120904295e-04	6.60840495035435e-01	-1.59425113574563e-03	-5.40149522473277e-04
6.76569357161050e-01	-3.21578759650376e-03	-6.33011943927286e-04	6.92401310915273e-01	-5.12573952365458e-03	-7.51613727337563e-04
7.08398515876158e-01	-7.41068721646831e-03	-9.06272416389520e-04	7.24637451299259e-01	-1.01935442520893e-02	-1.11296095151459e-03
7.41214850769032e-01	-1.36541896144227e-02	-1.39741292175288e-03	7.58256998759781e-01	-1.80655044932102e-02	-1.80309825865854e-03
7.75934994218070e-01	-2.38596874484781e-02	-2.40775594296827e-03	7.94491294689030e-01	-3.17581646306200e-02	-3.36035001145762e-03
8.14289332557282e-01	-4.30461042881016e-02	-4.97112143298062e-03	8.35915323782334e-01	-6.02104808729301e-02	-7.94994759674905e-03
8.60414944737992e-01	-8.86381259226856e-02	-1.40268713665195e-02	8.89947605301399e-01	-1.42619709016245e-01	-2.58917041850044e-02
9.30084256700086e-01	-2.64974904780153e-01	-2.67346505999733e-02	1.00000000000000e+00	0.00000000000000e+00	0.00000000000000e+00
57	3.46483485573037e+02	1.42285714285714e-01
0.00000000000000e+00	1.37175632891193e-02	-2.95451063030416e-05	2.44928687181532e-02	1.34445393708926e-02	-3.06405846499658e-05
4.83358916430547e-02	1.31754862657878e-02	-3.18210966865351e-05	7.15588066993516e-02	1.29099362694771e-02	-3.30708424687298e-05
9.41897610237694e-02	1.26474549706919e-02	-3.43953258985508e-05	1.16255427749273e-01	1.23876075426135e-02	-3.58006065328542e-05
1.37781113971543e-01	1.21299561579211e-02	-3.72933699177569e-05	1.58790860565149e-01	1.18740572758622e-02	-3.88810054647859e-05
1.79307534684962e-01	1.16194587684326e-02	-4.05716972651238e-05	1.99352915710337e-01	1.13656968409199e-02	-4.23745289988009e-05
2.18947775322322e-01	1.11122926983618e-02	-4.42996059339951e-05	2.38111952346703e-01	1.08587488934269e-02	-4.63581921072986e-05
2.56864422947116e-01	1.06045453083854e-02	-4.85628776292213e-05	2.75223366711979e-01	1.03491346723030e-02	-5.09277667850583e-05
2.93206229146508e-01	1.00919375411235e-02	-5.34687036488624e-05	3.10829781055855e-01	9.83233661971550e-03	-5.62035335129885e-05
3.28110175287798e-01	9.56967030707090e-03	-5.91524144399891e-05	3.45063001293232e-01	9.30322530456107e-03	-6.23381857538519e-05
3.61703337960537e-01	9.03222809203119e-03	-6.57868012883256e-05	3.78045805186383e-01	8.75583508193190e-03	-6.95278673041866e-05
3.94104614661306e-01	8.47312108609155e-03	-7.35952513239990e-05	4.09893620375883e-01	8.18306586770001e-03	-7.80278609213703e-05
4.25426369392639e-01	7.88453822650692e-03	-8.28705462583290e-05	4.40716153484942e-01	7.57627721346843e-03	-8.81752495067722e-05
4.55776062317983e-01	7.25686965422079e-03	-9.40023591307071e-05	4.70619038945894e-01	6.92472325677285e-03	-1.00422415688417e-04
4.85257938526593e-01	6.57803420686109e-03	-1.07518248357419e-04	4.99705591322490e-01	6.21474773952602e-03	-1.15387579804116e-04
5.13974871271941e-01	5.83251013050634e-03	-1.24146406440540e-04	5.28078771696507e-01	5.42860946441537e-03	-1.33933167451916e-04
5.42030490078040e-01	4.99990246417847e-03	-1.44914216030578e-04	5.55843524321277e-01	4.54272297783564e-03	-1.57290773284968e-04
5.69531783559155e-01	4.05276685229272e-03	-1.71308031586603e-04	5.83109717412513e-01	3.52494597604158e-03	-1.87267289931237e-04
5.96592468769095e-01	2.95320055065829e-03	-2.05541689081157e-04	6.09996056725263e-01	2.33025714159507e-03	-2.26598170528947e-04
6.23337598502061e-01	1.64731045775435e-03	-2.51026485126316e-04	6.36635582203359e-01	8.93603281415523e-04	-2.79580410482927e-04
6.49910206601489e-01	5.58616012857893e-05	-3.13235058788441e-04	6.63183810399218e-01	-8.82474474286243e-04	-3.53268931700290e-04
6.76481422614783e-01	-1.94231395651956e-03	-4.01383970042302e-04	6.89831479544617e-01	-3.15041128767723e-03	-4.59884422470580e-04
7.03266774954701e-01	-4.54151503326272e-03	-5.31948389250081e-04	7.16825743509268e-01	-6.16151559350142e-03	-6.22054551574047e-04
7.30554231394690e-01	-8.07217717500952e-03	-7.36667396317836e-04	7.44507998255101e-01	-1.03584413674787e-02	-8.85380669922942e-04
7.58756350631327e-01	-1.31400664616235e-02	-1.08289331119060e-03	7.73387588943124e-01	-1.65908529539343e-02	-1.35257792205445e-03
7.88517484164362e-01	-2.09717499736489e-02	-1.73325569659100e-03	8.04303072078001e-01	-2.66907255677037e-02	-2.29280238206409e-03
8.20966355511418e-01	-3.44174571445598e-02	-3.15725765935415e-03	8.38837878803362e-01	-4.53187629458143e-02	-4.57717833576399e-03
8.58444032067137e-01	-6.15849265439875e-02	-7.08424674150909e-03	8.80702770678090e-01	-8.77533450060295e-02	-1.18006449098575e-02
9.07433123788661e-01	-1.34817962533385e-01	-1.97280709306140e-02	9.42959589425815e-01	-2.30755270103720e-01	-1.80305631500981e-02
1.00000000000000e+00	0.00000000000000e+00	0.00000000000000e+00
60	3.46483485573037e+02	2.12928571428571e-01
0.00000000000000e+00	1.29707837769468e-02	-2.63452336943804e-05	2.34826873710502e-02	1.27267096464030e-02	-2.72636260880699e-05
4.63751777850705e-02	1.24860183366415e-02	-2.82541658029878e-05	6.87030528653577e-02	1.22483292123299e-02	-2.92994363118027e-05
9.04905955606512e-02	1.20132951499701e-02	-3.04035320466411e-05	1.11760880474718e-01	1.17805690208794e-02	-3.15709374407724e-05
1.32535857764857e-01	1.15498018532114e-02	-3.28065701726832e-05	1.52836431003574e-01	1.13206409230364e-02	-3.41158354291160e-05
1.72682529589135e-01	1.10927277321906e-02	-3.55046808107051e-05	1.92093176238375e-01	1.08656958694597e-02	-3.69796676562562e-05
2.11086550049302e-01	1.06391686991827e-02	-3.85480440470154e-05	2.29680045581727e-01	1.04127568642343e-02	-4.02178343854587e-05
2.47890328370163e-01	1.01860555592963e-02	-4.19979444057361e-05	2.65733387254579e-01	9.95864150991399e-03	-4.38982720625258e-05
2.83224583890973e-01	9.73006964391754e-03	-4.59298517121454e-05	3.00378699784331e-01	9.49986934646341e-03	-4.81050057474786e-05
3.17209981172279e-01	9.26754027302157e-03	-5.04375375147692e-05	3.33732182077446e-01	9.03254758330951e-03	-5.29429391040726e-05
3.49958605841495e-01	8.79431655161445e-03	-5.56386572332368e-05	3.65902145453084e-01	8.55222636382247e-03	-5.85443837826105e-05
3.81575322987272e-01	8.30560300493688e-03	-6.16824142323225e-05	3.96990328484546e-01	8.05371105849484e-03	-6.50780877209378e-05
4.12159058615260e-01	7.79574409836381e-03	-6.87602617943650e-05	4.27093155501399e-01	7.53081357905905e-03	-7.27619525973111e-05
4.41804046101693e-01	7.25793570111888e-03	-7.71210445711379e-05	4.56302982613373e-01	6.97601598119224e-03	-8.18811911396100e-05
4.70601084403566e-01	6.68383092609992e-03	-8.70928916458791e-05	4.84709382061427e-01	6.38000621051704e-03	-9.28148249315086e-05
4.98638864261563e-01	6.06299048112113e-03	-9.91154668690264e-05	5.12400528257090e-01	5.73102383345869e-03	-1.06075132309646e-04
5.26005434983768e-01	5.38209959964187e-03	-1.13788534902959e-04	5.39464769966824e-01	5.01391750679470e-03	-1.22367871884688e-04
5.52789911494534e-01	4.62382657132610e-03	-1.31947022153467e-04	5.65992507872525e-01	4.20875393515163e-03	-1.42686575877793e-04
5.79084566038011e-01	3.76511647898337e-03	-1.54780534120436e-04	5.92078554419056e-01	3.28870970661188e-03	-1.68464996617379e-04
6.04987523736165e-01	2.77456683143784e-03	-1.84029533680574e-04	6.17825250534763e-01	2.21677851647728e-03	-2.01832306157890e-04
6.30606409721380e-01	1.60826000665248e-03	-2.22320432529344e-04	6.43346784420936e-01	9.40447029529334e-04	-2.46057773332309e-04
6.56063524327096e-01	2.02893835693385e-04	-2.73763263160642e-04	6.68775467762735e-01	-6.17265214559959e-04	-3.06364441988061e-04
6.81503548492974e-01	-1.53604576056032e-03	-3.45074332961159e-04	6.94271316866252e-01	-2.57362039811182e-03	-3.91502817390421e-04
7.07105617626311e-01	-3.75573096421722e-03	-4.47821574707241e-04	7.20037486240801e-01	-5.11570624864421e-03	-5.17014541924654e-04
7.33103356126217e-01	-6.69740666201246e-03	-6.03267581901212e-04	7.46346718288522e-01	-8.55962554976886e-03	-7.12591664936202e-04
7.59820456458476e-01	-1.07828426845051e-02	-8.53854508373608e-04	7.73590221000329e-01	-1.34799156384305e-02	-1.04054605879589e-03
7.87739455903987e-01	-1.68135913824383e-02	-1.29393953360069e-03	8.02377164084288e-01	-2.10263900725483e-02	-1.64901225404934e-03
8.17650430024097e-01	-2.64940352415237e-02	-2.16617046838929e-03	8.33765695713236e-01	-3.38264398280220e-02	-2.95588617967879e-03
8.51027317001881e-01	-4.40715673922004e-02	-4.23368540055580e-03	8.69913374197907e-01	-5.91614844231424e-02	-6.44714482302500e-03
8.91241347789011e-01	-8.29989925689327e-02	-1.05297083192983e-02	9.16584328295822e-01	-1.24634525835273e-01	-1.75637589562223e-02
9.49519945550465e-01	-2.08382189995528e-01	-1.76538944855100e-02	1.00000000000000e+00	0.00000000000000e+00	0.00000000000000e+00
49	3.46483485573037e+02	2.83571428571429e-01
0.00000000000000e+00	1.58794397820814e-02	-3.95053810826607e-05	2.90505388071119e-02	1.55145970842585e-02	-4.12284168436194e-05
5.72134488795978e-02	1.51557890355274e-02	-4.30851071693272e-05	8.45354580096560e-02	1.48022098412512e-02	-4.50695402294254e-05
1.11060431866687e-01	1.44530813527681e-02	-4.71936727768352e-05	1.36829615505426e-01	1.41076220589418e-02	-4.94708892777584e-05
1.61881853818978e-01	1.37650407144618e-02	-5.19162135697027e-05	1.86253793190949e-01	1.34245295480917e-02	-5.45465530246148e-05
2.09980066573633e-01	1.30852569290334e-02	-5.73809912287615e-05	2.33093463989428e-01	1.27463593196870e-02	-6.04411291700302e-05
2.55625090260877e-01	1.24069323451366e-02	-6.37514952406271e-05	2.77604511616776e-01	1.20660207544152e-02	-6.73400345492237e-05
2.99059892695112e-01	1.17226070080896e-02	-7.12386942358645e-05	3.20018125366317e-01	1.13755981714010e-02	-7.54841272627704e-05
3.40504950731595e-01	1.10238107282157e-02	-8.01185486434264e-05	3.60545075611053e-01	1.06659528315396e-02	-8.51907825301090e-05
3.80162284826661e-01	1.03006033632218e-02	-9.07575354396339e-05	3.99379550608525e-01	9.92618704679926e-03	-9.68849626348245e-05
4.18219140513897e-01	9.54094469193523e-03	-1.03650638165309e-04	4.36702725353392e-01	9.14289722777450e-03	-1.11145970709048e-04
4.54851488779049e-01	8.72980206295360e-03	-1.19479291588842e-04	4.72686240415455e-01	8.29909955164609e-03	-1.28779715030447e-04
4.90227534730462e-01	7.84784701207575e-03	-1.39202136102190e-04	5.07495798269567e-01	7.37263649550757e-03	-1.50933596880343e-04
5.24511468459703e-01	6.86949170569817e-03	-1.64201652786522e-04	5.41295147973460e-01	6.33373736171583e-03	-1.79285308627763e-04
5.57867779715717e-01	5.75983223532472e-03	-1.96529595274608e-04	5.74250848959642e-01	5.14115342664634e-03	-2.16365135432772e-04
5.90466621186746e-01	4.46971474453339e-03	-2.39334875332897e-04	6.06538427020963e-01	3.73579445323324e-03	-2.66130986440016e-04
6.22491009669194e-01	2.92743685075902e-03	-2.97646638852012e-04	6.38350956071677e-01	2.02977552992878e-03	-3.35049979818258e-04
6.54147241448354e-01	1.02409995644814e-03	-3.79891745943439e-04	6.69911929597594e-01	-1.13454468319230e-04	-4.34265027406067e-04
6.85681090639734e-01	-1.41378002383952e-03	-5.01048214123667e-04	7.01496028128970e-01	-2.91753435828890e-03	-5.84284306804017e-04
7.17404956034033e-01	-4.67923910591450e-03	-6.89790325854700e-04	7.33465346603824e-01	-6.77358514146442e-03	-8.26170493727796e-04
7.49747308380448e-01	-9.30543965193031e-03	-1.00656743464755e-03	7.66338600889554e-01	-1.24263126529931e-02	-1.25182618909880e-03
7.83352356355526e-01	-1.63626077896732e-02	-1.59652203995941e-03	8.00939499006255e-01	-2.14665442519540e-02	-2.10117607882232e-03
8.19309805547111e-01	-2.83134991431946e-02	-2.87890179915573e-03	8.38770050845451e-01	-3.79017596763614e-02	-4.15883396086669e-03
8.59799177152604e-01	-5.21000213653935e-02	-6.45261383181372e-03	8.83213929009715e-01	-7.47726443245139e-02	-1.10269757656931e-02
9.10594685956817e-01	-1.15243056650594e-01	-2.09597988993604e-02	9.45650094438595e-01	-2.06659320722198e-01	-3.09929413090226e-02
1.00000000000000e+00	0.00000000000000e+00	0.00000000000000e+00
48	3.46483485573037e+02	3.54214285714286e-01
0.00000000000000e+00	1.61490269231725e-02	-4.06926439453503e-05	2.99329560418211e-02	1.57722780149594e-02	-4.25006596167510e-05
5.89363673873523e-02	1.54018676134515e-02	-4.44493348408237e-05	8.70599347799477e-02	1.50369391045215e-02	-4.65346057068050e-05
1.14350267452672e-01	1.46766622478685e-02	-4.87695054762760e-05	1.40851148050693e-01	1.43202028955078e-02	-5.11686572675085e-05
1.66603774089250e-01	1.39667159323340e-02	-5.37485095026824e-05	1.91646978533499e-01	1.36153377510710e-02	-5.65276186232921e-05
2.16017432013371e-01	1.32651780922668e-02	-5.95269799466003e-05	2.39749828924690e-01	1.29153110709550e-02	-6.27704197435630e-05
2.62877059449737e-01	1.25647651890901e-02	-6.62850702535245e-05	2.85430369351897e-01	1.22125120501424e-02	-7.01019277853376e-05
3.07439509257218e-01	1.18574535019595e-02	-7.42565374463044e-05	3.28932875027662e-01	1.14984068003352e-02	-7.87898138867593e-05
3.49937640756932e-01	1.11340873367398e-02	-8.37490395406704e-05	3.70479885879580e-01	1.07630883587817e-02	-8.91890914525018e-05
3.90584717880041e-01	1.03838569543684e-02	-9.51739555075104e-05	4.10276392124033e-01	9.99466535213411e-03	-1.01778589725710e-04
4.29578430416576e-01	9.59357638944258e-03	-1.09091255941163e-04	4.48513740027088e-01	9.17840163479644e-03	-1.17216455989944e-04
4.67104735125742e-01	8.74665018794230e-03	-1.26278647021749e-04	4.85373462864616e-01	8.29546553498117e-03	-1.36426951420798e-04
5.03341736737600e-01	7.82154720493122e-03	-1.47841292122086e-04	5.21031280398928e-01	7.32105250366666e-03	-1.60740305832796e-04
5.38463885865828e-01	6.78947223137882e-03	-1.75391710757866e-04	5.55661591045975e-01	6.22147223564284e-03	-1.92126196757014e-04
5.72646882921312e-01	5.61068881754712e-03	-2.11355904619959e-04	5.89442934647178e-01	4.94946218317582e-03	-2.33599686296992e-04
6.06073887513823e-01	4.22848484142158e-03	-2.59517971537671e-04	6.22565192526333e-01	3.43633140818933e-03	-2.89961370365965e-04
6.38944031832747e-01	2.55882218588788e-03	-3.26040415549178e-04	6.55239848218992e-01	1.57814625929342e-03	-3.69226066037509e-04
6.71485022800858e-01	4.71634990772518e-04	-4.21499284740445e-04	6.87715759136547e-01	-7.89988190947111e-04	-4.85577432623119e-04
7.03973260183851e-01	-2.24515780798107e-03	-5.65266538981257e-04	7.20305329630209e-01	-3.94527158115243e-03	-6.66025352799693e-04
7.36768603520009e-01	-5.96052200218133e-03	-7.95900443513409e-04	7.53431745130748e-01	-8.38911697266143e-03	-9.67133954423272e-04
7.70380161855661e-01	-1.13723798726590e-02	-1.19905804503651e-03	7.87723223307615e-01	-1.51205266259430e-02	-1.52358070628700e-03
8.05605787197290e-01	-1.99588582792747e-02	-1.99624995908221e-03	8.24227578311733e-01	-2.64154736211435e-02	-2.72028874285168e-03
8.43877926669591e-01	-3.53999053281553e-02	-3.90367718256202e-03	8.65003348089344e-01	-4.85996707849075e-02	-6.00979940291779e-03
8.88354053639669e-01	-6.94641546782646e-02	-1.02001492132202e-02	9.15352868709784e-01	-1.06125934024191e-01	-1.95910000136070e-02
9.49249286116747e-01	-1.86970047282047e-01	-3.41230186649817e-02	1.00000000000000e+00	0.00000000000000e+00	0.00000000000000e+00
49	3.46483485573037e+02	4.24857142857143e-01
0.00000000000000e+00	1.57430867455437e-02	-3.84282271483904e-05	2.95831892055636e-02	1.53856192810227e-02	-4.00892504186512e-05
5.82698748569631e-02	1.50340558351629e-02	-4.18775618045153e-05	8.61067978426289e-02	1.46876231883419e-02	-4.37877968531009e-05
1.13137859187319e-01	1.43455742441090e-02	-4.58312660718274e-05	1.39404357426656e-01	1.40071590526454e-02	-4.80206195707655e-05
1.64945205435737e-01	1.36716188160386e-02	-5.03700431868648e-05	1.89797128893367e-01	1.33381795058249e-02	-5.28954843050933e-05
2.13994848534791e-01	1.30060449843494e-02	-5.56149244239634e-05	2.37571248124718e-01	1.26743894642192e-02	-5.85486936441892e-05
2.60557529897467e-01	1.23423491612560e-02	-6.17198525503238e-05	2.82983359058168e-01	1.20090129189780e-02	-6.51546412626658e-05
3.04876998815813e-01	1.16734115713819e-02	-6.88830168504850e-05	3.26265437323568e-01	1.13345057625707e-02	-7.29393062874895e-05
3.47174507833209e-01	1.09911718520224e-02	-7.73629929147202e-05	3.67629003329272e-01	1.06421854574157e-02	-8.21996662048186e-05
3.87652786895522e-01	1.02862021164563e-02	-8.75021976247670e-05	4.07268899083803e-01	9.92173433534838e-03	-9.33321726155345e-05
4.26499663608085e-01	9.54712417469139e-03	-9.97616669669021e-05	4.45366792779783e-01	9.16051026764242e-03	-1.06875469112921e-04
4.63891494243131e-01	8.75978780942743e-03	-1.14773857619488e-04	4.82094580774229e-01	8.34255966660691e-03	-1.23576107346146e-04
4.99996585190674e-01	7.90607622604167e-03	-1.33424984460229e-04	5.17617882804466e-01	7.44716067098028e-03	-1.44492476374269e-04
5.34978824373731e-01	6.96211560751570e-03	-1.56987313672641e-04	5.52099883213469e-01	6.44660496974980e-03	-1.71164687642555e-04
5.69001821084616e-01	5.89550377784476e-03	-1.87339282209376e-04	5.85705878784865e-01	5.30270453598991e-03	-2.05902588517271e-04
6.02233999166253e-01	4.66086559575851e-03	-2.27346557964303e-04	6.18609092807645e-01	3.96107965990233e-03	-2.52295951747472e-04
6.34855360106598e-01	3.19243230445099e-03	-2.81553775381083e-04	6.50998688610491e-01	2.34140494615032e-03	-3.16165526864420e-04
6.67067151772832e-01	1.39105602354483e-03	-3.57512344351996e-04	6.83091646234429e-01	3.19878474067115e-04	-4.07448397846899e-04
6.99106721259425e-01	-8.99824150149997e-04	-4.68508305545567e-04	7.15151679571483e-01	-2.30429402770971e-03	-5.44228346858411e-04
7.31272069591437e-01	-3.94181894035328e-03	-6.39658329230075e-04	7.47521755882397e-01	-5.87806954825243e-03	-7.62204399582078e-04
7.63965867887331e-01	-8.20448666276785e-03	-9.23070406850801e-04	7.80685126770006e-01	-1.10519300526625e-02	-1.13982999103079e-03
7.97782418690515e-01	-1.46137938461910e-02	-1.44126363065644e-03	8.15393200019808e-01	-1.91870673862711e-02	-1.87701295436415e-03
8.33702807952854e-01	-2.52494860560937e-02	-2.53831733189291e-03	8.52977086356913e-01	-3.36147058276285e-02	-3.60664470766570e-03
8.73620979022458e-01	-4.57715555210457e-02	-5.48050327997829e-03	8.96302795026954e-01	-6.47086470756328e-02	-9.14753960247472e-03
9.22257864789111e-01	-9.72627290388987e-02	-1.73325309710319e-02	9.54199459407903e-01	-1.65650186210608e-01	-3.30277904982121e-02
1.00000000000000e+00	0.00000000000000e+00	0.00000000000000e+00
52	3.46483485573037e+02	4.95500000000000e-01
0.00000000000000e+00	1.47493216548888e-02	-3.34426496289009e-05	2.81114093933839e-02	1.44361033124110e-02	-3.47889371468124e-05
5.54227415314454e-02	1.41277955781021e-02	-3.62358670329410e-05	8.19731386230103e-02	1.38237989854988e-02	-3.77746722353134e-05
1.07799503922763e-01	1.35235406461629e-02	-3.94132797145730e-05	1.32936677457677e-01	1.32264465445142e-02	-4.11604896652928e-05
1.57417597441464e-01	1.29319375533485e-02	-4.30260909460856e-05	1.81273448734912e-01	1.26394252365214e-02	-4.50210000713103e-05
2.04533799773592e-01	1.23483073518873e-02	-4.71574173235290e-05	2.27226729244633e-01	1.20579629915358e-02	-4.94490152485039e-05
2.49378943675356e-01	1.17677472472004e-02	-5.19111529297955e-05	2.71015886996629e-01	1.14769853152479e-02	-5.45611367250842e-05
2.92161843060891e-01	1.11849658833005e-02	-5.74185170518771e-05	3.12840032028184e-01	1.08909336800276e-02	-6.05054523876714e-05
3.33072701481882e-01	1.05940809743672e-02	-6.38471342448987e-05	3.52881213099497e-01	1.02935378171496e-02	-6.74722983307063e-05
3.72286125682694e-01	9.98836074950415e-03	-7.14138391320063e-05	3.91307275345424e-01	9.67751964581010e-03	-7.57095540013797e-05
4.09963853671295e-01	9.35988227374396e-03	-8.04030462506766e-05	4.28274484683126e-01	9.03419603493116e-03	-8.55448152135008e-05
4.46257301522368e-01	8.69906629893680e-03	-9.11936239329503e-05	4.63930023817613e-01	8.35293042953023e-03	-9.74181618167425e-05
4.81310036837179e-01	7.99402649065706e-03	-1.04299111911565e-04	4.98414473677893e-01	7.62035534021366e-03	-1.11931772266427e-04
5.15260301952571e-01	7.22963427919221e-03	-1.20429328321681e-04	5.31864416719372e-01	6.81924005274315e-03	-1.29927028396981e-04
5.48243741767243e-01	6.38613818928624e-03	-1.40587532909242e-04	5.64415341865101e-01	5.92679474390967e-03	-1.52607857328180e-04
5.80396549240144e-01	5.43706506277131e-03	-1.66228429518078e-04	5.96205108434613e-01	4.91205235568848e-03	-1.81745059942617e-04
6.11859344887168e-01	4.34592609726536e-03	-1.99524921483007e-04	6.27378364223263e-01	3.73168640827948e-03	-2.20028157222663e-04
6.42782291507285e-01	3.06085506456633e-03	-2.43837623885135e-04	6.58092562891331e-01	2.32306472232602e-03	-2.71700074714110e-04
6.73332286631238e-01	1.50550599642796e-03	-3.04584499338567e-04	6.88526697003041e-01	5.92172135274405e-04	-3.43766247648869e-04
7.03703734333345e-01	-4.37190368028917e-04	-3.90950327606276e-04	7.18894798930771e-01	-1.60856560864420e-03	-4.48456630175675e-04
7.34135749141495e-01	-2.95580959908803e-03	-5.19504804870730e-04	7.49468249200330e-01	-4.52381088777831e-03	-6.08664977812534e-04
7.64941630186718e-01	-6.37327549708055e-03	-7.22594500835561e-04	7.80615524242212e-01	-8.58818983875365e-03	-8.71283510618825e-04
7.96563701220431e-01	-1.12878474080589e-02	-1.07025794898652e-03	8.12879844956150e-01	-1.46470082978323e-02	-1.34466458712224e-03
8.29686597415240e-01	-1.89312610554706e-02	-1.73730435512520e-03	8.47150404421886e-01	-2.45624880819146e-02	-2.32557791736143e-03
8.65507343938633e-01	-3.22482215008705e-02	-3.26036660812323e-03	8.85111489860040e-01	-4.32583242944344e-02	-4.86489305366344e-03
9.06534598170972e-01	-6.00788446804288e-02	-7.91764370964043e-03	9.30800245107016e-01	-8.81881201693810e-02	-1.45383068464269e-02
9.60046785242854e-01	-1.43921456625774e-01	-2.83911515888211e-02	1.00000000000000e+00	0.00000000000000e+00	0.00000000000000e+00
52	3.46483485573037e+02	5.66142857142857e-01
0.00000000000000e+00	1.46795500076500e-02	-3.28329007979189e-05	2.83476723430647e-02	1.43701354910257e-02	-3.41469225431101e-05
5.58921774751082e-02	1.40655795441815e-02	-3.55585691163007e-05	8.26725834594263e-02	1.37652974269786e-02	-3.70593377891915e-05
1.08725733594483e-01	1.34687303251750e-02	-3.86568761576722e-05	1.34086420037435e-01	1.31753185522592e-02	-4.03596686264773e-05
1.58787543342373e-01	1.28844977159908e-02	-4.21771481564637e-05	1.82860259241959e-01	1.25956946793384e-02	-4.41198277223442e-05
2.06334114063326e-01	1.23083232405108e-02	-4.61994498917040e-05	2.29237170032684e-01	1.20217794673270e-02	-4.84291658737757e-05
2.51596121606745e-01	1.17354365831874e-02	-5.08237399305944e-05	2.73436403871262e-01	1.14486393177213e-02	-5.33997950962206e-05
2.94782293965500e-01	1.11606975884981e-02	-5.61760999695515e-05	3.15657006425759e-01	1.08708793706935e-02	-5.91739067197228e-05
3.36082783289935e-01	1.05784025973716e-02	-6.24173616838863e-05	3.56080979768434e-01	1.02824258486132e-02	-6.59339832485006e-05
3.75672146264904e-01	9.98203760627159e-03	-6.97552455568573e-05	3.94876107523407e-01	9.67624375182674e-03	-7.39172858523762e-05
4.13712039688536e-01	9.36395288232506e-03	-7.84617422302514e-05	4.32198546093743e-01	9.04395903627786e-03	-8.34368067363922e-05
4.50353732642690e-01	8.71492112609462e-03	-8.88984818645522e-05	4.68195283724786e-01	8.37533841346572e-03	-9.49121679660880e-05
4.85740539712542e-01	8.02352094032943e-03	-1.01554593246567e-04	5.03006577235398e-01	7.65755379240796e-03	-1.08916275038284e-04
5.20010293620130e-01	7.27525344274160e-03	-1.17104569895776e-04	5.36768497149410e-01	6.87411419267869e-03	-1.26247583919437e-04
5.53298005134800e-01	6.45124188882007e-03	-1.36499171890625e-04	5.69615752258682e-01	6.00327122349298e-03	-1.48045373188799e-04
5.85738912249575e-01	5.52626178892357e-03	-1.61112844900391e-04	6.01685036771960e-01	5.01556610108000e-03	-1.75979923590974e-04
6.17472216516512e-01	4.46566060362352e-03	-1.92991418746846e-04	6.33119270982762e-01	3.86992697733968e-03	-2.12578602051705e-04
6.48645975526354e-01	3.22036560581362e-03	-2.35286337484153e-04	6.64073337153916e-01	2.50721661537812e-03	-2.61811138035695e-04
6.79423934672082e-01	1.71845023569994e-03	-2.93054194662634e-04	6.94722344756717e-01	8.39073749338448e-04	-3.30198178082775e-04
7.09995684239108e-01	-1.49828566667010e-04	-3.74818970094504e-04	7.25274312003452e-01	-1.27244767543999e-03	-4.29052828280208e-04
7.40592753932212e-01	-2.56019222690362e-03	-4.95852720457046e-04	7.55990945811062e-01	-4.05454232937630e-03	-5.79391601500667e-04
7.71515939944853e-01	-5.81134940825734e-03	-6.85716349075438e-04	7.87224306016342e-01	-7.90749702252302e-03	-8.23850350476274e-04
8.03185603346423e-01	-1.04515712406477e-02	-1.00772432181118e-03	8.19487566418045e-01	-1.36016060883734e-02	-1.25973194424289e-03
8.36244147553152e-01	-1.75959397242378e-02	-1.61766160785071e-03	8.53608570927994e-01	-2.28097780686647e-02	-2.14917120826441e-03
8.71795735848141e-01	-2.98656482650925e-02	-2.98468560332132e-03	8.91123463167278e-01	-3.98664267682751e-02	-4.40035945869943e-03
9.12095698704099e-01	-5.49364759571732e-02	-7.05594623287786e-03	9.35592490044788e-01	-7.96476790812237e-02	-1.27794838619883e-02
9.63387979252690e-01	-1.26944930281276e-01	-2.58588130541670e-02	1.00000000000000e+00	0.00000000000000e+00	0.00000000000000e+00
51	3.46483485573037e+02	6.36785714285714e-01
0.00000000000000e+00	1.48999556645921e-02	-3.34851585401807e-05	2.91392760604840e-02	1.45822557495896e-02	-3.48455777678947e-05
5.74409451723951e-02	1.42696449825652e-02	-3.63069373321423e-05	8.49462811182992e-02	1.39615094304177e-02	-3.78619681218328e-05
1.11694174748358e-01	1.36572602208800e-02	-3.95188356776544e-05	1.37721322342038e-01	1.33563076037568e-02	-4.12866147083690e-05
1.63062398459989e-01	1.30580567939766e-02	-4.31754122267591e-05	1.87750214795236e-01	1.27619035839961e-02	-4.51965108634322e-05
2.11815866569565e-01	1.24672296542458e-02	-4.73625387114041e-05	2.35288867867420e-01	1.21733974852565e-02	-4.96876638975685e-05
2.58197277169366e-01	1.18797447853434e-02	-5.21878277575105e-05	2.80567814237498e-01	1.15855783031433e-02	-5.48810146918655e-05
3.02425969414646e-01	1.12901669037917e-02	-5.77875774672165e-05	3.23796106326176e-01	1.09927337293709e-02	-6.09306194656600e-05
3.44701558917158e-01	1.06924472501064e-02	-6.43364503238875e-05	3.65164723718064e-01	1.03884109787127e-02	-6.80351401052270e-05
3.85207148209364e-01	1.00796515233210e-02	-7.20611751059419e-05	4.04849616150476e-01	9.76510465109426e-03	-7.64542650542044e-05
4.24112230752575e-01	9.44359887707269e-03	-8.12603158335534e-05	4.43014496611002e-01	9.11383603877125e-03	-8.65326292656121e-05
4.61575401374392e-01	8.77436811091448e-03	-9.23333680344918e-05	4.79813498219940e-01	8.42356942187150e-03	-9.87354042052413e-05
4.97746990333591e-01	8.05960299261588e-03	-1.05824576128954e-04	5.15393818771925e-01	7.68037964536816e-03	-1.13702576490571e-04
5.32771755319733e-01	7.28350784817677e-03	-1.22490593699842e-04	5.49898502275205e-01	6.86623175254231e-03	-1.32333953651642e-04
5.66791801516929e-01	6.42535408495326e-03	-1.43408118138399e-04	5.83469555769951e-01	5.95713936233722e-03	-1.55926492011904e-04
5.99949965742892e-01	5.45719139724010e-03	-1.70150731404028e-04	6.16251687826639e-01	4.92029649725567e-03	-1.86404314037825e-04
6.32394018434496e-01	4.34022128597999e-03	-2.05091010393010e-04	6.48397112972796e-01	3.70944848216270e-03	-2.26719913434037e-04
6.64282250099193e-01	3.01882786323016e-03	-2.51940127044437e-04	6.80072155694475e-01	2.25710905658905e-03	-2.81589538045468e-04
6.95791406389978e-01	1.41030694475330e-03	-3.16764444382667e-04	7.11466940411846e-01	4.60826508745571e-04	-3.58921195471540e-04
7.27128715305670e-01	-6.13765537130107e-04	-4.10027577550043e-04	7.42810570089177e-01	-1.84249942248194e-03	-4.72793230093860e-04
7.58551377459764e-01	-3.26357382179465e-03	-5.51031214125697e-04	7.74396616729086e-01	-4.92821089531148e-03	-6.50241887454328e-04
7.90400572746351e-01	-6.90659933837479e-03	-7.78589500195492e-04	8.06629494044583e-01	-9.29735348758509e-03	-9.48604547110543e-04
8.23166272268671e-01	-1.22431394900251e-02	-1.18029546126897e-03	8.40117634385659e-01	-1.59576380579557e-02	-1.50716780866911e-03
8.57625692690937e-01	-2.07745298980595e-02	-1.98869432735838e-03	8.75887515657560e-01	-2.72421793902545e-02	-2.73842199286944e-03
8.95190600878575e-01	-3.63210179912494e-02	-3.99438358657700e-03	9.15983040053436e-01	-4.98351945962312e-02	-6.32110179070966e-03
9.39029706429048e-01	-7.16348160500297e-02	-1.12977836665915e-02	9.65824064455122e-01	-1.12232438408424e-01	-2.31964022167552e-02
1.00000000000000e+00	0.00000000000000e+00	0.00000000000000e+00
48	3.46483485573037e+02	7.07428571428571e-01
0.00000000000000e+00	1.57711390704554e-02	-3.71071453915128e-05	3.12087631273719e-02	1.54167091870154e-02	-3.87074972894030e-05
6.14698775945196e-02	1.50682952211048e-02	-4.04286309698687e-05	9.08325792759936e-02	1.47251405587168e-02	-4.22669499067219e-05
1.19343108220096e-01	1.43865124508888e-02	-4.42333239032422e-05	1.47044958173127e-01	1.40516764383138e-02	-4.63399125183450e-05
1.73979104425079e-01	1.37198905245970e-02	-4.86003511890321e-05	2.00184212296129e-01	1.33903989947857e-02	-5.10299725138275e-05
2.25696828519054e-01	1.30624257525718e-02	-5.36460656634929e-05	2.50551557539619e-01	1.27351670389246e-02	-5.64681833232772e-05
2.74781224561302e-01	1.24077833710607e-02	-5.95185074281357e-05	2.98417026998579e-01	1.20793905016032e-02	-6.28222822078861e-05
3.21488675871623e-01	1.17490491787737e-02	-6.64083384387393e-05	3.44024528572477e-01	1.14157534140533e-02	-7.03097216729898e-05
3.66051714357883e-01	1.10784169110638e-02	-7.45644493105324e-05	3.87596253876753e-01	1.07358572434828e-02	-7.92164380032379e-05
4.08683174021741e-01	1.03867772444708e-02	-8.43166395361195e-05	4.29336619407161e-01	1.00297429211842e-02	-8.99244280003764e-05
4.49579961823471e-01	9.66315708397425e-03	-9.61093310483108e-05	4.69435909107205e-01	9.28522758471839e-03	-1.02953182223420e-04
4.88926615003794e-01	8.89392879790218e-03	-1.10552832558231e-04	5.08073791800707e-01	8.48695450273396e-03	-1.19023563408760e-04
5.26898827787193e-01	8.06165988298146e-03	-1.28503474483344e-04	5.45422911977371e-01	7.61498943124583e-03	-1.39159097185537e-04
5.63667169050462e-01	7.14338671354087e-03	-1.51192737680939e-04	5.81652808160496e-01	6.64268023415193e-03	-1.64852061128151e-04
5.99401290218270e-01	6.10793787729902e-03	-1.80442862935282e-04	6.16934519545012e-01	5.53327930307757e-03	-1.98346240628311e-04
6.34275067586229e-01	4.91163130658068e-03	-2.19041866903691e-04	6.51446438868754e-01	4.23440545019460e-03	-2.43140289955424e-04
6.68473392903285e-01	3.49106719493153e-03	-2.71428088015169e-04	6.85382340784618e-01	2.66855217072925e-03	-3.04932338825781e-04
7.02201842599037e-01	1.75046288072456e-03	-3.45014383507536e-04	7.18963242680816e-01	7.15943912285466e-04	-3.93509026409555e-04
7.35701496351132e-01	-4.61923530053920e-04	-4.52936146169813e-04	7.52456267559541e-01	-1.81846249698414e-03	-5.26831441242326e-04
7.69273418020182e-01	-3.40089817575884e-03	-6.20278691349174e-04	7.86207076226384e-01	-5.27373033568723e-03	-7.40797167652740e-04
8.03322590312552e-01	-7.52725042703628e-03	-8.99882264057572e-04	8.20700873968242e-01	-1.02915483329399e-02	-1.11581053059839e-03
8.38445036709297e-01	-1.37605609335045e-02	-1.41904276283555e-03	8.56690942337627e-01	-1.82355179882588e-02	-1.86337353023047e-03
8.75624925490692e-01	-2.42083986588241e-02	-2.55097434398111e-03	8.95515531149502e-01	-3.25346683192835e-02	-3.69506713233969e-03
9.16775406709875e-01	-4.48251836283523e-02	-5.80068917463539e-03	9.40096644285275e-01	-6.44405466118358e-02	-1.02973658742440e-02
9.66799724644949e-01	-1.00355216435066e-01	-2.14231513933822e-02	1.00000000000000e+00	0.00000000000000e+00	0.00000000000000e+00
45	3.46483485573037e+02	7.78071428571429e-01
0.00000000000000e+00	1.67590372199014e-02	-4.13826818819185e-05	3.35454309259149e-02	1.63607305935145e-02	-4.32833939123523e-05
6.60108939423735e-02	1.59696211285034e-02	-4.53318617024134e-05	9.74557545159525e-02	1.55847608338500e-02	-4.75290844843546e-05
1.27935558263504e-01	1.52052247552492e-02	-4.98898086471744e-05	1.57502367276396e-01	1.48300848419214e-02	-5.24306514619877e-05
1.86205065551181e-01	1.44584016010043e-02	-5.51703959088545e-05	2.14089637121165e-01	1.40892151709056e-02	-5.81303358893059e-05
2.41199420256269e-01	1.37215356252571e-02	-6.13346908355794e-05	2.67575340735639e-01	1.33543322684404e-02	-6.48111010825847e-05
2.93256126897058e-01	1.29865216488911e-02	-6.85912250026899e-05	3.18278508922731e-01	1.26169539500327e-02	-7.27114582319555e-05
3.42677404627887e-01	1.22443973610062e-02	-7.72138118809718e-05	3.66486093873872e-01	1.18675199133504e-02	-8.21469830205590e-05
3.89736383630404e-01	1.14848681650321e-02	-8.75676746903142e-05	4.12458765663091e-01	1.10948419244226e-02	-9.35422225298854e-05
4.34682568825947e-01	1.06956640358000e-02	-1.00148633090269e-04	4.56436108000206e-01	1.02853438968786e-02	-1.07479126575161e-04
4.77746831850811e-01	9.86163308361432e-03	-1.15643368757468e-04	4.98641471784197e-01	9.42197084514063e-03	-1.24772569635612e-04
5.19146194807776e-01	8.96341666228273e-03	-1.35024783082693e-04	5.39286763441821e-01	8.48256593118513e-03	-1.46591743065638e-04
5.59088706463626e-01	7.97544375014847e-03	-1.59707886588922e-04	5.78577505131657e-01	7.43736957160990e-03	-1.74662230170597e-04
5.97778800738401e-01	6.86278328384615e-03	-1.91814411118152e-04	6.16718631002392e-01	6.24501883789841e-03	-2.11616354114152e-04
6.35423705136918e-01	5.57600649473167e-03	-2.34642225202863e-04	6.53921730716195e-01	4.84587590042307e-03	-2.61630337927921e-04
6.72241810164892e-01	4.04241929664528e-03	-2.93542671658154e-04	6.90414931542100e-01	3.15035485672355e-03	-3.31651389828824e-04
7.08474588427005e-01	2.15029768073971e-03	-3.77666812907407e-04	7.26457579047552e-01	1.01729528638717e-03	-4.33931469312032e-04
7.44405058521320e-01	-2.81301505708376e-04	-5.03722200959178e-04	7.62363955784822e-01	-1.78900902731538e-03	-5.91734797051879e-04
7.80388928529445e-01	-3.56506218393859e-03	-7.04888780709734e-04	7.98545134089562e-01	-5.69207361094426e-03	-8.53718491257149e-04
8.16912278706757e-01	-8.28857045168774e-03	-1.05489387320334e-03	8.35590748305864e-01	-1.15304060031919e-02	-1.33605027514916e-03
8.54711288774536e-01	-1.56892067756663e-02	-1.74570044510447e-03	8.74451089998638e-01	-2.12057190489792e-02	-2.37536553641871e-03
8.95062264825119e-01	-2.88403983356434e-02	-3.41465645378336e-03	9.16926587912435e-01	-4.00117832002005e-02	-5.30959004124343e-03
9.40673019964329e-01	-5.76433616755035e-02	-9.31957780107551e-03	9.67473470604830e-01	-8.94152147119557e-02	-1.92637144901873e-02
1.00000000000000e+00	0.00000000000000e+00	0.00000000000000e+00
41	3.46483485573037e+02	8.48714285714286e-01
0.00000000000000e+00	1.83366288791249e-02	-4.88799870141943e-05	3.70952757877164e-02	1.78624860905996e-02	-5.13444571716981e-05
7.28886064593947e-02	1.73977086632962e-02	-5.40124514412099e-05	1.07457820977724e-01	1.69409637794689e-02	-5.68938106475514e-05
1.40875310915692e-01	1.64909410428189e-02	-6.00118962301721e-05	1.73208550340918e-01	1.60463228839247e-02	-6.33933546396737e-05
2.04520563975224e-01	1.56057702262518e-02	-6.70686884063354e-05	2.34870350324857e-01	1.51679069842281e-02	-7.10729458830439e-05
2.64313265837040e-01	1.47313029637113e-02	-7.54465565313556e-05	2.92901375448006e-01	1.42944546688233e-02	-8.02363568499498e-05
3.20683774329621e-01	1.38557633763108e-02	-8.54968436709846e-05	3.47706885202927e-01	1.34135097336918e-02	-9.12917320348150e-05
3.74014735258115e-01	1.29658238991708e-02	-9.76958887242141e-05	3.99649216498417e-01	1.25106500051686e-02	-1.04797754977071e-04
4.24650333211211e-01	1.20457033899761e-02	-1.12702416512400e-04	4.49056440270599e-01	1.15684185233629e-02	-1.21535502503045e-04
4.72904476107527e-01	1.10758849526706e-02	-1.31448194845563e-04	4.96230194469853e-01	1.05647677081471e-02	-1.42623730208236e-04
5.19068399574183e-01	1.00312073591022e-02	-1.55285915043768e-04	5.41453189980524e-01	9.47069315955340e-03	-1.69710375775622e-04
5.63418217584168e-01	8.87790039512182e-03	-1.86239672584243e-04	5.84996969640236e-01	8.24647929243860e-03	-2.05303769276188e-04
6.06223083903966e-01	7.56877777633269e-03	-2.27448183374390e-04	6.27130710064363e-01	6.83547271640372e-03	-2.53373390449507e-04
6.47754935104383e-01	6.03507214978816e-03	-2.83990700094661e-04	6.68132296721170e-01	5.15323329823847e-03	-3.20503265786254e-04
6.88301418566819e-01	4.17181171442249e-03	-3.64525683070438e-04	7.08303815614267e-01	3.06751082562862e-03	-4.18265085734060e-04
7.28184940405600e-01	1.80992249723877e-03	-4.84802292634257e-04	7.47995576513207e-01	3.58615978101273e-04	-5.68541806107437e-04
7.67793743565448e-01	-1.34130560333912e-03	-6.75957045348285e-04	7.87647376077366e-01	-3.36620083461581e-03	-8.16874958778024e-04
8.07638210038450e-01	-5.82530611703225e-03	-1.00679618393951e-03	8.27867626495648e-01	-8.88016386988333e-03	-1.27132699417998e-03
8.48465812454113e-01	-1.27793756973625e-02	-1.65523961758862e-03	8.69606863714625e-01	-1.79245985640779e-02	-2.24263410943637e-03
8.91535289018157e-01	-2.50053502925807e-02	-3.20694781798059e-03	9.14616413395177e-01	-3.53000274274377e-02	-4.95442573551341e-03
9.39443170090769e-01	-5.14227216152688e-02	-8.63030314899293e-03	9.67100286325901e-01	-8.01534168332899e-02	-1.77699487687037e-02
1.00000000000000e+00	0.00000000000000e+00	0.00000000000000e+00
37	3.46483485573037e+02	9.19357142857143e-01
0.00000000000000e+00	2.02624759184822e-02	-5.88130088878813e-05	4.14047294387546e-02	1.96871680892381e-02	-6.20995628690668e-05
8.12106901028850e-02	1.91243978143898e-02	-6.56806051240189e-05	1.19522737850818e-01	1.85722141326914e-02	-6.95806161683521e-05
1.56437708242831e-01	1.80286881101888e-02	-7.38386325611629e-05	1.92045256366287e-01	1.74918743328303e-02	-7.84998504250733e-05
2.26428605596852e-01	1.69597847130263e-02	-8.36168283839811e-05	2.59665218394838e-01	1.64303597236710e-02	-8.92509772700834e-05
2.91827400691275e-01	1.59014360540339e-02	-9.54744092891424e-05	3.22982850025486e-01	1.53707094730553e-02	-1.02372256976624e-04
3.53195156508242e-01	1.48356913580452e-02	-1.10045598927799e-04	3.82524264872953e-01	1.42936569248886e-02	-1.18615182813198e-04
4.11026905326752e-01	1.37415826084035e-02	-1.28226206085102e-04	4.38757000624167e-01	1.31760692030771e-02	-1.39054497900082e-04
4.65766056776271e-01	1.25932463015941e-02	-1.51314623635601e-04	4.92103545116514e-01	1.19886518891106e-02	-1.65270588191602e-04
5.17817284140967e-01	1.13570787449437e-02	-1.81250160033564e-04	5.42953830734484e-01	1.06923760157940e-02	-1.99664293452528e-04
5.67558892257393e-01	9.98718944781940e-03	-2.21033788050828e-04	5.91677773765507e-01	9.23261677090559e-03	-2.46026528210486e-04
6.15355878778987e-01	8.41774363906778e-03	-2.75510257885525e-04	6.38639288153530e-01	7.52900904057952e-03	-3.10628905566324e-04
6.61575450772697e-01	6.54932234981764e-03	-3.52915165286127e-04	6.84214033673085e-01	5.45681150146016e-03	-4.04460536328477e-04
7.06608000678819e-01	4.22301017792770e-03	-4.68178793163965e-04	7.28815022585748e-01	2.81017019611118e-03	-5.48226845576094e-04
7.50899377195342e-01	1.16716783106963e-03	-6.50699838363078e-04	7.72934590412640e-01	-7.76925356140934e-04	-7.84826128225058e-04
7.95007231911067e-01	-3.12330570693609e-03	-9.65119103687684e-04	8.17222575354905e-01	-6.02118954060882e-03	-1.21547350570150e-03
8.39713404440363e-01	-9.69945436864283e-03	-1.57750930637701e-03	8.62654419766157e-01	-1.45264809768282e-02	-2.12906034751370e-03
8.86287311809508e-01	-2.11317913057447e-02	-3.02982787444073e-03	9.10967982487516e-01	-3.06760650740129e-02	-4.65173297209875e-03
9.37265402683673e-01	-4.55158606854899e-02	-8.03697837261530e-03	9.66202338879406e-01	-7.16899289264872e-02	-1.64126433582936e-02
1.00000000000000e+00	0.00000000000000e+00	0.00000000000000e+00
34	3.46483485573037e+02	9.90000000000000e-01
0.00000000000000e+00	2.19803369093132e-02	-6.80506308559092e-05	4.53656795708875e-02	2.13078812530352e-02	-7.21797829379422e-05
8.88384546655835e-02	2.06513521137595e-02	-7.67068332037102e-05	1.30552081039299e-01	2.00080945445169e-02	-8.16739076807682e-05
1.70629305981946e-01	1.93754756937581e-02	-8.71399643749271e-05	2.09183108171177e-01	1.87508328956614e-02	-9.31741801355468e-05
2.46317793521569e-01	1.81314310689422e-02	-9.98581522972941e-05	2.82129969466778e-01	1.75144152549742e-02	-1.07288676066242e-04
3.16709417170352e-01	1.68967563064499e-02	-1.15581271017851e-04	3.50139878714460e-01	1.62751872382554e-02	-1.24874705920597e-04
3.82499774470544e-01	1.56461269939008e-02	-1.35336845690448e-04	4.13862864560455e-01	1.50055873930195e-02	-1.47172299432619e-04
4.44298867553887e-01	1.43490575147691e-02	-1.60632506386538e-04	4.73874049341367e-01	1.36713577725731e-02	-1.76029226464314e-04
5.02651795541114e-01	1.29664528394242e-02	-1.93752770051292e-04	5.30693181980066e-01	1.22272083020456e-02	-2.14297022052667e-04
5.58057559961236e-01	1.14450692823111e-02	-2.38294268285477e-04	5.84803176564627e-01	1.06096294409710e-02	-2.66564493953680e-04
6.10987855720857e-01	9.70804356272814e-03	-3.00186494997634e-04	6.36669774206899e-01	8.72421270937340e-03	-3.40602470046303e-04
6.61908379620533e-01	7.63763243577853e-03	-3.89775593575337e-04	6.86765517434623e-01	6.42172975142485e-03	-4.50433347666257e-04
7.11306865979566e-01	5.04140525713104e-03	-5.26454807605825e-04	7.35603829757577e-01	3.44930229927076e-03	-6.23507812024249e-04
7.59736127856266e-01	1.57996969660701e-03	-7.50139243075543e-04	7.83795464303499e-01	-6.59597349123686e-04	-9.19727953439198e-04
8.07890939616656e-01	-3.40592590879951e-03	-1.15417978602306e-03	8.32157383606169e-01	-6.86736302375335e-03	-1.49139876708393e-03
8.56768849591258e-01	-1.13772243544753e-02	-2.00169613711254e-03	8.81961840965927e-01	-1.75009281753989e-02	-2.82786267122681e-03
9.08078490399146e-01	-2.62714137709116e-02	-4.29795549482370e-03	9.35655474487436e-01	-3.97617781658757e-02	-7.31390977068425e-03
9.65635652137809e-01	-6.32192421915081e-02	-1.45650416040635e-02	1.00000000000000e+00	0.00000000000000e+00	0.00000000000000e+00
