110	3.59381366380463e+00	1.00000000000000e-03
0.00000000000000e+00	-2.10648810498781e-03	2.23923289541794e-05	8.82244922648332e-03	-2.04349691480366e-03	2.25438354567453e-05
1.76810284873428e-02	-1.97991004879849e-03	2.26078038578770e-05	2.65747543740462e-02	-1.91587859864240e-03	2.26626231587534e-05
3.55026230309990e-02	-1.85143653814246e-03	2.27081965988862e-05	4.44636106313715e-02	-1.78661842988836e-03	2.27444421851963e-05
5.34566742366885e-02	-1.72145936129564e-03	2.27712850907613e-05	6.24807526929235e-02	-1.65599489694401e-03	2.27886611975370e-05
7.15347675613102e-02	-1.59026103743165e-03	2.27965216186288e-05	8.06176240819784e-02	-1.52429415864275e-03	2.27948243476384e-05
8.97282121684054e-02	-1.45813096468639e-03	2.27835386181763e-05	9.88654074306436e-02	-1.39180844642162e-03	2.27626451594354e-05
1.08028072225182e-01	-1.32536382240156e-03	2.27321316718099e-05	1.17215056729228e-01	-1.25883450296993e-03	2.26919950487847e-05
1.26425200037203e-01	-1.19225803915768e-03	2.26422386215841e-05	1.35657331277163e-01	-1.12567208596426e-03	2.25828724891297e-05
1.44910270744871e-01	-1.05911435803319e-03	2.25139102933980e-05	1.54182831053224e-01	-9.92622603378956e-04	2.24353744713301e-05
1.63473818294773e-01	-9.26234562310002e-04	2.23472873044361e-05	1.72782033215058e-01	-8.59987934119122e-04	2.22496727403376e-05
1.82106272394543e-01	-7.93920363200251e-04	2.21425557388466e-05	1.91445329436989e-01	-7.28069410291465e-04	2.20259628057606e-05
2.00797996162171e-01	-6.62472533210612e-04	2.18999149147470e-05	2.10163063800845e-01	-5.97167079150029e-04	2.17644308935228e-05
2.19539324190091e-01	-5.32190274777578e-04	2.16195245290596e-05	2.28925570967150e-01	-4.67579217462655e-04	2.14651989245418e-05
2.38320600759990e-01	-4.03370895855737e-04	2.13014553595015e-05	2.47723214373070e-01	-3.39602173093700e-04	2.11282760720355e-05
2.57132217966696e-01	-2.76309821087173e-04	2.09456346645931e-05	2.66546424228748e-01	-2.13530540238982e-04	2.07534933223119e-05
2.75964653537529e-01	-1.51300968579071e-04	2.05517878586470e-05	2.85385735114671e-01	-8.96577437515811e-05	2.03404451446509e-05
2.94808508167374e-01	-2.86375184561649e-05	2.01193616413686e-05	3.04231823019117e-01	3.17229706912059e-05	1.98884145170553e-05
3.13654542228532e-01	9.13868548891861e-05	1.96474528691981e-05	3.23075541696027e-01	1.50317068621675e-04	1.93962925372215e-05
3.32493711758112e-01	2.08476259915824e-04	1.91347245735995e-05	3.41907958269621e-01	2.65826733966135e-04	1.88624917130120e-05
3.51317203674014e-01	3.22330319434849e-04	1.85793102613907e-05	3.60720388062592e-01	3.77948302674125e-04	1.82848409761016e-05
3.70116470223209e-01	4.32641284691559e-04	1.79787016238997e-05	3.79504428679729e-01	4.86369047173807e-04	1.76604635807598e-05
3.88883262723567e-01	5.39090439600987e-04	1.73296284804447e-05	3.98251993438826e-01	5.90763182309550e-04	1.69856475001895e-05
4.07609664723172e-01	6.41343717903364e-04	1.66278991391433e-05	4.16955344306510e-01	6.90787022424644e-04	1.62556807143943e-05
4.26288124770111e-01	7.39046362718820e-04	1.58682225206430e-05	4.35607124569255e-01	7.86073102404417e-04	1.54646553881532e-05
4.44911489062519e-01	8.31816436788535e-04	1.50440088962922e-05	4.54200391551597e-01	8.76223090822914e-04	1.46052162895982e-05
4.63473034335920e-01	9.19237032500853e-04	1.41470885717254e-05	4.72728649786648e-01	9.60799137099677e-04	1.36683004237081e-05
4.81966501445369e-01	1.00084679483459e-03	1.31673870085169e-05	4.91185885153420e-01	1.03931349374742e-03	1.26427299442788e-05
5.00386130218363e-01	1.07612837487769e-03	1.20925303033204e-05	5.09566600624853e-01	1.11121571396433e-03	1.15147940165095e-05
5.18726696298142e-01	1.14449435488317e-03	1.09073097561696e-05	5.27865854429288e-01	1.17587707290057e-03	1.02676267211832e-05
5.36983550872287e-01	1.20526987027370e-03	9.59302566061471e-06	5.46079301624534e-01	1.23257118728182e-03	8.88048522851292e-06
5.55152664403443e-01	1.25767101945884e-03	8.12664437377375e-06	5.64203240333679e-01	1.28044991904563e-03	7.32776157452708e-06
5.73230675761255e-01	1.30077786969474e-03	6.47966791866850e-06	5.82234664212972e-01	1.31851302382258e-03	5.57770762232845e-06
5.91214948522039e-01	1.33350026530632e-03	4.61667516260533e-06	6.00171323143677e-01	1.34556957468102e-03	3.59074069977705e-06
6.09103636687802e-01	1.35453417515419e-03	2.49336060331729e-06	6.18011794699836e-01	1.36018840664076e-03	1.31717695373013e-06
6.26895762725287e-01	1.36230528962533e-03	5.38994689991412e-08	6.35755569699173e-01	1.36063373071704e-03	-1.30583657464989e-06
6.44591311707777e-01	1.35489529865862e-03	-2.77263687986640e-06	6.53403156177852e-01	1.34478049460141e-03	-4.35854714231354e-06
6.62191346557493e-01	1.32994442504852e-03	-6.07728975188238e-06	6.70956207563784e-01	1.31000173016571e-03	-7.94452990260375e-06
6.79698151085510e-01	1.28452064475981e-03	-9.97818896153468e-06	6.88417682845034e-01	1.25301614251949e-03	-1.21989015675616e-05
6.97115409942269e-01	1.21494174870995e-03	-1.46305009658398e-05	7.05792049427688e-01	1.16967969649662e-03	-1.73005114432190e-05
7.14448438080287e-01	1.11652951537566e-03	-2.02409543987869e-05	7.23085543600633e-01	1.05469436390671e-03	-2.34893203083786e-05
7.31704477473855e-01	9.83264045021137e-04	-2.70894012006639e-05	7.40306509813924e-01	9.01195408508304e-04	-3.10929436257990e-05
7.48893086565560e-01	8.07287852652605e-04	-3.55612603113453e-05	7.57465849531357e-01	7.00153221754318e-04	-4.05671701579902e-05
7.66026659801802e-01	5.78180009366491e-04	-4.61982873540823e-05	7.74577625304738e-01	4.39486756686369e-04	-5.25597426577207e-05
7.83121133384845e-01	2.81866843325540e-04	-5.97796699663977e-05	7.91659889552142e-01	1.02715747972937e-04	-6.80141740592166e-05
8.00196963873050e-01	-1.01057977922259e-04	-7.74560520733214e-05	8.08735846886652e-01	-3.33149565955870e-04	-8.83444889654417e-05
8.17280517516959e-01	-5.98006962810982e-04	-1.00979572174253e-04	8.25835526222562e-01	-9.01026374650171e-04	-1.15741478515563e-04
8.34406097713763e-01	-1.24881168283553e-03	-1.33116441390246e-04	8.42998259085654e-01	-1.64951815623260e-03	-1.53735640097796e-04
8.51619001365335e-01	-2.11332564242805e-03	-1.78426344024984e-04	8.60276485630468e-01	-2.65308193284475e-03	-2.08292331281168e-04
8.68980309446004e-01	-3.28521187177444e-03	-2.44828406374076e-04	8.77741856381450e-01	-4.03101365732650e-03	-2.90096034474940e-04
8.86574762125721e-01	-4.91854523874125e-03	-3.47000280723098e-04	8.95495547782593e-01	-5.98544575476478e-03	-4.19731948370083e-04
9.04524498825993e-01	-7.28326096636622e-03	-5.14505006602439e-04	9.13686915266493e-01	-8.88428365330540e-03	-6.40835870235446e-04
9.23014941307240e-01	-1.08927660282273e-02	-8.13874035925144e-04	9.32550335003674e-01	-1.34641144917218e-02	-1.05890574046841e-03
9.42348834729193e-01	-1.68394074501358e-02	-1.42086874997149e-03	9.52487396943255e-01	-2.14116186348438e-02	-1.98706198900234e-03
9.63076991612983e-01	-2.78621119089606e-02	-2.95515006394109e-03	9.74287323596199e-01	-3.74425474685351e-02	-4.95923458173420e-03
9.86401976820381e-01	-4.91743056699520e-02	-1.58499891306463e-02	1.00000000000000e+00	0.00000000000000e+00	0.00000000000000e+00
59	3.59381366380463e+00	7.16428571428571e-02
0.00000000000000e+00	-3.85972120739309e-03	7.84926369888916e-05	1.67011270406470e-02	-3.63820963004158e-03	7.89404585884723e-05
3.35242065308952e-02	-3.41379225688498e-03	7.92356842201913e-05	5.04625267939412e-02	-3.18694852828560e-03	7.94166908922866e-05
6.75091441122969e-02	-2.95810944462749e-03	7.94820041091215e-05	8.46569034694661e-02	-2.72771592529519e-03	7.94306163371949e-05
1.01898461032922e-01	-2.49621667274669e-03	7.92619479497159e-05	1.19226307880552e-01	-2.26406610985130e-03	7.89757967538662e-05
1.36632794797773e-01	-2.03172243517136e-03	7.85722747411732e-05	1.54110157965395e-01	-1.79964584223113e-03	7.80517320613239e-05
1.71650545354789e-01	-1.56829695461991e-03	7.74146723385716e-05	1.89246043647181e-01	-1.33813551028794e-03	7.66616515142093e-05
2.06888705497814e-01	-1.10961935153031e-03	7.57931692242364e-05	2.24570576973458e-01	-8.83203757431561e-04	7.48095484314204e-05
2.42283725002949e-01	-6.59341153711690e-04	7.37107984459806e-05	2.60020264695014e-01	-4.38481256677226e-04	7.24964708839204e-05
2.77772386395529e-01	-2.21071683677243e-04	7.11655005788403e-05	2.95532382377030e-01	-7.55907091809505e-06	6.97160272691288e-05
3.13292673076789e-01	2.01609243536405e-04	6.81452017310402e-05	3.31045832825832e-01	4.05982920618775e-04	6.64489703615656e-05
3.48784615039800e-01	6.05105639906012e-04	6.46218341181504e-05	3.66501976873430e-01	7.98511369139443e-04	6.26565702780413e-05
3.84191103373849e-01	9.85719781916639e-04	6.05439138424702e-05	4.01845431204165e-01	1.16623069704358e-03	5.82721937857356e-05
4.19458672048333e-01	1.33951741082816e-03	5.58268975534570e-05	4.37024835851674e-01	1.50501873668152e-03	5.31901445991467e-05
4.54538254099921e-01	1.66212945758637e-03	5.03400819608091e-05	4.71993603395054e-01	1.81018899467211e-03	4.72500990665869e-05
4.89385929649178e-01	1.94846774443980e-03	4.38879230791889e-05	5.06710673293521e-01	2.07615073878298e-03	4.02144349080924e-05
5.23963695988656e-01	2.19231782168272e-03	3.61822324133065e-05	5.41141309432763e-01	2.29591955423203e-03	3.17337997846057e-05
5.58240307000919e-01	2.38574770542987e-03	2.67991659634870e-05	5.75257999120799e-01	2.46039879520854e-03	2.12929072624934e-05
5.92192253510940e-01	2.51822870577245e-03	1.51102550812743e-05	6.09041541693774e-01	2.55729566647944e-03	8.12199463839924e-06
6.25804993571409e-01	2.57528793315431e-03	1.67725250910244e-07	6.42482462352057e-01	2.56943117370789e-03	-8.95317142202146e-06
6.59074602787736e-01	2.53636860592921e-03	-1.94937831057285e-05	6.75582966601502e-01	2.47200387382795e-03	-3.17763554420480e-05
6.92010120252484e-01	2.37129312718043e-03	-4.62157327212331e-05	7.08359791964184e-01	2.22796529460445e-03	-6.33521595154729e-05
7.24637057481365e-01	2.03414146555447e-03	-8.38987538718250e-05	7.40848577692470e-01	1.77980772056663e-03	-1.08810776557666e-04
7.57002906688617e-01	1.45207288835159e-03	-1.39389316365257e-04	7.73110897020224e-01	1.03410307416230e-03	-1.77440086305936e-04
7.89186241563044e-01	5.03558951767458e-04	-2.25523136836880e-04	8.05246211462556e-01	-1.69752325924755e-04	-2.87357592429816e-04
8.21312682387669e-01	-1.02750336849178e-03	-3.68500884566192e-04	8.37413596693224e-01	-2.12862547238490e-03	-4.77535432639398e-04
8.53585106417338e-01	-3.55885888174001e-03	-6.28242226686337e-04	8.69874821153079e-01	-5.44721975101126e-03	-8.43813223230461e-04
8.86346932875689e-01	-7.99585954300974e-03	-1.16559159109531e-03	9.03090711936273e-01	-1.15375558775294e-02	-1.67283483364211e-03
9.20235492759762e-01	-1.66547830242287e-02	-2.53263607467025e-03	9.37979317441313e-01	-2.44487197891101e-02	-4.14716981152874e-03
9.56649982689305e-01	-3.72008700248749e-02	-7.71363210432896e-03	9.76857593706062e-01	-6.02159178561017e-02	-1.84835067454387e-02
1.00000000000000e+00	0.00000000000000e+00	0.00000000000000e+00
47	3.59381366380463e+00	1.42285714285714e-01
0.00000000000000e+00	-4.69670648136278e-03	1.22884595434081e-04	2.12315708504404e-02	-4.34839110792828e-03	1.23611803676038e-04
4.26485583508373e-02	-3.99488730337250e-03	1.24030548954712e-04	6.42373201652355e-02	-3.63728613497150e-03	1.24166329919406e-04
8.59836832246554e-02	-3.27666513856151e-03	1.24015922468024e-04	1.07873012895385e-01	-2.91412589468898e-03	1.23577732377145e-04
1.29890287248316e-01	-2.55078613125992e-03	1.22851542389668e-04	1.52020175259349e-01	-2.18777243361024e-03	1.21838187202128e-04
1.74247118055739e-01	-1.82621383983961e-03	1.20539158033672e-04	1.96555412313276e-01	-1.46723659070813e-03	1.18956136886061e-04
2.18929294927680e-01	-1.11196029631289e-03	1.17090461062341e-04	2.41353028129998e-01	-7.61495781508748e-04	1.14942522560613e-04
2.63810984289172e-01	-4.16944838937838e-04	1.12511085549216e-04	2.86287729743062e-01	-7.94021653022225e-05	1.09792532279163e-04
3.08768107120651e-01	2.50040284059283e-04	1.06780006359886e-04	3.31237315759979e-01	5.70286212290161e-04	1.03462446858438e-04
3.53680989987671e-01	8.80224842486510e-04	9.98234747263682e-05	3.76085275205072e-01	1.17871730488406e-03	9.58400885615607e-05
3.98436901923593e-01	1.46457899576879e-03	9.14811210011024e-05	4.20723258109908e-01	1.73655723796362e-03	8.67053488954328e-05
4.42932460443835e-01	1.99330325364988e-03	8.14591728457437e-05	4.65053425366538e-01	2.23333720417151e-03	7.56736882437936e-05
4.87075941114640e-01	2.45500454974890e-03	6.92609365942065e-05	5.08990742315107e-01	2.65642134155530e-03	6.21090381988099e-05
5.30789589181618e-01	2.83540516164182e-03	5.40757795975955e-05	5.52465353942343e-01	2.98938715482266e-03	4.49800417355872e-05
5.74012117895116e-01	3.11529876540539e-03	3.45901799608805e-05	5.95425283507275e-01	3.20942404312829e-03	2.26081028417147e-05
6.16701707370447e-01	3.26720466319252e-03	8.64700820568665e-06	6.37839861757628e-01	3.28297855192416e-03	-7.80007398182292e-06
6.58840035282274e-01	3.24962425653785e-03	-2.74056415916490e-05	6.79704587140508e-01	3.15806883217595e-03	-5.10743136228342e-05
7.00438275300197e-01	2.99659441446942e-03	-8.00426949263411e-05	7.21048687880031e-01	2.74984154065461e-03	-1.16032762723872e-04
7.41546820686961e-01	2.39734437124439e-03	-1.61493655830958e-04	7.61947865668761e-01	1.91132506011304e-03	-2.19995203143419e-04
7.82272310666230e-01	1.25327711844569e-03	-2.96890229758207e-04	8.02547511159768e-01	3.68503475977389e-04	-4.00477002857391e-04
8.22810000865619e-01	-8.22944286707705e-04	-5.44138480906620e-04	8.43109003793156e-01	-2.44195717069262e-03	-7.50511737938275e-04
8.63511991620487e-01	-4.67896216454589e-03	-1.06020082986724e-03	8.84113923531346e-01	-7.84930348962931e-03	-1.55163705892924e-03
9.05053596677822e-01	-1.25087336163738e-02	-2.39169637736314e-03	9.26545021190746e-01	-1.97166540353729e-02	-3.98570523359698e-03
9.48944622778464e-01	-3.16978507680667e-02	-7.53199231909374e-03	9.72920034760783e-01	-5.42470856619367e-02	-1.73054881479173e-02
1.00000000000000e+00	0.00000000000000e+00	0.00000000000000e+00
40	3.59381366380463e+00	2.12928571428571e-01
0.00000000000000e+00	-5.30351556178588e-03	1.67773327131693e-04	2.52709401270738e-02	-4.82567876581430e-03	1.68749514963595e-04
5.07868996135314e-02	-4.34030072775904e-03	1.69178730146657e-04	7.65252730155229e-02	-3.84939725172040e-03	1.69076526487788e-04
1.02462538824373e-01	-3.35500769524189e-03	1.68438315297781e-04	1.28574420442291e-01	-2.85921114321397e-03	1.67263201558354e-04
1.54836058035948e-01	-2.36410733849912e-03	1.65553063103840e-04	1.81222188289019e-01	-1.87180009384946e-03	1.63311386060960e-04
2.07707329338275e-01	-1.38438411868669e-03	1.60541860269592e-04	2.34265968249730e-01	-9.03936163561658e-04	1.57246738867634e-04
2.60872748577433e-01	-4.32511344996334e-04	1.53424954210668e-04	2.87502655841108e-01	2.78544978475903e-05	1.49069971506766e-04
3.14131199150473e-01	4.75135558715922e-04	1.44167327334910e-04	3.40734587683020e-01	9.07298953514379e-04	1.38691792952894e-04
3.67289901279368e-01	1.32227863722190e-03	1.32604022352489e-04	3.93775255049519e-01	1.71793887570115e-03	1.25846519911654e-04
4.20169958586279e-01	2.09202533906350e-03	1.18338652212335e-04	4.46454671168370e-01	2.44210110801646e-03	1.09970321728881e-04
4.72611555230677e-01	2.76546378535669e-03	1.00593733471710e-04	4.98624431426324e-01	3.05903822872322e-03	9.00124509353173e-05
5.24478939877628e-01	3.31923704732207e-03	7.79665225540960e-05	5.50162713822779e-01	3.54177739837869e-03	6.41118787997330e-05
5.75665573987287e-01	3.72143721159779e-03	4.79912727783249e-05	6.00979754913377e-01	3.85172583248061e-03	2.89924568992461e-05
6.26100178587757e-01	3.92443106837626e-03	6.28688470893923e-06	6.51024796693783e-01	3.92898436963307e-03	-2.12621829687176e-05
6.75755031774076e-01	3.85155217130051e-03	-5.52406028204722e-05	7.00296361372600e-01	3.67370537479994e-03	-9.79053712073519e-05
7.24659111019669e-01	3.37042121328035e-03	-1.52544986858683e-04	7.48859557451113e-01	2.90699695869101e-03	-2.24085062046520e-04
7.72921503361216e-01	2.23412815695334e-03	-3.20147695100914e-04	7.96878590024726e-01	1.27976733928348e-03	-4.52994580914412e-04
8.20777806820156e-01	-6.49295158955399e-05	-6.43298054105124e-04	8.44685029743751e-01	-1.97111362291058e-03	-9.27980265128747e-04
8.68694191606058e-01	-4.72142274197584e-03	-1.37796330232987e-03	8.92943410817713e-01	-8.81193792925350e-03	-2.14301665147310e-03
9.17645674819899e-01	-1.51829404488572e-02	-3.58294772378143e-03	9.43153753854165e-01	-2.57958018653508e-02	-6.74040211151405e-03
9.70120197033208e-01	-4.57668908502916e-02	-1.50966216202546e-02	1.00000000000000e+00	0.00000000000000e+00	0.00000000000000e+00
34	3.59381366380463e+00	2.83571428571429e-01
0.00000000000000e+00	-5.95266952104434e-03	2.29323885647892e-04	3.01638665505411e-02	-5.29605699172764e-03	2.30572654958072e-04
6.06488290780863e-02	-4.62871377972562e-03	2.30818828898194e-04	9.14172504054657e-02	-3.95442180909533e-03	2.30067468016237e-04
1.22429954750794e-01	-3.27703973587923e-03	2.28314412210939e-04	1.53646602473178e-01	-2.60048131862567e-03	2.25563331238687e-04
1.85026086913579e-01	-1.92867090259286e-03	2.21822420363171e-04	2.16526944745529e-01	-1.26550854103635e-03	2.17100277963844e-04
2.48107771754519e-01	-6.14847846319710e-04	2.11400969290509e-04	2.79727636646083e-01	1.95104642474186e-05	2.04718257142855e-04
3.11346486599911e-01	6.33806463513631e-04	1.97028878875516e-04	3.42925539790608e-01	1.22428731516067e-03	1.88284648698467e-04
3.74427661933526e-01	1.78714846237171e-03	1.78402978801451e-04	4.05817726046203e-01	2.31844518401036e-03	1.67255138376454e-04
4.37062957031343e-01	2.81396814217139e-03	1.54651219712920e-04	4.68133265425527e-01	3.26907364150741e-03	1.40320172156483e-04
4.99001577831257e-01	3.67845461077043e-03	1.23882404581277e-04	5.29644175384275e-01	4.03583099504845e-03	1.04811055692822e-04
5.60041056496240e-01	4.33352678218080e-03	8.23757040214756e-05	5.90176346712256e-01	4.56188241131539e-03	5.55584757799821e-05
6.20038787926854e-01	4.70842147388573e-03	2.29256680066570e-05	6.49622353244695e-01	4.75664022986488e-03	-1.75740386247902e-05
6.78927055620497e-01	4.68420197393526e-03	-6.89365618371518e-05	7.07960053695700e-01	4.46016304904595e-03	-1.35650501930318e-04
7.36737217395316e-01	4.04056962617960e-03	-2.24653030747479e-04	7.65285419017352e-01	3.36120477671287e-03	-3.47076155330139e-04
7.93646003809002e-01	2.32512211502067e-03	-5.21618820357617e-04	8.21880256166960e-01	7.80124389110237e-04	-7.81513195122541e-04
8.50078419793729e-01	-1.52440839595569e-03	-1.19017492834939e-03	8.78375474562894e-01	-5.02640351963801e-03	-1.88035016029664e-03
9.06980893834334e-01	-1.05505542513835e-02	-3.16711439379369e-03	9.36240797708509e-01	-1.98021845387754e-02	-5.94726847953897e-03
9.66788199021144e-01	-3.71395687445651e-02	-1.31605119878706e-02	1.00000000000000e+00	0.00000000000000e+00	0.00000000000000e+00
29	3.59381366380463e+00	3.54214285714286e-01
0.00000000000000e+00	-6.60608252347372e-03	3.10898227789513e-04	3.59273491053986e-02	-5.71083820272678e-03	3.12343716145080e-04
7.22672404847211e-02	-4.80096971102906e-03	3.11958631554532e-04	1.08957668991172e-01	-3.88348472921618e-03	3.09739800940290e-04
1.45934191078525e-01	-2.96553158248380e-03	3.05691347866510e-04	1.83130774560699e-01	-2.05430246656990e-03	2.99831661981997e-04
2.20480687203273e-01	-1.15693765712011e-03	2.92182156225618e-04	2.57917399582778e-01	-2.80464342504949e-04	2.82753374064582e-04
2.95375480035480e-01	5.68220187424973e-04	2.71528365485163e-04	3.32791463353413e-01	1.38231165094227e-03	2.58442889651600e-04
3.70104680209770e-01	2.15499824695897e-03	2.43361448902468e-04	4.07258040859690e-01	2.87928435303575e-03	2.26047243374716e-04
4.44198774297400e-01	3.54772139390869e-03	2.06122757312577e-04	4.80879132778438e-01	4.15201975901125e-03	1.83015498785633e-04
5.17257081780160e-01	4.68250005376358e-03	1.55879811361448e-04	5.53297007928704e-01	5.12731568502989e-03	1.23479540986460e-04
5.88970493837805e-01	5.47133433619640e-03	8.40054245833111e-05	6.24257232230477e-01	5.69448918451254e-03	3.47808216383250e-05
6.59146187651487e-01	5.76927430890373e-03	-2.82298682448001e-05	6.93637172684787e-01	5.65680644861666e-03	-1.11275498327457e-04
7.27743106366894e-01	5.30038853053627e-03	-2.24372280497986e-04	7.61493404772156e-01	4.61452120243444e-03	-3.84288298622026e-04
7.94939301783330e-01	3.46518001630769e-03	-6.20665296706902e-04	8.28162605398394e-01	1.63227181010850e-03	-9.89646114787801e-04
8.61290945833022e-01	-1.26703238638848e-03	-1.60755903799337e-03	8.94526313197239e-01	-5.94864574323783e-03	-2.74662257479741e-03
9.28203911684451e-01	-1.38785450005807e-02	-5.16584582941859e-03	9.62931593101241e-01	-2.87116295295694e-02	-1.13126795649379e-02
1.00000000000000e+00	0.00000000000000e+00	0.00000000000000e+00
25	3.59381366380463e+00	4.24857142857143e-01
0.00000000000000e+00	-7.18836586906879e-03	4.11907621646002e-04	4.23760951782950e-02	-5.99527853816428e-03	4.13272222546390e-04
8.52631309771469e-02	-4.78369855158911e-03	4.11436151913969e-04	1.28562398538108e-01	-3.56601205231266e-03	4.06400467006685e-04
1.72171708595572e-01	-2.35477943209450e-03	3.98198727085686e-04	2.15987193385679e-01	-1.16249693197690e-03	3.86883001256777e-04
2.59905156681485e-01	-1.41942410381013e-06	3.72489630214856e-04	3.03823908559440e-01	1.11650751790082e-03	3.54997108269361e-04
3.47645532608180e-01	2.17957882659425e-03	3.34274925644640e-04	3.91277549481824e-01	3.17609612272729e-03	3.10020055648175e-04
4.34634461138018e-01	4.09393346655806e-03	2.81674193747805e-04	4.77639184038108e-01	4.91984953980829e-03	2.48308940066555e-04
5.20224407191584e-01	5.63845779529404e-03	2.08456028723547e-04	5.62333944004158e-01	6.23070103099488e-03	1.59841546925832e-04
6.03924189990381e-01	6.67155866665226e-03	9.89485622903130e-05	6.44965860893645e-01	6.92649640177911e-03	2.02632657345658e-05
6.85446286067054e-01	6.94574872632914e-03	-8.50879182034969e-05	7.25372707222124e-01	6.65468067091690e-03	-2.31938220988548e-04
7.64777361384938e-01	5.93667523307873e-03	-4.46367936400627e-04	8.03725787029184e-01	4.60088981672202e-03	-7.77343106543427e-04
8.42331222192301e-01	2.31712048787514e-03	-1.32505804377558e-03	8.80781360338127e-01	-1.52713651557312e-03	-2.31985065169038e-03
9.19392827339318e-01	-8.17172659043941e-03	-4.38731827764971e-03	9.58737455491859e-01	-2.06268795775267e-02	-9.48972587765851e-03
1.00000000000000e+00	0.00000000000000e+00	0.00000000000000e+00
22	3.59381366380463e+00	4.95500000000000e-01
0.00000000000000e+00	-7.57928642968519e-03	5.22248909202383e-04	4.89688881286578e-02	-6.05773302738788e-03	5.23008355541532e-04
9.85343832699062e-02	-4.51536143811915e-03	5.18654065336022e-04	1.48549565181056e-01	-2.97213714330880e-03	5.09223539933878e-04
1.98863319028825e-01	-1.44810502192583e-03	4.94818063802471e-04	2.49323716292096e-01	3.70663128426152e-05	4.75545621116957e-04
2.99781404939429e-01	1.46434346652868e-03	4.51434897572600e-04	3.50092873363651e-01	2.81530678399511e-03	4.22329172787617e-04
4.00123490616294e-01	4.07178329720315e-03	3.87753459884510e-04	4.49750276012090e-01	5.21505724981053e-03	3.46738513595901e-04
4.98864411190569e-01	6.22454089365787e-03	2.97568382784386e-04	5.47373576803483e-01	7.07569774796935e-03	2.37387490224616e-04
5.95204279182622e-01	7.73683057079488e-03	1.61543759698346e-04	6.42304444318259e-01	8.16399529396217e-03	6.24207594862591e-05
6.88646729969565e-01	8.29259957275252e-03	-7.27641509674637e-05	7.34233311954069e-01	8.02276525483836e-03	-2.66384385237961e-04
7.79103494514707e-01	7.19221199078013e-03	-5.59998065492229e-04	8.23346755476141e-01	5.52237096093755e-03	-1.03724766399860e-03
8.67126773065575e-01	2.50219263416773e-03	-1.88589401000394e-03	9.10729644207336e-01	-2.88705196091621e-03	-3.59815820288034e-03
9.54672819987258e-01	-1.30453675476908e-02	-7.64898583946305e-03	1.00000000000000e+00	0.00000000000000e+00	0.00000000000000e+00
19	3.59381366380463e+00	5.66142857142857e-01
0.00000000000000e+00	-8.05433665698518e-03	6.88129675758486e-04	5.77799863250114e-02	-6.03735703118080e-03	6.87192502037193e-04
1.16261581432488e-01	-3.99874307593440e-03	6.77478889237415e-04	1.75213135093134e-01	-1.97306358921245e-03	6.59160760531963e-04
2.34398827614831e-01	5.53103133038579e-06	6.32514735640188e-04	2.93585558638575e-01	1.90419142508091e-03	5.97735757761231e-04
3.52549613518540e-01	3.69162978972759e-03	5.54690296358018e-04	4.11082805168119e-01	5.33756757964843e-03	5.02604352015434e-04
4.68997932305594e-01	6.81118130007174e-03	4.39643002100087e-04	5.26133569171947e-01	8.07825792303218e-03	3.62281107078810e-04
5.82358401475017e-01	9.09650521959549e-03	2.64253113535284e-04	6.37575564741169e-01	9.80787696024921e-03	1.34630990274776e-04
6.91727782113082e-01	1.01255204379358e-02	-4.59827693208847e-05	7.44804681665800e-01	9.91016547553025e-03	-3.13618457677300e-04
7.96854843697778e-01	8.92411620733413e-03	-7.40157827785026e-04	8.48007787000180e-01	6.73369652681144e-03	-1.48439156620483e-03
8.98517905905957e-01	2.48183833486193e-03	-2.95225158036261e-03	9.48862534396388e-01	-5.79340548729157e-03	-6.33944506339468e-03
1.00000000000000e+00	0.00000000000000e+00	0.00000000000000e+00
16	3.59381366380463e+00	6.36785714285714e-01
0.00000000000000e+00	-8.66914102573779e-03	9.56394078980516e-04	7.01331608424344e-02	-5.84837808871597e-03	9.50741146932832e-04
1.41091376694767e-01	-3.01160065098460e-03	9.28479452249720e-04	2.12479746262921e-01	-2.24796691481233e-04	8.90258495642282e-04
2.83903186317445e-01	2.44854102120540e-03	8.36802825498806e-04	3.54982066807292e-01	4.94904977398569e-03	7.68243519530198e-04
4.25366500720143e-01	7.22089419247074e-03	6.83251288431164e-04	4.94748642253791e-01	9.20834454426334e-03	5.77845338818661e-04
5.62872966687624e-01	1.08487034427719e-02	4.43501947550273e-04	6.29545214020621e-01	1.20597895144413e-02	2.63655027371024e-04
6.94641541274642e-01	1.27177666048400e-02	6.36508708240502e-06	7.58120751335595e-01	1.26152347562039e-02	-3.92801791584185e-04
8.20045126448945e-01	1.13743757373250e-02	-1.07591901225446e-03	8.80621956521287e-01	8.24746412691768e-03	-2.40262027031646e-03
9.40297017890589e-01	1.55916245191845e-03	-5.44744397948782e-03	1.00000000000000e+00	0.00000000000000e+00	0.00000000000000e+00
14	3.59381366380463e+00	7.07428571428571e-01
0.00000000000000e+00	-8.80212145084824e-03	1.22502988605089e-03	8.18112133617065e-02	-5.16891905314398e-03	1.21143825381864e-03
1.64473197461064e-01	-1.53922611963364e-03	1.17138512404757e-03	2.47393578292035e-01	1.98105828489936e-03	1.10650433145443e-03
3.29992275769038e-01	5.29320060495830e-03	1.01819135726655e-03	4.11729737932231e-01	8.30759447917695e-03	9.05946909336319e-04
4.92131074959681e-01	1.09401612042463e-02	7.65184183017853e-04	5.70805310387169e-01	1.31018114564163e-02	5.83863875582180e-04
6.47460706918609e-01	1.46781399158122e-02	3.36146722754727e-04	7.21919094483597e-01	1.54919067430399e-02	-3.18142266340082e-05
7.94134956632334e-01	1.52285851069307e-02	-6.38460875585389e-04	8.64230906612961e-01	1.32713420956634e-02	-1.77700151395843e-03
9.32577367301196e-01	8.27589107129678e-03	-4.31239374585535e-03	1.00000000000000e+00	0.00000000000000e+00	0.00000000000000e+00
12	3.59381366380463e+00	7.78071428571429e-01
0.00000000000000e+00	-8.93122056964712e-03	1.64028675806371e-03	9.77190141586991e-02	-4.04029079584911e-03	1.60939641563829e-03
1.96233738310295e-01	7.96549202365160e-04	1.53313145994338e-03	2.94600426347146e-01	5.39657058111764e-03	1.41568917633039e-03
3.91925025057847e-01	9.59725134829092e-03	1.25941904378513e-03	4.87417529517995e-01	1.32561856538932e-02	1.06007597445179e-03
5.80433818932608e-01	1.62353209268452e-02	7.99957769061277e-04	6.70505646622628e-01	1.83648790218048e-02	4.34886985400618e-04
7.57364994529288e-01	1.93728346173689e-02	-1.37539262816677e-04	8.40976176599055e-01	1.87367800957434e-02	-1.17178330208056e-03
9.21604471951842e-01	1.53408343749009e-02	-3.42910468076574e-03	1.00000000000000e+00	0.00000000000000e+00	0.00000000000000e+00
11	3.59381366380463e+00	8.48714285714286e-01
0.00000000000000e+00	-8.16027127009067e-03	1.89649496119848e-03	1.08531978321972e-01	-2.48326610825744e-03	1.84972861475641e-03
2.17610039049201e-01	3.08011818114984e-03	1.74521966081509e-03	3.26032182437832e-01	8.29598298990097e-03	1.59009342931937e-03
4.32690916536411e-01	1.29653206661448e-02	1.38783557838129e-03	5.36645522615197e-01	1.69201810907091e-02	1.13088405219952e-03
6.37172318771775e-01	1.99955058582205e-02	7.89524880834835e-04	7.33796665699400e-01	2.19693586340552e-02	2.88485364793756e-04
8.26319473835902e-01	2.24445716358999e-02	-5.57563783657011e-04	9.14863684450780e-01	2.06152770952313e-02	-2.29469668079196e-03
1.00000000000000e+00	0.00000000000000e+00	0.00000000000000e+00
11	3.59381366380463e+00	9.19357142857143e-01
0.00000000000000e+00	-6.46417978566349e-03	1.80701080892132e-03	1.09481937607598e-01	-1.04315405151623e-03	1.76108395643670e-03
2.19198607202231e-01	4.25000821904287e-03	1.66480450737683e-03	3.27999943254038e-01	9.20978818008900e-03	1.52565593308251e-03
4.34834539092828e-01	1.36656175598372e-02	1.34871107861401e-03	5.38811986791639e-01	1.74800407744026e-02	1.13136406009373e-03
6.39244033224380e-01	2.05288199838410e-02	8.56403714910026e-04	7.35667464872782e-01	2.26603937311987e-02	4.79166418229759e-04
8.27857938270814e-01	2.36219639146498e-02	-1.04227473256335e-04	9.15850841252942e-01	2.29541152037818e-02	-1.19679620001389e-03
1.00000000000000e+00	0.00000000000000e+00	0.00000000000000e+00
11	3.59381366380463e+00	9.90000000000000e-01
0.00000000000000e+00	-4.74837827354591e-03	1.71526209363593e-03	1.10390528166183e-01	4.05089931338254e-04	1.67040611927527e-03
2.20698034742709e-01	5.41862370002621e-03	1.58211272740494e-03	3.29829197505531e-01	1.01136023317516e-02	1.45793555111462e-03
4.36792485913636e-01	1.43455256463756e-02	1.30389887039906e-03	5.40751148245703e-01	1.80034241261608e-02	1.12078466567533e-03
6.41056266008611e-01	2.09959597448508e-02	8.99910138407289e-04	7.37262298868292e-01	2.32242481201548e-02	6.16411382138526e-04
8.29131996725219e-01	2.45366069650039e-02	2.14450530938715e-04	9.16641204812825e-01	2.47012627276890e-02	-4.87034022465416e-04
1.00000000000000e+00	0.00000000000000e+00	0.00000000000000e+00
