116	9.64110880490750e+01	1.00000000000000e-03
0.00000000000000e+00	6.14695732413328e-03	-6.91540880404240e-06	1.15614805647939e-02	6.08884298469925e-03	-7.00083487781278e-06
2.29830218169835e-02	6.03111833032188e-03	-7.12901681776401e-06	3.42676201506500e-02	5.97370357326832e-03	-7.26072796797261e-06
4.54181979144975e-02	5.91657793774680e-03	-7.39609925215490e-06	5.64376057786131e-02	5.85972060302398e-03	-7.53526700236762e-06
6.73286252354505e-02	5.80311067869510e-03	-7.67837382520398e-06	7.80939710108003e-02	5.74672717628744e-03	-7.82556948109026e-06
8.87362933891668e-02	5.69054897750298e-03	-7.97700948829139e-06	9.92581804578051e-02	5.63455481138098e-03	-8.13285915124418e-06
1.09662160273415e-01	5.57872321693909e-03	-8.29329013529723e-06	1.19950702955387e-01	5.52303251706476e-03	-8.45848385822023e-06
1.30126222709268e-01	5.46746077846194e-03	-8.62862802408770e-06	1.40191079784015e-01	5.41198578759605e-03	-8.80392265401042e-06
1.50147582366407e-01	5.35658500974079e-03	-8.98457694642474e-06	1.59997988415894e-01	5.30123555408402e-03	-9.17081136719844e-06
1.69744507443032e-01	5.24591413180997e-03	-9.36285548913673e-06	1.79389302234539e-01	5.19059702185976e-03	-9.56095272530710e-06
1.88934490527868e-01	5.13526003070375e-03	-9.76536167329733e-06	1.98382146638157e-01	5.07987843263580e-03	-9.97634742350151e-06
2.07734303040342e-01	5.02442694772420e-03	-1.01941973862374e-05	2.16992951908994e-01	4.96887967588755e-03	-1.04192113439261e-05
2.26160046618601e-01	4.91321004652145e-03	-1.06517034295095e-05	2.35237503206785e-01	4.85739077227998e-03	-1.08920079691099e-05
2.44227201802930e-01	4.80139378599675e-03	-1.11404771903079e-05	2.53130988024696e-01	4.74519018118968e-03	-1.13974841964293e-05
2.61950674344830e-01	4.68875014779746e-03	-1.16634234050839e-05	2.70688041430650e-01	4.63204289589658e-03	-1.19387082262445e-05
2.79344839458601e-01	4.57503659587100e-03	-1.22237812962833e-05	2.87922789406183e-01	4.51769829841719e-03	-1.25191148871995e-05
2.96423584323660e-01	4.45999382296303e-03	-1.28251944668811e-05	3.04848890587996e-01	4.40188772101524e-03	-1.31425557376996e-05
3.13200349141189e-01	4.34334312838303e-03	-1.34717521584893e-05	3.21479576715713e-01	4.28432168781545e-03	-1.38133739948643e-05
3.29688167049345e-01	4.22478344657407e-03	-1.41680563556790e-05	3.37827692091918e-01	4.16468671868886e-03	-1.45364687988980e-05
3.45899703206701e-01	4.10398796680922e-03	-1.49193249914248e-05	3.53905732368990e-01	4.04264166497570e-03	-1.53173853467692e-05
3.61847293364710e-01	3.98060015132207e-03	-1.57314620647941e-05	3.69725882991919e-01	3.91781346502906e-03	-1.61624200492039e-05
3.77542982268256e-01	3.85422917560851e-03	-1.66111835562255e-05	3.85300057647486e-01	3.78979220209619e-03	-1.70787442999032e-05
3.92998562248494e-01	3.72444461337174e-03	-1.75661695123175e-05	4.00639937100283e-01	3.65812535397536e-03	-1.80745716762409e-05
4.08225612406917e-01	3.59077011413977e-03	-1.86051866897241e-05	4.15757008836034e-01	3.52231096023270e-03	-1.91593092453424e-05
4.23235538835805e-01	3.45267611991296e-03	-1.97383451150390e-05	4.30662607984568e-01	3.38178962787850e-03	-2.03437907781989e-05
4.38039616378469e-01	3.30957106890972e-03	-2.09772949608666e-05	4.45367960062245e-01	3.23593505664732e-03	-2.16405699677846e-05
4.52649032509663e-01	3.16079100797562e-03	-2.23355207176201e-05	4.59884226159314e-01	3.08404259996720e-03	-2.30641915885954e-05
4.67074934013485e-01	3.00558727198719e-03	-2.38287749745325e-05	4.74222551307703e-01	2.92531572651167e-03	-2.46316498364596e-05
4.81328477259399e-01	2.84311134409587e-03	-2.54754046937755e-05	4.88394116905181e-01	2.75884951646854e-03	-2.63628458547771e-05
4.95420883037263e-01	2.67239692699928e-03	-2.72970210843937e-05	5.02410198250552e-01	2.58361075787694e-03	-2.82812467109483e-05
5.09363497113319e-01	2.49233780907199e-03	-2.93191375375645e-05	5.16282228475808e-01	2.39841351798442e-03	-3.04146396599148e-05
5.23167857932863e-01	2.30166087433958e-03	-3.15720694956667e-05	5.30021870458573e-01	2.20188920263009e-03	-3.27961561561452e-05
5.36845773233162e-01	2.09889277157038e-03	-3.40920647126097e-05	5.43641098685021e-01	1.99244930395714e-03	-3.54654707372948e-05
5.50409407773442e-01	1.88231830527830e-03	-3.69226413441393e-05	5.57152293541214e-01	1.76823916211610e-03	-3.84705142775221e-05
5.63871384970192e-01	1.64992885166049e-03	-4.01166878947201e-05	5.70568351177840e-01	1.52707953697750e-03	-4.18695326291907e-05
5.77244905997382e-01	1.39935609870756e-03	-4.37384830094256e-05	5.83902812990201e-01	1.26639268223738e-03	-4.57339417905267e-05
5.90543890948349e-01	1.12778903029764e-03	-4.78673428430110e-05	5.97170019951804e-01	9.83107138087247e-04	-5.01517772897309e-05
6.03783148053823e-01	8.31865739637783e-04	-5.26015981974215e-05	6.10385298685016e-01	6.73535483932231e-04	-5.52329584913025e-05
6.16978578874484e-01	5.07533188104370e-04	-5.80643035488215e-05	6.23565188406507e-01	3.33213585175685e-04	-6.11158710088766e-05
6.30147430054702e-01	1.49862950700852e-04	-6.44112191230395e-05	6.36727721049930e-01	-4.33120988428959e-05	-6.79764957942641e-05
6.43308605981730e-01	-2.47194420734953e-04	-7.18417390348502e-05	6.49892771354602e-01	-4.62769399690477e-04	-7.60413692748596e-05
6.56483062073145e-01	-6.91141113439153e-04	-8.06142259248688e-05	6.63082500182093e-01	-9.33547985038863e-04	-8.56058898861534e-05
6.69694306243602e-01	-1.19138657997364e-03	-9.10679644123835e-05	6.76321923832676e-01	-1.46623445310634e-03	-9.70608731214462e-05
6.82969047710788e-01	-1.75988076284905e-03	-1.03655045226247e-04	6.89639656380827e-01	-2.07436368752878e-03	-1.10931956662563e-04
6.96338049881010e-01	-2.41201155222293e-03	-1.18988146202703e-04	7.03068893867053e-01	-2.77549684499390e-03	-1.27937461859684e-04
7.09837271306221e-01	-3.16790139215672e-03	-1.37914442784881e-04	7.16648743430672e-01	-3.59279447732419e-03	-1.49079943109864e-04
7.23509422026958e-01	-4.05433109371445e-03	-1.61627216397342e-04	7.30426055712796e-01	-4.55737454732696e-03	-1.75789632772538e-04
7.37406133600675e-01	-5.10764989633550e-03	-1.91851030798773e-04	7.44458010750594e-01	-5.71193827738248e-03	-2.10159190270565e-04
7.51591061172778e-01	-6.37832504319147e-03	-2.31143600740946e-04	7.58815865997654e-01	-7.11651887359344e-03	-2.55339579980696e-04
7.66144446999811e-01	-7.93826939105602e-03	-2.83419178908950e-04	7.73590559278375e-01	-8.85791503597211e-03	-3.16234217927036e-04
7.81170062029471e-01	-9.89310731256221e-03	-3.54878587008223e-04	7.88901393775628e-01	-1.10657970502548e-02	-4.00767405908997e-04
7.96806189402422e-01	-1.24035696714601e-02	-4.55755360433852e-04	8.04910092731440e-01	-1.39414932478008e-02	-5.22304174809696e-04
8.13243843517837e-01	-1.57247205878572e-02	-6.03717541703741e-04	8.21844757126594e-01	-1.78121826418297e-02	-7.04491137134555e-04
8.30758778179240e-01	-2.02819540072964e-02	-8.30807162908176e-04	8.40043393426746e-01	-2.32391239580004e-02	-9.91254929308738e-04
8.49771865054465e-01	-2.68275648801868e-02	-1.19780432156369e-03	8.60039553381303e-01	-3.12476578885365e-02	-1.46700669029021e-03
8.70973653153003e-01	-3.67831359431817e-02	-1.82088922920842e-03	8.82748703569691e-01	-4.38409935971351e-02	-2.28549018144464e-03
8.95612221844590e-01	-5.30069797360977e-02	-2.88004502564632e-03	9.09928708531814e-01	-6.51058191631293e-02	-3.57812464071339e-03
9.26257888930634e-01	-8.11936844722352e-02	-4.22474302224329e-03	9.45497488820593e-01	-1.02196859692876e-01	-4.72383928735454e-03
9.69152027535352e-01	-1.24041763476321e-01	-1.32885413257215e-02	1.00000000000000e+00	0.00000000000000e+00	0.00000000000000e+00
53	9.64110880490750e+01	7.16428571428571e-02
0.00000000000000e+00	1.35659587807815e-02	-3.38123127181511e-05	2.55753758563196e-02	1.32843426712588e-02	-3.51774043045872e-05
5.04801682938850e-02	1.30060443400057e-02	-3.66458406231285e-05	7.47454659670686e-02	1.27305448484862e-02	-3.82075516220937e-05
9.84007239432469e-02	1.24573470212894e-02	-3.98705729047766e-05	1.21473886429089e-01	1.21859461389973e-02	-4.16438220076643e-05
1.43991500507851e-01	1.19158264013546e-02	-4.35372170199955e-05	1.65978821649388e-01	1.16464571123398e-02	-4.55618121490975e-05
1.87459911890512e-01	1.13772885283021e-02	-4.77299583900859e-05	2.08457731508019e-01	1.11077472888668e-02	-5.00554912670204e-05
2.28994224943792e-01	1.08372313367771e-02	-5.25539483988702e-05	2.49090401689916e-01	1.05651042214912e-02	-5.52428237508007e-05
2.68766412801092e-01	1.02906886722696e-02	-5.81418737486405e-05	2.88041623671510e-01	1.00132592773379e-02	-6.12734773310919e-05
3.06934683693990e-01	9.73203408149770e-03	-6.46630588065911e-05	3.25463593410820e-01	9.44616489676742e-03	-6.83395988629876e-05
3.43645769768943e-01	9.15472605777312e-03	-7.23362543681993e-05	3.61498110108435e-01	8.85670124651194e-03	-7.66910849381297e-05
3.79037055544562e-01	8.55096805055311e-03	-8.14479651767286e-05	3.96278654451666e-01	8.23627963016937e-03	-8.66576527596141e-05
4.13238626826895e-01	7.91124299349910e-03	-9.23791539950702e-05	4.29932430405583e-01	7.57429291896461e-03	-9.86813605454717e-05
4.46375329527211e-01	7.22366055554868e-03	-1.05645085658246e-04	4.62582467917188e-01	6.85733543797928e-03	-1.13365654314412e-04
4.78568946767770e-01	6.47301904286768e-03	-1.21956096543530e-04	4.94349909788352e-01	6.06806780608315e-03	-1.31551242522621e-04
5.09940637269871e-01	5.63942262246653e-03	-1.42312962451152e-04	5.25356651702759e-01	5.18352081620566e-03	-1.54436843254890e-04
5.40613838144133e-01	4.69618572988506e-03	-1.68161043134107e-04	5.55728583404200e-01	4.17248646946877e-03	-1.83777772326366e-04
5.70717939305460e-01	3.60655850422864e-03	-2.01648635228757e-04	5.85599816877183e-01	2.99137173608477e-03	-2.22225275281041e-04
6.00393220569026e-01	2.31842737048527e-03	-2.46077504745257e-04	6.15118534671662e-01	1.57735709817985e-03	-2.73932211934280e-04
6.29797878533319e-01	7.55385928492114e-04	-3.06727780257088e-04	6.44455553504774e-01	-1.63397170092172e-04	-3.45691979087626e-04
6.59118613844896e-01	-1.19904541278493e-03	-3.92455208475972e-04	6.73817607734210e-01	-2.37716695440382e-03	-4.49217894264997e-04
6.88587555821199e-01	-3.73094414461228e-03	-5.19005186212507e-04	7.03469268042997e-01	-5.30408318199271e-03	-6.06062922543060e-04
7.18511153119136e-01	-7.15522571708194e-03	-7.16491142626285e-04	7.33771764205487e-01	-9.36472404721977e-03	-8.59291658608319e-04
7.49323477417188e-01	-1.20453698885573e-02	-1.04816208277581e-03	7.65257974351478e-01	-1.53599797716543e-02	-1.30470094369861e-03
7.81694714748859e-01	-1.95514052683186e-02	-1.66440313119853e-03	7.98794606701204e-01	-2.49961836836614e-02	-2.18848847552100e-03
8.16783243584287e-01	-3.23058559294800e-02	-2.98860990722538e-03	8.35993027979276e-01	-4.25311223072757e-02	-4.28140202891170e-03
8.56945988484388e-01	-5.76069514434332e-02	-6.51173573216357e-03	8.80534563807975e-01	-8.14283242754744e-02	-1.05862575916027e-02
9.08474210185417e-01	-1.22870439832659e-01	-1.75722690119446e-02	9.44651880002141e-01	-2.00318042972846e-01	-2.58829797358213e-02
1.00000000000000e+00	0.00000000000000e+00	0.00000000000000e+00
45	9.64110880490750e+01	1.42285714285714e-01
0.00000000000000e+00	1.59922501184959e-02	-4.70056679942044e-05	3.04143604351958e-02	1.56017659142593e-02	-4.92717009763499e-05
5.98942887615114e-02	1.52165669885529e-02	-5.17209361901028e-05	8.84905248439423e-02	1.48356809386117e-02	-5.43561949231108e-05
1.16250706192983e-01	1.44581446576297e-02	-5.71967225762027e-05	1.43219640927896e-01	1.40829738823167e-02	-6.02643102456391e-05
1.69439557413363e-01	1.37091533029530e-02	-6.35837093649894e-05	1.94950333322077e-01	1.33356256663986e-02	-6.71831283851620e-05
2.19789706797402e-01	1.29612795835470e-02	-7.10948225428609e-05	2.43993472147760e-01	1.25849357340517e-02	-7.53558151935785e-05
2.67595662312446e-01	1.22053310305799e-02	-8.00087596037891e-05	2.90628720195205e-01	1.18211002842916e-02	-8.51030028901079e-05
3.13123660864826e-01	1.14307547174679e-02	-9.06958785027445e-05	3.35110226573396e-01	1.10326565688181e-02	-9.68543033776914e-05
3.56617036544830e-01	1.06249888076944e-02	-1.03656760787052e-04	3.77671733545181e-01	1.02057187110283e-02	-1.11195782178664e-04
3.98301129371319e-01	9.77255366191687e-03	-1.19581056239548e-04	4.18531351599728e-01	9.32288710744955e-03	-1.28943381768831e-04
4.38387994242045e-01	8.85373191390149e-03	-1.39439721684731e-04	4.57896275387549e-01	8.36163747462493e-03	-1.51259719098240e-04
4.77081205515661e-01	7.84258567820095e-03	-1.64634164918409e-04	4.95967770991893e-01	7.29185922980924e-03	-1.79846172775333e-04
5.14581138401738e-01	6.70387318054622e-03	-1.97245977691107e-04	5.32946886952841e-01	6.07195743671585e-03	-2.17270961253124e-04
5.51091278363045e-01	5.38807235385086e-03	-2.40472770514533e-04	5.69041576726593e-01	4.64243301066469e-03	-2.67555009642484e-04
5.86826435214675e-01	3.82300570331684e-03	-2.99426005095249e-04	6.04476372767714e-01	2.91482393864095e-03	-3.37274203010551e-04
6.22024373174774e-01	1.89904472308022e-03	-3.82678006042081e-04	6.39506652748034e-01	7.51622884783698e-04	-4.37768427255403e-04
6.56963663905604e-01	-5.58584708624688e-04	-5.05477247180197e-04	6.74441434983295e-01	-2.07259265113946e-03	-5.89922820069200e-04
6.91993399705988e-01	-3.84543785328095e-03	-6.97031464834685e-04	7.09682957785601e-01	-5.95256962910018e-03	-8.35567370422563e-04
7.27587159429716e-01	-8.49998950535147e-03	-1.01891129331211e-03	7.45802177250257e-01	-1.16409323464965e-02	-1.26826566523319e-03
7.64451737044443e-01	-1.56044677608976e-02	-1.61873520691214e-03	7.83700686737654e-01	-2.07469813601168e-02	-2.13157643316286e-03
8.03778020505252e-01	-2.76503557158018e-02	-2.92065520562645e-03	8.25018594043692e-01	-3.73226759187599e-02	-4.21436641042883e-03
8.47945290424786e-01	-5.16451878208423e-02	-6.51307463970396e-03	8.73449663025584e-01	-7.44867126370126e-02	-1.10050830704884e-02
9.03253249371546e-01	-1.15065236391442e-01	-2.02711330990535e-02	9.41358697036040e-01	-2.00972903921149e-01	-3.22804873657130e-02
1.00000000000000e+00	0.00000000000000e+00	0.00000000000000e+00
44	9.64110880490750e+01	2.12928571428571e-01
0.00000000000000e+00	1.63186058119829e-02	-4.87587306212678e-05	3.13900331101583e-02	1.59126970697028e-02	-5.11581707798303e-05
6.17967402149482e-02	1.55124016901911e-02	-5.37536118467852e-05	9.12745252401922e-02	1.51166720037483e-02	-5.65503907392628e-05
1.19874403395754e-01	1.47244671763391e-02	-5.95697962577635e-05	1.47644304910216e-01	1.43347227418220e-02	-6.28359972119075e-05
1.74629352324570e-01	1.39463394469517e-02	-6.63765237032266e-05	2.00872114559683e-01	1.35581709196557e-02	-7.02228417706063e-05
2.26412840838378e-01	1.31690098346957e-02	-7.44110445789481e-05	2.51289677260677e-01	1.27775721944337e-02	-7.89826961036244e-05
2.75538868609360e-01	1.23824792170222e-02	-8.39858484817935e-05	2.99194947799603e-01	1.19822362659405e-02	-8.94762989767095e-05
3.22290915279226e-01	1.15752080392344e-02	-9.55191257381305e-05	3.44858410637447e-01	1.11595891163394e-02	-1.02190606527053e-04
3.66927878693281e-01	1.07333686201514e-02	-1.09580599134684e-04	3.88528732418815e-01	1.02942874768153e-02	-1.17795538455701e-04
4.09689515218989e-01	9.83978628695370e-03	-1.26962246429718e-04	4.30438065357107e-01	9.36694111911418e-03	-1.37232765389239e-04
4.50801685711564e-01	8.87238386184563e-03	-1.48790624620254e-04	4.70807322610893e-01	8.35220239370571e-03	-1.61858949282223e-04
4.90481758279119e-01	7.80181440436634e-03	-1.76711134656227e-04	5.09851822508749e-01	7.21580633581231e-03	-1.93685040704272e-04
5.28944630682554e-01	6.58772551739761e-03	-2.13201996705159e-04	5.47787857359437e-01	5.90980914887740e-03	-2.35792734402995e-04
5.66410057577688e-01	5.17262651971095e-03	-2.62133144672827e-04	5.84841052203970e-01	4.36460067630873e-03	-2.93094424848706e-04
6.03112399667778e-01	3.47135960102585e-03	-3.29814435509501e-04	6.21257985223128e-01	2.47484282071975e-03	-3.73801399685680e-04
6.39314772002251e-01	1.35204983850978e-03	-4.27087540312510e-04	6.57323778115650e-01	7.32532600886682e-05	-4.92461945686307e-04
6.75331375226367e-01	-1.40060657097330e-03	-5.73832852580614e-04	6.93391053961215e-01	-3.12181172653592e-03	-6.76807747744146e-04
7.11565883983361e-01	-5.16183331045561e-03	-8.09653424700185e-04	7.29932037535226e-01	-7.62076722423277e-03	-9.84946375838014e-04
7.48583996139713e-01	-1.06427938153342e-02	-1.22253510828396e-03	7.67642527877391e-01	-1.44425603495325e-02	-1.55513936338303e-03
7.87267443771087e-01	-1.93524287689033e-02	-2.03958073551624e-03	8.07679078916865e-01	-2.59120526727989e-02	-2.78096652144422e-03
8.29196856087125e-01	-3.50502859227966e-02	-3.98926855211235e-03	8.52314388012867e-01	-4.84871344945952e-02	-6.12446102522823e-03
8.77862261314759e-01	-6.97247938042751e-02	-1.02972901498650e-02	9.07416432732841e-01	-1.06965223223791e-01	-1.91998696766738e-02
9.44558081974988e-01	-1.86056770247763e-01	-3.25801115006454e-02	1.00000000000000e+00	0.00000000000000e+00	0.00000000000000e+00
43	9.64110880490750e+01	2.83571428571429e-01
0.00000000000000e+00	1.66568777200964e-02	-5.05421754317670e-05	3.24161468674569e-02	1.62348699138697e-02	-5.30810333958520e-05
6.37965935662097e-02	1.58188352829667e-02	-5.58296974932926e-05	9.41997290202246e-02	1.54076445513447e-02	-5.87961656892677e-05
1.23680236012285e-01	1.50001727818956e-02	-6.20039793595151e-05	1.52289429586190e-01	1.45952687075266e-02	-6.54799390693572e-05
1.80075565434343e-01	1.41917421423672e-02	-6.92546599552202e-05	2.07084122024127e-01	1.37883500291034e-02	-7.33632400371498e-05
2.33358060017476e-01	1.33837807368880e-02	-7.78460695800565e-05	2.58938062209003e-01	1.29766361441592e-02	-8.27498186557474e-05
2.83862756952126e-01	1.25654109117828e-02	-8.81286371694490e-05	3.08168927856383e-01	1.21484682559261e-02	-9.40456423224045e-05
3.31891712420873e-01	1.17240112922363e-02	-1.00574753769234e-04	3.55064792221589e-01	1.12900488163932e-02	-1.07802983861482e-04
3.77720577299596e-01	1.08443540426786e-02	-1.15833311033597e-04	3.99890387513477e-01	1.03844144172176e-02	-1.24788326965497e-04
4.21604633839497e-01	9.90736995684283e-03	-1.34814860717425e-04	4.42893002952092e-01	9.40993693452530e-03	-1.46089974490282e-04
4.63784648929657e-01	8.88831237727450e-03	-1.58828689430068e-04	4.84308396661413e-01	8.33805363409978e-03	-1.73294178263061e-04
5.04492962551759e-01	7.75392482764303e-03	-1.89811239007076e-04	5.24367199543032e-01	7.12969915465389e-03	-2.08784389444716e-04
5.43960375464854e-01	6.45790148286207e-03	-2.30722455955901e-04	5.63302496511897e-01	5.72946911141381e-03	-2.56272385418033e-04
5.82424691618973e-01	4.93329921338015e-03	-2.86266653859446e-04	6.01359679205895e-01	4.05563617192439e-03	-3.21790552408441e-04
6.20142346101496e-01	3.07922977410025e-03	-3.64279723138461e-04	6.38810480852597e-01	1.98215856670059e-03	-4.15664226220303e-04
6.57405722449111e-01	7.36154455973637e-04	-4.78586431517547e-04	6.75974814747685e-01	-6.95833124706446e-04	-5.56739060936895e-04
6.94571303545263e-01	-2.36326378535390e-03	-6.55404104703106e-04	7.13257889975548e-01	-4.33354776653805e-03	-7.82342541389092e-04
7.32109784370297e-01	-6.70077771206712e-03	-9.49316407597101e-04	7.51219635563711e-01	-9.59997076820496e-03	-1.17481060322189e-03
7.70705038022058e-01	-1.32312570799320e-02	-1.48915235229374e-03	7.90720454367523e-01	-1.79029567574434e-02	-1.94473381203686e-03
8.11477131199790e-01	-2.41127393393892e-02	-2.63793294533565e-03	8.33278507483758e-01	-3.27112582441871e-02	-3.76029151477075e-03
8.56588352555715e-01	-4.52606815928526e-02	-5.73042150427749e-03	8.82176248239971e-01	-6.49083907783418e-02	-9.56934177566793e-03
9.11475666835372e-01	-9.88929636158649e-02	-1.79438336444522e-02	9.47663894870528e-01	-1.70041492560251e-01	-3.29760368921921e-02
1.00000000000000e+00	0.00000000000000e+00	0.00000000000000e+00
45	9.64110880490750e+01	3.54214285714286e-01
0.00000000000000e+00	1.58485640933228e-02	-4.53840709104814e-05	3.12438222932328e-02	1.54673141268082e-02	-4.75415925877964e-05
6.15358736647589e-02	1.50912877185938e-02	-4.98706871832066e-05	9.09272519277318e-02	1.47195617191629e-02	-5.23742026565799e-05
1.19465954845587e-01	1.43512221571023e-02	-5.50699331103299e-05	1.47197149641538e-01	1.39853364388971e-02	-5.79779961917826e-05
1.74163419594597e-01	1.36209442581467e-02	-6.11212032932684e-05	2.00404990391993e-01	1.32570476121463e-02	-6.45255040983006e-05
2.25959938824294e-01	1.28925996781792e-02	-6.82205202580111e-05	2.50864386173284e-01	1.25264922429194e-02	-7.22401808155304e-05
2.75152678454396e-01	1.21575413509540e-02	-7.66234988911485e-05	2.98857555531975e-01	1.17844707138792e-02	-8.14155091310997e-05
3.22010311026264e-01	1.14058923531588e-02	-8.66684169023024e-05	3.44640944875505e-01	1.10202837865470e-02	-9.24430051925107e-05
3.66778310407998e-01	1.06259609339319e-02	-9.88103879382418e-05	3.88450257821581e-01	1.02210456054797e-02	-1.05854170675990e-04
4.09683776070551e-01	9.80342625137753e-03	-1.13673186022956e-04	4.30505135332768e-01	9.37071009472801e-03	-1.22384920836938e-04
4.50940032491417e-01	8.92016438252363e-03	-1.32129911725842e-04	4.71013742438571e-01	8.44864355440622e-03	-1.43077349336496e-04
4.90751278528104e-01	7.95249830855527e-03	-1.55432375652076e-04	5.10177566219596e-01	7.42746097227531e-03	-1.69445630505249e-04
5.29317634935100e-01	6.86849957883129e-03	-1.85425838571396e-04	5.48196834497070e-01	6.26963042489215e-03	-2.03756719594717e-04
5.66841084375287e-01	5.62367444737499e-03	-2.24919822242819e-04	5.85277166566668e-01	4.92193712613465e-03	-2.49525927580097e-04
6.03533076592238e-01	4.15378250336418e-03	-2.78358808842860e-04	6.21638452333761e-01	3.30605853218113e-03	-3.12437224146755e-04
6.39625108045477e-01	2.36231012765131e-03	-3.53104283926653e-04	6.57527712143498e-01	1.30168376434980e-03	-4.02158981079204e-04
6.75384664390401e-01	9.73744936615395e-05	-4.62054002584589e-04	6.93239254384929e-01	-1.28562097257812e-03	-5.36200716463098e-04
7.11141224950586e-01	-2.89383024920375e-03	-6.29452723679425e-04	7.29148932057142e-01	-4.79035708045283e-03	-7.48897303867180e-04
7.47332407716158e-01	-7.06278326809573e-03	-9.05198610364977e-04	7.65777833535754e-01	-9.83595157880157e-03	-1.11497560703611e-03
7.84594301307284e-01	-1.32934709993264e-02	-1.40522125554665e-03	8.03924448435186e-01	-1.77155839985584e-02	-1.82200687895007e-03
8.23962016211047e-01	-2.35495669602009e-02	-2.44883591050749e-03	8.44982608817474e-01	-3.15493982039374e-02	-3.44864806030687e-03
8.67401767431633e-01	-4.30757505988023e-02	-5.16960048694859e-03	8.91895854784114e-01	-6.08082486718565e-02	-8.43965517133771e-03
9.19689248410065e-01	-9.07003746807257e-02	-1.54065638989400e-02	9.53376990557057e-01	-1.50421208041835e-01	-2.88002358777093e-02
1.00000000000000e+00	0.00000000000000e+00	0.00000000000000e+00
46	9.64110880490750e+01	4.24857142857143e-01
0.00000000000000e+00	1.54434963163839e-02	-4.27042875892347e-05	3.08297158526320e-02	1.50824918272319e-02	-4.46745034350382e-05
6.07432927703566e-02	1.47263755426288e-02	-4.67982335186079e-05	8.97886422242106e-02	1.43743195800565e-02	-4.90762356482044e-05
1.18010836463378e-01	1.40255071502426e-02	-5.15237697467086e-05	1.45452348898029e-01	1.36791062529853e-02	-5.41580244519668e-05
1.72153274486251e-01	1.33342620665329e-02	-5.69984190996742e-05	1.98151532364388e-01	1.29900886162349e-02	-6.00669565136158e-05
2.23483052919126e-01	1.26456595441433e-02	-6.33886471606004e-05	2.48181951299938e-01	1.22999977470726e-02	-6.69920171447735e-05
2.72280689209474e-01	1.19520635971448e-02	-7.09097122395530e-05	2.95810226684443e-01	1.16007414342134e-02	-7.51792365947246e-05
3.18800165489043e-01	1.12448238931984e-02	-7.98438405866797e-05	3.41278885687518e-01	1.08829935778296e-02	-8.49536099349901e-05
3.63273676942806e-01	1.05138014347117e-02	-9.05668009327787e-05	3.84810866108087e-01	1.01356410264521e-02	-9.67514886209830e-05
4.05915942742251e-01	9.74671768810720e-03	-1.03587617053202e-04	4.26613684296720e-01	9.34501124687803e-03	-1.11169557833968e-04
4.46928282901166e-01	8.92823066774606e-03	-1.19609361712403e-04	4.66883475934876e-01	8.49375832419264e-03	-1.29040846326367e-04
4.86502682932915e-01	8.03858111592004e-03	-1.39624873495059e-04	5.05809151871138e-01	7.55920454866787e-03	-1.51556176061440e-04
5.24826118548848e-01	7.05154454512935e-03	-1.65072224601825e-04	5.43576983705915e-01	6.51079011885725e-03	-1.80464971476724e-04
5.62085513763191e-01	5.93122730158457e-03	-1.98096548343019e-04	5.80376072797894e-01	5.30601076121995e-03	-2.18420343690351e-04
5.98473895759085e-01	4.62686475467877e-03	-2.42010052571073e-04	6.16405416286339e-01	3.88368606048251e-03	-2.69599851650870e-04
6.34198667284500e-01	3.06401020937774e-03	-3.02141221110164e-04	6.51883779332128e-01	2.15228303254844e-03	-3.40884500800387e-04
6.69493612205123e-01	1.12885046886202e-03	-3.87498319677437e-04	6.87064570126646e-01	-3.14670421149854e-05	-4.44248657778257e-04
7.04637674905238e-01	-1.36142847609511e-03	-5.14272742016653e-04	7.22260008240364e-01	-2.90439505479856e-03	-6.02011675777003e-04
7.39986694612895e-01	-4.71889568922790e-03	-7.13912866602717e-04	7.57883696882476e-01	-6.88571989312348e-03	-8.59613360731926e-04
7.76031871617029e-01	-9.51930453055827e-03	-1.05401649703030e-03	7.94533048290927e-01	-1.27867229562002e-02	-1.32111236608146e-03
8.13519500971433e-01	-1.69407831895737e-02	-1.70141617284192e-03	8.33169403947710e-01	-2.23808311009640e-02	-2.26744657107947e-03
8.53733520844174e-01	-2.97716885615811e-02	-3.15862469785166e-03	8.75584689203186e-01	-4.02947873240527e-02	-4.66785736506226e-03
8.99318427285731e-01	-5.62315510619512e-02	-7.48074103019047e-03	9.25984494694916e-01	-8.25083352977838e-02	-1.33882440999724e-02
9.57721671511227e-01	-1.33046701447105e-01	-2.55422077875405e-02	1.00000000000000e+00	0.00000000000000e+00	0.00000000000000e+00
46	9.64110880490750e+01	4.95500000000000e-01
0.00000000000000e+00	1.53879093555649e-02	-4.19691916035969e-05	3.10948696341745e-02	1.50307437546060e-02	-4.38929628487905e-05
6.12688438125164e-02	1.46784538728311e-02	-4.59656824272070e-05	9.05698406970611e-02	1.43302308834339e-02	-4.81880111116162e-05
1.19042947528211e-01	1.39852772120741e-02	-5.05746558541187e-05	1.46730659017045e-01	1.36427810717981e-02	-5.31421708263036e-05
1.73673095944703e-01	1.33019091415483e-02	-5.59092444294418e-05	1.99908206171036e-01	1.29617985674875e-02	-5.88970369632680e-05
2.25471950213146e-01	1.26215481057446e-02	-6.21295807130551e-05	2.50398473357487e-01	1.22802082022544e-02	-6.56342637421758e-05
2.74720266109645e-01	1.19367697318851e-02	-6.94424038918395e-05	2.98468314661394e-01	1.15901510954650e-02	-7.35899440986731e-05
3.21672242963557e-01	1.12391832883525e-02	-7.81182977334094e-05	3.44360447935533e-01	1.08825924496883e-02	-8.30753730758360e-05
3.66560229319566e-01	1.05189793116984e-02	-8.85168345101661e-05	3.88297915702244e-01	1.01467947889209e-02	-9.45076566056802e-05
4.09598988282496e-01	9.76431074866513e-03	-1.01124048355050e-04	4.30488204071514e-01	9.36958476176275e-03	-1.08455865414303e-04
4.50989720375790e-01	8.96041725282259e-03	-1.16609646873433e-04	4.71127222654900e-01	8.53429897342184e-03	-1.25712447683668e-04
4.90924058181649e-01	8.08834619990062e-03	-1.35916780010570e-04	5.10403378391839e-01	7.61921997564441e-03	-1.47406941865658e-04
5.29588293437659e-01	7.12302477870552e-03	-1.60407317126632e-04	5.48502043308105e-01	6.59518001844983e-03	-1.75193244287941e-04
5.67168191039568e-01	6.03025570421800e-03	-1.92105546364507e-04	5.85610845128506e-01	5.42175985566296e-03	-2.11570018904261e-04
6.03854920460505e-01	4.76186080197105e-03	-2.34124176766937e-04	6.21926450150666e-01	4.04101946901658e-03	-2.60454114609843e-04
6.39852965068060e-01	3.24749662916202e-03	-2.91446505192416e-04	6.57663964120578e-01	2.36668262062545e-03	-3.28262938524393e-04
6.75391507625413e-01	1.38017129760981e-03	-3.72448424692751e-04	6.93070979916373e-01	2.64457957363518e-04	-4.26093101187686e-04
7.10742088469162e-01	-1.01092778889433e-03	-4.92078788552508e-04	7.28450199918535e-01	-2.48615731400603e-03	-5.74465882795749e-04
7.46248166611576e-01	-4.21521112459322e-03	-6.79118240304533e-04	7.64198885852927e-01	-6.27222309583908e-03	-8.14748515146402e-04
7.82378986417292e-01	-8.76159595054349e-03	-9.94738654291005e-04	8.00884310520946e-01	-1.18347368154681e-02	-1.24046244330667e-03
8.19838375057560e-01	-1.57189710762056e-02	-1.58769085054988e-03	8.39406025101303e-01	-2.07701075760699e-02	-2.09978575678615e-03
8.59816694330409e-01	-2.75740271438193e-02	-2.89712578853307e-03	8.81406815703655e-01	-3.71581453329287e-02	-4.22940790241055e-03
9.04704227242296e-01	-5.14739657563484e-02	-6.67514360258159e-03	9.30617089712050e-01	-7.46397157289642e-02	-1.17611800124164e-02
9.60932742022058e-01	-1.17867540213220e-01	-2.27700871313292e-02	1.00000000000000e+00	0.00000000000000e+00	0.00000000000000e+00
44	9.64110880490750e+01	5.66142857142857e-01
0.00000000000000e+00	1.60427360227826e-02	-4.51278849729064e-05	3.27892788095101e-02	1.56562185733586e-02	-4.72841184486761e-05
6.45676961784114e-02	1.52752338640894e-02	-4.96112489947187e-05	9.53899020223398e-02	1.48988400831236e-02	-5.21137075857325e-05
1.25307191016211e-01	1.45261036891566e-02	-5.48095088519496e-05	1.54367795986970e-01	1.41560734606545e-02	-5.77190369457359e-05
1.82617155991645e-01	1.37877711530350e-02	-6.08654291616162e-05	2.10098162068301e-01	1.34201812444115e-02	-6.42750341095510e-05
2.36851383514180e-01	1.30522395112160e-02	-6.79779593026897e-05	2.62915277278681e-01	1.26828201362952e-02	-7.20087346204323e-05
2.88326382845557e-01	1.23107209654831e-02	-7.64071108994013e-05	3.13119504815633e-01	1.19346464752257e-02	-8.12190394916534e-05
3.37327885286422e-01	1.15531878583535e-02	-8.64978604810940e-05	3.60983368059178e-01	1.11647995605029e-02	-9.23057823729589e-05
3.84116556688826e-01	1.07677713219252e-02	-9.87156978893289e-05	4.06756968434164e-01	1.03601946330019e-02	-1.05813466120042e-04
4.28933186271935e-01	9.93992210937034e-03	-1.13700777464087e-04	4.50673011322628e-01	9.50451786456097e-03	-1.22498768827306e-04
4.72003618316417e-01	9.05119645648989e-03	-1.32352675384473e-04	4.92951717130285e-01	8.57674699550159e-03	-1.43437779821065e-04
5.13543723992134e-01	8.07743810957517e-03	-1.55967183577799e-04	5.33805946725879e-01	7.54889779246137e-03	-1.70202031662736e-04
5.53764789483536e-01	6.98595989674944e-03	-1.86465040697747e-04	5.73446983889411e-01	6.38246618126859e-03	-2.05158751249712e-04
5.92879855572234e-01	5.73100806988092e-03	-2.26790390437603e-04	6.12091637936148e-01	5.02258558862168e-03	-2.52006152114737e-04
6.31111849098334e-01	4.24615132154704e-03	-2.81639406964018e-04	6.49971753782721e-01	3.38799159913816e-03	-3.16779475222129e-04
6.68704940534527e-01	2.43087363495964e-03	-3.58871638072689e-04	6.87348057396950e-01	1.35284988091411e-03	-4.09865862345704e-04
7.05941768636301e-01	1.25548942346509e-04	-4.72442976367393e-04	7.24532025418427e-01	-1.28832075735019e-03	-5.50367747323532e-04
7.43171791895934e-01	-2.93870513617522e-03	-6.49057961321420e-04	7.61923448355436e-01	-4.89394903740659e-03	-7.76531737848529e-04
7.80862230291619e-01	-7.24991363430205e-03	-9.45050839593176e-04	8.00081306746647e-01	-1.01449862584193e-02	-1.17410563870068e-03
8.19699558088314e-01	-1.37858671291483e-02	-1.49614378163188e-03	8.39874016422488e-01	-1.84941569277884e-02	-1.96831872568137e-03
8.60820841934914e-01	-2.47957681951493e-02	-2.69860502991759e-03	8.82853099720239e-01	-3.36055690580785e-02	-3.90998145819754e-03
9.06454815211500e-01	-4.66447906309222e-02	-6.11934086991939e-03	9.32443630753770e-01	-6.74992757106879e-02	-1.07191291697220e-02
9.62390389020668e-01	-1.05714576937193e-01	-2.12066517722387e-02	1.00000000000000e+00	0.00000000000000e+00	0.00000000000000e+00
42	9.64110880490750e+01	6.36785714285714e-01
0.00000000000000e+00	1.67586329158422e-02	-4.86393375265237e-05	3.46382431344499e-02	1.63389331914905e-02	-5.10653564385066e-05
6.81628077273767e-02	1.59255542146088e-02	-5.36891687519248e-05	1.00636348834266e-01	1.55173912396527e-02	-5.65197000192974e-05
1.32117517014487e-01	1.51133444992633e-02	-5.95791960624759e-05	1.62661322471972e-01	1.47122920788278e-02	-6.28929711383730e-05
1.92319466506981e-01	1.43130778794003e-02	-6.64899313851386e-05	2.21140644355018e-01	1.39144983275972e-02	-7.04032021658918e-05
2.49170823226485e-01	1.35152874737170e-02	-7.46708879173497e-05	2.76453498995152e-01	1.31141000373121e-02	-7.93369966294311e-05
3.03029934695792e-01	1.27094918639430e-02	-8.44525730947510e-05	3.28939383776271e-01	1.22998971072745e-02	-9.00770860590150e-05
3.54219300905554e-01	1.18836013175596e-02	-9.62801546455783e-05	3.78905543067264e-01	1.14587093505805e-02	-1.03143696974284e-04
4.03032563674349e-01	1.10231067267126e-02	-1.10764624877913e-04	4.26633602533276e-01	1.05744126738194e-02	-1.19258254712706e-04
4.49740874681383e-01	1.01099225510406e-02	-1.28762667152449e-04	4.72385761441873e-01	9.62653655178736e-03	-1.39444294876556e-04
4.94599007522025e-01	9.12067067845479e-03	-1.51505204666780e-04	5.16410928669580e-01	8.58814443682143e-03	-1.65192630351418e-04
5.37851635373328e-01	8.02403781957595e-03	-1.80811634451494e-04	5.58951279449473e-01	7.42250719571924e-03	-1.98742078644676e-04
5.79740332250682e-01	6.77654571036856e-03	-2.19461707767987e-04	6.00249905897932e-01	6.07766771839358e-03	-2.43577991398958e-04
6.20512132714888e-01	5.31548762633660e-03	-2.71872642890747e-04	6.40560623477069e-01	4.47715006210880e-03	-3.05365083376641e-04
6.60431033013284e-01	3.54654659117926e-03	-3.45404430303287e-04	6.80161773473226e-01	2.50322078229925e-03	-3.93805840997574e-04
6.99794933427661e-01	1.32080792974287e-03	-4.53057090282982e-04	7.19377488676954e-01	-3.52355360957457e-05	-5.26640201907735e-04
7.38962934790671e-01	-1.61101635586158e-03	-6.19547220424010e-04	7.58613543892991e-01	-3.46938833564603e-03	-7.39135349179465e-04
7.78403571413161e-01	-5.69814074135244e-03	-8.96603477947400e-04	7.98423956376018e-01	-8.42340872392844e-03	-1.10965937354979e-03
8.18789462403001e-01	-1.18325733892473e-02	-1.40761106410658e-03	8.39649996405999e-01	-1.62153585285650e-02	-1.84174513066382e-03
8.61209493281524e-01	-2.20420942947781e-02	-2.50826902534640e-03	8.83759499283212e-01	-3.01239220653186e-02	-3.60445180833313e-03
9.07743992533623e-01	-4.19711392579769e-02	-5.58526193998832e-03	9.33898986959898e-01	-6.06877198081552e-02	-9.68269609191719e-03
9.63603629330028e-01	-9.43773127795748e-02	-1.91992588357341e-02	1.00000000000000e+00	0.00000000000000e+00	0.00000000000000e+00
39	9.64110880490750e+01	7.07428571428571e-01
0.00000000000000e+00	1.80068080511422e-02	-5.54082358525942e-05	3.76117629659792e-02	1.75250543180274e-02	-5.83791900889974e-05
7.39279727016828e-02	1.70511263244839e-02	-6.16061256739631e-05	1.09026524482135e-01	1.65835763982634e-02	-6.51072724322521e-05
1.42979997214574e-01	1.61209550259280e-02	-6.89145370931232e-05	1.75856169590612e-01	1.56617794974874e-02	-7.30645985265177e-05
2.07718486895506e-01	1.52045154004805e-02	-7.75997897017877e-05	2.38626485163658e-01	1.47475559714054e-02	-8.25691754915425e-05
2.68636178791240e-01	1.42891986403186e-02	-8.80298775212118e-05	2.97800417111494e-01	1.38276179514114e-02	-9.40487137617296e-05
3.26169214976119e-01	1.33608338320264e-02	-1.00704239172300e-04	3.53790062059777e-01	1.28866739143751e-02	-1.08089307018222e-04
3.80708215412856e-01	1.24027282341166e-02	-1.16314304040799e-04	4.06966979736854e-01	1.19062941426786e-02	-1.25511275826273e-04
4.32607979962222e-01	1.13943085570110e-02	-1.35839217281442e-04	4.57671430997371e-01	1.08632637999904e-02	-1.47490955127338e-04
4.82196410031276e-01	1.03091018743078e-02	-1.60702143518376e-04	5.06221137576399e-01	9.72708027747293e-03	-1.75763188570821e-04
5.29783274627464e-01	9.11159979738940e-03	-1.93035230157568e-04	5.52920245029097e-01	8.45598095016431e-03	-2.12971830697350e-04
5.75669594605222e-01	7.75217015488727e-03	-2.36148804792613e-04	5.98069402130821e-01	6.99034861300052e-03	-2.63305962900029e-04
6.20158762322048e-01	6.15840397335954e-03	-2.95406331143555e-04	6.41978368473790e-01	5.24120593145239e-03	-3.33722007279658e-04
6.63571233439111e-01	4.21959548219442e-03	-3.79960897738396e-04	6.84983604400195e-01	3.06894847446770e-03	-4.36458628414682e-04
7.06266152803784e-01	1.75708974613320e-03	-5.06476111783227e-04	7.27475562002377e-01	2.41192997909034e-04	-5.94675725003935e-04
7.48676702434119e-01	-1.53695350134053e-03	-7.07908653163392e-04	7.69945697977753e-01	-3.65840176333709e-03	-8.56569377534200e-04
7.91374387204065e-01	-6.23920838496650e-03	-1.05703477724339e-03	8.13077051471712e-01	-9.45112306333007e-03	-1.33630422927067e-03
8.35200997026108e-01	-1.35585512824594e-02	-1.74142515327702e-03	8.57944060703539e-01	-1.89885914901147e-02	-2.36026887407692e-03
8.81585436497836e-01	-2.64735915342680e-02	-3.37229374347769e-03	9.06544480931781e-01	-3.73679022144441e-02	-5.19054503765948e-03
9.33505546773182e-01	-5.44308795843583e-02	-8.93954579259759e-03	9.63726301999971e-01	-8.47668171964210e-02	-1.77821569390175e-02
1.00000000000000e+00	0.00000000000000e+00	0.00000000000000e+00
36	9.64110880490750e+01	7.78071428571429e-01
0.00000000000000e+00	1.94658044754916e-02	-6.37942153192128e-05	4.10735639150651e-02	1.89064417081095e-02	-6.74926880182003e-05
8.06228881760557e-02	1.83569421545933e-02	-7.15317130073334e-05	1.18746436687836e-01	1.78153626789341e-02	-7.59434336743414e-05
1.55535460572624e-01	1.72797482273277e-02	-8.07750782478855e-05	1.91074749683988e-01	1.67480921682670e-02	-8.60815918526381e-05
2.25443307333533e-01	1.62183067540391e-02	-9.19271968524704e-05	2.58714959546770e-01	1.56881897319556e-02	-9.83873391100509e-05
2.90958909005045e-01	1.51553858110511e-02	-1.05551122155934e-04	3.22240242794897e-01	1.46173413781430e-02	-1.13524381797792e-04
3.52620402328936e-01	1.40712503942173e-02	-1.22433600988403e-04	3.82157623312735e-01	1.35139887700637e-02	-1.32430933308392e-04
4.10907353415191e-01	1.29420336605959e-02	-1.43700708815420e-04	4.38922655379064e-01	1.23513629280052e-02	-1.56467952139971e-04
4.66254603731386e-01	1.17373283047157e-02	-1.71009642581987e-04	4.92952684100969e-01	1.10944934173389e-02	-1.87669791236189e-04
5.19065205548224e-01	1.04164242950711e-02	-2.06879856784248e-04	5.44639738458050e-01	9.69541496639015e-03	-2.29186809033388e-04
5.69723593740039e-01	8.92212312502694e-03	-2.55292284808251e-04	5.94364363790764e-01	8.08507929082580e-03	-2.86108093453752e-04
6.18610552637041e-01	7.17001527683103e-03	-3.22836449230479e-04	6.42512333074242e-01	6.15892951321251e-03	-3.67088253374837e-04
6.66122484374798e-01	5.02876157344900e-03	-4.21061617018825e-04	6.89497588512676e-01	3.74947246078916e-03	-4.87818164245812e-04
7.12699601453827e-01	2.28119870422194e-03	-5.71723806073399e-04	7.35797978949623e-01	5.69918702525429e-04	-6.79175332697124e-04
7.58872642149823e-01	-1.45934966913797e-03	-8.19846308908856e-04	7.82018253524277e-01	-3.91360933462281e-03	-1.00892281871978e-03
8.05350612271721e-01	-6.95062202103858e-03	-1.27133910772037e-03	8.29016631568302e-01	-1.08122333203052e-02	-1.65034794216057e-03
8.53210702598113e-01	-1.58871993363049e-02	-2.22632737973893e-03	8.78203234779216e-01	-2.28383075975802e-02	-3.16255338317428e-03
9.04394484229751e-01	-3.28828646498932e-02	-4.83291119487994e-03	9.32427226884939e-01	-4.84795005706447e-02	-8.25292323483118e-03
9.63460041636574e-01	-7.58787661208082e-02	-1.63264053913472e-02	1.00000000000000e+00	0.00000000000000e+00	0.00000000000000e+00
33	9.64110880490750e+01	8.48714285714286e-01
0.00000000000000e+00	2.11949773049851e-02	-7.44032618975599e-05	4.51572024442504e-02	2.05365569887566e-02	-7.91001573172689e-05
8.84970530939181e-02	1.98908278118790e-02	-8.42645923500029e-05	1.30146482461502e-01	1.92551070983171e-02	-8.99507500540242e-05
1.70222382035258e-01	1.86266840100964e-02	-9.62312629402273e-05	2.08832733700231e-01	1.80027639591911e-02	-1.03191847316664e-04
2.46077615276838e-01	1.73804192720077e-02	-1.10934234397453e-04	2.82050102091617e-01	1.67565324889660e-02	-1.19579897531086e-04
3.16837082211878e-01	1.61277296560030e-02	-1.29274831528248e-04	3.50520001141320e-01	1.54903001844138e-02	-1.40195736944682e-04
3.83175550516335e-01	1.48400987644544e-02	-1.52558105368739e-04	4.14876314652671e-01	1.41724232473293e-02	-1.66626893979060e-04
4.45691388702198e-01	1.34818602224012e-02	-1.82730795747377e-04	4.75686982775617e-01	1.27620867908242e-02	-2.01281549693233e-04
5.04927027828601e-01	1.20056123523364e-02	-2.22800431490366e-04	5.33473801661405e-01	1.12034372313989e-02	-2.47955136686517e-04
5.61388597473106e-01	1.03445944741283e-02	-2.77612031072572e-04	5.88732463725225e-01	9.41552470952600e-03	-3.12911463378196e-04
6.15567053712644e-01	8.39920840354091e-03	-3.55378610545909e-04	6.41955638024347e-01	7.27393832591905e-03	-4.07090388841125e-04
6.67964356050610e-01	6.01154609359633e-03	-4.70933191712319e-04	6.93663819118599e-01	4.57477953449592e-03	-5.51012815252827e-04
7.19131237089291e-01	2.91332017902413e-03	-6.53328481007298e-04	7.44453339687231e-01	9.57549939028635e-04	-7.86924480423279e-04
7.69730536999346e-01	-1.39155010057490e-03	-9.65949736732030e-04	7.95083078578483e-01	-4.27944970509342e-03	-1.21354390787376e-03
8.20660574178464e-01	-7.92826495515175e-03	-1.56966494799438e-03	8.46657470362924e-01	-1.26934038018675e-02	-2.10818285573744e-03
8.73339789296214e-01	-1.91775259129201e-02	-2.97825794399298e-03	9.01095017623305e-01	-2.84802578902545e-02	-4.51916643334727e-03
9.30535160894233e-01	-4.28042608581338e-02	-7.64622816034688e-03	9.62742422411327e-01	-6.76816274807025e-02	-1.49798020397136e-02
1.00000000000000e+00	0.00000000000000e+00	0.00000000000000e+00
30	9.64110880490750e+01	9.19357142857143e-01
0.00000000000000e+00	2.32782377584031e-02	-8.81641168195557e-05	5.00505167464247e-02	2.24902924880408e-02	-9.42773563128441e-05
9.78993537962545e-02	2.17190801182194e-02	-1.01056661421683e-04	1.43714031396662e-01	2.09607699586718e-02	-1.08593377355914e-04
1.87647664175069e-01	2.02114744673170e-02	-1.17004606557281e-04	2.29840724089495e-01	1.94671624678473e-02	-1.26430979720871e-04
2.70422594737128e-01	1.87235719731458e-02	-1.37042562539991e-04	3.09512953853647e-01	1.79761078835226e-02	-1.49046569600575e-04
3.47223016261698e-01	1.72197186259999e-02	-1.62697541042922e-04	3.83656666161054e-01	1.64487437935128e-02	-1.78310925398106e-04
4.18911505584727e-01	1.56567219138395e-02	-1.96281441871005e-04	4.53079845098608e-01	1.48361431325601e-02	-2.17108230376795e-04
4.86249663552553e-01	1.39781251952331e-02	-2.41429834115348e-04	5.18505566230361e-01	1.30719813314768e-02	-2.70073650517011e-04
5.49929775691773e-01	1.21046336402584e-02	-3.04127128727183e-04	5.80603197961690e-01	1.10598018365036e-02	-3.45042331949319e-04
6.10606620198021e-01	9.91685919994212e-03	-3.94793090063850e-04	6.40022117432635e-01	8.64918423554273e-03	-4.56117175719362e-04
6.68934780408129e-01	7.22172913364005e-03	-5.32900502645317e-04	6.97434932784993e-01	5.58733672093314e-03	-6.30807167099956e-04
7.25621100422749e-01	3.68099140204570e-03	-7.58353001343304e-04	7.53604159508036e-01	1.41052897242022e-03	-9.28818768322293e-04
7.81513387596047e-01	-1.35899322158051e-03	-1.16384710460427e-03	8.09505708286313e-01	-4.83287431909085e-03	-1.50065697020163e-03
8.37780568639105e-01	-9.33828256592706e-03	-2.00772202649535e-03	8.66605398104815e-01	-1.54273586268679e-02	-2.82251147598322e-03
8.96362629481791e-01	-2.41017457571902e-02	-4.25554984497123e-03	9.27645675592710e-01	-3.73533109498165e-02	-7.13767101198526e-03
9.61484236961136e-01	-6.01233239540580e-02	-1.38416040047151e-02	1.00000000000000e+00	0.00000000000000e+00	0.00000000000000e+00
28	9.64110880490750e+01	9.90000000000000e-01
0.00000000000000e+00	2.48811171213037e-02	-9.86804750895409e-05	5.40011072956572e-02	2.39883193541430e-02	-1.05975905153377e-04
1.05472247862933e-01	2.31159915555601e-02	-1.14118510008421e-04	1.54617699635065e-01	2.22592334733367e-02	-1.23236383246628e-04
2.01623102337620e-01	2.14130615388184e-02	-1.33491706247879e-04	2.46657874279461e-01	2.05722876077594e-02	-1.45081828575533e-04
2.89877327238414e-01	1.97313899903868e-02	-1.58248832817343e-04	3.31424536186977e-01	1.88843597461046e-02	-1.73292276563375e-04
3.71432013222454e-01	1.80245118919979e-02	-1.90586382568858e-04	4.10023229929180e-01	1.71442472817871e-02	-2.10603537740939e-04
4.47314029564290e-01	1.62347451064333e-02	-2.33946894273585e-04	4.83413970035219e-01	1.52855571705315e-02	-2.61396349692022e-04
5.18427641030594e-01	1.42840614683004e-02	-2.93974546960341e-04	5.52456004699528e-01	1.32147112686904e-02	-3.33043536332900e-04
5.85597820426360e-01	1.20579815592701e-02	-3.80449521060644e-04	6.17951233098341e-01	1.07888581134901e-02	-4.38745116951633e-04
6.49615635319101e-01	9.37461832236197e-03	-5.11540434001256e-04	6.80693965319927e-01	7.77148476953604e-03	-6.04076109412599e-04
7.11295688645348e-01	5.91942609501839e-03	-7.24194292095692e-04	7.41540861325334e-01	3.73379946281616e-03	-8.84058265126830e-04
7.71565941900865e-01	1.09137312491558e-03	-1.10336148560086e-03	8.01532529651405e-01	-2.19416592215527e-03	-1.41570732126395e-03
8.31641229622099e-01	-6.41758722231189e-03	-1.88232474144545e-03	8.62155053544637e-01	-1.20720437357021e-02	-2.62464174094990e-03
8.93441991082555e-01	-2.00425770552605e-02	-3.91252856348423e-03	9.26060318781019e-01	-3.20655724152306e-02	-6.45170026626785e-03
9.60953959490390e-01	-5.23858765333438e-02	-1.21637868582165e-02	1.00000000000000e+00	0.00000000000000e+00	0.00000000000000e+00
