116	1.55051577983262e+01	1.00000000000000e-03
0.00000000000000e+00	2.70854055468683e-03	1.26186343630819e-05	1.01727549442190e-02	2.73888022028979e-03	1.03490988970778e-05
2.02899607878467e-02	2.76226528131385e-03	8.66215058381581e-06	3.03514443137733e-02	2.78050866874524e-03	7.36607813378587e-06
4.03571436881185e-02	2.79479357201462e-03	6.32830651048355e-06	5.03070814900772e-02	2.80590669693803e-03	5.46879337004480e-06
6.02013468699753e-02	2.81439439247178e-03	4.73689324687054e-06	7.00400830909727e-02	2.82065035601453e-03	4.09921401589575e-06
7.98234784804812e-02	2.82496726526027e-03	3.53292589205800e-06	8.95517596355749e-02	2.82756849210619e-03	3.02189996559399e-06
9.92251861757301e-02	2.82862829938990e-03	2.55440261498485e-06	1.08844046593883e-01	2.82828511108280e-03	2.12168327240470e-06
1.18408654910590e-01	2.82665053217668e-03	1.71706293883300e-06	1.27919347930943e-01	2.82381565039402e-03	1.33531756729699e-06
1.37376482964515e-01	2.81985546515706e-03	9.72309132540872e-07	1.46780435908806e-01	2.81483219000389e-03	6.24676022908943e-07
1.56131599622951e-01	2.80879764531683e-03	2.89655919250009e-07	1.65430382537633e-01	2.80179508061673e-03	-3.50538467142059e-08
1.74677207459856e-01	2.79386059387843e-03	-3.51414307209197e-07	1.83872510540775e-01	2.78502419316129e-03	-6.61106115851240e-07
1.93016740381891e-01	2.77531065222991e-03	-9.65593203616777e-07	2.02110357259869e-01	2.76474018656270e-03	-1.26616764206666e-06
2.11153832454328e-01	2.75332898862590e-03	-1.56398472683783e-06	2.20147647665876e-01	2.74108965453057e-03	-1.86008783886749e-06
2.29092294514126e-01	2.72803153357648e-03	-2.15543326365086e-06	2.37988274107213e-01	2.71416100791422e-03	-2.45090667383430e-06
2.46836096675868e-01	2.69948170926360e-03	-2.74733549354700e-06	2.55636281266330e-01	2.68399470625291e-03	-3.04550386664992e-06
2.64389355487326e-01	2.66769864423400e-03	-3.34616312147595e-06	2.73095855307227e-01	2.65058985852828e-03	-3.65004209190722e-06
2.81756324898136e-01	2.63266244164861e-03	-3.95784400852861e-06	2.90371316524365e-01	2.61390832133768e-03	-4.27026581673040e-06
2.98941390473051e-01	2.59431730293969e-03	-4.58800654734581e-06	3.07467115025313e-01	2.57387705025858e-03	-4.91174697780927e-06
3.15949066466775e-01	2.55257315595347e-03	-5.24219986064445e-06	3.24387829136253e-01	2.53038904838476e-03	-5.58006098971831e-06
3.32783995512416e-01	2.50730603792526e-03	-5.92606405325213e-06	3.41138166337696e-01	2.48330322602630e-03	-6.28095290666764e-06
3.49450950779786e-01	2.45835745207357e-03	-6.64548846174284e-06	3.57722966630854e-01	2.43244325409120e-03	-7.02047499467895e-06
3.65954840544915e-01	2.40553275481492e-03	-7.40674524180029e-06	3.74147208314354e-01	2.37759555878680e-03	-7.80516344156545e-06
3.82300715186564e-01	2.34859865340198e-03	-8.21664187000692e-06	3.90416016222015e-01	2.31850627609531e-03	-8.64214390983165e-06
3.98493776695410e-01	2.28727975934384e-03	-9.08268565713577e-06	4.06534672541868e-01	2.25487736690733e-03	-9.53934264047440e-06
4.14539390850321e-01	2.22125410856711e-03	-1.00132573490619e-05	4.22508630406725e-01	2.18636153780261e-03	-1.05056463828301e-05
4.30443102289967e-01	2.15014751943055e-03	-1.10178074601563e-05	4.38343530523823e-01	2.11255598234783e-03	-1.15511295635251e-05
4.46210652788656e-01	2.07352663699312e-03	-1.21071011907059e-05	4.54045221197093e-01	2.03299466903561e-03	-1.26873218846413e-05
4.61848003138377e-01	1.99089038553302e-03	-1.32935052814531e-05	4.69619782196711e-01	1.94713884667985e-03	-1.39274977313253e-05
4.77361359149456e-01	1.90165945965748e-03	-1.45913002962406e-05	4.85073553051800e-01	1.85436552125462e-03	-1.52870865290922e-05
4.92757202415328e-01	1.80516363711503e-03	-1.60171752365823e-05	5.00413166488974e-01	1.75395323595429e-03	-1.67841026286197e-05
5.08042326651267e-01	1.70062595849552e-03	-1.75906578139262e-05	5.15645587924465e-01	1.64506479554083e-03	-1.84397985760754e-05
5.23223880622718e-01	1.58714353784206e-03	-1.93348309251995e-05	5.30778162146447e-01	1.52672572183143e-03	-2.02793170234195e-05
5.38309418938769e-01	1.46366373835449e-03	-2.12771603680384e-05	5.45818668620016e-01	1.39779778662286e-03	-2.23326707788907e-05
5.53306962319269e-01	1.32895453734605e-03	-2.34505273908336e-05	5.60775387224665e-01	1.25694592943026e-03	-2.46359332194412e-05
5.68225069375917e-01	1.18156750753751e-03	-2.58945882753991e-05	5.75657176727244e-01	1.10259673298629e-03	-2.72327776538184e-05
5.83072922511575e-01	1.01979116925088e-03	-2.86575360988195e-05	5.90473568941435e-01	9.32885937064531e-04	-3.01765109274044e-05
5.97860431288534e-01	8.41591722394064e-04	-3.17983966424684e-05	6.05234882386782e-01	7.45591416629887e-04	-3.35327113010209e-05
6.12598357615090e-01	6.44537185519933e-04	-3.53901356811015e-05	6.19952360420069e-01	5.38046850978802e-04	-3.73827260207182e-05
6.27298468451020e-01	4.25699203308261e-04	-3.95238076045246e-05	6.34638340391879e-01	3.07029616873677e-04	-4.18285163441556e-05
6.41973723584976e-01	1.81524302807823e-04	-4.43139746595378e-05	6.49306462561474e-01	4.86134152097861e-05	-4.69993360605603e-05
6.56638508612210e-01	-9.23359396513002e-05	-4.99065153485301e-05	6.63971930553143e-01	-2.42028653608450e-04	-5.30605110617977e-05
6.71308926872130e-01	-4.01252382168593e-04	-5.64895976271629e-05	6.78651839477350e-01	-5.70888888588472e-04	-6.02264151363663e-05
6.86003169306065e-01	-7.51928477971786e-04	-6.43085667542120e-05	6.93365594109174e-01	-9.45487484236396e-04	-6.87790803688415e-05
7.00741988789572e-01	-1.15282709483910e-03	-7.36882805412176e-05	7.08135448745592e-01	-1.37537807752863e-03	-7.90945794550968e-05
7.15549316778589e-01	-1.61476963955021e-03	-8.50660105817802e-05	7.22987214240920e-01	-1.87286263463438e-03	-9.16832132331624e-05
7.30453077254267e-01	-2.15179394112341e-03	-9.90404207528162e-05	7.37951199040413e-01	-2.45402470578115e-03	-1.07250698438310e-04
7.45486279638841e-01	-2.78240674781305e-03	-1.16447767322558e-04	7.53063484644719e-01	-3.14025677118646e-03	-1.26793678905335e-04
7.60688514997308e-01	-3.53145708550673e-03	-1.38483097748221e-04	7.68367690451354e-01	-3.96057464023858e-03	-1.51753880390348e-04
7.76108050082414e-01	-4.43301609484203e-03	-1.66897916795250e-04	7.83917474214298e-01	-4.95522545098614e-03	-1.84275730788608e-04
7.91804833522746e-01	-5.53493685828199e-03	-2.04337293466583e-04	7.99780172957374e-01	-6.18150487946267e-03	-2.27649371737693e-04
8.07854940768504e-01	-6.90633926653250e-03	-2.54932887431947e-04	8.16042276654682e-01	-7.72348349743990e-03	-2.87114998673177e-04
8.24357378405484e-01	-8.65039690861713e-03	-3.25401039891871e-04	8.32817974252279e-01	-9.70901730130602e-03	-3.71381757466871e-04
8.41444939775744e-01	-1.09272482216078e-02	-4.27180099306534e-04	8.50263115978046e-01	-1.23410404848756e-02	-4.95678506353903e-04
8.59302412575244e-01	-1.39973955482522e-02	-5.80848690358016e-04	8.68599324460390e-01	-1.59587479263859e-02	-6.88261959711278e-04
8.78199060951969e-01	-1.83095121070415e-02	-8.25877799328412e-04	8.88158608505052e-01	-2.11660816799726e-02	-1.00527984316656e-03
8.98551258892181e-01	-2.46924502338367e-02	-1.24364231913776e-03	9.09473518168376e-01	-2.91252231846386e-02	-1.56687478080797e-03
9.21056037893075e-01	-3.48146897963826e-02	-2.01471438715006e-03	9.33481656866218e-01	-4.22939310160798e-02	-2.64998893531931e-03
9.47016712388983e-01	-5.23969699758731e-02	-3.58773721451655e-03	9.62068964768186e-01	-6.64363603624898e-02	-5.22822836303583e-03
9.79306409662664e-01	-8.25688999083262e-02	-1.54513191197436e-02	1.00000000000000e+00	0.00000000000000e+00	0.00000000000000e+00
62	1.55051577983262e+01	7.16428571428571e-02
0.00000000000000e+00	5.14963629715870e-03	4.02296466374130e-05	1.92566067725524e-02	5.24206240284741e-03	2.85462076689003e-05
3.83125830511968e-02	5.29933785742165e-03	2.12927810009367e-05	5.71677866260850e-02	5.33464190175692e-03	1.61720688515166e-05
7.58229797532847e-02	5.35441765420064e-03	1.22184161577277e-05	9.42795339933846e-02	5.36225062073370e-03	8.96669881977896e-06
1.12539266054307e-01	5.36033438239103e-03	6.16566242761518e-06	1.30604336050819e-01	5.35010346356157e-03	3.66646964289341e-06
1.48477179452881e-01	5.33253910965026e-03	1.37401862343456e-06	1.66160459063393e-01	5.30833098536143e-03	-7.76471213326246e-07
1.83657029856277e-01	5.27796906481481e-03	-2.83164783754231e-06	2.00969912602734e-01	5.24179895995514e-03	-4.82684194125227e-06
2.18102273821170e-01	5.20005668634060e-03	-6.79008014747851e-06	2.35057410483097e-01	5.15289125559004e-03	-8.74460510913444e-06
2.51838738437779e-01	5.10037959768761e-03	-1.07105143736241e-05	2.68449783850191e-01	5.04253646217645e-03	-1.27058899206389e-05
2.84894177163656e-01	4.97932086156960e-03	-1.47476196010743e-05	3.01175649247055e-01	4.91063997508578e-03	-1.68520044954157e-05
3.17298029492943e-01	4.83635117077763e-03	-1.90352673914429e-05	3.33265245712085e-01	4.75626246214067e-03	-2.13139769633663e-05
3.49081325732795e-01	4.67013164290475e-03	-2.37054371450274e-05	3.64750400665195e-01	4.57766419927452e-03	-2.62280565519468e-05
3.80276709836308e-01	4.47851007434519e-03	-2.89017423666937e-05	3.95664607444227e-01	4.37225919935336e-03	-3.17482982443718e-05
4.10918571022027e-01	4.25843577390417e-03	-3.47918859520124e-05	4.26043211845474e-01	4.13649108590763e-03	-3.80595235105474e-05
4.41043287466579e-01	4.00579475081475e-03	-4.15816910974698e-05	4.55923716608257e-01	3.86562403913460e-03	-4.53930271897551e-05
4.70689596717876e-01	3.71515096697062e-03	-4.95331586294334e-05	4.85346224551129e-01	3.55342673657510e-03	-5.40477232831016e-05
4.99899120246441e-01	3.37936290856056e-03	-5.89896015197322e-05	5.14354055459245e-01	3.19170854975570e-03	-6.44204005095794e-05
5.28717086260501e-01	2.98902258962830e-03	-7.04123807917512e-05	5.42994591671854e-01	2.76963994045887e-03	-7.70507752052563e-05
5.57193318924504e-01	2.53162995296052e-03	-8.44367285628422e-05	5.71320436800800e-01	2.27274522862353e-03	-9.26910883132237e-05
5.85383598768397e-01	1.99035793937585e-03	-1.01959198449464e-04	5.99391018074443e-01	1.68138019215980e-03	-1.12417120735842e-04
6.13351557566937e-01	1.34216362698281e-03	-1.24279760252977e-04	6.27274837807367e-01	9.68371753326869e-04	-1.37811584317360e-04
6.41171368108415e-01	5.54816127377400e-04	-1.53340921032141e-04	6.55052706583540e-01	9.52440229131657e-05	-1.71279263566415e-04
6.68931657294320e-01	-4.17939773504350e-04	-1.92147669332954e-04	6.82822515370005e-01	-9.94041773372034e-04	-2.16613404771193e-04
6.96741374921970e-01	-1.64457510327132e-03	-2.45541580524478e-04	7.10706520259045e-01	-2.38393423415806e-03	-2.80069140466521e-04
7.24738929238109e-01	-3.23032850663596e-03	-3.21712917471073e-04	7.38862930033092e-01	-4.20709612840497e-03	-3.72530769800594e-04
7.53107071626754e-01	-5.34458966502382e-03	-4.35367327084268e-04	7.67505298114899e-01	-6.68294006320991e-03	-5.14238533092737e-04
7.82098564850644e-01	-8.27620513910021e-03	-6.14952266342339e-04	7.96937114034236e-01	-1.01987723416600e-02	-7.46139486855757e-04
8.12083764254742e-01	-1.25555420078115e-02	-9.21038106275418e-04	8.27618813653293e-01	-1.54987138792165e-02	-1.16070599259266e-03
8.43647616776259e-01	-1.92566019599818e-02	-1.50010018030167e-03	8.60312808749634e-01	-2.41855083991716e-02	-2.00022061914340e-03
8.77815086653919e-01	-3.08684432001338e-02	-2.77390643003161e-03	8.96450900714478e-01	-4.03158040082593e-02	-4.04427303387656e-03
9.16686646705973e-01	-5.44065175831372e-02	-6.28532021914707e-03	9.39321083983453e-01	-7.69372706021025e-02	-1.05965923436813e-02
9.65895638118487e-01	-1.15532426351231e-01	-2.14549822994614e-02	1.00000000000000e+00	0.00000000000000e+00	0.00000000000000e+00
52	1.55051577983262e+01	1.42285714285714e-01
0.00000000000000e+00	6.22069005886183e-03	5.40222804018553e-05	2.31907190518427e-02	6.34112747895377e-03	3.62931216078000e-05
4.60895499054310e-02	6.40847362510499e-03	2.57817780039415e-05	6.86969829096988e-02	6.44408295671406e-03	1.84538470138218e-05
9.10150732582872e-02	6.45758692000664e-03	1.27782671622834e-05	1.13046895099657e-01	6.45409643974726e-03	8.05789916880073e-06
1.34796252034329e-01	6.43663444728104e-03	3.92700753915065e-06	1.56267502639237e-01	6.40711573255348e-03	1.71189276199080e-07
1.77465446196193e-01	6.36679945254293e-03	-3.34714811112136e-06	1.98395243777880e-01	6.31652107772163e-03	-6.72340638030455e-06
2.19062362030677e-01	6.25682096285529e-03	-1.00284789799066e-05	2.39472532602820e-01	6.18801970212091e-03	-1.33185343211828e-05
2.59631723020295e-01	6.11026385521463e-03	-1.66408511872440e-05	2.79546116390131e-01	6.02355389279707e-03	-2.00375224537197e-05
2.99222098247864e-01	5.92776079165480e-03	-2.35480037595881e-05	3.18666249459065e-01	5.82263478510181e-03	-2.72109865857573e-05
3.37885344486120e-01	5.70780832738871e-03	-3.10659209028508e-05	3.56886354620719e-01	5.58279433469755e-03	-3.51543379939478e-05
3.75676456008124e-01	5.44698030023416e-03	-3.95211308505949e-05	3.94263042478903e-01	5.29961842375992e-03	-4.42158776792212e-05
4.12653743378228e-01	5.13981158536647e-03	-4.92942788035133e-05	4.30856446756498e-01	4.96649480292022e-03	-5.48198299590297e-05
4.48879328470066e-01	4.77841140711632e-03	-6.08657812011248e-05	4.66730887951276e-01	4.57408299428752e-03	-6.75175390654204e-05
4.84419991655036e-01	4.35177173529211e-03	-7.48756333088796e-05	5.01955925493252e-01	4.10943320761703e-03	-8.30594610388147e-05
5.19348457949231e-01	3.84465714941218e-03	-9.22120005268923e-05	5.36607916051988e-01	3.55459298658278e-03	-1.02505980732248e-04
5.53745277022363e-01	3.23585535346615e-03	-1.14151833631171e-04	5.70772279239224e-01	2.88440359407449e-03	-1.27408215154778e-04
5.87701557289174e-01	2.49538672132554e-03	-1.42596045669574e-04	6.04546807375292e-01	2.06294201320434e-03	-1.60117470239918e-04
6.21322991437156e-01	1.57993064126183e-03	-1.80481834594737e-04	6.38046591227907e-01	1.03758654444830e-03	-2.04341779809880e-04
6.54735927689244e-01	4.25043899650257e-04	-2.32544119016964e-04	6.71411566858618e-01	-2.71307478676985e-04	-2.66203102770035e-04
6.88096842176447e-01	-1.06871593927604e-03	-3.06807617047156e-04	7.04818535974087e-01	-1.98932924554618e-03	-3.56381395169469e-04
7.21607782661819e-01	-3.06200854689498e-03	-4.17728801415995e-04	7.38501287063451e-01	-4.32499584470492e-03	-4.94821420648162e-04
7.55543001187023e-01	-5.82993403044441e-03	-5.93424983532209e-04	7.72786485602522e-01	-7.64809629549212e-03	-7.22152103163509e-04
7.90298324475890e-01	-9.88035384798769e-03	-8.94300283432736e-04	8.08163220072468e-01	-1.26737205315657e-02	-1.13121343080280e-03
8.26491876816815e-01	-1.62500210955969e-02	-1.46876360506498e-03	8.45433752226463e-01	-2.09581254570710e-02	-1.97066685297620e-03
8.65198820965950e-01	-2.73750038346697e-02	-2.75793955873960e-03	8.86097311219995e-01	-3.65158540882062e-02	-4.07996999874860e-03
9.08618805901259e-01	-5.03114909479384e-02	-6.50334847259537e-03	9.33608845816053e-01	-7.28199620633340e-02	-1.14629928414642e-02
9.62731028132911e-01	-1.14266284259499e-01	-2.26255932902422e-02	1.00000000000000e+00	0.00000000000000e+00	0.00000000000000e+00
47	1.55051577983262e+01	2.12928571428571e-01
0.00000000000000e+00	6.97043620021942e-03	6.28881077446852e-05	2.59125946288003e-02	7.10666646442759e-03	4.07647591343929e-05
5.14599939661688e-02	7.17683989098150e-03	2.79500405073740e-05	7.66436141346447e-02	7.20842695589330e-03	1.90432256718109e-05
1.01466980526889e-01	7.21327309747388e-03	1.21052288986068e-05	1.25934964390455e-01	7.19750250955697e-03	6.27707520384213e-06
1.50053388153678e-01	7.16466347485889e-03	1.11299783378538e-06	1.73828791234052e-01	7.11695040795202e-03	-3.64858731294326e-06
1.97268278808901e-01	7.05575558640970e-03	-8.17744975445400e-06	2.20379419222396e-01	6.98194728959756e-03	-1.25938533737102e-05
2.43170172778119e-01	6.89602137539480e-03	-1.69900706055159e-05	2.65648842410337e-01	6.79818794804321e-03	-2.14423519109275e-05
2.87824040645815e-01	6.68842165523920e-03	-2.60181928903869e-05	3.09704669440281e-01	6.56648975763630e-03	-3.07811308835060e-05
3.31299910780380e-01	6.43196544350655e-03	-3.57942547752899e-05	3.52619226791754e-01	6.28423030005809e-03	-4.11230388162043e-05
3.73672368695687e-01	6.12246798884608e-03	-4.68379096083549e-05	3.94469394423353e-01	5.94564992365609e-03	-5.30167984453822e-05
4.15020695098012e-01	5.75251297780155e-03	-5.97479188844119e-05	4.35337030976911e-01	5.54152846234102e-03	-6.71329311516811e-05
4.55429577843947e-01	5.31086113513934e-03	-7.52907864065566e-05	4.75309985293141e-01	5.05831605329687e-03	-8.43624497497419e-05
4.94990448880977e-01	4.78127039501586e-03	-9.45169121133738e-05	5.14483798794272e-01	4.47658604031442e-03	-1.05958911019055e-04
5.33803608540593e-01	4.14049736416855e-03	-1.18939118780581e-04	5.52964328297973e-01	3.76846611449011e-03	-1.33767584403754e-04
5.71981449078507e-01	3.35499256924621e-03	-1.50831919943473e-04	5.90871705927979e-01	2.89336728611467e-03	-1.70622131788534e-04
6.09653331253993e-01	2.37534119639049e-03	-1.93765064134155e-04	6.28346373421995e-01	1.79068178323072e-03	-2.21073004482042e-04
6.46973101564924e-01	1.12656754894847e-03	-2.53613425986954e-04	6.65558526040589e-01	3.66748767529179e-04	-2.92810914847230e-04
6.84131076631553e-01	-5.09635236566552e-04	-3.40599888573934e-04	7.02723499884311e-01	-1.52975701579172e-03	-3.99657879596171e-04
7.21374067168651e-01	-2.72959906923376e-03	-4.73772960386754e-04	7.40128233526403e-01	-4.15771542319243e-03	-5.68439228030293e-04
7.59040967800272e-01	-5.88105580009735e-03	-6.91856391312307e-04	7.78180112742350e-01	-7.99427578771539e-03	-8.56676786220589e-04
7.97631381353360e-01	-1.06351805833391e-02	-1.08320395142503e-03	8.17506061021440e-01	-1.40114712220262e-02	-1.40557994226054e-03
8.37953423017313e-01	-1.84494807115119e-02	-1.88456351236899e-03	8.59181808543141e-01	-2.44885394054964e-02	-2.63608014416139e-03
8.81496938581635e-01	-3.30776040502208e-02	-3.90140035146413e-03	9.05377788641310e-01	-4.60237446295362e-02	-6.24045858422884e-03
9.31645231828880e-01	-6.71403348974406e-02	-1.11348669030458e-02	9.61902590983521e-01	-1.06538139109130e-01	-2.22106509171429e-02
1.00000000000000e+00	0.00000000000000e+00	0.00000000000000e+00
44	1.55051577983262e+01	2.83571428571429e-01
0.00000000000000e+00	7.53948057768994e-03	6.84449954665434e-05	2.79521047434902e-02	7.68347002284786e-03	4.32467975171047e-05
5.54785696854538e-02	7.75237735234735e-03	2.88358608113715e-05	8.25818981350126e-02	7.77799890197317e-03	1.88169615772393e-05
1.09267122872351e-01	7.77367246590743e-03	1.09691003113976e-05	1.35540867544821e-01	7.74618291494933e-03	4.32306748077149e-06
1.61410868866112e-01	7.69940492893495e-03	-1.62210854215417e-06	1.86885695991217e-01	7.63568869093079e-03	-7.16165113923140e-06
2.11974571275003e-01	7.55647728130460e-03	-1.24894442341539e-05	2.36687250540054e-01	7.46261452654440e-03	-1.77455654544190e-05
2.61033941973728e-01	7.35451043085966e-03	-2.30404815029228e-05	2.85025252232230e-01	7.23223345382973e-03	-2.84686418492441e-05
3.08672153114567e-01	7.09556136634104e-03	-3.41169162145771e-05	3.31985964839167e-01	6.94400623920322e-03	-4.00704164205123e-05
3.54978353587473e-01	6.77682146963532e-03	-4.64170026648336e-05	3.77661342072473e-01	6.59299483680198e-03	-5.32512501119076e-05
4.00047332701779e-01	6.39122923244684e-03	-6.06783603736005e-05	4.22149143580059e-01	6.16991116537946e-03	-6.88183758055239e-05
4.43980058226796e-01	5.92706605489424e-03	-7.78111031001227e-05	4.65553890541293e-01	5.66029801865087e-03	-8.78220787030592e-05
4.86885067292886e-01	5.36671079898388e-03	-9.90501339868111e-05	5.07988731316775e-01	5.04280463428008e-03	-1.11737112892252e-04
5.28880869743097e-01	4.68434205318435e-03	-1.26180725133374e-04	5.49578473090077e-01	4.28617236460904e-03	-1.42751730899837e-04
5.70099733077608e-01	3.84200062564100e-03	-1.61917384605248e-04	5.90464289800626e-01	3.34408034246358e-03	-1.84273754657349e-04
6.10693542804680e-01	2.78280045603241e-03	-2.10591328749121e-04	6.30811046174975e-01	2.14612227467792e-03	-2.41880141109041e-04
6.50843015862300e-01	1.41880063884248e-03	-2.79484904247340e-04	6.70818989514961e-01	5.81288012633241e-04	-3.25226812798007e-04
6.90772697385800e-01	-3.91837187085020e-04	-3.81620026092433e-04	7.10743231367332e-01	-1.53417338580919e-03	-4.52211107496270e-04
7.30776644775406e-01	-2.89095265937012e-03	-5.42127589045149e-04	7.50928190686296e-01	-4.52437486438306e-03	-6.58995698840315e-04
7.71265535132687e-01	-6.52210317851709e-03	-8.14537866387521e-04	7.91873510197645e-01	-9.01129666234213e-03	-1.02748680937514e-03
8.12861398937239e-01	-1.21828004187499e-02	-1.32919951826338e-03	8.34374586746452e-01	-1.63349951841865e-02	-1.77520954387567e-03
8.56614193113994e-01	-2.19582107025705e-02	-2.47097383717310e-03	8.79872378620889e-01	-2.99094977890908e-02	-3.63518698285414e-03
9.04601407292397e-01	-4.18083330451691e-02	-5.77566644264293e-03	9.31564796171163e-01	-6.10396150624827e-02	-1.02546511147543e-02
9.62224700103571e-01	-9.65704402540351e-02	-2.05212576871492e-02	1.00000000000000e+00	0.00000000000000e+00	0.00000000000000e+00
41	1.55051577983262e+01	3.54214285714286e-01
0.00000000000000e+00	8.19736304141805e-03	7.49136591640109e-05	3.03023663895947e-02	8.34959478722996e-03	4.59736623051876e-05
6.01036694981893e-02	8.41579977679363e-03	2.96354982792790e-05	8.94080102188030e-02	8.43307905129353e-03	1.82602283537170e-05
1.18222553012323e-01	8.41653919735985e-03	9.28676832701036e-06	1.46556357705417e-01	8.37372933843772e-03	1.61357921235616e-06
1.74419794659153e-01	8.30888590317458e-03	-5.32760996252435e-06	2.01824205350560e-01	8.22451225900678e-03	-1.18743128489918e-05
2.28781688616448e-01	8.12207267921683e-03	-1.82520438123390e-05	2.55304960887373e-01	8.00233378464532e-03	-2.46281695457373e-05
2.81407264864400e-01	7.86554430695086e-03	-3.11394646730356e-05	3.07102312801915e-01	7.71153133054403e-03	-3.79078995100812e-05
3.32404256502048e-01	7.53974828660220e-03	-4.50508078460032e-05	3.57327679484654e-01	7.34929167133780e-03	-5.26883740588069e-05
3.81887608904284e-01	7.13889461111217e-03	-6.09499595622953e-05	4.06099546267699e-01	6.90690076413469e-03	-6.99802356105561e-05
4.29979517187944e-01	6.65121910147692e-03	-7.99458262688013e-05	4.53544141490310e-01	6.36925788071130e-03	-9.10430867337997e-05
4.76810726101588e-01	6.05783416648142e-03	-1.03507768406841e-04	4.99797384429999e-01	5.71305280242673e-03	-1.17627412147936e-04
5.22523187515950e-01	5.33014599115100e-03	-1.33757752670549e-04	5.45008354271501e-01	4.90326050352907e-03	-1.52344866232834e-04
5.67274490868038e-01	4.42517369151485e-03	-1.73955571117990e-04	5.89344893123133e-01	3.88691123029505e-03	-1.99320090707111e-04
6.11244931101844e-01	3.27722614135206e-03	-2.29392840028764e-04	6.33002542910412e-01	2.58187886523875e-03	-2.65440902669667e-04
6.54648876130445e-01	1.78262588983968e-03	-3.09175477602119e-04	6.76219132685487e-01	8.55772704449143e-04	-3.62952072789691e-04
6.97753699801881e-01	-2.29941167092518e-04	-4.30083163011297e-04	7.19299692512058e-01	-1.51650718194085e-03	-5.15341869457675e-04
7.40913103371211e-01	-3.06151496523710e-03	-6.25801344876775e-04	7.62661874400531e-01	-4.94587422646198e-03	-7.72289848039787e-04
7.84630417340015e-01	-7.28651385470158e-03	-9.72033291299912e-04	8.06926499357796e-01	-1.02581651777963e-02	-1.25372280835157e-03
8.29692176894113e-01	-1.41326308236351e-02	-1.66789280033974e-03	8.53122061170904e-01	-1.93539049534437e-02	-2.30995399211520e-03
8.77495828997089e-01	-2.66926044429001e-02	-3.37669072805080e-03	9.03241007549176e-01	-3.75926989357517e-02	-5.32366528970485e-03
9.31068195243103e-01	-5.50400029755820e-02	-9.38111023567090e-03	9.62310633487867e-01	-8.68397335927780e-02	-1.88239991318953e-02
1.00000000000000e+00	0.00000000000000e+00	0.00000000000000e+00
38	1.55051577983262e+01	4.24857142857143e-01
0.00000000000000e+00	8.96457351112490e-03	8.25729346453086e-05	3.30344126876243e-02	9.12559505597343e-03	4.89975544328836e-05
6.54723298909616e-02	9.18708527229117e-03	3.02883698594103e-05	9.73202191733896e-02	9.19275991625634e-03	1.72237826657762e-05
1.28588301306646e-01	9.15985113877493e-03	6.82565532361679e-06	1.59289075274062e-01	9.09679971070609e-03	-2.16973978495183e-06
1.89436593289670e-01	9.00823876867007e-03	-1.04150585715779e-05	2.19046046067541e-01	8.89680632724366e-03	-1.83030179941035e-05
2.48133506557718e-01	8.76392923412905e-03	-2.61026237533546e-05	2.76715767519113e-01	8.61020207169960e-03	-3.40209233455901e-05
3.04810241294836e-01	8.43558020361357e-03	-4.22350323232568e-05	3.32434904912191e-01	8.23947544819781e-03	-5.09111142823482e-05
3.59608281180750e-01	8.02079356921581e-03	-6.02174222557039e-05	3.86349450829303e-01	7.77793152628314e-03	-7.03348237067747e-05
4.12678093592280e-01	7.50874208324293e-03	-8.14667695359095e-05	4.38614558330986e-01	7.21046737522801e-03	-9.38500582796653e-05
4.64179964199079e-01	6.87963882768128e-03	-1.07767619146992e-04	4.89396336832031e-01	6.51193692321783e-03	-1.23564646971497e-04
5.14286785812847e-01	6.10200004968386e-03	-1.41669875257433e-04	5.38875732518162e-01	5.64316584865399e-03	-1.62624400882772e-04
5.63189201242330e-01	5.12712054401288e-03	-1.87121722855510e-04	5.87255191747158e-01	4.54341970741678e-03	-2.16064549505957e-04
6.11104158878693e-01	3.87882549304042e-03	-2.50647094429457e-04	6.34769635872367e-01	3.11637625750238e-03	-2.92476923390739e-04
6.58289054461320e-01	2.23405744401051e-03	-3.43759817522882e-04	6.81704840317246e-01	1.20286362321020e-03	-4.07587617301308e-04
7.05065902607653e-01	-1.60935635504789e-05	-4.88400122277133e-04	7.28429702171764e-01	-1.47601824624866e-03	-5.92751655232426e-04
7.51865193856657e-01	-3.25143534970007e-03	-7.30634746427983e-04	7.75457133670998e-01	-5.44966187918239e-03	-9.17871705953255e-04
7.99312600323409e-01	-8.23038458502923e-03	-1.18067858539117e-03	8.23571277409709e-01	-1.18407532630722e-02	-1.56496058240752e-03
8.48422485388999e-01	-1.66820787623740e-02	-2.15682840180520e-03	8.74135187135062e-01	-2.34459237015293e-02	-3.13268447761339e-03
9.01115202827424e-01	-3.34169620535917e-02	-4.89851757152437e-03	9.30026466024176e-01	-4.92223761739686e-02	-8.55057326518338e-03
9.62089238933458e-01	-7.76199828874388e-02	-1.71046811819178e-02	1.00000000000000e+00	0.00000000000000e+00	0.00000000000000e+00
35	1.55051577983262e+01	4.95500000000000e-01
0.00000000000000e+00	9.86908482664173e-03	9.18046864110122e-05	3.62448721839946e-02	1.00394555625536e-02	5.23712981672642e-05
7.17704611992134e-02	1.00933062804355e-02	3.06821174126393e-05	1.06586792013067e-01	1.00827544392456e-02	1.54622670692772e-05
1.40708549008191e-01	1.00276239749120e-02	3.21241992740084e-06	1.74153181886522e-01	9.93740213365002e-03	-7.53497323513486e-06
2.06939993767932e-01	9.81714442146919e-03	-1.75421630501660e-05	2.39089629010962e-01	9.66957049749606e-03	-2.72774139149501e-05
2.70623765172565e-01	9.49595414605664e-03	-3.70731255896484e-05	3.01564926987015e-01	9.29654208376918e-03	-4.71979565928038e-05
3.31936382703975e-01	9.07075503846100e-03	-5.78952903109720e-05	3.61762102159475e-01	8.81727146784139e-03	-6.94074649021381e-05
3.91066765871303e-01	8.53403675461784e-03	-8.19941790799472e-05	4.19875820434197e-01	8.21821545220258e-03	-9.59493649990151e-05
4.48215579736689e-01	7.86609109008340e-03	-1.11619346320868e-04	4.76113375126152e-01	7.47290932918721e-03	-1.29424685479052e-04
5.03597761291552e-01	7.03265263163222e-03	-1.49888420412303e-04	5.30698788872335e-01	6.53772598117763e-03	-1.73674325849138e-04
5.57448360244984e-01	5.97852137826171e-03	-2.01640415876891e-04	5.83880692399779e-01	5.34281180789598e-03	-2.34915866810459e-04
6.10032921509327e-01	4.61489849562002e-03	-2.75014264978779e-04	6.35945899640933e-01	3.77439262649149e-03	-3.24004676796052e-04
6.61665258278098e-01	2.79444135452822e-03	-3.84776988324509e-04	6.87242851414660e-01	1.63908640313770e-03	-4.61466058163440e-04
7.12738752814239e-01	2.59227426978370e-04	-5.60152829069072e-04	7.38224085875712e-01	-1.41373451266380e-03	-6.90069460658416e-04
7.63785145868027e-01	-3.47826217869773e-03	-8.65766714568839e-04	7.89529605461689e-01	-6.08028795894267e-03	-1.11122738563063e-03
8.15596232151525e-01	-9.44459581753732e-03	-1.46819614649885e-03	8.42170854354408e-01	-1.39340828977966e-02	-2.01444859278377e-03
8.69514213201147e-01	-2.01697716444739e-02	-2.90810709588385e-03	8.98014425059450e-01	-2.92955069787856e-02	-4.51024791328702e-03
9.28296444934906e-01	-4.36252693884488e-02	-7.79054243762789e-03	9.61485805429031e-01	-6.90172674215647e-02	-1.54529819969280e-02
1.00000000000000e+00	0.00000000000000e+00	0.00000000000000e+00
32	1.55051577983262e+01	5.66142857142857e-01
0.00000000000000e+00	1.09498756920411e-02	1.03149025150961e-04	4.00678808261338e-02	1.11300600819105e-02	5.61404987639014e-05
7.92552859737688e-02	1.11718725366784e-02	3.06107925337473e-05	1.17577700392489e-01	1.11383273930045e-02	1.25615038572002e-05
1.55056482796759e-01	1.10524582895180e-02	-2.17289326531755e-06	1.91716384296822e-01	1.09249814912686e-02	-1.53243495191191e-05
2.27584382221350e-01	1.07613692596897e-02	-2.78041093191295e-05	2.62689041124920e-01	1.05642950551788e-02	-4.01903624982491e-05
2.97060143926996e-01	1.03346469805188e-02	-5.29149366319537e-05	3.30728486950467e-01	1.00719833517435e-02	-6.63500951934015e-05
3.63725788614068e-01	9.77472527934453e-03	-8.08574732975575e-05	3.96084686904636e-01	9.44019939552954e-03	-9.68223129773627e-05
4.27838814469997e-01	9.06457495885582e-03	-1.14683533694260e-04	4.59022949109033e-01	8.64270774059461e-03	-1.34965848294977e-04
4.89673244618081e-01	8.16788394141943e-03	-1.58319026815956e-04	5.19827554074928e-01	7.63144135585159e-03	-1.85570126991053e-04
5.49525866015398e-01	7.02222637749617e-03	-2.17796635711087e-04	5.78810885017887e-01	6.32581980379698e-03	-2.56432815279206e-04
6.07728803937638e-01	5.52342439305620e-03	-3.03429008921219e-04	6.36330338541422e-01	4.59024251202411e-03	-3.61497503896580e-04
6.64672131816022e-01	3.49306185422837e-03	-4.34503724399127e-04	6.92818694003433e-01	2.18657328740712e-03	-5.28110265446857e-04
7.20845142462438e-01	6.07589139380971e-04	-6.50878985333891e-04	7.48841175544872e-01	-1.33435012336824e-03	-8.16243848779985e-04
7.76917023190913e-01	-3.77286101879848e-03	-1.04623560225026e-03	8.05212706478328e-01	-6.91288638561527e-03	-1.37898012815385e-03
8.33913137156272e-01	-1.10835685077738e-02	-1.88503690835784e-03	8.63274218286100e-01	-1.68445619031327e-02	-2.70674855704955e-03
8.93671454380781e-01	-2.52185220696511e-02	-4.16631502119280e-03	9.25699916983732e-01	-3.82535169661190e-02	-7.12146092967481e-03
9.60410495828085e-01	-6.10558944022137e-02	-1.39673260243067e-02	1.00000000000000e+00	0.00000000000000e+00	0.00000000000000e+00
29	1.55051577983262e+01	6.36785714285714e-01
0.00000000000000e+00	1.22627803458943e-02	1.17394512310076e-04	4.46947211906401e-02	1.24529175861050e-02	6.03209974998631e-05
8.82921526370350e-02	1.24758304265346e-02	2.96895014758602e-05	1.30816396078048e-01	1.24090121984017e-02	7.79394286776203e-06
1.72299090386303e-01	1.22795365931023e-02	-1.04071544926310e-05	2.12776082556936e-01	1.20995466373630e-02	-2.70034691627341e-05
2.52285908549404e-01	1.18748394706993e-02	-4.31217110186122e-05	2.90868990226578e-01	1.16077460680148e-02	-5.95134686571797e-05
3.28567202430902e-01	1.12982813431481e-02	-7.67816782543118e-05	3.65423670111377e-01	1.09446150462520e-02	-9.54908481825001e-05
4.01482731752624e-01	1.05432072826899e-02	-1.16236150637272e-04	4.36790040941537e-01	1.00887317288234e-02	-1.39700524227404e-04
4.71392798615038e-01	9.57382236202009e-03	-1.66714929703771e-04	5.05340123990917e-01	8.98863321838350e-03	-1.98333536079565e-04
5.38683587105753e-01	8.32016384243772e-03	-2.35937247173856e-04	5.71477943658171e-01	7.55126042253496e-03	-2.81384999036405e-04
6.03782137177761e-01	6.65914020731484e-03	-3.37244327829112e-04	6.35660669770254e-01	5.61318493481755e-03	-4.07155603689979e-04
6.67185499789871e-01	4.37157243973396e-03	-4.96428652883241e-04	6.98438718921308e-01	2.87599399802385e-03	-6.13059139207284e-04
7.29516423127136e-01	1.04309357389765e-03	-7.69539937493402e-04	7.60534483648659e-01	-1.24995910896020e-03	-9.86264442597751e-04
7.91637477743863e-01	-4.19094126464115e-03	-1.29834124045347e-03	8.23013155459737e-01	-8.08013984720612e-03	-1.77035193138497e-03
8.54917245936377e-01	-1.34253900885718e-02	-2.53164662885053e-03	8.87719199262554e-01	-2.11483468843322e-02	-3.87252991613840e-03
9.21995064015701e-01	-3.30787990656924e-02	-6.55831436535537e-03	9.58743283878430e-01	-5.37112609317694e-02	-1.27223199784776e-02
1.00000000000000e+00	0.00000000000000e+00	0.00000000000000e+00
26	1.55051577983262e+01	7.07428571428571e-01
0.00000000000000e+00	1.38905919203687e-02	1.35733131096272e-04	5.04074770179583e-02	1.40899864292827e-02	6.48397911695575e-05
9.94172303916823e-02	1.40828388271749e-02	2.71711907214867e-05	1.47067463030658e-01	1.39664370717576e-02	-1.86725224837758e-07
1.93406249420946e-01	1.37730206243172e-02	-2.34706685506847e-05	2.38486940210849e-01	1.35163175665887e-02	-4.52835295368104e-05
2.82366144182534e-01	1.32021276610315e-02	-6.70916273162181e-05	3.25102720887578e-01	1.28317400104354e-02	-8.99511944691955e-05
3.66757305009796e-01	1.24032064399546e-02	-1.14796764730141e-04	4.07392174699221e-01	1.19117459917777e-02	-1.42596547910934e-04
4.47071385606665e-01	1.13496747241275e-02	-1.74470082600298e-04	4.85861146882672e-01	1.07059733410646e-02	-2.11810114318922e-04
5.23830452139899e-01	9.96547815106741e-03	-2.56438607432852e-04	5.61052012508957e-01	9.10758795556954e-03	-3.10831484179541e-04
5.97603580267787e-01	8.10427013132675e-03	-3.78465282395268e-04	6.33569810817142e-01	6.91697966768490e-03	-4.64378689411182e-04
6.69044904572172e-01	5.49180733185106e-03	-5.76123239951709e-04	7.04136428688813e-01	3.75161395628099e-03	-7.25449809195755e-04
7.38971000775548e-01	1.58279606887834e-03	-9.31464149722450e-04	7.73703048170129e-01	-1.18801586459560e-03	-1.22691741718595e-03
8.08528920956827e-01	-4.83730308332597e-03	-1.67176169959804e-03	8.43710933399822e-01	-9.83086364191355e-03	-2.38538614838979e-03
8.79621339978509e-01	-1.70098296383250e-02	-3.63389004909109e-03	9.16830722114112e-01	-2.80332146300912e-02	-6.11295041633331e-03
9.56310586778480e-01	-4.69168488673900e-02	-1.17685960932987e-02	1.00000000000000e+00	0.00000000000000e+00	0.00000000000000e+00
24	1.55051577983262e+01	7.78071428571429e-01
0.00000000000000e+00	1.52648879680090e-02	1.48980501603169e-04	5.51721432563953e-02	1.54614892131963e-02	6.70443619232852e-05
1.08667972985773e-01	1.54205489072814e-02	2.36747197237541e-05	1.60541121160493e-01	1.52550078366958e-02	-8.26951103460871e-06
2.10856951933342e-01	1.50008816093721e-02	-3.59779034306840e-05	2.59686826778438e-01	1.46727986454807e-02	-6.24916980407342e-05
3.07105668446163e-01	1.42761047774436e-02	-8.96006658501758e-05	3.53190816078099e-01	1.38106477359323e-02	-1.18684378366263e-04
3.98021572218141e-01	1.32720710040024e-02	-1.51061487943860e-04	4.41679214685951e-01	1.26520516019948e-02	-1.88201088114237e-04
4.84247389812797e-01	1.19378909692840e-02	-2.31912367620657e-04	5.25812881026464e-01	1.11115224465914e-02	-2.84574263325066e-04
5.66466807366285e-01	1.01478101231940e-02	-3.49464952114298e-04	6.06306373599365e-01	9.01182684286916e-03	-4.31279596150080e-04
6.45437387719422e-01	7.65452013144086e-03	-5.36993830334787e-04	6.83977912497545e-01	6.00567608122859e-03	-6.77380341389977e-04
7.22063680236605e-01	3.96211752116304e-03	-8.69821014989114e-04	7.59856386855739e-01	1.36704380913510e-03	-1.14385911564341e-03
7.97556944854878e-01	-2.02810379450002e-03	-1.55302818201797e-03	8.35427825670737e-01	-6.63874517897545e-03	-2.20258896644276e-03
8.73833396943208e-01	-1.32072807177916e-02	-3.32326945532424e-03	9.13319629019183e-01	-2.31785991950436e-02	-5.50442936909823e-03
9.54792559874469e-01	-3.99877388043294e-02	-1.03311002616158e-02	1.00000000000000e+00	0.00000000000000e+00	0.00000000000000e+00
21	1.55051577983262e+01	8.48714285714286e-01
0.00000000000000e+00	1.77466620410299e-02	1.78461694819609e-04	6.37991035083933e-02	1.79440535298905e-02	7.11621251772154e-05
1.25354617445875e-01	1.78330195993635e-02	1.45469272758714e-05	1.84756340600477e-01	1.75619944977725e-02	-2.83952080031291e-05
2.42110012078105e-01	1.71748254956645e-02	-6.70882599485001e-05	2.97528904171797e-01	1.66872260162401e-02	-1.05704507819881e-04
3.51130510544674e-01	1.61021622538422e-02	-1.46981093800846e-04	4.03035242055715e-01	1.54142530115839e-02	-1.93359924785641e-04
4.53366256155667e-01	1.46107760239209e-02	-2.47543835166786e-04	5.02250128598509e-01	1.36709860036643e-02	-3.12954569329671e-04
5.49818324787471e-01	1.25640331657553e-02	-3.94298984892183e-04	5.96209600510492e-01	1.12451481477363e-02	-4.98437198260815e-04
6.41573652537173e-01	9.64916152970940e-03	-6.35865527968793e-04	6.86076625927039e-01	7.67945541572779e-03	-8.23440690324251e-04
7.29909589631745e-01	5.18850527700887e-03	-1.08973973795989e-03	7.73302072684659e-01	1.94189033641190e-03	-1.48646222897120e-03
8.16544825658888e-01	-2.45261361823457e-03	-2.11514492723430e-03	8.60030776414205e-01	-8.69614123650775e-03	-3.19815908411125e-03
9.04335648574589e-01	-1.81526689161775e-02	-5.30328792289980e-03	9.50397668054328e-01	-3.40222402352889e-02	-1.00036117015467e-02
1.00000000000000e+00	0.00000000000000e+00	0.00000000000000e+00
19	1.55051577983262e+01	9.19357142857143e-01
0.00000000000000e+00	1.99245617327010e-02	2.01631310437267e-04	7.12774147534453e-02	2.01047042776691e-02	7.21029798366191e-05
1.39752884205101e-01	1.99154201520181e-02	3.54655920442593e-06	2.05558444182264e-01	1.95354738801148e-02	-4.98174228642512e-05
2.68845407984590e-01	1.90144311143403e-02	-9.94490563879236e-05	3.29773394707368e-01	1.83675432034744e-02	-1.50713145006698e-04
3.88506342217676e-01	1.75936929884317e-02	-2.07519099806097e-04	4.45211314547414e-01	1.66799437911989e-02	-2.73798688398941e-04
5.00058979692419e-01	1.56016707431548e-02	-3.54392145619720e-04	5.53225461340269e-01	1.43200040430904e-02	-4.56002782210030e-04
6.04895676207919e-01	1.27763719876670e-02	-5.88640220068992e-04	6.55268638320389e-01	1.08826579410664e-02	-7.68169010634923e-04
7.04565740153738e-01	8.50360483568013e-03	-1.02124464180831e-03	7.53043977420942e-01	5.42422087461913e-03	-1.39570869776739e-03
8.01018053291773e-01	1.28580713553250e-03	-1.98470363578807e-03	8.48899794014697e-01	-4.54945445064292e-03	-2.98998562792807e-03
8.97274840818037e-01	-1.33128847318192e-02	-4.91889845309124e-03	9.47070991173344e-01	-2.78446258137325e-02	-9.16032689357604e-03
1.00000000000000e+00	0.00000000000000e+00	0.00000000000000e+00
18	1.55051577983262e+01	9.90000000000000e-01
0.00000000000000e+00	2.13034892663898e-02	2.11128527790039e-04	7.59169245441775e-02	2.14534903990085e-02	7.11988680421882e-05
1.48653600695646e-01	2.12066536639308e-02	-3.11109039419222e-06	2.18374238045789e-01	2.07556517058709e-02	-6.17137825507097e-05
2.85263260887097e-01	2.01522601139545e-02	-1.17059055277258e-04	3.49512939243976e-01	1.94109012933232e-02	-1.75166802979021e-04
4.11319131995075e-01	1.85276484987105e-02	-2.40665350631275e-04	4.70880302699799e-01	1.74846497527210e-02	-3.18473330356950e-04
5.28398548190588e-01	1.62495145402604e-02	-4.14933566013298e-04	5.84082367562734e-01	1.47712682415617e-02	-5.39187697020216e-04
6.38151430844537e-01	1.29721507152176e-02	-7.05424461347359e-04	6.90844154057731e-01	1.07326246844073e-02	-9.37099216896220e-04
7.42429755017498e-01	7.86365674292555e-03	-1.27563076921233e-03	7.93228160334443e-01	4.05291021581489e-03	-1.80012710175959e-03
8.43644892699993e-01	-1.24730667414163e-03	-2.67772613256567e-03	8.94237432302420e-01	-9.07498009420671e-03	-4.31417445343385e-03
9.45856473898676e-01	-2.17667388122900e-02	-7.75210311016572e-03	1.00000000000000e+00	0.00000000000000e+00	0.00000000000000e+00
