116	2.88614044143009e+02	1.00000000000000e-03
0.00000000000000e+00	6.66545075872338e-03	-7.07211719785938e-06	1.17787562784392e-02	6.60030858174632e-03	-7.15478085311361e-06
2.34030459035409e-02	6.53570690300675e-03	-7.28589391685297e-06	3.48763766844822e-02	6.47155341520045e-03	-7.42062731817761e-06
4.62021622262281e-02	6.40782335884471e-03	-7.55911479677351e-06	5.73837251422315e-02	6.34449205375098e-03	-7.70149608908532e-06
6.84243003948277e-02	6.28153486893357e-03	-7.84791866381696e-06	7.93270385038797e-02	6.21892718584083e-03	-7.99853609501078e-06
9.00950086304112e-02	6.15664436626995e-03	-8.15351008798260e-06	1.00731201541593e-01	6.09466171507678e-03	-8.31300882597752e-06
1.11238532463167e-01	6.03295444944663e-03	-8.47721062946505e-06	1.21619843825027e-01	5.97149765671046e-03	-8.64630051555793e-06
1.31877907905494e-01	5.91026626366653e-03	-8.82047484873638e-06	1.42015429379441e-01	5.84923499138035e-03	-8.99993804281962e-06
1.52035047775307e-01	5.78837832188572e-03	-9.18490592360932e-06	1.61939339845706e-01	5.72767045386846e-03	-9.37560542779714e-06
1.71730821856191e-01	5.66708525956905e-03	-9.57227396347626e-06	1.81411951796527e-01	5.60659624264015e-03	-9.77516202782525e-06
1.90985131518618e-01	5.54617649925482e-03	-9.98453766776208e-06	2.00452708805083e-01	5.48579864674470e-03	-1.02006730902104e-05
2.09816979372408e-01	5.42543480627078e-03	-1.04238664557776e-05	2.19080188812226e-01	5.36505652442676e-03	-1.06544260063401e-05
2.28244534474465e-01	5.30463472585163e-03	-1.08926767226070e-05	2.37312167295737e-01	5.24413965970960e-03	-1.11389639101400e-05
2.46285193576329e-01	5.18354083271522e-03	-1.13936521544122e-05	2.55165676709106e-01	5.12280694748846e-03	-1.16571267518850e-05
2.63955638863462e-01	5.06190583063026e-03	-1.19297957013043e-05	2.72657062627482e-01	5.00080435414119e-03	-1.22120854990637e-05
2.81271892611357e-01	4.93946837821646e-03	-1.25044575036704e-05	2.89802037015007e-01	4.87786264616052e-03	-1.28073943563844e-05
2.98249369162992e-01	4.81595070478713e-03	-1.31214081624531e-05	3.06615729009590e-01	4.75369480844190e-03	-1.34470407266996e-05
3.14902924617006e-01	4.69105583554086e-03	-1.37848775640936e-05	3.23112733609608e-01	4.62799314645035e-03	-1.41355277554212e-05
3.31246904607274e-01	4.56446449527736e-03	-1.44996445146095e-05	3.39307158640692e-01	4.50042590104904e-03	-1.48779251554210e-05
3.47295190551710e-01	4.43583150829818e-03	-1.52711099794534e-05	3.55212670381828e-01	4.37063344707456e-03	-1.56799892558901e-05
3.63061244751981e-01	4.30478168256121e-03	-1.61054085441314e-05	3.70842538236872e-01	4.23822383256867e-03	-1.65482642446868e-05
3.78558154737254e-01	4.17090499382855e-03	-1.70095119040869e-05	3.86209678853635e-01	4.10276758027006e-03	-1.74901940608319e-05
3.93798677265000e-01	4.03375104787651e-03	-1.79914042182094e-05	4.01326700116617e-01	3.96379170192662e-03	-1.85143177509062e-05
4.08795282420784e-01	3.89282246706002e-03	-1.90602113927518e-05	4.16205945474823e-01	3.82077256774327e-03	-1.96304401991476e-05
4.23560198301095e-01	3.74756724168313e-03	-2.02264520632323e-05	4.30859539113800e-01	3.67312748674675e-03	-2.08498429630222e-05
4.38105456817687e-01	3.59736959418022e-03	-2.15022928267139e-05	4.45299432544777e-01	3.52020482552939e-03	-2.21856191808811e-05
4.52442941234860e-01	3.44153900561239e-03	-2.29017997921410e-05	4.59537453266543e-01	3.36127202320258e-03	-2.36529644899175e-05
4.66584436146252e-01	3.27929732829113e-03	-2.44414165802009e-05	4.73585356263078e-01	3.19550137108271e-03	-2.52696505940175e-05
4.80541680718226e-01	3.10976298128596e-03	-2.61403719712394e-05	4.87454879238729e-01	3.02195268517114e-03	-2.70565194895322e-05
4.94326426186054e-01	2.93193195070351e-03	-2.80212916214939e-05	5.01157802671416e-01	2.83955235711697e-03	-2.90381795577943e-05
5.07950498790890e-01	2.74465464471429e-03	-3.01109854128345e-05	5.14706015995003e-01	2.64706763336253e-03	-3.12438270479998e-05
5.21425869609196e-01	2.54660718094679e-03	-3.24412503869276e-05	5.28111591523111e-01	2.44307491638196e-03	-3.37082872987615e-05
5.34764733069457e-01	2.33625653741676e-03	-3.50503327402052e-05	5.41386868116263e-01	2.22592046922521e-03	-3.64733813644769e-05
5.47979596397544e-01	2.11181615157008e-03	-3.79841555251392e-05	5.54544547112392e-01	1.99367138788409e-03	-3.95897776921394e-05
5.61083382827781e-01	1.87119105381650e-03	-4.12985171147628e-05	5.67597803719984e-01	1.74405331612104e-03	-4.31191094318883e-05
5.74089552203212e-01	1.61190794366028e-03	-4.50616950251614e-05	5.80560417990585e-01	1.47437164568176e-03	-4.71370808527993e-05
5.87012243650776e-01	1.33102572705579e-03	-4.93578568554476e-05	5.93446930721130e-01	1.18141010111072e-03	-5.17374901840562e-05
5.99866446461082e-01	1.02502006822069e-03	-5.42916915415859e-05	6.06272831328288e-01	8.61298990757042e-04	-5.70375959685343e-05
6.12668207289058e-01	6.89632777651772e-04	-5.99947542507806e-05	6.19054787079528e-01	5.09342185700312e-04	-6.31854138528620e-05
6.25434884563338e-01	3.19672927588277e-04	-6.66342117308094e-05	6.31810926356773e-01	1.19787260421500e-04	-7.03698815451848e-05
6.38185464914979e-01	-9.12497381478916e-05	-7.44246776294144e-05	6.44561193324201e-01	-3.14483636762342e-04	-7.88354538270308e-05
6.50940962078535e-01	-5.51086131723388e-04	-8.36452003414312e-05	6.57327798179902e-01	-8.02377054058390e-04	-8.89024291921281e-05
6.63724926978184e-01	-1.06984497898777e-03	-9.46641407157944e-05	6.70135797236907e-01	-1.35517638830240e-03	-1.00996367588202e-04
6.76564110037341e-01	-1.66028969069354e-03	-1.07975505536650e-04	6.83013852260184e-01	-1.98737227627421e-03	-1.15692610714424e-04
6.89489335549590e-01	-2.33893409399555e-03	-1.24252927432345e-04	6.95995241909727e-01	-2.71786066934510e-03	-1.33783609327365e-04
7.02536677325557e-01	-3.12749300474136e-03	-1.44433442451630e-04	7.09119235219343e-01	-3.57171003766255e-03	-1.56383492775358e-04
7.15749071973287e-01	-4.05504713189953e-03	-1.69849977741166e-04	7.22432997443713e-01	-4.58283229150913e-03	-1.85096375241445e-04
7.29178584181874e-01	-5.16136348139085e-03	-2.02445669079676e-04	7.35994300244987e-01	-5.79813651582028e-03	-2.22295252401805e-04
7.42889672025443e-01	-6.50213454559667e-03	-2.45139305263820e-04	7.49875485651961e-01	-7.28420495868620e-03	-2.71598392770578e-04
7.56964038512759e-01	-8.15755548732466e-03	-3.02459008791667e-04	7.64169456691970e-01	-9.13841394414527e-03	-3.38727658961924e-04
7.71508100220727e-01	-1.02469145104023e-02	-3.81707157146804e-04	7.78999086998593e-01	-1.15082989895192e-02	-4.33109251577024e-04
7.86664979604586e-01	-1.29546002509862e-02	-4.95201123153155e-04	7.94532699678037e-01	-1.46269742729995e-02	-5.71040765054764e-04
8.02634766224569e-01	-1.65790586495567e-02	-6.64804706245858e-04	8.11011005123307e-01	-1.88818370811686e-02	-7.82288527428454e-04
8.19710960410159e-01	-2.16308640158323e-02	-9.31643514749725e-04	8.28797379049277e-01	-2.49571374288067e-02	-1.12449712249241e-03
8.38351387307240e-01	-2.90438614192794e-02	-1.37754186972261e-03	8.48480423556745e-01	-3.41525927746910e-02	-1.71461492756619e-03
8.59330832286088e-01	-4.06644157603191e-02	-2.16841381326072e-03	8.71108667111048e-01	-4.91438939094740e-02	-2.77765685929587e-03
8.84115576079907e-01	-6.04313908185250e-02	-3.56282369703109e-03	8.98813498193508e-01	-7.57385380393165e-02	-4.42394281100156e-03
9.15945608159141e-01	-9.65403587378385e-02	-4.85946146294469e-03	9.36764149095291e-01	-1.23303792496935e-01	-4.11234585344089e-03
9.63443910242020e-01	-1.48893940548858e-01	-1.12645565629135e-02	1.00000000000000e+00	0.00000000000000e+00	0.00000000000000e+00
48	2.88614044143009e+02	7.16428571428571e-02
0.00000000000000e+00	1.62618824166416e-02	-4.23941906448899e-05	2.87842972022713e-02	1.58765573345274e-02	-4.43047970564159e-05
5.66689039865854e-02	1.54976095632402e-02	-4.63672573920437e-05	8.37024298686518e-02	1.51241376469491e-02	-4.85764194533278e-05
1.09930442383808e-01	1.47552683440269e-02	-5.09464837763485e-05	1.35395730614786e-01	1.43901226106249e-02	-5.34934055853586e-05
1.60138545299273e-01	1.40278079301925e-02	-5.62351643729198e-05	1.84196818116651e-01	1.36674100850944e-02	-5.91920751635833e-05
2.07606362698467e-01	1.33079842137978e-02	-6.23871641001195e-05	2.30401059643018e-01	1.29485449352571e-02	-6.58466133498514e-05
2.52613027595925e-01	1.25880552976845e-02	-6.96002919189365e-05	2.74272782281217e-01	1.22254142661322e-02	-7.36823967681932e-05
2.95409385227911e-01	1.18594423818041e-02	-7.81322224014946e-05	3.16050583833845e-01	1.14888651809719e-02	-8.29951059606593e-05
3.36222944340682e-01	1.11122937857153e-02	-8.83235600794841e-05	3.55951979263275e-01	1.07282020689043e-02	-9.41786949626433e-05
3.75262270824233e-01	1.03348994433605e-02	-1.00631938187101e-04	3.94177591997300e-01	9.93049830570780e-03	-1.07767213390675e-04
4.12721026865743e-01	9.51287463135619e-03	-1.15683626095597e-04	4.30915092167890e-01	9.07962005608232e-03	-1.24498897918102e-04
4.48781862143532e-01	8.62798296613931e-03	-1.34353678787447e-04	4.66343099136869e-01	8.15479567570976e-03	-1.45417130793968e-04
4.83620392881317e-01	7.65638348347131e-03	-1.57894115778934e-04	5.00635312035369e-01	7.12845018278330e-03	-1.72034594283721e-04
5.17409572416344e-01	6.56593255888605e-03	-1.88146025736025e-04	5.33965227581143e-01	5.96281374300678e-03	-2.06609978913530e-04
5.50324889059760e-01	5.31188089267087e-03	-2.27904419220826e-04	5.66511985855158e-01	4.60440771908410e-03	-2.52634491191950e-04
5.82551076066926e-01	3.82973252160523e-03	-2.81575053635352e-04	5.98468228134688e-01	2.97469043033849e-03	-3.15730846815354e-04
6.14291495916983e-01	2.02283800139225e-03	-3.56422961374836e-04	6.30051521745653e-01	9.53376950344031e-04	-4.05415506349760e-04
6.45782316543047e-01	-2.60366850224236e-04	-4.65105056422388e-04	6.61522289115513e-01	-1.65313519047761e-03	-5.38811471952894e-04
6.77315633109338e-01	-3.27096803223315e-03	-6.31235903054694e-04	6.93214239250705e-01	-5.17608580107065e-03	-7.49204612684240e-04
7.09280399788162e-01	-7.45448060230403e-03	-9.02920388339723e-04	7.25590745107337e-01	-1.02281109479806e-02	-1.10815386174479e-03
7.42242167329967e-01	-1.36752433448339e-02	-1.39026322339153e-03	7.59361088039463e-01	-1.80659091083816e-02	-1.79197675623710e-03
7.77118650358242e-01	-2.38269828170892e-02	-2.38945458441320e-03	7.95757083798683e-01	-3.16692530584888e-02	-3.32797330780821e-03
8.15638846923120e-01	-4.28547999231097e-02	-4.90811121660406e-03	8.37347064286386e-01	-5.98149476280694e-02	-7.81068941752272e-03
8.61917626665877e-01	-8.77809960722524e-02	-1.36669031277632e-02	8.91474634722419e-01	-1.40420776337885e-01	-2.49502729760971e-02
9.31424841162294e-01	-2.57079276680455e-01	-2.74999339930957e-02	1.00000000000000e+00	0.00000000000000e+00	0.00000000000000e+00
52	2.88614044143009e+02	1.42285714285714e-01
0.00000000000000e+00	1.49353730624957e-02	-3.56674020307590e-05	2.68037465913146e-02	1.46101996528072e-02	-3.71337306572794e-05
5.28355669051479e-02	1.42900288725052e-02	-3.87130638772604e-05	7.81338912284273e-02	1.39742100170193e-02	-4.03948381020314e-05
1.02734926373862e-01	1.36621221267847e-02	-4.21880774279515e-05	1.26672833309790e-01	1.33531416152737e-02	-4.41028194499982e-05
1.49979890208692e-01	1.30466377388243e-02	-4.61502551838411e-05	1.72686642310472e-01	1.27419677883045e-02	-4.83428888258253e-05
1.94822040080075e-01	1.24384719333444e-02	-5.06947313785311e-05	2.16413566993394e-01	1.21354675967049e-02	-5.32215178767892e-05
2.37487358162734e-01	1.18322432745011e-02	-5.59409723721593e-05	2.58068310910339e-01	1.15280516488117e-02	-5.88731156461186e-05
2.78180188314748e-01	1.12221018365490e-02	-6.20406264175699e-05	2.97845716688384e-01	1.09135506092144e-02	-6.54692826114189e-05
3.17086677895126e-01	1.06014923219642e-02	-6.91884773091900e-05	3.35923997384151e-01	1.02849472999378e-02	-7.32318447294045e-05
3.54377828800667e-01	9.96284832479621e-03	-7.76380108373775e-05	3.72467636037311e-01	9.63402482412778e-03	-8.24515148893923e-05
3.90212273613118e-01	9.29718420639181e-03	-8.77239218362025e-05	4.07630066313923e-01	8.95088968970992e-03	-9.35151814707158e-05
4.24738889102285e-01	8.59353385093220e-03	-9.98953378297252e-05	4.41556248412508e-01	8.22330671698435e-03	-1.06946601450497e-04
4.58099366096479e-01	7.83815721538628e-03	-1.14766009923883e-04	4.74385267487438e-01	7.43574599301877e-03	-1.23468681254790e-04
4.90430875320797e-01	7.01338763566861e-03	-1.33192068956678e-04	5.06253111609695e-01	6.56797897368233e-03	-1.44101304321076e-04
5.21869010054214e-01	6.09590969939866e-03	-1.56396148837779e-04	5.37295842202649e-01	5.59294985121950e-03	-1.70320031406268e-04
5.52551261444384e-01	5.05410705533760e-03	-1.86172013225683e-04	5.67653470078943e-01	4.47344346606049e-03	-2.04322675177115e-04
5.82621416300848e-01	3.84383870215532e-03	-2.25235535346258e-04	5.97475030145387e-01	3.15667951330267e-03	-2.49496360288815e-04
6.12235510531216e-01	2.40144852985980e-03	-2.77853797082450e-04	6.26925679931433e-01	1.56517197164785e-03	-3.11276512238390e-04
6.41570429557231e-01	6.31667189713303e-04	-3.51034928367522e-04	6.56197287284015e-01	-4.19497822946591e-04	-3.98821072495226e-04
6.70837154571717e-01	-1.61447102728507e-03	-4.56926350263842e-04	6.85525280165231e-01	-2.98722134494622e-03	-5.28513475678061e-04
7.00302572219210e-01	-4.58262742986237e-03	-6.18042732291046e-04	7.15217405291028e-01	-6.46112387852160e-03	-7.31959190825471e-04
7.30328170181850e-01	-8.70588414398021e-03	-8.79840610909177e-04	7.45706973132667e-01	-1.14342831325087e-02	-1.07638984436331e-03
7.61445177209428e-01	-1.48168717280731e-02	-1.34504840877070e-03	7.77662021724431e-01	-1.91101402100303e-02	-1.72490139678172e-03
7.94518646374304e-01	-2.47159848362718e-02	-2.28467805503851e-03	8.12242194911767e-01	-3.22961959772905e-02	-3.15316306389946e-03
8.31170171579582e-01	-4.30091402833827e-02	-4.59036376444666e-03	8.51839520275954e-01	-5.90441940021176e-02	-7.16488909243140e-03
8.75187351320362e-01	-8.49846099703987e-02	-1.21708259799873e-02	9.03079661523207e-01	-1.32172854488509e-01	-2.14961742610347e-02
9.40027163440173e-01	-2.33531936151841e-01	-2.28892618138388e-02	1.00000000000000e+00	0.00000000000000e+00	0.00000000000000e+00
55	2.88614044143009e+02	2.12928571428571e-01
0.00000000000000e+00	1.40535743191690e-02	-3.14804843963845e-05	2.55727045263065e-02	1.37657115542129e-02	-3.26918532276288e-05
5.04509255527620e-02	1.34820540608658e-02	-3.39956256614204e-05	7.46672614440572e-02	1.32020852608947e-02	-3.53786039748449e-05
9.82525280895079e-02	1.29253188791174e-02	-3.68473150686999e-05	1.21235893226266e-01	1.26512672826613e-02	-3.84089705232071e-05
1.43645000369927e-01	1.23794383710103e-02	-4.00715543074082e-05	1.65506083220719e-01	1.21093323002694e-02	-4.18439242864110e-05
1.86844071551111e-01	1.18404379913337e-02	-4.37359299816364e-05	2.07682689485759e-01	1.15722293582909e-02	-4.57585454514131e-05
2.28044547003635e-01	1.13041612102194e-02	-4.79240321569208e-05	2.47951225423186e-01	1.10356647218162e-02	-5.02461181670633e-05
2.67423357574074e-01	1.07661424115815e-02	-5.27402158350121e-05	2.86480703311902e-01	1.04949625127997e-02	-5.54236778096406e-05
3.05142220995435e-01	1.02214526061382e-02	-5.83160949827466e-05	3.23426135518789e-01	9.94489236337048e-03	-6.14396452147670e-05
3.41350003473746e-01	9.66450525602003e-03	-6.48195257200168e-05	3.58930776010193e-01	9.37944895701648e-03	-6.84844508807014e-05
3.76184859966843e-01	9.08880419520175e-03	-7.24672513339186e-05	3.93128177860382e-01	8.79156176243256e-03	-7.68056159043962e-05
4.09776227350860e-01	8.48660719366556e-03	-8.15429612188723e-05	4.26144140847667e-01	8.17270269955395e-03	-8.67295222064524e-05
4.42246745985537e-01	7.84846562209007e-03	-9.24236544794788e-05	4.58098627789932e-01	7.51234272292556e-03	-9.86934844715570e-05
4.73714193469803e-01	7.16257912743745e-03	-1.05618893164738e-04	4.89107740933549e-01	6.79718083815373e-03	-1.13294085362758e-04
5.04293532328564e-01	6.41386882973349e-03	-1.21830701880210e-04	5.19285874175348e-01	6.01002287742114e-03	-1.31361895731485e-04
5.34099206018230e-01	5.58261194047227e-03	-1.42047453410843e-04	5.48748199980710e-01	5.12810737260683e-03	-1.54080388935940e-04
5.63247874228581e-01	4.64237403643919e-03	-1.67695643387589e-04	5.77613724165182e-01	4.12053201966667e-03	-1.83181354944217e-04
5.91861876293182e-01	3.55678000599902e-03	-2.00894044293465e-04	6.06009271184633e-01	2.94416663948471e-03	-2.21278810207837e-04
6.20073884084953e-01	2.27429210749452e-03	-2.44897059686000e-04	6.34074994580864e-01	1.53691348067042e-03	-2.72464746369883e-04
6.48033520883998e-01	7.19416167040299e-04	-3.04906027057239e-04	6.61972440215389e-01	-1.93903940027051e-04	-3.43429862725619e-04
6.75917325475129e-01	-1.22283067643725e-03	-3.89641406139063e-04	6.89897041387918e-01	-2.39261710772387e-03	-4.45707345792190e-04
7.03944663191318e-01	-3.73597276390103e-03	-5.14607030613901e-04	7.18098712058216e-01	-5.29596685886424e-03	-6.00523735762248e-04
7.32404851540516e-01	-7.13037248533954e-03	-7.09471975154807e-04	7.46918272491956e-01	-9.31834230009287e-03	-8.50338640592252e-04
7.61707136969173e-01	-1.19709958358645e-02	-1.03667102029936e-03	7.76857707912455e-01	-1.52488000004825e-02	-1.28989316320283e-03
7.92482272720887e-01	-1.93913163291222e-02	-1.64536954965278e-03	8.08731924818032e-01	-2.47705903550157e-02	-2.16452767036501e-03
8.25818296073581e-01	-3.19925922210383e-02	-2.96070006099014e-03	8.44053000686888e-01	-4.21034788145033e-02	-4.25823910666190e-03
8.63925415241518e-01	-5.70455461120331e-02	-6.53589102496732e-03	8.86273605026829e-01	-8.07843794123709e-02	-1.08577928288833e-02
9.12718670042177e-01	-1.22699661947077e-01	-1.89234502174260e-02	9.47003320331144e-01	-2.10408041061719e-01	-2.16743883610078e-02
1.00000000000000e+00	0.00000000000000e+00	0.00000000000000e+00
48	2.88614044143009e+02	2.83571428571429e-01
0.00000000000000e+00	1.60835077057309e-02	-4.11996065852183e-05	2.95954188368094e-02	1.57073170326176e-02	-4.30373573940823e-05
5.82755023551573e-02	1.53373115046200e-02	-4.50186549469933e-05	8.60891426593092e-02	1.49726325483250e-02	-4.71393582992530e-05
1.13082203526765e-01	1.46124472658031e-02	-4.94128169186148e-05	1.39297779852700e-01	1.42559175462076e-02	-5.18540131131395e-05
1.64776434248294e-01	1.39021929156333e-02	-5.44798082331432e-05	1.89556413308450e-01	1.35504028815159e-02	-5.73092299562816e-05
2.13673846004375e-01	1.31996486223003e-02	-6.03638169072163e-05	2.37162926403327e-01	1.28489938228193e-02	-6.36680243293331e-05
2.60056082707963e-01	1.24974544435141e-02	-6.72497107425674e-05	2.82384134436424e-01	1.21439871520155e-02	-7.11407192877100e-05
3.04176439429058e-01	1.17874761131898e-02	-7.53775865613981e-05	3.25461032266164e-01	1.14267177073906e-02	-8.00023844516051e-05
3.46264755613618e-01	1.10604027523387e-02	-8.50637688194489e-05	3.66613385979172e-01	1.06870955546263e-02	-9.06182392492738e-05
3.86531755365562e-01	1.03052090965532e-02	-9.67317116540301e-05	4.06043870349609e-01	9.91297536165536e-03	-1.03481462681243e-04
4.25173030207218e-01	9.50840954850452e-03	-1.10958538827477e-04	4.43941945851305e-01	9.08926668059640e-03	-1.19270828299989e-04
4.62372861566019e-01	8.65298841509698e-03	-1.28546897715243e-04	4.80487681827460e-01	8.19663751849542e-03	-1.38940954577338e-04
4.98308105921905e-01	7.71681628705223e-03	-1.50639192388891e-04	5.15855773649118e-01	7.20956425006647e-03	-1.63868076754170e-04
5.33152426181078e-01	6.67022864245737e-03	-1.78905217124381e-04	5.50220087215583e-01	6.09329888963184e-03	-1.96093834651467e-04
5.67081271030455e-01	5.47219290496326e-03	-2.15862228275965e-04	5.83759226074426e-01	4.79897797356266e-03	-2.38750212848471e-04
6.00278225573533e-01	4.06400221226733e-03	-2.65445788849572e-04	6.16663920660707e-01	3.25540108819533e-03	-2.96836435432990e-04
6.32943777341443e-01	2.35842781123075e-03	-3.34082487051024e-04	6.49147627104762e-01	1.35452972305683e-03	-3.78723553813964e-04
6.65308373679107e-01	2.20053286559052e-04	-4.32836820927873e-04	6.81462917780279e-01	-1.07560763609271e-03	-4.99277358118055e-04
6.97653391938495e-01	-2.57271617181376e-03	-5.82052904992914e-04	7.13928846038677e-01	-4.32523801326423e-03	-6.86925920895698e-04
7.30347604598460e-01	-6.40706166307881e-03	-8.22412776516623e-04	7.46980654709858e-01	-8.92186020617192e-03	-1.00151019156125e-03
7.63916669892291e-01	-1.20193051001001e-02	-1.24480855800435e-03	7.81269736530106e-01	-1.59228489039319e-02	-1.58641498002354e-03
7.99191763414680e-01	-2.09797329042057e-02	-2.08593349610164e-03	8.17893490407537e-01	-2.77564146704865e-02	-2.85454064806889e-03
8.37682460795204e-01	-3.72339814390767e-02	-4.11688386699183e-03	8.59037646474920e-01	-5.12447180585867e-02	-6.37310751649101e-03
8.82773282534957e-01	-7.35655763066033e-02	-1.08584339600286e-02	9.10457894422735e-01	-1.13252116771672e-01	-2.06019496977101e-02
9.45747216262420e-01	-2.01985659242878e-01	-3.15594347051025e-02	1.00000000000000e+00	0.00000000000000e+00	0.00000000000000e+00
47	2.88614044143009e+02	3.54214285714286e-01
0.00000000000000e+00	1.63654692238198e-02	-4.24729862931184e-05	3.05068088444265e-02	1.59766218070820e-02	-4.44035746873794e-05
6.00541727126377e-02	1.55942827601019e-02	-4.64856717139472e-05	8.86941667012978e-02	1.52175373966261e-02	-4.87170889862387e-05
1.16475588709850e-01	1.48454953885586e-02	-5.11124105986305e-05	1.43444244700538e-01	1.44772604596979e-02	-5.36880412118634e-05
1.69643208429912e-01	1.41119224478194e-02	-5.64624852945617e-05	1.95113058542919e-01	1.37485487931126e-02	-5.94566781153549e-05
2.19892095809596e-01	1.33861752626985e-02	-6.26943769712618e-05	2.44016542994784e-01	1.30237957021002e-02	-6.62026315156883e-05
2.67520729611889e-01	1.26603505425167e-02	-7.00123424344223e-05	2.90437263617915e-01	1.22947137722160e-02	-7.41589417645461e-05
3.12797191954921e-01	1.19256779720591e-02	-7.86832090136080e-05	3.34630151731239e-01	1.15519369606110e-02	-8.36322649957477e-05
3.55964513763416e-01	1.11720654893701e-02	-8.90608000210236e-05	3.76827520168046e-01	1.07844952113474e-02	-9.50325630222348e-05
3.97245417705298e-01	1.03874860775319e-02	-1.01622232034027e-04	4.17243588637072e-01	9.97909193263791e-03	-1.08917729528146e-04
4.36846680982430e-01	9.55711884224519e-03	-1.17023138274774e-04	4.56078740242317e-01	9.11907418834224e-03	-1.26062388966508e-04
4.74963344943050e-01	8.66210399570688e-03	-1.36183971939818e-04	4.93523748738640e-01	8.18291507988067e-03	-1.47566982972247e-04
5.11783032351706e-01	7.67767762645888e-03	-1.60429034224308e-04	5.29764269371414e-01	7.14190192301656e-03	-1.75036545901675e-04
5.47490710940503e-01	6.57028118605951e-03	-1.91718479307657e-04	5.64985995753665e-01	5.95648898014511e-03	-2.10884793166777e-04
5.82274393716746e-01	5.29291495825923e-03	-2.33051385618133e-04	5.99381094312748e-01	4.57031673085528e-03	-2.58874729512915e-04
6.16332554534038e-01	3.77735452681027e-03	-2.89200165665138e-04	6.33156926726536e-01	2.89996098457301e-03	-3.25130775328475e-04
6.49884594699477e-01	1.92047410867358e-03	-3.68127216534564e-04	6.66548858377058e-01	8.16424051539588e-04	-4.20155524689214e-04
6.83186825389798e-01	-4.41196329604709e-04	-4.83911325942055e-04	6.99840596207069e-01	-1.89045081763484e-03	-5.63167800710973e-04
7.16558874510643e-01	-3.58221591300345e-03	-6.63333091979856e-04	7.33399208807472e-01	-5.58593409862018e-03	-7.92372684700560e-04
7.50431198036388e-01	-7.99870188158880e-03	-9.62394340078720e-04	7.67741218952897e-01	-1.09601392429711e-02	-1.19249692841250e-03
7.85439651528764e-01	-1.46777435650045e-02	-1.51416140359539e-03	8.03672400600286e-01	-1.94722585783409e-02	-1.98210486814943e-03
8.22640236041281e-01	-2.58636825517989e-02	-2.69780183957913e-03	8.42633391149956e-01	-3.47460620264074e-02	-3.86519845012812e-03
8.64098695407302e-01	-4.77744912657145e-02	-5.93728700996721e-03	8.87784600331875e-01	-6.83217893731073e-02	-1.00458237727523e-02
9.15104539360619e-01	-1.04296941318046e-01	-1.92347417482681e-02	9.49265246621009e-01	-1.82813688872936e-01	-3.41907551565084e-02
1.00000000000000e+00	0.00000000000000e+00	0.00000000000000e+00
48	2.88614044143009e+02	4.24857142857143e-01
0.00000000000000e+00	1.59482878411084e-02	-4.00680454677449e-05	3.01362562138492e-02	1.55796496729019e-02	-4.18388382146251e-05
5.93479088990152e-02	1.52170704129340e-02	-4.37463115796621e-05	8.76838736353939e-02	1.48597261107317e-02	-4.57867501930664e-05
1.15190059959698e-01	1.45068171725551e-02	-4.79727712723310e-05	1.41909626480647e-01	1.41575394762581e-02	-5.03185216100821e-05
1.67883213684258e-01	1.38110776480675e-02	-5.28399051988870e-05	1.93149156864691e-01	1.34665978789537e-02	-5.55548515366322e-05
2.17743681555656e-01	1.31232401314081e-02	-5.84836322881088e-05	2.41701083593651e-01	1.27801095666666e-02	-6.16492378755495e-05
2.65053895741354e-01	1.24362669897968e-02	-6.50778269846164e-05	2.87833042633455e-01	1.20907180637053e-02	-6.87992610881594e-05
3.10067985675213e-01	1.17424010172735e-02	-7.28477554461371e-05	3.31786859423974e-01	1.13901724635730e-02	-7.72626561493794e-05
3.53016600915768e-01	1.10327909209174e-02	-8.20893969335490e-05	3.73783073362622e-01	1.06688974483036e-02	-8.73806532861732e-05
3.94111185644350e-01	1.02969927603711e-02	-9.31977811393647e-05	4.14025009053697e-01	9.91540990000783e-03	-9.96125787753321e-05
4.33547892832930e-01	9.52228139465183e-03	-1.06709486623169e-04	4.52702580170329e-01	9.11549950210788e-03	-1.14588367256196e-04
4.71511326519098e-01	8.69266760842491e-03	-1.23367973493549e-04	4.89996022376766e-01	8.25104052834424e-03	-1.33190430474217e-04
5.08178323041391e-01	7.78745033096606e-03	-1.44226914783996e-04	5.26079788379248e-01	7.29821371310035e-03	-1.56685118925637e-04
5.43722036339494e-01	6.77901494539213e-03	-1.70818923176164e-04	5.61126914908321e-01	6.22475694713609e-03	-1.86941319887834e-04
5.78316698499848e-01	5.62936945455506e-03	-2.05441583576604e-04	5.95314316584150e-01	4.98555978048554e-03	-2.26808723329031e-04
6.12143624859936e-01	4.28448470933707e-03	-2.51663622536702e-04	6.28829732821406e-01	3.51531334696453e-03	-2.80803927256601e-04
6.45399406635160e-01	2.66463661930372e-03	-3.15267787961426e-04	6.61881573615757e-01	1.71565761662329e-03	-3.56426124246800e-04
6.78307965515372e-01	6.47061885705735e-04	-4.06118297286762e-04	6.94713954382696e-01	-5.68586465432341e-04	-4.66857417823485e-04
7.11139660348460e-01	-1.96717148263870e-03	-5.42147527000658e-04	7.27631451415966e-01	-3.59647892393555e-03	-6.36988573611719e-04
7.44244022006705e-01	-5.52145783877189e-03	-7.58707692617877e-04	7.61043349942479e-01	-7.83248351595955e-03	-9.18377711298435e-04
7.78111030433682e-01	-1.06587867133827e-02	-1.13334703894075e-03	7.95550852031444e-01	-1.41911736635486e-02	-1.43198596278804e-03
8.13499191358157e-01	-1.87223181127563e-02	-1.86314511271690e-03	8.32142277113346e-01	-2.47223373333000e-02	-2.51641621567766e-03
8.51746669744266e-01	-3.29904594788429e-02	-3.56950384188792e-03	8.72717418366046e-01	-4.49856725083542e-02	-5.41130709338988e-03
8.95720955100244e-01	-6.36274406275454e-02	-9.00170848552295e-03	9.21983865351885e-01	-9.55603921583805e-02	-1.69847568179289e-02
9.54182321039748e-01	-1.62025016849430e-01	-3.26519262562259e-02	1.00000000000000e+00	0.00000000000000e+00	0.00000000000000e+00
51	2.88614044143009e+02	4.95500000000000e-01
0.00000000000000e+00	1.49241799896247e-02	-3.47765341381923e-05	2.86014790714394e-02	1.46019604764791e-02	-3.62060777334694e-05
5.63797160325094e-02	1.42847669537758e-02	-3.77427462907587e-05	8.33755321267089e-02	1.39719643439500e-02	-3.93790165431618e-05
1.09627389100103e-01	1.36629427678938e-02	-4.11236645838642e-05	1.35171577002687e-01	1.33570901701847e-02	-4.29864532158764e-05
1.60042386542125e-01	1.30537878956092e-02	-4.49782674518673e-05	1.84272267501689e-01	1.27524060018320e-02	-4.71112724036438e-05
2.07891974778332e-01	1.24522982286857e-02	-4.93990998358118e-05	2.30930703443656e-01	1.21527965198442e-02	-5.18570627201509e-05
2.53416214100969e-01	1.18532049972129e-02	-5.45024105773617e-05	2.75374949703245e-01	1.15527932575654e-02	-5.73546325703944e-05
2.96832144907987e-01	1.12507888294182e-02	-6.04358128015736e-05	3.17811928974454e-01	1.09463686144118e-02	-6.37710550190906e-05
3.38337423155706e-01	1.06386490919637e-02	-6.73889925992821e-05	3.58430833502349e-01	1.03266750109732e-02	-7.13223997916845e-05
3.78113539977252e-01	1.00094062427223e-02	-7.56089328748377e-05	3.97406182781904e-01	9.68570235749988e-03	-8.02920163227583e-05
4.16328746817716e-01	9.35430447335595e-03	-8.54219520773913e-05	4.34900645251802e-01	9.01381365443776e-03	-9.10572542276444e-05
4.53140803232180e-01	8.66266509190061e-03	-9.72663054381595e-05	4.71067742906588e-01	8.29909704726361e-03	-1.04129433191158e-04
4.88699671051280e-01	7.92111315454402e-03	-1.11741475777638e-04	5.06054570823280e-01	7.52643648525364e-03	-1.20215071935492e-04
5.23150299425713e-01	7.11245294654428e-03	-1.29684766323024e-04	5.40004693845838e-01	6.67614129589933e-03	-1.40312367127304e-04
5.56635687315679e-01	6.21398556715214e-03	-1.52293771352063e-04	5.73061439803767e-01	5.72186499021665e-03	-1.65868031448912e-04
5.89300486728153e-01	5.19491374284087e-03	-1.81329111708983e-04	6.05371911281265e-01	4.62734132292653e-03	-1.99041834410218e-04
6.21295547393516e-01	4.01219930117369e-03	-2.19463252113750e-04	6.37092222635943e-01	3.34107554468965e-03	-2.43172045537143e-04
6.52784053545798e-01	2.60368802505107e-03	-2.70909300502664e-04	6.68394810395927e-01	1.78733836259393e-03	-3.03636271325569e-04
6.83950374991296e-01	8.76165563653553e-04	-3.42617523773736e-04	6.99479324751231e-01	-1.49890635117056e-04	-3.89542425989875e-04
7.15013690892554e-01	-1.31655324571323e-03	-4.46708485672964e-04	7.30589960908852e-01	-2.65732081136094e-03	-5.17301503881962e-04
7.46250430899614e-01	-4.21658060189090e-03	-6.05840291750592e-04	7.62045070685990e-01	-6.05432100032421e-03	-7.18900310254122e-04
7.78034161015334e-01	-8.25346930111004e-03	-8.66338302659253e-04	7.94292130015616e-01	-1.09317072037922e-02	-1.06345128527252e-03
8.10913321562151e-01	-1.42612431645436e-02	-1.33497530078408e-03	8.28021013213606e-01	-1.85034377324274e-02	-1.72292865958967e-03
8.45782191684284e-01	-2.40727745840820e-02	-2.30310657810628e-03	8.64433200221724e-01	-3.16629315603850e-02	-3.22279739602749e-03
8.84327622681361e-01	-4.25155877230899e-02	-4.79624193703287e-03	9.06034593302500e-01	-5.90530104335655e-02	-7.77641268962403e-03
9.30568426660518e-01	-8.65851533489767e-02	-1.42038919733065e-02	9.60033462551324e-01	-1.40739173764855e-01	-2.77380797583207e-02
1.00000000000000e+00	0.00000000000000e+00	0.00000000000000e+00
51	2.88614044143009e+02	5.66142857142857e-01
0.00000000000000e+00	1.48548204981689e-02	-3.41379645665274e-05	2.88414721516159e-02	1.45365008406928e-02	-3.55328481858042e-05
5.68564623207484e-02	1.42231573456681e-02	-3.70316162308093e-05	8.40857183235163e-02	1.39141705631081e-02	-3.86269601313494e-05
1.10567642949987e-01	1.36089456715649e-02	-4.03273407927340e-05	1.36338479553980e-01	1.33068860019183e-02	-4.21421655767418e-05
1.61432482434568e-01	1.30073887791489e-02	-4.40819164797546e-05	1.85882073488956e-01	1.27098406195223e-02	-4.61583025335166e-05
2.09717986659489e-01	1.24136126931322e-02	-4.83844333798444e-05	2.32969401547982e-01	1.21180554780662e-02	-5.07750288478714e-05
2.55664067443621e-01	1.18224929796236e-02	-5.33466566738916e-05	2.77828418904602e-01	1.15262163220515e-02	-5.61180240388204e-05
2.99487683946111e-01	1.12284765322643e-02	-5.91103099920609e-05	3.20665985817738e-01	1.09284763819291e-02	-6.23475747958402e-05
3.41386439300355e-01	1.06253610394944e-02	-6.58572362499665e-05	3.61671242416707e-01	1.03182073106218e-02	-6.96706516727374e-05
3.81541764430857e-01	1.00060111274725e-02	-7.38238115365331e-05	4.01018631011109e-01	9.68767293117767e-03	-7.83581926802057e-05
4.20121807450177e-01	9.36198041741276e-03	-8.33217773308359e-05	4.38870680878790e-01	9.02758811434645e-03	-8.87703303349419e-05
4.57284142477397e-01	8.68299295720476e-03	-9.47689493027148e-05	4.75380670792416e-01	8.32650495406084e-03	-1.01394007158140e-04
4.93178417404461e-01	7.95621167674398e-03	-1.08735576796581e-04	5.10695296388292e-01	7.56993494834468e-03	-1.16900461969882e-04
5.27949079261755e-01	7.16517776213088e-03	-1.26016100648663e-04	5.44957497463074e-01	6.73905851110757e-03	-1.36235484478053e-04
5.61738354852994e-01	6.28822908701854e-03	-1.47743571776937e-04	5.78309653345855e-01	5.80877190255058e-03	-1.60765637985838e-04
5.94689735590815e-01	5.29606922385328e-03	-1.75578244828722e-04	6.10897449728873e-01	4.74463592034313e-03	-1.92523907728726e-04
6.26952342758306e-01	4.14790296480771e-03	-2.12030805780250e-04	6.42874891123160e-01	3.49793431098289e-03	-2.34639798429193e-04
6.58686780048528e-01	2.78505187882638e-03	-2.61041813519824e-04	6.74411247275201e-01	1.99733246108358e-03	-2.92130574524263e-04
6.90073512795227e-01	1.11992291403351e-03	-3.29078222212953e-04	7.05701324920013e-01	1.34092490418181e-04	-3.73445536231420e-04
7.21325666081354e-01	-9.84100442003366e-04	-4.27347120900645e-04	7.36981681754222e-01	-2.26572332464559e-03	-4.93703702015846e-04
7.52709927261680e-01	-3.75178052144032e-03	-5.76638552655107e-04	7.68558077824720e-01	-5.49744232701599e-03	-6.82121230557442e-04
7.84583331490218e-01	-7.57859337356825e-03	-8.19048207426176e-04	8.00855880157788e-01	-1.01023045193970e-02	-1.00113542189506e-03
8.17464086213278e-01	-1.32242262675203e-02	-1.25039311128994e-03	8.34522498826778e-01	-1.71787758141102e-02	-1.60388494213137e-03
8.52184840720255e-01	-2.23343525478351e-02	-2.12779968225774e-03	8.70666244273032e-01	-2.93008791024550e-02	-2.94930400788851e-03
8.90284068500759e-01	-3.91559197054659e-02	-4.33648740265169e-03	9.11539909887155e-01	-5.39675718658031e-02	-6.92614452285589e-03
9.35305815784895e-01	-7.81642423798653e-02	-1.24702521427105e-02	9.63327792493740e-01	-1.24163206009786e-01	-2.50798354928008e-02
1.00000000000000e+00	0.00000000000000e+00	0.00000000000000e+00
50	2.88614044143009e+02	6.36785714285714e-01
0.00000000000000e+00	1.50851012438846e-02	-3.48394959899245e-05	2.96581807190489e-02	1.47579876604893e-02	-3.62848988246789e-05
5.84537149933463e-02	1.44360957600569e-02	-3.78379755670011e-05	8.64297044194121e-02	1.41187739987825e-02	-3.94926885787239e-05
1.13626734606200e-01	1.38053946209047e-02	-4.12580874717960e-05	1.40083076930775e-01	1.34953279618961e-02	-4.31442508856961e-05
1.65834873507678e-01	1.31879378220845e-02	-4.51624288873020e-05	1.90916307054015e-01	1.28825765678273e-02	-4.73252117489942e-05
2.15359757347432e-01	1.25785798622702e-02	-4.96467237407483e-05	2.39195945805332e-01	1.22752609378227e-02	-5.21428558577508e-05
2.62454069570933e-01	1.19719042744346e-02	-5.48315331159177e-05	2.85161926372723e-01	1.16677585698142e-02	-5.77330402478093e-05
3.07346031326108e-01	1.13620288056546e-02	-6.08703972384550e-05	3.29031726768853e-01	1.10538672503393e-02	-6.42698219004423e-05
3.50243286163639e-01	1.07423631110177e-02	-6.79612672624952e-05	3.71004013062679e-01	1.04265305974949e-02	-7.19790897256711e-05
3.91336336110048e-01	1.01052949710432e-02	-7.63628345874512e-05	4.11261901060087e-01	9.77747620178104e-03	-8.11582186075466e-05
4.30801660815466e-01	9.44176960108956e-03	-8.64183092303961e-05	4.49975964541492e-01	9.09672278112317e-03	-9.22049950835557e-05
4.68804646997376e-01	8.74070799941529e-03	-9.85907952957277e-05	4.87307119348627e-01	8.37188878384953e-03	-1.05661133844137e-04
5.05502462896256e-01	7.98817931633233e-03	-1.13517184365364e-04	5.23409527392192e-01	7.58719468513847e-03	-1.22279483325327e-04
5.41047035923826e-01	7.16618949069958e-03	-1.32092555756635e-04	5.58433698770078e-01	6.72198137534652e-03	-1.43130824162396e-04
5.75588339193027e-01	6.25085525269720e-03	-1.55606407940656e-04	5.92530034881265e-01	5.74844188500134e-03	-1.69779247478852e-04
6.09278279781252e-01	5.20956288025953e-03	-1.85970661996437e-04	6.25853172439343e-01	4.62803052656002e-03	-2.04581538015614e-04
6.42275638890368e-01	3.99638654619894e-03	-2.26117116666869e-04	6.58567700794742e-01	3.30555713869130e-03	-2.51221320189954e-04
6.74752803295430e-01	2.54439138006046e-03	-2.80724931253529e-04	6.90856222480200e-01	1.69903466034227e-03	-3.15714378688270e-04
7.06905580244843e-01	7.52065025476645e-04	-3.57632006770192e-04	7.22931506135677e-01	-3.18718380934002e-04	-4.08425198620943e-04
7.38968503688560e-01	-1.54202798979020e-03	-4.70773559963833e-04	7.55056106759283e-01	-2.95561997791327e-03	-5.48444432880490e-04
7.71240456186629e-01	-4.61008651661432e-03	-6.46866363702037e-04	7.87576501282461e-01	-6.57469486204032e-03	-7.74087269526547e-04
8.04131157685390e-01	-8.94666923751064e-03	-9.42441444814257e-04	8.20987979897069e-01	-1.18665020073241e-02	-1.17158932441064e-03
8.38254331570217e-01	-1.55443229249302e-02	-1.49438377247013e-03	8.56072878731083e-01	-2.03076996500297e-02	-1.96898572626458e-03
8.74641019542523e-01	-2.66937908459479e-02	-2.70605771695798e-03	8.94245998190956e-01	-3.56407943592484e-02	-3.93655030492912e-03
9.15334088926304e-01	-4.89242036370515e-02	-6.20483315580933e-03	9.38663760686239e-01	-7.02733817457906e-02	-1.10208107834138e-02
9.65706212399619e-01	-1.09800513499709e-01	-2.24102828921202e-02	1.00000000000000e+00	0.00000000000000e+00	0.00000000000000e+00
47	2.88614044143009e+02	7.07428571428571e-01
0.00000000000000e+00	1.59891653466790e-02	-3.87046247900535e-05	3.18047555850740e-02	1.56232793038920e-02	-4.04110300504801e-05
6.26310252672548e-02	1.52635921509034e-02	-4.22473259849010e-05	9.25304213969562e-02	1.49092962221642e-02	-4.42114422556372e-05
1.21551377277553e-01	1.45596062949280e-02	-4.63155061130038e-05	1.49739416101273e-01	1.42137339946216e-02	-4.85731164112657e-05
1.77137396256944e-01	1.38708812591484e-02	-5.09995628519277e-05	2.03785735605197e-01	1.35302333696183e-02	-5.36120842995480e-05
2.29722617218221e-01	1.31909514052833e-02	-5.64301747794094e-05	2.54984178822543e-01	1.28521639568335e-02	-5.94759472776207e-05
2.79604687967465e-01	1.25129578966015e-02	-6.27745642844957e-05	3.03616704764431e-01	1.21723679879662e-02	-6.63547605057602e-05
3.27051233900467e-01	1.18293650329477e-02	-7.02494660484998e-05	3.49937867520253e-01	1.14828422228546e-02	-7.44965612209381e-05
3.72304920495117e-01	1.11315992715251e-02	-7.91397979720276e-05	3.94179559553889e-01	1.07743238016307e-02	-8.42299288457138e-05
4.15587927741926e-01	1.04095693002157e-02	-8.98260845401122e-05	4.36555265704271e-01	1.00357288495878e-02	-9.59974981928902e-05
4.57106031361764e-01	9.65100352378578e-03	-1.02825644046067e-04	4.77264019674279e-01	9.25336407666366e-03	-1.10406914640704e-04
4.97052484374058e-01	8.84050420465221e-03	-1.18856043669124e-04	5.16494263820895e-01	8.40978291908101e-03	-1.28310416740218e-04
5.35611913505030e-01	7.95815312630044e-03	-1.38935691584630e-04	5.54427848232865e-01	7.48207210070606e-03	-1.50933027033062e-04
5.72964497726660e-01	6.97738850264962e-03	-1.64548644641549e-04	5.91244480314726e-01	6.43919815001448e-03	-1.80086429927062e-04
6.09290800686021e-01	5.86165836024422e-03	-1.97924966254037e-04	6.27127079470354e-01	5.23774598654492e-03	-2.18540629754349e-04
6.44777824901690e-01	4.55893845735367e-03	-2.42539450485690e-04	6.62268760345550e-01	3.81478800878066e-03	-2.70701853111399e-04
6.79627226521030e-01	2.99234492056111e-03	-3.04046330505514e-04	6.96882684609258e-01	2.07536441657075e-03	-3.43922089841353e-04
7.14067357366510e-01	1.04319660699903e-03	-3.92146317945263e-04	7.31217061935724e-01	-1.30796458804094e-04	-4.51212912349952e-04
7.48372313784527e-01	-1.48154748660179e-03	-5.24618042002434e-04	7.65579822254377e-01	-3.05572730401193e-03	-6.17383638804148e-04
7.82894565718726e-01	-4.91702780427306e-03	-7.36929089190319e-04	8.00382749309290e-01	-7.15452816428708e-03	-8.94581184640808e-04
8.18126151983122e-01	-9.89643163397746e-03	-1.10831921982935e-03	8.36228748413013e-01	-1.33336129244689e-02	-1.40804782757464e-03
8.54827235398638e-01	-1.77620685078795e-02	-1.84644661233957e-03	8.74108656626005e-01	-2.36642551508418e-02	-2.52324612654298e-03
8.94341891812557e-01	-3.18769168972030e-02	-3.64567712796759e-03	9.15938839621990e-01	-4.39703602195483e-02	-5.70164287798947e-03
9.39587536519905e-01	-6.32062911046793e-02	-1.00599426937003e-02	9.66592765470626e-01	-9.82508104785125e-02	-2.07013338450153e-02
1.00000000000000e+00	0.00000000000000e+00	0.00000000000000e+00
44	2.88614044143009e+02	7.78071428571429e-01
0.00000000000000e+00	1.70171872175779e-02	-4.32874934710448e-05	3.42353429068658e-02	1.66047902310644e-02	-4.53225677869984e-05
6.73523350297544e-02	1.61998445859646e-02	-4.75178899110862e-05	9.94134751577682e-02	1.58013318281756e-02	-4.98764514942351e-05
1.30477185603450e-01	1.54082548771757e-02	-5.24148307587957e-05	1.60598177241506e-01	1.50196114822840e-02	-5.51517634441723e-05
1.89827780605596e-01	1.46343847649451e-02	-5.81084887882888e-05	2.18214247092336e-01	1.42515330588528e-02	-6.13091608523408e-05
2.45803024037120e-01	1.38699788128167e-02	-6.47813429164312e-05	2.72637007019867e-01	1.34885962679780e-02	-6.85565998572724e-05
2.98756772424698e-01	1.31061975799769e-02	-7.26712172844923e-05	3.24200793008379e-01	1.27215169666894e-02	-7.71670720716156e-05
3.49005639023233e-01	1.23331923888534e-02	-8.20927003584160e-05	3.73206167288264e-01	1.19397441236075e-02	-8.75046057604578e-05
3.96835700507195e-01	1.15395494612325e-02	-9.34688851681464e-05	4.19926199095841e-01	1.11308125048613e-02	-1.00063246717852e-04
4.42508427809463e-01	1.07115278011549e-02	-1.07379541198105e-04	4.64612119561960e-01	1.02794361657892e-02	-1.15526974287405e-04
4.86266139017081e-01	9.83197049675555e-03	-1.24636181537241e-04	5.07498648828618e-01	9.36618876092288e-03	-1.34864474894192e-04
5.28337281840547e-01	8.87869036368039e-03	-1.46402660412992e-04	5.48809323173524e-01	8.36551074958902e-03	-1.59483954748518e-04
5.68941906983241e-01	7.82198732037953e-03	-1.74395813297146e-04	5.88762233868792e-01	7.24258704055636e-03	-1.91495773666173e-04
6.08297816569311e-01	6.62068239901092e-03	-2.11233001715883e-04	6.27576763911415e-01	5.94825664787724e-03	-2.34177919485212e-04
6.46628116258815e-01	5.21551113141494e-03	-2.61063684134477e-04	6.65482250425913e-01	4.41033462148721e-03	-2.92845133564645e-04
6.84171378872026e-01	3.51757528132657e-03	-3.30784301906251e-04	7.02730178142705e-01	2.51802426980263e-03	-3.76576791337513e-04
7.21196596869185e-01	1.38697044239455e-03	-4.32543447145939e-04	7.39612917363565e-01	9.21001376178454e-05	-5.01928092276005e-04
7.58027182528310e-01	-1.40962687772728e-03	-5.89375122567848e-04	7.76495161420968e-01	-3.17675456001720e-03	-7.01720659522342e-04
7.95083131135499e-01	-5.29086199772189e-03	-8.49359360169055e-04	8.13871936300710e-01	-7.86887811331594e-03	-1.04871434921971e-03
8.32963126138611e-01	-1.10840766089377e-02	-1.32696198301985e-03	8.52488628399215e-01	-1.52037096343911e-02	-1.73169657011218e-03
8.72626790975941e-01	-2.06606278421775e-02	-2.35243819607356e-03	8.93630715456262e-01	-2.81999117063282e-02	-3.37390456217679e-03
9.15882539675472e-01	-3.92071655242067e-02	-5.22814685185780e-03	9.40009455386932e-01	-5.65268011502041e-02	-9.12468636394936e-03
9.67173688999512e-01	-8.75996281573991e-02	-1.86601383577987e-02	1.00000000000000e+00	0.00000000000000e+00	0.00000000000000e+00
40	2.88614044143009e+02	8.48714285714286e-01
0.00000000000000e+00	1.86637770852405e-02	-5.13639264494437e-05	3.79438358741707e-02	1.81705900512030e-02	-5.40205143149119e-05
7.45333859964519e-02	1.76871672097585e-02	-5.69005733332961e-05	1.09851134449930e-01	1.72120625427461e-02	-6.00170904547781e-05
1.43973711865221e-01	1.67438501246915e-02	-6.33966624128401e-05	1.76972465838279e-01	1.62810931417947e-02	-6.70697317171065e-05
2.08913973814005e-01	1.58223274023166e-02	-7.10712734015573e-05	2.39860506070645e-01	1.53660433986960e-02	-7.54416292354509e-05
2.69870445676495e-01	1.49106663989846e-02	-8.02275267597352e-05	2.98998671506038e-01	1.44545339380351e-02	-8.54833314143377e-05
3.27296909774974e-01	1.39958699327856e-02	-9.12725932373792e-05	3.54814059067427e-01	1.35327544653292e-02	-9.76699761581212e-05
3.81596493474589e-01	1.30630879932343e-02	-1.04763668342001e-04	4.07688348239651e-01	1.25845484461928e-02	-1.12658436164148e-04
4.33131792212484e-01	1.20945391491432e-02	-1.21479503846889e-04	4.57967291472135e-01	1.15901249193762e-02	-1.31377539353661e-04
4.82233868697425e-01	1.10679527869442e-02	-1.42535115044806e-04	5.05969363292737e-01	1.05241525991426e-02	-1.55175175681643e-04
5.29210697962395e-01	9.95421099432958e-03	-1.69572220619640e-04	5.51994158457106e-01	9.35280994293364e-03	-1.86067316908511e-04
5.74355694712345e-01	8.71361732369413e-03	-2.05088406469267e-04	5.96331253750721e-01	8.02901215662333e-03	-2.27178298693786e-04
6.17957157807423e-01	7.28971914383147e-03	-2.53033709874506e-04	6.39270545599531e-01	6.48431573720476e-03	-2.83560691505480e-04
6.60309901174855e-01	5.59855706445789e-03	-3.19954900633190e-04	6.81115704435352e-01	4.61443529114214e-03	-3.63820092858846e-04
7.01731252023199e-01	3.50884412193753e-03	-4.17347220412090e-04	7.22203719784360e-01	2.25164268562827e-03	-4.83592534463284e-04
7.42585573689349e-01	8.02780587493723e-04	-5.66921927100505e-04	7.62936494231191e-01	-8.92086303734274e-04	-6.73746445079004e-04
7.83326077303469e-01	-2.90849299966733e-03	-8.13787611282146e-04	8.03837746263894e-01	-5.35440693995404e-03	-1.00236026392553e-03
8.24574624686355e-01	-8.38933656596597e-03	-1.26472319257487e-03	8.45668728461377e-01	-1.22584557445257e-02	-1.64495413630683e-03
8.67296093515294e-01	-1.73572848683466e-02	-2.22563567339740e-03	8.89703267849131e-01	-2.43634874628801e-02	-3.17649057955682e-03
9.13257555562317e-01	-3.45302953241463e-02	-4.89312706525791e-03	9.38553073276109e-01	-5.04120492866275e-02	-8.48244884029881e-03
9.66671637626792e-01	-7.86082378806369e-02	-1.73068938737646e-02	1.00000000000000e+00	0.00000000000000e+00	0.00000000000000e+00
36	2.88614044143009e+02	9.19357142857143e-01
0.00000000000000e+00	2.06842648949470e-02	-6.21507783962194e-05	4.24689485194148e-02	2.00824665673529e-02	-6.57235983476667e-05
8.32657602973502e-02	1.94938493752992e-02	-6.96243101048211e-05	1.22502464192583e-01	1.89162716354006e-02	-7.38828900985755e-05
1.60282363694349e-01	1.83476099315976e-02	-7.85444888475872e-05	1.96700970544358e-01	1.77857170995013e-02	-8.36616075554630e-05
2.31846835541943e-01	1.72283915179823e-02	-8.92955830356090e-05	2.65802291717457e-01	1.66733431322215e-02	-9.55184329296532e-05
2.98644123224446e-01	1.61181549565692e-02	-1.02415168277359e-04	3.30444171693533e-01	1.55602384942553e-02	-1.10086711248014e-04
3.61269890553843e-01	1.49967810942084e-02	-1.18653606772989e-04	3.91184856928376e-01	1.44246826840397e-02	-1.28260784462819e-04
4.20249250134245e-01	1.38404785172634e-02	-1.39083725930966e-04	4.48520305573767e-01	1.32402434487875e-02	-1.51336530864299e-04
4.76052752919124e-01	1.26194716841126e-02	-1.65282586078508e-04	5.02899248033749e-01	1.19729236602841e-02	-1.81248822308966e-04
5.29110809143870e-01	1.12944285485750e-02	-1.99645049105523e-04	5.54737269541013e-01	1.05766260028786e-02	-2.20990492468154e-04
5.79827761826094e-01	9.81062380987541e-03	-2.45950826171182e-04	6.04431252807883e-01	8.98553722843287e-03	-2.75390653662777e-04
6.28597154295363e-01	8.08785940385737e-03	-3.10449374476107e-04	6.52376044214103e-01	7.10058578915795e-03	-3.52653010032178e-04
6.75820546441280e-01	6.00197337780028e-03	-4.04083015065781e-04	6.98986439353132e-01	4.76374484980768e-03	-4.67637716234703e-04
7.21934097267526e-01	3.34842728725593e-03	-5.47449472609207e-04	7.44730424585711e-01	1.70530126034119e-03	-6.49573250944169e-04
7.67451535910954e-01	-2.35957128296049e-04	-7.83168995275974e-04	7.90186598577287e-01	-2.57561515804916e-03	-9.62628202721083e-04
8.13043551800672e-01	-5.46140807541751e-03	-1.21161600906738e-03	8.36157989729413e-01	-9.11973850607695e-03	-1.57128913758164e-03
8.59707671300924e-01	-1.39145973058613e-02	-2.11846239437152e-03	8.83937729141959e-01	-2.04671119183838e-02	-3.01032553695357e-03
9.09208048186999e-01	-2.99203297179240e-02	-4.61155946731662e-03	9.36092173627515e-01	-4.45894098054841e-02	-7.93807728624141e-03
9.65617148109449e-01	-7.03845121043400e-02	-1.61022041469612e-02	1.00000000000000e+00	0.00000000000000e+00	0.00000000000000e+00
33	2.88614044143009e+02	9.90000000000000e-01
0.00000000000000e+00	2.24976950381937e-02	-7.22806043973456e-05	4.66485511778677e-02	2.17906689643281e-02	-7.68041362646521e-05
9.13075133933981e-02	2.11005158677871e-02	-8.17760034008685e-05	1.34120840690764e-01	2.04242905933558e-02	-8.72471360169325e-05
1.75220396394571e-01	1.97590643364089e-02	-9.32867181289154e-05	2.14727347847427e-01	1.91018659817148e-02	-9.99763497591122e-05
2.52753396346384e-01	1.84496312753677e-02	-1.07412820407049e-04	2.89401868696532e-01	1.77991457069202e-02	-1.15711633053239e-04
3.24768693278825e-01	1.71469785383167e-02	-1.25011521967311e-04	3.58943280667463e-01	1.64894046971105e-02	-1.35480294082946e-04
3.92009326718252e-01	1.58223102514135e-02	-1.47322460335664e-04	4.24045554626939e-01	1.51410757442352e-02	-1.60789311656417e-04
4.55126411717777e-01	1.44404296073284e-02	-1.76192375160422e-04	4.85322736715281e-01	1.37142609065264e-02	-1.93921613635517e-04
5.14702414094532e-01	1.29553763196824e-02	-2.14470384468202e-04	5.43331034014642e-01	1.21551797437260e-02	-2.38470173872019e-04
5.71272579680412e-01	1.13032431622735e-02	-2.66739764192447e-04	5.98590169341411e-01	1.03867222147134e-02	-3.00356090420228e-04
6.25346888492177e-01	9.38954613567877e-03	-3.40758495534166e-04	6.51606760770228e-01	8.29127314696110e-03	-3.89905616931641e-04
6.77435926231933e-01	7.06543872186716e-03	-4.50517687516028e-04	7.02904127723754e-01	5.67711523821091e-03	-5.26461849256865e-04
7.28086658156679e-01	4.07920930808658e-03	-6.23385713551361e-04	7.53067008774529e-01	2.20667127775176e-03	-7.49800693732761e-04
7.77940610158539e-01	-3.28831529632367e-05	-9.19020748474386e-04	8.02820332858307e-01	-2.77499550263982e-03	-1.15282650396709e-03
8.27844940199501e-01	-6.22638128351594e-03	-1.48886426115968e-03	8.53192754745332e-01	-1.07175004402197e-02	-1.99686830799162e-03
8.79105147064253e-01	-1.68083952219870e-02	-2.81818770454878e-03	9.05930134751617e-01	-2.55208996985941e-02	-4.27668711099383e-03
9.34211987448511e-01	-3.89024735561357e-02	-7.25904738638095e-03	9.64903906794834e-01	-6.21148248260536e-02	-1.43964191060184e-02
1.00000000000000e+00	0.00000000000000e+00	0.00000000000000e+00
