121	5.77969288415331e+04	1.00000000000000e-03
0.00000000000000e+00	7.14479596267914e-03	-6.32372851061547e-06	1.16028284984283e-02	7.07535793170777e-03	-6.37600794473059e-06
2.30426227458257e-02	7.00665552890323e-03	-6.48735448249838e-06	3.43232232616488e-02	6.93857747999282e-03	-6.60163526688962e-06
4.54483601027942e-02	6.87109719057011e-03	-6.71895445880644e-06	5.64216567519288e-02	6.80418836488905e-03	-6.83942079349187e-06
6.72466341533184e-02	6.73782497129838e-03	-6.96314748260818e-06	7.79267145770768e-02	6.67198120965673e-03	-7.09025368172966e-06
8.84652253207798e-02	6.60663147399521e-03	-7.22086175986014e-06	9.88654022569095e-02	6.54175032607363e-03	-7.35510291982600e-06
1.09130393234064e-01	6.47731245350136e-03	-7.49311223757765e-06	1.19263261339541e-01	6.41329264087220e-03	-7.63503181389069e-06
1.29266988030390e-01	6.34966573362905e-03	-7.78101040865842e-06	1.39144476139694e-01	6.28640660396562e-03	-7.93120438524753e-06
1.48898552764515e-01	6.22349011575274e-03	-8.08577757038798e-06	1.58531972041544e-01	6.16089108433848e-03	-8.24489942918838e-06
1.68047417816257e-01	6.09858425360521e-03	-8.40875393648410e-06	1.77447506210981e-01	6.03654423509203e-03	-8.57752537308798e-06
1.86734788097210e-01	5.97474549649513e-03	-8.75141562639570e-06	1.95911751476958e-01	5.91316230287542e-03	-8.93063277307427e-06
2.04980823778014e-01	5.85176868227855e-03	-9.11539550685347e-06	2.13944374067545e-01	5.79053838454335e-03	-9.30593476478059e-06
2.22804715188337e-01	5.72944483698712e-03	-9.50249353581789e-06	2.31564105821827e-01	5.66846109521446e-03	-9.70532576483052e-06
2.40224752481859e-01	5.60755980733485e-03	-9.91470432820662e-06	2.48788811442909e-01	5.54671314778421e-03	-1.01309110975834e-05
2.57258390606499e-01	5.48589277730427e-03	-1.03542458855799e-05	2.65635551309218e-01	5.42506978284973e-03	-1.05850232605675e-05
2.73922310075785e-01	5.36421463178538e-03	-1.08235816291824e-05	2.82120640320359e-01	5.30329709003219e-03	-1.10702698759013e-05
2.90232473999378e-01	5.24228617709266e-03	-1.13254611913138e-05	2.98259703218871e-01	5.18115009330500e-03	-1.15895506860308e-05
3.06204181799324e-01	5.11985614734867e-03	-1.18629563568007e-05	3.14067726801025e-01	5.05837068298165e-03	-1.21461220661256e-05
3.21852120012731e-01	4.99665899156154e-03	-1.24395152660828e-05	3.29559109406545e-01	4.93468522589624e-03	-1.27436281320836e-05
3.37190410561759e-01	4.87241233860125e-03	-1.30589996432118e-05	3.44747708060369e-01	4.80980192854163e-03	-1.33861812952052e-05
3.52232656857233e-01	4.74681418972223e-03	-1.37257747021557e-05	3.59646883627376e-01	4.68340775673504e-03	-1.40784064714961e-05
3.66991988093436e-01	4.61953963940975e-03	-1.44447670800130e-05	3.74269544335824e-01	4.55516500692532e-03	-1.48255583882761e-05
3.81481102088783e-01	4.49023713571095e-03	-1.52215534501288e-05	3.88628188024830e-01	4.42470721834565e-03	-1.56335738588087e-05
3.95712307030847e-01	4.35852419924276e-03	-1.60624927820763e-05	4.02734943478794e-01	4.29163460495396e-03	-1.65092435016057e-05
4.09697562494186e-01	4.22398235695676e-03	-1.69748257690117e-05	4.16601611225652e-01	4.15550856099345e-03	-1.74603086195990e-05
4.23448520119014e-01	4.08615128779499e-03	-1.79668389557186e-05	4.30239704199511e-01	4.01584533896049e-03	-1.84956540774106e-05
4.36976564365969e-01	3.94452197678330e-03	-1.90480854311836e-05	4.43660488701015e-01	3.87210857058662e-03	-1.96255240434429e-05
4.50292853801798e-01	3.79852842841610e-03	-2.02295247213602e-05	4.56875026135388e-01	3.72370034982805e-03	-2.08617490093932e-05
4.63408363424368e-01	3.64753817608143e-03	-2.15239283420932e-05	4.69894216067973e-01	3.56995064422350e-03	-2.22180503481884e-05
4.76333928603848e-01	3.49084056006532e-03	-2.29461284697585e-05	4.82728841218172e-01	3.41010464850444e-03	-2.37104452500692e-05
4.89080291309550e-01	3.32763283818527e-03	-2.45134599032859e-05	4.95389615115371e-01	3.24330754312219e-03	-2.53577546787120e-05
5.01658149408888e-01	3.15700328658530e-03	-2.62462461817492e-05	5.07887233275432e-01	3.06858576054103e-03	-2.71820800368250e-05
5.14078209978975e-01	2.97791098731603e-03	-2.81686452145991e-05	5.20232428930055e-01	2.88482447865013e-03	-2.92096514311613e-05
5.26351247767521e-01	2.78916024447740e-03	-3.03091788322885e-05	5.32436034568329e-01	2.69073961704436e-03	-3.14716871967491e-05
5.38488170201353e-01	2.58936999327597e-03	-3.27020642043596e-05	5.44509050842900e-01	2.48484342382671e-03	-3.40056775054443e-05
5.50500090673993e-01	2.37693503182346e-03	-3.53884355919210e-05	5.56462724782042e-01	2.26540123078789e-03	-3.68568532471691e-05
5.62398412292625e-01	2.14997771863223e-03	-3.84181284598384e-05	5.68308639760504e-01	2.03037721399824e-03	-4.00802312829907e-05
5.74194924853183e-01	1.90628689718442e-03	-4.18520089022767e-05	5.80058820364991e-01	1.77736550882002e-03	-4.37433073281479e-05
5.85901918605343e-01	1.64323996514470e-03	-4.57650584819724e-05	5.91725856211502e-01	1.50350161165180e-03	-4.79294575506106e-05
5.97532319443582e-01	1.35770198255902e-03	-5.02501987753590e-05	6.03323050028786e-01	1.20534784102189e-03	-5.27426894205707e-05
6.09099851633003e-01	1.04589548676648e-03	-5.54243103909613e-05	6.14864597050670e-01	8.78743849529018e-04	-5.83145039436683e-05
6.20619236220014e-01	7.03227076291890e-04	-6.14352701273635e-05	6.26365805187766e-01	5.18605999962674e-04	-6.48118123665054e-05
6.32106436170725e-01	3.24057584325965e-04	-6.84729049023058e-05	6.37843368890164e-01	1.18662161422423e-04	-7.24510742871054e-05
6.43578963388171e-01	-9.86102829980684e-05	-7.67836880322115e-05	6.49315714572721e-01	-3.28916458266160e-04	-8.15141665677643e-05
6.55056268790793e-01	-5.73560309988563e-04	-8.66926930582768e-05	6.60803442793053e-01	-8.34017682682986e-04	-9.23769807772423e-05
6.66560245529757e-01	-1.11196368948385e-03	-9.86346873330657e-05	6.72329903310415e-01	-1.40930713474841e-03	-1.05545422283360e-04
6.78115888988741e-01	-1.72823274501310e-03	-1.13202907843446e-04	6.83921955989546e-01	-2.07125245318629e-03	-1.21717838718283e-04
6.89752178193455e-01	-2.44126738911998e-03	-1.31222136708020e-04	6.95610996952887e-01	-2.84164452349378e-03	-1.41874332923120e-04
7.01503276851877e-01	-3.27631315551036e-03	-1.53865755116556e-04	7.07434372268728e-01	-3.74988533039611e-03	-1.67428993198770e-04
7.13410207388336e-01	-4.26780812533578e-03	-1.82849046291622e-04	7.19437373105558e-01	-4.83655809366379e-03	-2.00478090375933e-04
7.25523245340024e-01	-5.46389197191433e-03	-2.20755287859697e-04	7.31676130768028e-01	-6.15917307552016e-03	-2.44233907738645e-04
7.37905448049154e-01	-6.93380056988746e-03	-2.71619347194330e-04	7.44221955559270e-01	-7.80178888708827e-03	-3.03818003292378e-04
7.50638040882434e-01	-8.78054058484679e-03	-3.42014571014904e-04	7.57168093474860e-01	-9.89191388435862e-03	-3.87780015713268e-04
7.63828991197469e-01	-1.11637225266543e-02	-4.43225462292141e-04	7.70640745561080e-01	-1.26318576020702e-02	-5.11243631775349e-04
7.77627372612095e-01	-1.43433729875636e-02	-5.95880614299382e-04	7.84818091980271e-01	-1.63610783767408e-02	-7.02923447369885e-04
7.92249015588313e-01	-1.87705564991915e-02	-8.40858465061878e-04	7.99965588758802e-01	-2.16911611900044e-02	-1.02251937070541e-03
8.08026227175600e-01	-2.52939408516863e-02	-1.26796049770261e-03	8.16507931497903e-01	-2.98318922309435e-02	-1.60976181630224e-03
8.25515328827319e-01	-3.56933828543829e-02	-2.10325169129000e-03	8.35195994232677e-01	-4.35015659518527e-02	-2.84703006537779e-03
8.45768091668466e-01	-5.43107677447362e-02	-4.02529861053802e-03	8.57574295047124e-01	-7.00233256220176e-02	-5.98919733910797e-03
8.71197926735706e-01	-9.43615533986532e-02	-9.31202533184128e-03	8.87746247390884e-01	-1.35507186998607e-01	-1.34591795861998e-02
9.09642331505193e-01	-2.10633829710508e-01	-3.59419865296640e-03	9.42826386612908e-01	-2.22183661297432e-01	-3.65139083261643e-02
1.00000000000000e+00	0.00000000000000e+00	0.00000000000000e+00
92	5.77969288415331e+04	7.16428571428571e-02
0.00000000000000e+00	9.38216124403035e-03	-1.09230481271094e-05	1.54176320996765e-02	9.26255208132520e-03	-1.11313999480167e-05
3.05522732161290e-02	9.14445756451387e-03	-1.13894308004792e-05	4.54126271824434e-02	9.02773629730547e-03	-1.16565148480241e-05
6.00070718921123e-02	8.91230963235645e-03	-1.19330805226081e-05	7.43436751338747e-02	8.79809994938219e-03	-1.22195801550706e-05
8.84302098495475e-02	8.68503048527258e-03	-1.25164949345002e-05	1.02274168556443e-01	8.57302515696468e-03	-1.28243350272506e-05
1.15882776990883e-01	8.46200838761102e-03	-1.31436422985409e-05	1.29263007025242e-01	8.35190492916427e-03	-1.34749917630739e-05
1.42421588907295e-01	8.24263968655492e-03	-1.38189956877532e-05	1.55365022867247e-01	8.13413753508829e-03	-1.41763055978572e-05
1.68099590134791e-01	8.02632313652474e-03	-1.45476163406766e-05	1.80631363405687e-01	7.91912074174372e-03	-1.49336652062182e-05
1.92966216794848e-01	7.81245400699326e-03	-1.53352440297461e-05	2.05109835310450e-01	7.70624577387302e-03	-1.57531932756250e-05
2.17067723881674e-01	7.60041786839549e-03	-1.61884142853008e-05	2.28845215970479e-01	7.49489087093269e-03	-1.66418698390736e-05
2.40447481796289e-01	7.38958388069588e-03	-1.71145891600943e-05	2.51879536200733e-01	7.28441427824777e-03	-1.76076806344128e-05
2.63146246178173e-01	7.17929744377233e-03	-1.81223265822705e-05	2.74252338096597e-01	7.07414649005456e-03	-1.86597989753068e-05
2.85202404632117e-01	6.96887196102280e-03	-1.92214662253498e-05	2.96000911439454e-01	6.86338150922228e-03	-1.98088012328679e-05
3.06652203579910e-01	6.75757953659262e-03	-2.04233826250899e-05	3.17160511727596e-01	6.65136685453627e-03	-2.10669268689845e-05
3.27529958173921e-01	6.54464023169599e-03	-2.17412696830177e-05	3.37764562650259e-01	6.43729200470222e-03	-2.24484111959189e-05
3.47868247987823e-01	6.32920956114602e-03	-2.31905059655535e-05	3.57844845634126e-01	6.22027483409382e-03	-2.39698902695373e-05
3.67698101044916e-01	6.11036372559348e-03	-2.47890975786369e-05	3.77431678970771e-01	5.99934548001224e-03	-2.56508798923694e-05
3.87049168657699e-01	5.88708201627064e-03	-2.65582455887259e-05	3.96554088981433e-01	5.77342708615025e-03	-2.75144344072942e-05
4.05949893536110e-01	5.65822556540962e-03	-2.85230324494901e-05	4.15239975697805e-01	5.54131237159416e-03	-2.95879100433716e-05
4.24427673685959e-01	5.42251153419349e-03	-3.07133283254934e-05	4.33516275645378e-01	5.30163500035230e-03	-3.19039566338830e-05
4.42509024774226e-01	5.17848133821475e-03	-3.31649162323977e-05	4.51409124524835e-01	5.05283430186099e-03	-3.45018404224184e-05
4.60219743906471e-01	4.92446122415324e-03	-3.59209446996189e-05	4.68944022921920e-01	4.79311118862102e-03	-3.74290934068711e-05
4.77585078173099e-01	4.65851290562314e-03	-3.90338356530684e-05	4.86146008674818e-01	4.52037260002114e-03	-4.07436338227818e-05
4.94629901919403e-01	4.37837107299099e-03	-4.25677722404316e-05	5.03039840242505e-01	4.23216108042235e-03	-4.45167201534868e-05
5.11378907543469e-01	4.08136352386079e-03	-4.66020153913060e-05	5.19650196425208e-01	3.92556394331556e-03	-4.88366835504905e-05
5.27856815823254e-01	3.76430784969206e-03	-5.12353021586698e-05	5.36001899208101e-01	3.59709560873789e-03	-5.38142421278032e-05
5.44088613455634e-01	3.42337657153169e-03	-5.65919731787545e-05	5.52120168496279e-01	3.24254224249909e-03	-5.95893997108465e-05
5.60099827872132e-01	3.05391831006641e-03	-6.28302378937740e-05	5.68030920353712e-01	2.85675538589891e-03	-6.63414860073708e-05
5.75916852794819e-01	2.65021814121780e-03	-7.01539720138200e-05	5.83761124437163e-01	2.43337254556208e-03	-7.43030172503101e-05
5.91567342916633e-01	2.20517084843075e-03	-7.88292683613356e-05	5.99339242272679e-01	1.96443378543920e-03	-8.37797170962773e-05
6.07080703323692e-01	1.70982936340947e-03	-8.92089356843151e-05	6.14795776847753e-01	1.43984704114364e-03	-9.51803207920321e-05
6.22488710104796e-01	1.15276745550785e-03	-1.01768171016703e-04	6.30163977353844e-01	8.46625683416535e-04	-1.09060209608103e-04
6.37826315173715e-01	5.19165180410175e-04	-1.17159871382944e-04	6.45480763594391e-01	1.67782836764330e-04	-1.26190212160315e-04
6.53132714291798e-01	-2.10538363408785e-04	-1.36299188290945e-04	6.60787967428106e-01	-6.19316044673912e-04	-1.47664438151285e-04
6.68452799158035e-01	-1.06267362204704e-03	-1.60501811113489e-04	6.76134042376497e-01	-1.54547392080351e-03	-1.75076024129917e-04
6.83839184053768e-01	-2.07349235920562e-03	-1.91712868578220e-04	6.91576483542730e-01	-2.65363623194859e-03	-2.10818058279161e-04
6.99355117643760e-01	-3.29423081432001e-03	-2.32902227809362e-04	7.07185360189010e-01	-4.00539767634855e-03	-2.58614110884459e-04
7.15078806684685e-01	-4.79955740201110e-03	-2.88787875819096e-04	7.23048658517104e-01	-5.69210854037061e-03	-3.24510507957010e-04
7.31110087024404e-01	-6.70235911860040e-03	-3.67219071525815e-04	7.39280706349049e-01	-7.85482653327485e-03	-4.18843750414233e-04
7.47581197065471e-01	-9.18108277221252e-03	-4.82024861476305e-04	7.56036142908888e-01	-1.07224281392733e-02	-5.60450544122348e-04
7.64675175409357e-01	-1.25338742815175e-02	-6.59385136000168e-04	7.73534574750062e-01	-1.46901898825431e-02	-7.86555656208332e-04
7.82659566176109e-01	-1.72954182669423e-02	-9.53648349029557e-04	7.92107712837005e-01	-2.04983349086725e-02	-1.17898328369193e-03
8.01954105424222e-01	-2.45186072228950e-02	-1.49251121717153e-03	8.12299635561564e-01	-2.96931689116432e-02	-1.94571794008813e-03
8.23284864595407e-01	-3.65631219709392e-02	-2.63261852540753e-03	8.35114763925349e-01	-4.60478544224042e-02	-3.73779575799627e-03
8.48106475602953e-01	-5.98235882717063e-02	-5.65564026619136e-03	8.62791548546567e-01	-8.12388384235377e-02	-9.29960415628428e-03
8.80167640118317e-01	-1.17958649437575e-01	-1.66459039480005e-02	9.02450618937189e-01	-1.94024509880423e-01	-2.35027534239010e-02
9.35905473199998e-01	-3.38655863483463e-01	2.14000290480301e-02	1.00000000000000e+00	0.00000000000000e+00	0.00000000000000e+00
109	5.77969288415331e+04	1.42285714285714e-01
0.00000000000000e+00	7.86879385014472e-03	-7.71264330912125e-06	1.31447117306461e-02	7.78447249982284e-03	-7.81308455710672e-06
2.60863556106623e-02	7.70108470091690e-03	-7.96455304130639e-06	3.88301938142941e-02	7.61852053945433e-03	-8.12045809217565e-06
5.13813222293224e-02	7.53674075445332e-03	-8.28097411820217e-06	6.37446771148697e-02	7.45570654353012e-03	-8.44628485929810e-06
7.59250417412342e-02	7.37537949996692e-03	-8.61658288586753e-06	8.79270527208845e-02	7.29572155181857e-03	-8.79207031756479e-06
9.97552060482870e-02	7.21669490116827e-03	-8.97295963442346e-06	1.11413862865167e-01	7.13826196274803e-03	-9.15947423396624e-06
1.22907254966815e-01	7.06038530465847e-03	-9.35185062145294e-06	1.34239490064096e-01	6.98302758006641e-03	-9.55033522598292e-06
1.45414556815033e-01	6.90615147043427e-03	-9.75518926638053e-06	1.56436329638920e-01	6.82971961881607e-03	-9.96668793451505e-06
1.67308573325307e-01	6.75369456396768e-03	-1.01851210410064e-05	1.78034947449437e-01	6.67803867594285e-03	-1.04107956999666e-05
1.88619010605097e-01	6.60271407867552e-03	-1.06440319329604e-05	1.99064224465312e-01	6.52768259612202e-03	-1.08851748712446e-05
2.09373957680630e-01	6.45290565600898e-03	-1.11345813897934e-05	2.19551489624472e-01	6.37834423432437e-03	-1.13926348364046e-05
2.29600013994288e-01	6.30395876364465e-03	-1.16597386328188e-05	2.39522642277079e-01	6.22970905268505e-03	-1.19363194988065e-05
2.49322407087298e-01	6.15555420139491e-03	-1.22228304775263e-05	2.59002265384850e-01	6.08145251198411e-03	-1.25197542846234e-05
2.68565101580560e-01	6.00736137493652e-03	-1.28275939510480e-05	2.78013730536273e-01	5.93323720512906e-03	-1.31468992030648e-05
2.87350900466231e-01	5.85903528473741e-03	-1.34782370735387e-05	2.96579295746584e-01	5.78470969284828e-03	-1.38222226346851e-05
3.05701539639130e-01	5.71021316084241e-03	-1.41795069492634e-05	3.14720196935687e-01	5.63549694589893e-03	-1.45507821180946e-05
3.23637776529053e-01	5.56051069463348e-03	-1.49367859756389e-05	3.32456733916487e-01	5.48520229457128e-03	-1.53383055732093e-05
3.41179473641531e-01	5.40951772368881e-03	-1.57561866984679e-05	3.49808351679890e-01	5.33340085774814e-03	-1.61913243454936e-05
3.58345677775171e-01	5.25679330136075e-03	-1.66446773595119e-05	3.66793717730067e-01	5.17963420054102e-03	-1.71172809617648e-05
3.75154695658703e-01	5.10186000340052e-03	-1.76102368292241e-05	3.83430796206009e-01	5.02340422866276e-03	-1.81247202655221e-05
3.91624166739902e-01	4.94419724605710e-03	-1.86620083826305e-05	3.99736919522167e-01	4.86416596682449e-03	-1.92234651543721e-05
4.07771133864340e-01	4.78323355644372e-03	-1.98105573081531e-05	4.15728858274836e-01	4.70131911110139e-03	-2.04248651185512e-05
4.23612112603932e-01	4.61833729983185e-03	-2.10680914483063e-05	4.31422890193543e-01	4.53419797801935e-03	-2.17420750268094e-05
4.39163160039050e-01	4.44880577915807e-03	-2.24488150835089e-05	4.46834868970849e-01	4.36205959896041e-03	-2.31904547258743e-05
4.54439943864032e-01	4.27385209661768e-03	-2.39693072829894e-05	4.61980293884857e-01	4.18406923673764e-03	-2.47879446710897e-05
4.69457812783262e-01	4.09258941106549e-03	-2.56490534638054e-05	4.76874381242639e-01	3.99928308515696e-03	-2.65556766969599e-05
4.84231869296632e-01	3.90401171439336e-03	-2.75110323069150e-05	4.91532138826835e-01	3.80662708241708e-03	-2.85186634674250e-05
4.98777046153677e-01	3.70697035724254e-03	-2.95824707068348e-05	5.05968444735832e-01	3.60487095199802e-03	-3.07066908071807e-05
5.13108187994913e-01	3.50014538315468e-03	-3.18959581386835e-05	5.20198132283580e-01	3.39259599957531e-03	-3.31553777024318e-05
5.27240140017604e-01	3.28200949215129e-03	-3.44905646110227e-05	5.34236082995125e-01	3.16815523990943e-03	-3.59077021891974e-05
5.41187845929064e-01	3.05078346072696e-03	-3.74136163796557e-05	5.48097330222067e-01	2.92962312573275e-03	-3.90158613221558e-05
5.54966458017281e-01	2.80437958693613e-03	-4.07228085086420e-05	5.61797176562977e-01	2.67473186268763e-03	-4.25437331257328e-05
5.68591462934401e-01	2.54032963405693e-03	-4.44889677344573e-05	5.75351329162367e-01	2.40078981047387e-03	-4.65700725695850e-05
5.82078827825767e-01	2.25569258842295e-03	-4.88000224536655e-05	5.88776058173996e-01	2.10457659259200e-03	-5.11932002744686e-05
5.95445172856536e-01	1.94693399137824e-03	-5.37658543739994e-05	6.02088385347159e-01	1.78220469068036e-03	-5.65365184315159e-05
6.08707978166853e-01	1.60976844152327e-03	-5.95257313020792e-05	6.15306312029678e-01	1.42893778420539e-03	-6.27571067457477e-05
6.21885836050567e-01	1.23894823900295e-03	-6.62575464234205e-05	6.28449099187423e-01	1.03894653886649e-03	-7.00573074414734e-05
6.34998763119428e-01	8.27979495534592e-04	-7.41918697049204e-05	6.41537616795787e-01	6.04976042381411e-04	-7.87009740794709e-05
6.48068592952156e-01	3.68732338119848e-04	-8.36317177994594e-05	6.54594786928380e-01	1.17886708143944e-04	-8.90374298270213e-05
6.61119478221582e-01	-1.49102539457768e-04	-9.49815147972544e-05	6.67646155270357e-01	-4.33991687170843e-04	-1.01536903752475e-04
6.74178544111875e-01	-7.38785746731252e-04	-1.08790530104486e-04	6.80720641669440e-01	-1.06578697377968e-03	-1.16844232701085e-04
6.87276754643235e-01	-1.41764870410321e-03	-1.25819649826830e-04	6.93851545193329e-01	-1.79744462842057e-03	-1.35862458534364e-04
7.00450084932146e-01	-2.20875601570969e-03	-1.47147009711635e-04	7.07077919150658e-01	-2.65577427319019e-03	-1.59886740179083e-04
7.13741143727765e-01	-3.14344138799794e-03	-1.74340295103326e-04	7.20446497932168e-01	-3.67761712924863e-03	-1.90827468395716e-04
7.27201477262163e-01	-4.26530009758008e-03	-2.09746240264375e-04	7.34014471843350e-01	-4.91491536330502e-03	-2.31595433719090e-04
7.40894937757296e-01	-5.63668944841800e-03	-2.57007664092201e-04	7.47853611287965e-01	-6.44314869119911e-03	-2.86795265838302e-04
7.54902779824515e-01	-7.34979222608145e-03	-3.22014226013634e-04	7.62056628614841e-01	-8.37601157963874e-03	-3.64056703265891e-04
7.69331690644695e-01	-9.54637141487558e-03	-4.14785148008745e-04	7.76747439166269e-01	-1.08924109982822e-02	-4.76741161931304e-04
7.84327081344101e-01	-1.24552649655892e-02	-5.53453191719511e-04	7.92098641741907e-01	-1.42895091513329e-02	-6.49940021415052e-04
8.00096473758769e-01	-1.64690115720834e-02	-7.73513784625868e-04	8.08363421059586e-01	-1.90960392498216e-02	-9.35146721029900e-04
8.16953998580362e-01	-2.23159222740935e-02	-1.15187886539436e-03	8.25939234356218e-01	-2.63416463983359e-02	-1.45120998752857e-03
8.35414340172804e-01	-3.14968404864855e-02	-1.87962772367967e-03	8.45511464248848e-01	-3.82950136261131e-02	-2.52007858115677e-03
8.56422187458030e-01	-4.75949169369999e-02	-3.52998431502738e-03	8.68440271356286e-01	-6.09286078853077e-02	-5.22806223885675e-03
8.82051035677920e-01	-8.12635913565611e-02	-8.28262144660141e-03	8.98143227102481e-01	-1.15067158043985e-01	-1.37905846552915e-02
9.18600629327652e-01	-1.79940964264555e-01	-1.71166234691753e-02	9.48250667599366e-01	-2.90872284979082e-01	1.66554006583276e-02
1.00000000000000e+00	0.00000000000000e+00	0.00000000000000e+00
121	5.77969288415331e+04	2.12928571428571e-01
0.00000000000000e+00	7.04760952338046e-03	-6.20590226874107e-06	1.19610254637743e-02	6.97987592801419e-03	-6.26195971786814e-06
2.37562358826387e-02	6.91283950237764e-03	-6.37065598896314e-06	3.53894893481888e-02	6.84639970601686e-03	-6.48220015397882e-06
4.68645344444661e-02	6.78053113257904e-03	-6.59669300051569e-06	5.81850140771003e-02	6.71520864633002e-03	-6.71423872233845e-06
6.93544694279761e-02	6.65040735235012e-03	-6.83494656006367e-06	8.03763437440108e-02	6.58610256461967e-03	-6.95893096636091e-06
9.12539859686029e-02	6.52226977361736e-03	-7.08631143209182e-06	1.01990654223835e-01	6.45888461560351e-03	-7.21721344532078e-06
1.12589519151066e-01	6.39592283661772e-03	-7.35176611521560e-06	1.23053667117155e-01	6.33336026992493e-03	-7.49010867950872e-06
1.33386103293128e-01	6.27117279033951e-03	-7.63238221668239e-06	1.43589754611836e-01	6.20933629394660e-03	-7.77873813229135e-06
1.53667472610685e-01	6.14782665746461e-03	-7.92933377136151e-06	1.63622036165321e-01	6.08661970595725e-03	-8.08433387700092e-06
1.73456154119816e-01	6.02569117863272e-03	-8.24391129650159e-06	1.83172467818592e-01	5.96501669592930e-03	-8.40824907188953e-06
1.92773553545133e-01	5.90457171641989e-03	-8.57753661143157e-06	2.02261924872256e-01	5.84433150678776e-03	-8.75197502647751e-06
2.11640034928486e-01	5.78427109755730e-03	-8.93177408878287e-06	2.20910278584897e-01	5.72436525036646e-03	-9.11715753737496e-06
2.30074994566561e-01	5.66458840560458e-03	-9.30835674473052e-06	2.39136467492630e-01	5.60491464813606e-03	-9.50561717139031e-06
2.48096929848809e-01	5.54531766044408e-03	-9.70919792253611e-06	2.56958563895918e-01	5.48577067455391e-03	-9.91937189120939e-06
2.65723503518062e-01	5.42624641916301e-03	-1.01364243088042e-05	2.74393836013823e-01	5.36671707523162e-03	-1.03606583803373e-05
2.82971603833700e-01	5.30715422575900e-03	-1.05923989326406e-05	2.91458806267011e-01	5.24752876921863e-03	-1.08319746663366e-05
2.99857401081393e-01	5.18781090911102e-03	-1.10797515522343e-05	3.08169306117704e-01	5.12797004146237e-03	-1.13361028089010e-05
3.16396400843500e-01	5.06797471213338e-03	-1.16014264528452e-05	3.24540527867747e-01	5.00779254682349e-03	-1.18761480281115e-05
3.32603494419631e-01	4.94739016435486e-03	-1.21607156040593e-05	3.40587073794261e-01	4.88673309836019e-03	-1.24556035310253e-05
3.48493006767952e-01	4.82578571199621e-03	-1.27613153662054e-05	3.56323002985798e-01	4.76451110640497e-03	-1.30783867235973e-05
3.64078742324233e-01	4.70287102698608e-03	-1.34073910769139e-05	3.71761876231263e-01	4.64082573055880e-03	-1.37489250995326e-05
3.79374029047156e-01	4.57833390364226e-03	-1.41036322585109e-05	3.86916799308192e-01	4.51535254769753e-03	-1.44722107424666e-05
3.94391761036283e-01	4.45183677548622e-03	-1.48553702696841e-05	4.01800465017516e-01	4.38773977962836e-03	-1.52539071405222e-05
4.09144440072054e-01	4.32301258759615e-03	-1.56686486787461e-05	4.16425194318870e-01	4.25760391956898e-03	-1.61004726104697e-05
4.23644216438145e-01	4.19146005187265e-03	-1.65503392486333e-05	4.30802976934470e-01	4.12452457513801e-03	-1.70192655404300e-05
4.37902929404436e-01	4.05673819558516e-03	-1.75083382576435e-05	4.44945511812015e-01	3.98803851333152e-03	-1.80187246165975e-05
4.51932147775438e-01	3.91835977402311e-03	-1.85516792023943e-05	4.58864247869559e-01	3.84763259496590e-03	-1.91085494425369e-05
4.65743210947906e-01	3.77578366722187e-03	-1.96907822014314e-05	4.72570425488925e-01	3.70273543531763e-03	-2.02999344136590e-05
4.79347270971239e-01	3.62840575669110e-03	-2.09376911983750e-05	4.86075119283127e-01	3.55270753075621e-03	-2.16058872366531e-05
4.92755336171843e-01	3.47554817037521e-03	-2.23064511515325e-05	4.99389282739226e-01	3.39682926551954e-03	-2.30415038144915e-05
5.05978316989760e-01	3.31644610481807e-03	-2.38133960916986e-05	5.12523795438643e-01	3.23428680638860e-03	-2.46245276303014e-05
5.19027074788666e-01	3.15023222571620e-03	-2.54777131953876e-05	5.25489513682998e-01	3.06415461119802e-03	-2.63757765606165e-05
5.31912474546232e-01	2.97591754975768e-03	-2.73220384807704e-05	5.38297325521699e-01	2.88537444124026e-03	-2.83199006170243e-05
5.44645442520098e-01	2.79236805334837e-03	-2.93732014469139e-05	5.50958211390516e-01	2.69672935534482e-03	-3.04861744739870e-05
5.57237030230216e-01	2.59827608365826e-03	-3.16633147028345e-05	5.63483311850502e-01	2.49681177896077e-03	-3.29096498832282e-05
5.69698486416485e-01	2.39212422462187e-03	-3.42307287961585e-05	5.75884004283199e-01	2.28398373441840e-03	-3.56326356067971e-05
5.82041339052375e-01	2.17214130761012e-03	-3.71220605248634e-05	5.88171990877404e-01	2.05632658003974e-03	-3.87064014506500e-05
5.94277490047891e-01	1.93624550893801e-03	-4.03938808604121e-05	6.00359400889701e-01	1.81157766425510e-03	-4.21936238543807e-05
6.06419326021794e-01	1.68197319915420e-03	-4.41157800323833e-05	6.12458911016986e-01	1.54704940360739e-03	-4.61716674962087e-05
6.18479849521016e-01	1.40638676630722e-03	-4.83739390124693e-05	6.24483888892814e-01	1.25952446320698e-03	-5.07367754050136e-05
6.30472836438849e-01	1.10595517477252e-03	-5.32761121467829e-05	6.36448566326409e-01	9.45119113908266e-04	-5.60099062381081e-05
6.42413027274900e-01	7.76397119849781e-04	-5.89584504362417e-05	6.48368251141303e-01	5.99102648396244e-04	-6.21447474269399e-05
6.54316362536526e-01	4.12472444245360e-04	-6.55949542398560e-05	6.60259589634207e-01	2.15655640848356e-04	-6.93389147767842e-05
6.66200276363749e-01	7.70096835522871e-06	-7.34107983910715e-05	6.72140896216251e-01	-2.12458317216835e-04	-7.78498723881249e-05
6.78084067937253e-01	-4.46022271881064e-04	-8.27014386046709e-05	6.84032573436123e-01	-6.94345471190960e-04	-8.80179777131840e-05
6.89989378311282e-01	-9.58962349979608e-04	-9.38605539522186e-05	6.95957655477153e-01	-1.24161762896124e-03	-1.00300555540667e-04
7.01940812487740e-01	-1.54430306334075e-03	-1.07421856406997e-04	7.07942523289785e-01	-1.86930208995983e-03	-1.15323518053989e-04
7.13966765314612e-01	-2.21924439048637e-03	-1.24123203868010e-04	7.20017863044178e-01	-2.59717303244356e-03	-1.33961516302517e-04
7.26100539480547e-01	-3.00662772501947e-03	-1.45007518913332e-04	7.32219977332312e-01	-3.45174875990606e-03	-1.57465887910213e-04
7.38381892238968e-01	-3.93740781098861e-03	-1.71586278956415e-04	7.44592621031652e-01	-4.46937375898626e-03	-1.87675866778703e-04
7.50859228942587e-01	-5.05452460284117e-03	-2.06116504656739e-04	7.57189640923650e-01	-5.70112631046471e-03	-2.27384908960016e-04
7.63592803973467e-01	-6.41919186882201e-03	-2.52084457740720e-04	7.70078889779622e-01	-7.22095507716392e-03	-2.80990622318233e-04
7.76659550445941e-01	-8.12152454541537e-03	-3.15102935033451e-04	7.83348245130925e-01	-9.13974632434589e-03	-3.55739026247193e-04
7.90160662742592e-01	-1.02994212514399e-02	-4.04655853019742e-04	7.97115277094177e-01	-1.16310122744444e-02	-4.64236054792844e-04
8.04234088098377e-01	-1.31740938455881e-02	-5.37774920128298e-04	8.11543629834585e-01	-1.49809523846988e-02	-6.29927582699974e-04
8.19076370711154e-01	-1.71219921400335e-02	-7.47439442650100e-04	8.26872705541570e-01	-1.96941322881232e-02	-9.00342372216700e-04
8.34983869716339e-01	-2.28341638452176e-02	-1.10406480498182e-03	8.43476342749030e-01	-2.67409286825506e-02	-1.38320377121137e-03
8.52438762899663e-01	-3.17135581077992e-02	-1.77872090229858e-03	8.61993296146124e-01	-3.82208741265772e-02	-2.36226542965867e-03
8.72315409031885e-01	-4.70347098241327e-02	-3.26624146005861e-03	8.83670744369562e-01	-5.95040078837789e-02	-4.74892936734350e-03
8.96490262105626e-01	-7.81687329166826e-02	-7.32264899569790e-03	9.11541872372819e-01	-1.08321026534779e-01	-1.17564582554599e-02
9.30383539655588e-01	-1.63024266213776e-01	-1.50524774824541e-02	9.56741974373992e-01	-2.59045863472170e-01	1.15521792877158e-02
1.00000000000000e+00	0.00000000000000e+00	0.00000000000000e+00
121	5.77969288415331e+04	2.83571428571429e-01
0.00000000000000e+00	7.01226689746171e-03	-6.14660969056047e-06	1.20808754402197e-02	6.94519808015492e-03	-6.20337272638771e-06
2.39951006806074e-02	6.87881345407226e-03	-6.31078061896773e-06	3.57465345261666e-02	6.81301587950456e-03	-6.42099596293022e-06
4.73389267948005e-02	6.74778040802382e-03	-6.53411743689603e-06	5.87759221162555e-02	6.68308235474657e-03	-6.65024810042603e-06
7.00610638502138e-02	6.61889726714282e-03	-6.76949559563766e-06	8.11977978408589e-02	6.55520089309070e-03	-6.89197178171952e-06
9.21894760163119e-02	6.49196915208838e-03	-7.01779440981376e-06	1.03039359840859e-01	6.42917810312849e-03	-7.14708665228159e-06
1.13750623627484e-01	6.36680391189448e-03	-7.27997630534105e-06	1.24326357717815e-01	6.30482282269651e-03	-7.41659822378615e-06
1.34769571536187e-01	6.24321112494508e-03	-7.55709341349053e-06	1.45083196524217e-01	6.18194512169778e-03	-7.70160976459877e-06
1.55270088961928e-01	6.12100109486513e-03	-7.85030096084327e-06	1.65333032681185e-01	6.06035527641113e-03	-8.00332967876294e-06
1.75274741676849e-01	5.99998381137756e-03	-8.16086597454913e-06	1.85097862620891e-01	5.93986272515079e-03	-8.32308897336098e-06
1.94804977284360e-01	5.87996788451806e-03	-8.49018518067624e-06	2.04398604871947e-01	5.82027496374016e-03	-8.66235075092092e-06
2.13881204273598e-01	5.76075941166510e-03	-8.83979520738265e-06	2.23255176237464e-01	5.70139639948164e-03	-9.02273357916705e-06
2.32522865468331e-01	5.64216079244884e-03	-9.21139500675849e-06	2.41686562655390e-01	5.58302710470082e-03	-9.40602148991054e-06
2.50748506433134e-01	5.52396945158651e-03	-9.60686628537211e-06	2.59710885279019e-01	5.46496150617792e-03	-9.81419630652347e-06
2.68575839351326e-01	5.40597645085383e-03	-1.00282928121587e-05	2.77345462270598e-01	5.34698692831470e-03	-1.02494533185116e-05
2.86021802847870e-01	5.28796499183737e-03	-1.04779947551759e-05	2.94606866762818e-01	5.22888202808747e-03	-1.07142408944938e-05
3.03102618194949e-01	5.16970874075717e-03	-1.09585510199572e-05	3.11510981410586e-01	5.11041503286447e-03	-1.12112855925606e-05
3.19833842308812e-01	5.05096999756938e-03	-1.14728443507683e-05	3.28073049928890e-01	4.99134180330052e-03	-1.17436389917014e-05
3.36230417922185e-01	4.93149763718770e-03	-1.20241064378579e-05	3.44307725991161e-01	4.87140363071581e-03	-1.23147138901825e-05
3.52306721298163e-01	4.81102476637463e-03	-1.26159551427918e-05	3.60229119846707e-01	4.75032479001580e-03	-1.29283544945125e-05
3.68076607837894e-01	4.68926611682519e-03	-1.32524707612269e-05	3.75850843004623e-01	4.62780971835874e-03	-1.35888937193851e-05
3.83553455926291e-01	4.56591501246084e-03	-1.39382475083938e-05	3.91186051326680e-01	4.50353977747930e-03	-1.43012152722388e-05
3.98750209357660e-01	4.44063995988198e-03	-1.46785010093353e-05	4.06247486871759e-01	4.37716959551682e-03	-1.50708716648573e-05
4.13679418686145e-01	4.31308061884939e-03	-1.54791340445382e-05	4.21047518841225e-01	4.24832275340559e-03	-1.59041724472342e-05
4.28353281856660e-01	4.18284324599738e-03	-1.63468939866629e-05	4.35598183988321e-01	4.11658678581950e-03	-1.68083035820832e-05
4.42783684489017e-01	4.04949523659814e-03	-1.72894685239733e-05	4.49911226876870e-01	3.98150741849590e-03	-1.77915273062990e-05
4.56982240214843e-01	3.91255887604780e-03	-1.83157026032443e-05	4.63998140405299e-01	3.84258161753381e-03	-1.88633103379576e-05
4.70960331503749e-01	3.77150382599689e-03	-1.94357665561640e-05	4.77870207056207e-01	3.69924954168543e-03	-2.00345937240165e-05
4.84729151464931e-01	3.62573831762147e-03	-2.06614295670260e-05	4.91538541387652e-01	3.55088484896071e-03	-2.13180411263725e-05
4.98299747175836e-01	3.47459857871368e-03	-2.20063482727628e-05	5.05014134357969e-01	3.39678324650050e-03	-2.27284378311321e-05
5.11683065174488e-01	3.31733627445474e-03	-2.34865025396935e-05	5.18307900171799e-01	3.23614843299791e-03	-2.42829973216008e-05
5.24889999862578e-01	3.15310311974804e-03	-2.51205820913647e-05	5.31430726461743e-01	3.06807554747257e-03	-2.60020489379897e-05
5.37931445707806e-01	2.98093241776942e-03	-2.69306160824989e-05	5.44393528779041e-01	2.89153051946656e-03	-2.79095746025249e-05
5.50818354318446e-01	2.79971643963495e-03	-2.89427258328701e-05	5.57207310578149e-01	2.70532505007526e-03	-3.00340889147765e-05
5.63561797700381e-01	2.60817857646556e-03	-3.11880706285184e-05	5.69883230150128e-01	2.50808553281590e-03	-3.24096395547535e-05
5.76173039318035e-01	2.40483887292986e-03	-3.37040919529130e-05	5.82432676315894e-01	2.29821469664193e-03	-3.50773016632999e-05
5.88663614986934e-01	2.18797051677888e-03	-3.65358198750609e-05	5.94867355158300e-01	2.07384310295167e-03	-3.80868553822022e-05
6.01045426166724e-01	1.95554619852456e-03	-3.97383539054719e-05	6.07199390692016e-01	1.83276799074084e-03	-4.14991260719866e-05
6.13330848938179e-01	1.70516826432254e-03	-4.33790117053690e-05	6.19441443207882e-01	1.57237501760155e-03	-4.53889744949088e-05
6.25532862923266e-01	1.43398067016798e-03	-4.75412588285540e-05	6.31606850153859e-01	1.28953772914331e-03	-4.98495774006180e-05
6.37665205722092e-01	1.13855381226524e-03	-5.23293296157412e-05	6.43709795968444e-01	9.80485914569229e-04	-5.49978568389342e-05
6.49742560271885e-01	8.14733785480914e-04	-5.78747440649341e-05	6.55765519437686e-01	6.40632249080175e-04	-6.09821757686646e-05
6.61780785084366e-01	4.57442272158159e-04	-6.43453608408784e-05	6.67790570185316e-01	2.64340532468044e-04	-6.79930392017969e-05
6.73797200949549e-01	6.04071901761927e-05	-7.19580904917638e-05	6.79803130261211e-01	-1.55388506063003e-04	-7.62782691510200e-05
6.85810952940667e-01	-3.84205238156077e-04	-8.09970950399475e-05	6.91823423143213e-01	-6.27349831234914e-04	-8.61649403360865e-05
6.97843474277395e-01	-8.86301377684084e-04	-9.18403623173525e-05	7.03874241907269e-01	-1.16274017684137e-03	-9.80917480684074e-05
7.09919090206234e-01	-1.45858263775478e-03	-1.04999359263669e-04	7.15981642660688e-01	-1.77602361865414e-03	-1.12657890683376e-04
7.22065817888140e-01	-2.11758816052476e-03	-1.21179657007309e-04	7.28175871647960e-01	-2.48619502253100e-03	-1.30698655901984e-04
7.34316446399103e-01	-2.88523525993889e-03	-1.41375788824227e-04	7.40492630119788e-01	-3.31867013314602e-03	-1.53405628271930e-04
7.46710026579411e-01	-3.79115388727946e-03	-1.67025402540322e-04	7.52974839885410e-01	-4.30818951181522e-03	-1.82526720512666e-04
7.59293976980438e-01	-4.87633134890175e-03	-2.00268936978221e-04	7.65675172932505e-01	-5.50343800796249e-03	-2.20703200898953e-04
7.72127145438055e-01	-6.19901125074906e-03	-2.44399422255182e-04	7.78659787229130e-01	-6.97464539839709e-03	-2.72082720689015e-04
7.85284408247567e-01	-7.84461648580725e-03	-3.04693301122150e-04	7.92014044014027e-01	-8.82669587344154e-03	-3.43462783597426e-04
7.98863853423912e-01	-9.94327083140045e-03	-3.90026844788727e-04	8.05851639316965e-01	-1.12229071546772e-02	-4.46599814928783e-04
8.12998540703684e-01	-1.27025949421292e-02	-5.16233409907585e-04	8.20329970041144e-01	-1.44310371231818e-02	-6.03217151383895e-04
8.27876908541877e-01	-1.64735443038213e-02	-7.13742540134232e-04	8.35677738530403e-01	-1.89196198508267e-02	-8.56969462344814e-04
8.43780906485197e-01	-2.18949358280237e-02	-1.04690991976075e-03	8.52248916719466e-01	-2.55810954293545e-02	-1.30577030685886e-03
8.61164547104964e-01	-3.02494577565026e-02	-1.67029194422974e-03	8.70640962291240e-01	-3.63220256450490e-02	-2.20432942132809e-03
8.80839082550885e-01	-4.44872697154114e-02	-3.02537809014969e-03	8.91999483613175e-01	-5.59360421953577e-02	-4.36312171248687e-03
9.04506188220339e-01	-7.28835874284153e-02	-6.68686753531489e-03	9.19029092881913e-01	-9.98703696756627e-02	-1.08630731110835e-02
9.36890899320431e-01	-1.47886896808633e-01	-1.61899218072155e-02	9.61180444443926e-01	-2.43607381264461e-01	4.24418880701238e-03
1.00000000000000e+00	0.00000000000000e+00	0.00000000000000e+00
121	5.77969288415331e+04	3.54214285714286e-01
0.00000000000000e+00	6.97609301909519e-03	-6.07779858352586e-06	1.21980819660923e-02	6.90972654069277e-03	-6.13496145529524e-06
2.42287504127338e-02	6.84403148235746e-03	-6.24088547107604e-06	3.60958619612260e-02	6.77891395552677e-03	-6.34957125589253e-06
4.78031648647094e-02	6.71434949340166e-03	-6.46111522284443e-06	5.93543027719920e-02	6.65031388458059e-03	-6.57561823325103e-06
7.07528186047656e-02	6.58678314304306e-03	-6.69318601254076e-06	8.20021582738361e-02	6.52373347725677e-03	-6.81392891954680e-06
9.31056742425949e-02	6.46114125922925e-03	-6.93796167783312e-06	1.04066628945507e-01	6.39898299650365e-03	-7.06540506301145e-06
1.14888198068962e-01	6.33723530027641e-03	-7.19638516599730e-06	1.25573473701461e-01	6.27587485375014e-03	-7.33103296934878e-06
1.36125467359745e-01	6.21487838694823e-03	-7.46948832786032e-06	1.46547112897088e-01	6.15422263530974e-03	-7.61189371267790e-06
1.56841269299754e-01	6.09388432025315e-03	-7.75840252908999e-06	1.67010723377160e-01	6.03384010668861e-03	-7.90917290149906e-06
1.77058192351209e-01	5.97406657496169e-03	-8.06437128919590e-06	1.86986326349798e-01	5.91454018726156e-03	-8.22417304457979e-06
1.96797710809404e-01	5.85523725046633e-03	-8.38876130004884e-06	2.06494868791352e-01	5.79613388122313e-03	-8.55832799429024e-06
2.16080263216188e-01	5.73720597594085e-03	-8.73307883453300e-06	2.25556299020331e-01	5.67842915457262e-03	-8.91322224294555e-06
2.34925325239132e-01	5.61977874727204e-03	-9.09898690326649e-06	2.44189637020039e-01	5.56122972708817e-03	-9.29060557797179e-06
2.53351477569755e-01	5.50275668417188e-03	-9.48832688218992e-06	2.62413040038791e-01	5.44433377618092e-03	-9.69241298198753e-06
2.71376469346917e-01	5.38593467948334e-03	-9.90313923554531e-06	2.80243863952788e-01	5.32753254227369e-03	-1.01207966258787e-05
2.89017277570921e-01	5.26909993412317e-03	-1.03456935796054e-05	2.97698720839121e-01	5.21060878029567e-03	-1.05781498513924e-05
3.06290162939362e-01	5.15203032468436e-03	-1.08185108722569e-05	3.14793533174962e-01	5.09333505274689e-03	-1.10671385140648e-05
3.23210722506990e-01	5.03449263140676e-03	-1.13244152475378e-05	3.31543585052610e-01	4.97547183662306e-03	-1.15907429809603e-05
3.39793939548135e-01	4.91624049815687e-03	-1.18665558708209e-05	3.47963570779401e-01	4.85676539891045e-03	-1.21523069822604e-05
3.56054230982215e-01	4.79701220338691e-03	-1.24484772074940e-05	3.64067641215442e-01	4.73694537258207e-03	-1.27555791724632e-05
3.72005492709351e-01	4.67652806716901e-03	-1.30741577071269e-05	3.79869448191860e-01	4.61572204342753e-03	-1.34047901321210e-05
3.87661143195322e-01	4.55448754408661e-03	-1.37480882009822e-05	3.95382187346502e-01	4.49278319204383e-03	-1.41047072950151e-05
4.03034165642405e-01	4.43056587412016e-03	-1.44753550768151e-05	4.10618639714712e-01	4.36779054317227e-03	-1.48607538530410e-05
4.18137149085817e-01	4.30441018953931e-03	-1.52617196642613e-05	4.25591212418903e-01	4.24037554438050e-03	-1.56790755692082e-05
4.32982328765696e-01	4.17563506163954e-03	-1.61137541119238e-05	4.40311978814278e-01	4.11013457513487e-03	-1.65666986773338e-05
4.47581626140974e-01	4.04381723321912e-03	-1.70389553462158e-05	4.54792718469018e-01	3.97662322590531e-03	-1.75316416521909e-05
4.61946688938035e-01	3.90848954112522e-03	-1.80459470220384e-05	4.69044957388046e-01	3.83934972319833e-03	-1.85831488088706e-05
4.76088931661992e-01	3.76913360116693e-03	-1.91446243962279e-05	4.83080008931133e-01	3.69776698064217e-03	-1.97318569721272e-05
4.90019577047977e-01	3.62517131106044e-03	-2.03464446111301e-05	4.96909015931772e-01	3.55126331903866e-03	-2.09901087964148e-05
5.03749698991961e-01	3.47595460582384e-03	-2.16647034854134e-05	5.10542994595512e-01	3.39915121977663e-03	-2.23722346506250e-05
5.17290267584494e-01	3.32075319627378e-03	-2.31148884550780e-05	5.23992880850907e-01	3.24065401980245e-03	-2.38950421418416e-05
5.30652196976508e-01	3.15873991348270e-03	-2.47151997792017e-05	5.37269579946404e-01	3.07488945730583e-03	-2.55781848521597e-05
5.43846396944901e-01	2.98897266833920e-03	-2.64870288255725e-05	5.50384020244984e-01	2.90085017401731e-03	-2.74449740267357e-05
5.56883829202616e-01	2.81037263982920e-03	-2.84557034790911e-05	5.63347212367910e-01	2.71737931096205e-03	-2.95230594093976e-05
5.69775569729228e-01	2.62169743115170e-03	-3.06514138070924e-05	5.76170315104150e-01	2.52314067658355e-03	-3.18454823557968e-05
5.82532878697166e-01	2.42150780812000e-03	-3.31103819641854e-05	5.88864709843688e-01	2.31658152003922e-03	-3.44519327197812e-05
5.95167279962570e-01	2.20812618215449e-03	-3.58763655170513e-05	6.01442085745089e-01	2.09588620951640e-03	-3.73905930255436e-05
6.07690652608230e-01	1.97958399399600e-03	-3.90023677234730e-05	6.13914538446351e-01	1.85891723918674e-03	-4.07202491574665e-05
6.20115337720390e-01	1.73355610615311e-03	-4.25536798907000e-05	6.26294685928523e-01	1.60314016914764e-03	-4.45132074196053e-05
6.32454264508646e-01	1.46727481228925e-03	-4.66106539094291e-05	6.38595806231523e-01	1.32552700017019e-03	-4.88592424918721e-05
6.44721101152643e-01	1.17742051700209e-03	-5.12738059730289e-05	6.50832003201437e-01	1.02243049059991e-03	-5.38710333248815e-05
6.56930437499689e-01	8.59977067798612e-04	-5.66697580537401e-05	6.63018408516623e-01	6.89418080986437e-04	-5.96912942154582e-05
6.69098009186896e-01	5.10040532154532e-04	-6.29598412240640e-05	6.75171431140324e-01	3.21050672342560e-04	-6.65029767583647e-05
6.81240976219578e-01	1.21562348323057e-04	-7.03522248508559e-05	6.87309069495581e-01	-8.94166861420409e-05	-7.45437509825919e-05
6.93378274031121e-01	-3.13000936251528e-04	-7.91192049298672e-05	6.99451307693556e-01	-5.50446345062738e-04	-8.41267478079999e-05
7.05531062379768e-01	-8.03173157471471e-04	-8.96223097868187e-05	7.11620626094125e-01	-1.07279331277421e-03	-9.56711416184586e-05
7.17723308417419e-01	-1.36114343811045e-03	-1.02349741587293e-04	7.23842670027452e-01	-1.67032480468610e-03	-1.09748271651888e-04
7.29982557087877e-01	-2.00275205537204e-03	-1.17973577905994e-04	7.36147141521706e-01	-2.36121328436201e-03	-1.27152816761233e-04
7.42340968444388e-01	-2.74894367168799e-03	-1.37438480443342e-04	7.48569012365647e-01	-3.16971713462788e-03	-1.49014853519036e-04
7.54836744211894e-01	-3.62796111645458e-03	-1.62106515513960e-04	7.61150211807151e-01	-4.12890421313183e-03	-1.76987883079294e-04
7.67516137243105e-01	-4.67876214091789e-03	-1.93997606068530e-04	7.73942035629305e-01	-5.28497250012483e-03	-2.13561250725247e-04
7.80436361178062e-01	-5.95651871281055e-03	-2.36209971282486e-04	7.87008688674830e-01	-6.70432730835557e-03	-2.62626643369845e-04
7.93669941193881e-01	-7.54183479130999e-03	-2.93685599377591e-04	8.00432679215466e-01	-8.48572013043114e-03	-3.30533478190231e-04
8.07311472276686e-01	-9.55693619735276e-03	-3.74689749598645e-04	8.14323383515588e-01	-1.07821437981126e-02	-4.28201680808593e-04
8.21488611332859e-01	-1.21957550765841e-02	-4.93879453630219e-04	8.28831354176647e-01	-1.38429017824612e-02	-5.75665620071497e-04
8.36380999427190e-01	-1.57838829696091e-02	-6.79209540643599e-04	8.44173795415649e-01	-1.81009283714277e-02	-8.12847706890718e-04
8.52255265032209e-01	-2.09089264695580e-02	-9.89245178879328e-04	8.60683797577159e-01	-2.43729043190013e-02	-1.22836716844588e-03
8.69536188825234e-01	-2.87378083225192e-02	-1.56302820974008e-03	8.78916559845653e-01	-3.43815969146313e-02	-2.04991809576227e-03
8.88971481537509e-01	-4.19154408132888e-02	-2.79279952111677e-03	8.99917329983475e-01	-5.23856755448197e-02	-3.99455750869282e-03
9.12093973059894e-01	-6.77157307111406e-02	-6.07792797937279e-03	9.26081925747685e-01	-9.17874311450187e-02	-9.92122567692588e-03
9.42996489896992e-01	-1.33738369427305e-01	-1.62471561396846e-02	9.65368488103820e-01	-2.22338221380656e-01	-5.32565840598864e-03
1.00000000000000e+00	0.00000000000000e+00	0.00000000000000e+00
115	5.77969288415331e+04	4.24857142857143e-01
0.00000000000000e+00	7.30443057231800e-03	-6.64385993842664e-06	1.29553694948299e-02	7.23173917750164e-03	-6.72040497629034e-06
2.57247052004527e-02	7.15980041353070e-03	-6.84232438974419e-06	3.83124893125677e-02	7.08852132535931e-03	-6.96758605411851e-06
5.07230723174242e-02	7.01787253473141e-03	-7.09631300299662e-06	6.29606778561907e-02	6.94782497729607e-03	-7.22863436108945e-06
7.50294076393159e-02	6.87834986115776e-03	-7.36468471762564e-06	8.69332461479255e-02	6.80941862872797e-03	-7.50460558518462e-06
9.86760651336108e-02	6.74100291491997e-03	-7.64854449153418e-06	1.10261627927346e-01	6.67307451009580e-03	-7.79665724648382e-06
1.21693593567636e-01	6.60560531619869e-03	-7.94910596169096e-06	1.32975520757482e-01	6.53856731035662e-03	-8.10606217682697e-06
1.44110871659171e-01	6.47193249912648e-03	-8.26770425943479e-06	1.55103015535471e-01	6.40567288122762e-03	-8.43422074914280e-06
1.65955232245295e-01	6.33976040326867e-03	-8.60580967443347e-06	1.76670715601535e-01	6.27416691427940e-03	-8.78267774817587e-06
1.87252576598334e-01	6.20886412737387e-03	-8.96504487735150e-06	1.97703846514691e-01	6.14382356657273e-03	-9.15313993132827e-06
2.08027479901004e-01	6.07901652781240e-03	-9.34720661560640e-06	2.18226357454768e-01	6.01441402093528e-03	-9.54749815340605e-06
2.28303288791425e-01	5.94998672858371e-03	-9.75428405780576e-06	2.38261015116014e-01	5.88570494896690e-03	-9.96784784645932e-06
2.48102211801080e-01	5.82153854336909e-03	-1.01884892924620e-05	2.57829490876034e-01	5.75745687581852e-03	-1.04165232810427e-05
2.67445403432961e-01	5.69342875463730e-03	-1.06522816949450e-05	2.76952441953665e-01	5.62942238106379e-03	-1.08961218139303e-05
2.86353042562508e-01	5.56540525742011e-03	-1.11484109306392e-05	2.95649587209633e-01	5.50134414659742e-03	-1.14095463799035e-05
3.04844405788685e-01	5.43720498256683e-03	-1.16799466924888e-05	3.13939778193348e-01	5.37295279308547e-03	-1.19600535413156e-05
3.22937936316702e-01	5.30855162185051e-03	-1.22503365072024e-05	3.31841065997347e-01	5.24396443916486e-03	-1.25512939628258e-05
3.40651308916178e-01	5.17915304583161e-03	-1.28634534262151e-05	3.49370764447624e-01	5.11407797944963e-03	-1.31873776976210e-05
3.58001491469075e-01	5.04869841284017e-03	-1.35236705036679e-05	3.66545510132200e-01	4.98297200270459e-03	-1.38729552072725e-05
3.75004803599989e-01	4.91685484138382e-03	-1.42359255073110e-05	3.83381319752874e-01	4.85030123253449e-03	-1.46132887139938e-05
3.91676972868093e-01	4.78326363353299e-03	-1.50058233316930e-05	3.99893645275561e-01	4.71569245792502e-03	-1.54143536932327e-05
4.08033188994360e-01	4.64753591323808e-03	-1.58397555949374e-05	4.16097427353589e-01	4.57873983594093e-03	-1.62829690795174e-05
4.24088156601497e-01	4.50924749713044e-03	-1.67450021941740e-05	4.32007147507006e-01	4.43899939218895e-03	-1.72269353428955e-05
4.39856146957844e-01	4.36793300962224e-03	-1.77299242640760e-05	4.47636879559680e-01	4.29598258492581e-03	-1.82552067229391e-05
4.55351049240871e-01	4.22307885060880e-03	-1.88041215538615e-05	4.63000340867598e-01	4.14914874847283e-03	-1.93781197017628e-05
4.70586421874559e-01	4.07411502192434e-03	-1.99787158206011e-05	4.78110943916920e-01	3.99789605070366e-03	-2.06076174749104e-05
4.85575544548661e-01	3.92040523457204e-03	-2.12665842649340e-05	4.92981848934620e-01	3.84155083323745e-03	-2.19576086093465e-05
5.00331471601788e-01	3.76123523635363e-03	-2.26827544618224e-05	5.07626018238450e-01	3.67935468392000e-03	-2.34443205620050e-05
5.14867087547973e-01	3.59579861050996e-03	-2.42447945477675e-05	5.22056273166695e-01	3.51044900227837e-03	-2.50868552664762e-05
5.29195165655320e-01	3.42317975602890e-03	-2.59734213672314e-05	5.36285354574183e-01	3.33385593661539e-03	-2.69076843328886e-05
5.43328430654071e-01	3.24233291678255e-03	-2.78931220984990e-05	5.50325988075562e-01	3.14845544836806e-03	-2.89335326739693e-05
5.57279626871178e-01	3.05205662838737e-03	-3.00330726785702e-05	5.64190955466342e-01	2.95295674444462e-03	-3.11963006343063e-05
5.71061593377077e-01	2.85096198574819e-03	-3.24282276809029e-05	5.77893174084556e-01	2.74586296274859e-03	-3.37343518972411e-05
5.84687348109282e-01	2.63743307740261e-03	-3.51207194289049e-05	5.91445786310459e-01	2.52542674361744e-03	-3.65940305493417e-05
5.98170183439510e-01	2.40957734905289e-03	-3.81617408982127e-05	6.04862261980832e-01	2.28959474229939e-03	-3.98320413679265e-05
6.11523776317967e-01	2.16516260326616e-03	-4.16139810639482e-05	6.18156517267926e-01	2.03593583267714e-03	-4.35178583715334e-05
6.24762317032352e-01	1.90153642904312e-03	-4.55549154101398e-05	6.31343054625005e-01	1.76155004966194e-03	-4.77378289769348e-05
6.37900661838997e-01	1.61552159663492e-03	-5.00809676515779e-05	6.44437129831127e-01	1.46294924665580e-03	-5.26001027649770e-05
6.50954516414357e-01	1.30327986214707e-03	-5.53135942638061e-05	6.57454954157741e-01	1.13590025096122e-03	-5.82415107575063e-05
6.63940659422835e-01	9.60131256347641e-04	-6.14074120173225e-05	6.70413942471830e-01	7.75216072105511e-04	-6.48372744349590e-05
6.76877218826948e-01	5.80311687650603e-04	-6.85616245459375e-05	6.83333022072902e-01	3.74473677502207e-04	-7.26146557421536e-05
6.89784018353508e-01	1.56643046248739e-04	-7.70363723168188e-05	6.96233022842035e-01	-7.43732462622493e-05	-8.18725904276896e-05
7.02683018540970e-01	-3.19923141777645e-04	-8.71765153671600e-05	7.09137177828778e-01	-5.81534631869274e-04	-9.30105495533518e-05
7.15598887267934e-01	-8.60948446089194e-04	-9.94469113602126e-05	7.22071776309602e-01	-1.16015236928846e-03	-1.06571923858212e-04
7.28559750662281e-01	-1.48143099861431e-03	-1.14486032157357e-04	7.35067031306314e-01	-1.82741630239514e-03	-1.23310840947521e-04
7.41598200342875e-01	-2.20116230469347e-03	-1.33189772930198e-04	7.48158255225832e-01	-2.60622454120307e-03	-1.44297953678318e-04
7.54752673289040e-01	-3.04677231966211e-03	-1.56846393414733e-04	7.61387489079876e-01	-3.52772116761302e-03	-1.71093841846881e-04
7.68069387702243e-01	-4.05490416168497e-03	-1.87360734475561e-04	7.74805818386950e-01	-4.63529772178284e-03	-2.06044335035571e-04
7.81605133877645e-01	-5.27730651385594e-03	-2.27645315042491e-04	7.88476763085813e-01	-5.99114376339449e-03	-2.52800598454561e-04
7.95431427164503e-01	-6.78933784052760e-03	-2.82329433141104e-04	8.02481412966603e-01	-7.68741529469397e-03	-3.17299829007078e-04
8.09640923428569e-01	-8.70483766878172e-03	-3.59124786074361e-04	8.16926532714564e-01	-9.86630609634354e-03	-4.09705874078403e-04
8.24357786545181e-01	-1.12036275676778e-02	-4.71641831548020e-04	8.31958007760388e-01	-1.27583927783227e-02	-5.48572642152578e-04
8.39755398379919e-01	-1.45859981966625e-02	-6.45697315188265e-04	8.47784581142912e-01	-1.67617318882115e-02	-7.70661320180777e-04
8.56088811230336e-01	-1.93903737809831e-02	-9.35050271650306e-04	8.64723244972250e-01	-2.26218115429072e-02	-1.15706309122343e-03
8.73759941948753e-01	-2.66774761380125e-02	-1.46654513741651e-03	8.83295844908149e-01	-3.18973366964141e-02	-1.91497289935483e-03
8.93466170531110e-01	-3.88281568682645e-02	-2.59673012868045e-03	9.04468333541568e-01	-4.84008632824520e-02	-3.69801333752040e-03
9.16608235285778e-01	-6.23177548167352e-02	-5.61839554084487e-03	9.30399672741683e-01	-8.39953758154007e-02	-9.28043299904879e-03
9.46810175127723e-01	-1.21358952346971e-01	-1.65182874482930e-02	9.67998148417913e-01	-2.02590386795667e-01	-1.67523665878142e-02
1.00000000000000e+00	0.00000000000000e+00	0.00000000000000e+00
79	5.77969288415331e+04	4.95500000000000e-01
0.00000000000000e+00	1.06180161423797e-02	-1.39847328708420e-05	1.90412508040452e-02	1.04649877890139e-02	-1.43254502764645e-05
3.76880978139649e-02	1.03140760353813e-02	-1.47087276702873e-05	5.59542232262875e-02	1.01651075941525e-02	-1.51075728955785e-05
7.38527330238140e-02	1.00179529085624e-02	-1.55228393967644e-05	9.13961888635431e-02	9.87248409050778e-03	-1.59554401022444e-05
1.08596638234302e-01	9.72857454414511e-03	-1.64063526231217e-05	1.25465642769505e-01	9.58609858637582e-03	-1.68766237726992e-05
1.42014304855546e-01	9.44493106776911e-03	-1.73673773313787e-05	1.58253292665145e-01	9.30494697994022e-03	-1.78798178243067e-05
1.74192863734996e-01	9.16602106401809e-03	-1.84152414821614e-05	1.89842887197917e-01	9.02802739755670e-03	-1.89750418124746e-05
2.05212864771571e-01	8.89083897182608e-03	-1.95607195159209e-05	2.20311950598456e-01	8.75432724909841e-03	-2.01738923000239e-05
2.35148970025193e-01	8.61836170069830e-03	-2.08163075363643e-05	2.49732437403222e-01	8.48280931076961e-03	-2.14898508617001e-05
2.64070572987710e-01	8.34753406462974e-03	-2.21965656386214e-05	2.78171319006661e-01	8.21239638293636e-03	-2.29386619443606e-05
2.92042354968129e-01	8.07725253593761e-03	-2.37185404752260e-05	3.05691112269635e-01	7.94195398858810e-03	-2.45388042940942e-05
3.19124788170837e-01	7.80634672048075e-03	-2.54022908476870e-05	3.32350359187588e-01	7.67027044758284e-03	-2.63120833077224e-05
3.45374593963542e-01	7.53355781373899e-03	-2.72715502533938e-05	3.58204065673310e-01	7.39603347371132e-03	-2.82843709011882e-05
3.70845164010142e-01	7.25751309249656e-03	-2.93545694438624e-05	3.83304106810046e-01	7.11780224216074e-03	-3.04865556270961e-05
3.95586951363896e-01	6.97669518230892e-03	-3.16851730710610e-05	4.07699605469183e-01	6.83397349683035e-03	-3.29557501010935e-05
4.19647838273735e-01	6.68940456537426e-03	-3.43041533521493e-05	4.31437290965027e-01	6.54273986860554e-03	-3.57368599559482e-05
4.43073487360459e-01	6.39371309385606e-03	-3.72610461363276e-05	4.54561844456695e-01	6.24203792139610e-03	-3.88846383510000e-05
4.65907682999945e-01	6.08740568762767e-03	-4.06164788597785e-05	4.77116238142617e-01	5.92948252451864e-03	-4.24663809102110e-05
4.88192670258662e-01	5.76790628285373e-03	-4.44453076684503e-05	4.99142075995471e-01	5.60228293808307e-03	-4.65655263017783e-05
5.09969499649444e-01	5.43218248683530e-03	-4.88407954772896e-05	5.20679944962318e-01	5.25713420468144e-03	-5.12865669408669e-05
5.31278387447955e-01	5.07662129649944e-03	-5.39202983982356e-05	5.41769787373922e-01	4.89007453892887e-03	-5.67617130045051e-05
5.52159103541532e-01	4.69686504355216e-03	-5.98332019721148e-05	5.62451308029428e-01	4.49629568971677e-03	-6.31602178571278e-05
5.72651402093941e-01	4.28759130530088e-03	-6.67718800226869e-05	5.82764433451748e-01	4.06988687973908e-03	-7.07015399310507e-05
5.92795515212751e-01	3.84221381575478e-03	-7.49875723813354e-05	6.02749846780364e-01	3.60348359259999e-03	-7.96743134832134e-05
6.12632737099517e-01	3.35246829036628e-03	-8.48131996478152e-05	6.22449630710452e-01	3.08777728506260e-03	-9.04641799115424e-05
6.32206137163878e-01	2.80782923691270e-03	-9.66974947353982e-05	6.41908064475751e-01	2.51081803306041e-03	-1.03595801100642e-04
6.51561457456457e-01	2.19467126699557e-03	-1.11256821566208e-04	6.61172641948139e-01	1.85700001695599e-03	-1.19797149455314e-04
6.70748276258208e-01	1.49503547924579e-03	-1.29356195157637e-04	6.80295411416475e-01	1.10555159348702e-03	-1.40102225482108e-04
6.89821562312349e-01	6.84767316331047e-04	-1.52239714714897e-04	6.99334792352634e-01	2.28222736660566e-04	-1.66018774298671e-04
7.08843815053415e-01	-2.69377550897287e-04	-1.81748626578271e-04	7.18358117020874e-01	-8.14368644298069e-04	-1.99814103000850e-04
7.27888108220603e-01	-1.41438796229831e-03	-2.20700339903068e-04	7.37445307409605e-01	-2.07872577699064e-03	-2.45023853012505e-04
7.47042573431333e-01	-2.81878710810424e-03	-2.73580141618934e-04	7.56694397060119e-01	-3.64872430777174e-03	-3.07406537158883e-04
7.66417273967714e-01	-4.58629915105713e-03	-3.47878668176094e-04	7.76230188035624e-01	-5.65409325006239e-03	-3.96850228944201e-04
7.86155247461847e-01	-6.88123215439929e-03	-4.56866153083269e-04	7.96218536614781e-01	-8.30589487360667e-03	-5.31495906671342e-04
8.06451279373034e-01	-9.97905843833835e-03	-6.25868653320927e-04	8.16891463722057e-01	-1.19702344139975e-02	-7.47567193780663e-04
8.27586169568670e-01	-1.43765571741552e-02	-9.08168311513524e-04	8.38595005670939e-01	-1.73376770962652e-02	-1.12605329761672e-03
8.49995366906759e-01	-2.10612769456455e-02	-1.43179213723155e-03	8.61890825202270e-01	-2.58690272814190e-02	-1.87919664863978e-03
8.74425237121495e-01	-3.22845180672782e-02	-2.56997064244358e-03	8.87808061578605e-01	-4.12144227972727e-02	-3.71467951942028e-03
9.02363794114427e-01	-5.43574228157441e-02	-5.80507133425545e-03	9.18640104327536e-01	-7.52384634502334e-02	-1.01937168566517e-02
9.37685986410924e-01	-1.12271432980663e-01	-2.14670045817598e-02	9.61971136602103e-01	-1.98612443684952e-01	-4.83740837742714e-02
1.00000000000000e+00	0.00000000000000e+00	0.00000000000000e+00
90	5.77969288415331e+04	5.66142857142857e-01
0.00000000000000e+00	9.25436539833346e-03	-1.05620139652096e-05	1.68528290152943e-02	9.13815845318489e-03	-1.07733687697564e-05
3.34004405884860e-02	9.02338196775254e-03	-1.10237436909966e-05	4.96520927870302e-02	8.90991397219776e-03	-1.12829400467085e-05
6.56167018736517e-02	8.79767945937338e-03	-1.15513766780762e-05	8.13028587673752e-02	8.68660432981083e-03	-1.18294978392885e-05
9.67188448507334e-02	8.57661522573716e-03	-1.21177745344703e-05	1.11872646924351e-01	8.46763936684769e-03	-1.24167071828829e-05
1.26771971365889e-01	8.35960438255912e-03	-1.27268267438030e-05	1.41424257546363e-01	8.25243814533883e-03	-1.30486978349165e-05
1.55836690553152e-01	8.14606860125688e-03	-1.33829219173265e-05	1.70016213265685e-01	8.04042359342061e-03	-1.37301383891231e-05
1.83969537826752e-01	7.93543068577840e-03	-1.40910290282736e-05	1.97703156549548e-01	7.83101697740718e-03	-1.44663201193662e-05
2.11223352298016e-01	7.72710891607797e-03	-1.48567886135709e-05	2.24536208375741e-01	7.62363209392691e-03	-1.52632621310822e-05
2.37647617956509e-01	7.52051104727292e-03	-1.56866277356560e-05	2.50563293087696e-01	7.41766903314556e-03	-1.61278328556502e-05
2.63288773295951e-01	7.31502780497317e-03	-1.65878937095076e-05	2.75829433822983e-01	7.21250736706858e-03	-1.70678993089979e-05
2.88190493517929e-01	7.11002571680130e-03	-1.75690179564647e-05	3.00377022411428e-01	7.00749856955629e-03	-1.80925044315217e-05
3.12393948995466e-01	6.90483906668327e-03	-1.86397094639190e-05	3.24246067232025e-01	6.80195745614154e-03	-1.92120866187029e-05
3.35938043312766e-01	6.69876075395970e-03	-1.98112035949549e-05	3.47474422191237e-01	6.59515236352259e-03	-2.04387453877075e-05
3.58859633908583e-01	6.49103170325160e-03	-2.10965438549593e-05	3.70097999733080e-01	6.38629373892940e-03	-2.17865701079845e-05
3.81193738133914e-01	6.28082852817924e-03	-2.25109614246932e-05	3.92150970609012e-01	6.17452070112368e-03	-2.32720373924966e-05
4.02973727387008e-01	6.06724888842258e-03	-2.40723163484891e-05	4.13665953023498e-01	5.95888508378817e-03	-2.49145282267271e-05
4.24231511912054e-01	5.84929398890766e-03	-2.58016594139043e-05	4.34674193730796e-01	5.73833220823317e-03	-2.67369504642900e-05
4.44997718846420e-01	5.62584745658312e-03	-2.77239576618182e-05	4.55205743697904e-01	5.51167756776771e-03	-2.87665500884327e-05
4.65301866183970e-01	5.39564950520166e-03	-2.98689799227425e-05	4.75289631079085e-01	5.27757817874708e-03	-3.10359102493329e-05
4.85172535505147e-01	5.15726515441095e-03	-3.22724677481734e-05	4.94954034487786e-01	5.03449720422378e-03	-3.35842999663605e-05
5.04637546628857e-01	4.90904464197839e-03	-3.49776180086359e-05	5.14226459929827e-01	4.78065957297491e-03	-3.64593258836976e-05
5.23724137803867e-01	4.64907371050316e-03	-3.80370341148684e-05	5.33133925319716e-01	4.51399613492409e-03	-3.97192261751833e-05
5.42459155724156e-01	4.37511050772454e-03	-4.15152927055740e-05	5.51703157297299e-01	4.23207218737520e-03	-4.34357588077194e-05
5.60869260600479e-01	4.08450465479904e-03	-4.54923636570292e-05	5.69960806186559e-01	3.93199558150137e-03	-4.76982594517228e-05
5.78981152851359e-01	3.77409229326986e-03	-5.00682309165779e-05	5.87933686517320e-01	3.61029652274936e-03	-5.26189400411603e-05
5.96821829854923e-01	3.44005833508354e-03	-5.53692101781245e-05	6.05649052764584e-01	3.26276909236523e-03	-5.83403709391028e-05
6.14418883862464e-01	3.07775328698745e-03	-6.15566860016070e-05	6.23134923138761e-01	2.88425902312195e-03	-6.50458828868050e-05
6.31800855987552e-01	2.68144659007641e-03	-6.88396221826260e-05	6.40420468845427e-01	2.46837535531630e-03	-7.29743042360287e-05
6.48997666720281e-01	2.24398833459349e-03	-7.74921045409993e-05	6.57536492948702e-01	2.00709279058042e-03	-8.24415468760886e-05
6.66041151593708e-01	1.75633908750417e-03	-8.78795672818455e-05	6.74516032973857e-01	1.49019251373295e-03	-9.38722254784086e-05
6.82965742937110e-01	1.20690246561850e-03	-1.00497749198070e-04	6.91395136616575e-01	9.04461398113954e-04	-1.07847954691875e-04
6.99809357599699e-01	5.80558336334080e-04	-1.16032540338873e-04	7.08213883651681e-01	2.32518265802950e-04	-1.25182303083893e-04
7.16614580446066e-01	-1.42770953094340e-04	-1.35454694419668e-04	7.25017765127554e-01	-5.48949893666606e-04	-1.47041053530472e-04
7.33430282044418e-01	-9.90305461533003e-04	-1.60174211705000e-04	7.41859593673359e-01	-1.47191561740545e-03	-1.75142089690272e-04
7.50313890652366e-01	-1.99984183826685e-03	-1.92301447930587e-04	7.58802226112674e-01	-2.58137231275390e-03	-2.12101017358801e-04
7.67334681191861e-01	-3.22534720193179e-03	-2.35109218946095e-04	7.75922571056882e-01	-3.94258496330313e-03	-2.62056963445056e-04
7.84578704179110e-01	-4.74646437252890e-03	-2.93893256293698e-04	7.93317712625578e-01	-5.65371133301562e-03	-3.31871996643196e-04
8.02156478456924e-01	-6.68550178072536e-03	-3.77674132401085e-04	8.11114692476666e-01	-7.86901997192790e-03	-4.33595133266795e-04
8.20215598702352e-01	-9.23971310343585e-03	-5.02834956819020e-04	8.29487005127059e-01	-1.08446309633504e-02	-5.89959498567660e-04
8.38962685729508e-01	-1.27474970689568e-02	-7.01665637641513e-04	8.48684373625455e-01	-1.50366733812364e-02	-8.48079553486647e-04
8.58704676923591e-01	-1.78380585812640e-02	-1.04510256904211e-03	8.69091490508498e-01	-2.13369163862572e-02	-1.31882612858458e-03
8.79934945657150e-01	-2.58165898590222e-02	-1.71442994423332e-03	8.91358907565996e-01	-3.17312575518627e-02	-2.31555797855831e-03
9.03541194955541e-01	-3.98525702615063e-02	-3.29084383773792e-03	9.16752033448754e-01	-5.15918061638160e-02	-5.02048018757328e-03
9.31435214902041e-01	-6.97876604673026e-02	-8.50158772305765e-03	9.48406323331477e-01	-1.00921231204344e-01	-1.69353098993006e-02
9.69456363199827e-01	-1.66192122215973e-01	-3.93218116643448e-02	1.00000000000000e+00	0.00000000000000e+00	0.00000000000000e+00
93	5.77969288415331e+04	6.36785714285714e-01
0.00000000000000e+00	8.90231035184130e-03	-9.70815274259351e-06	1.64414337189257e-02	8.79493740693471e-03	-9.89158071962315e-06
3.25961869715592e-02	8.68884542123771e-03	-1.01127293037351e-05	4.84726269208733e-02	8.58392352013349e-03	-1.03413733631985e-05
6.40788231897000e-02	8.48010754385564e-03	-1.05778558228131e-05	7.94225616244986e-02	8.37733409143171e-03	-1.08225381976190e-05
9.45113575738775e-02	8.27554039342493e-03	-1.10758042768389e-05	1.09352468476251e-01	8.17466417860868e-03	-1.13380599358059e-05
1.23952905801157e-01	8.07464354452203e-03	-1.16097359710299e-05	1.38319446385688e-01	7.97541682198677e-03	-1.18912879334410e-05
1.52458643204774e-01	7.87692244471683e-03	-1.21832005675060e-05	1.66376835611444e-01	7.77909880982763e-03	-1.24859881369677e-05
1.80080159080945e-01	7.68188413999593e-03	-1.28001980326253e-05	1.93574554490379e-01	7.58521633468723e-03	-1.31264100842188e-05
2.06865776963642e-01	7.48903283046576e-03	-1.34652448953165e-05	2.19959404309527e-01	7.39327043791804e-03	-1.38173609620651e-05
2.32860845079374e-01	7.29786518658782e-03	-1.41834613205383e-05	2.45575346269005e-01	7.20275215391131e-03	-1.45642949447300e-05
2.58108000688392e-01	7.10786529632856e-03	-1.49606652417589e-05	2.70463754021223e-01	7.01313724952657e-03	-1.53734253200977e-05
2.82647411595487e-01	6.91849914825471e-03	-1.58034930610729e-05	2.94663644885034e-01	6.82388040563420e-03	-1.62518485471441e-05
3.06516997761341e-01	6.72920849448366e-03	-1.67195420577304e-05	3.18211892513780e-01	6.63440871405085e-03	-1.72077031026507e-05
3.29752635656026e-01	6.53940392463292e-03	-1.77175405995378e-05	3.41143423535685e-01	6.44411428632252e-03	-1.82503587302651e-05
3.52388347763582e-01	6.34845694792507e-03	-1.88075555558331e-05	3.63491400478943e-01	6.25234574310563e-03	-1.93906426120272e-05
3.74456479466130e-01	6.15569083073875e-03	-2.00012471478495e-05	3.85287393138620e-01	6.05839832320587e-03	-2.06411272059004e-05
3.95987865405634e-01	5.96036987844073e-03	-2.13121865402233e-05	4.06561540436864e-01	5.86150222564874e-03	-2.20164729760608e-05
4.17011987340958e-01	5.76168672759403e-03	-2.27562292551831e-05	4.27342704773265e-01	5.66080876555031e-03	-2.35338629552828e-05
4.37557125489417e-01	5.55874721125704e-03	-2.43520091676164e-05	4.47658620860875e-01	5.45537373539684e-03	-2.52135298473011e-05
4.57650505370079e-01	5.35055208774460e-03	-2.61215421224481e-05	4.67536041103137e-01	5.24413729634743e-03	-2.70794478958170e-05
4.77318442259190e-01	5.13597478130978e-03	-2.80909690759668e-05	4.87000879696782e-01	5.02589937019371e-03	-2.91601882853598e-05
4.96586485539070e-01	4.91373413152041e-03	-3.02915508290091e-05	5.06078357861696e-01	4.79928926934137e-03	-3.14899956157522e-05
5.15479565488433e-01	4.68236056027505e-03	-3.27608932328971e-05	5.24793152923768e-01	4.56272798217494e-03	-3.41102254548531e-05
5.34022145452454e-01	4.44015383179974e-03	-3.55445695823242e-05	5.43169554441559e-01	4.31438078737512e-03	-3.70712030255405e-05
5.52238382883200e-01	4.18512970164597e-03	-3.86982136753034e-05	5.61231631221425e-01	4.05209704161136e-03	-4.04345902793590e-05
5.70152303512535e-01	3.91495201148651e-03	-4.22903504317951e-05	5.79003413974555e-01	3.77333326953577e-03	-4.42766884867218e-05
5.87787993989579e-01	3.62684512892075e-03	-4.64061200948773e-05	5.96509099632248e-01	3.47505327405195e-03	-4.86927014835548e-05
6.05169819808454e-01	3.31747987238451e-03	-5.11523148438719e-05	6.13773285101796e-01	3.15359762496636e-03	-5.38028057757156e-05
6.22322677442289e-01	2.98282328921418e-03	-5.66644223820578e-05	6.30821240729161e-01	2.80450995526493e-03	-5.97602112171192e-05
6.39272292564343e-01	2.61793782513431e-03	-6.31163576847449e-05	6.47679237281567e-01	2.42230380346209e-03	-6.67628597104120e-05
6.56045580488775e-01	2.21670909407279e-03	-7.07342394228316e-05	6.64374945384941e-01	2.00014402388771e-03	-7.50700699698736e-05
6.72671091165294e-01	1.77147115005072e-03	-7.98163711159816e-05	6.80937933888809e-01	1.52940403026336e-03	-8.50266098832986e-05
6.89179570267139e-01	1.27248197959751e-03	-9.07630937951875e-05	6.97400304931389e-01	9.99040105291282e-04	-9.70990292046281e-05
7.05604681858675e-01	7.07172573212844e-04	-1.04120848131828e-04	7.13797520803137e-01	3.94687683182848e-04	-1.11931097616091e-04
7.21983959781332e-01	5.90527455694989e-05	-1.20652180607195e-04	7.30169504927361e-01	-3.02674263538472e-04	-1.30431083954941e-04
7.38360089380044e-01	-6.93929633269419e-04	-1.41445712547927e-04	7.46562143319054e-01	-1.11875098118908e-03	-1.53912993468897e-04
7.54782677873826e-01	-1.58191304916333e-03	-1.68099602923855e-04	7.63029386442027e-01	-2.08910179406296e-03	-1.84336186853873e-04
7.71310768060930e-01	-2.64714016799816e-03	-2.03036267393042e-04	7.79636278999201e-01	-3.26428151395630e-03	-2.24723555367179e-04
7.88016520856854e-01	-3.95059996704383e-03	-2.50068737948306e-04	7.96463476485537e-01	-4.71851761057740e-03	-2.79939478446067e-04
8.04990809394637e-01	-5.58351236930366e-03	-3.15479414505937e-04	8.13614248659866e-01	-6.56511467244902e-03	-3.58212924467916e-04
8.22352090988518e-01	-7.68829462439968e-03	-4.10215009040593e-04	8.31225866191477e-01	-8.98547205426137e-03	-4.74362961386587e-04
8.40261235473348e-01	-1.04994689394556e-02	-5.54739444576624e-04	8.49489229284865e-01	-1.22879693453621e-02	-6.57291507731195e-04
8.58947994016179e-01	-1.44304508138663e-02	-7.90954118703224e-04	8.68685325378329e-01	-1.70393578711431e-02	-9.69630499425111e-04
8.78762463416933e-01	-2.02787737053015e-02	-1.21591790807418e-03	8.89260000322586e-01	-2.43972075836824e-02	-1.56849195019970e-03
9.00287516891685e-01	-2.97883791814189e-02	-2.09797455510063e-03	9.12000237398152e-01	-3.71118340661466e-02	-2.94440114165551e-03
9.24630018705367e-01	-4.75530037482612e-02	-4.41728260194130e-03	9.38548919752625e-01	-6.34441031896988e-02	-7.31098568990229e-03
9.54418556403572e-01	-8.99407749822747e-02	-1.41532699287281e-02	9.73620179417225e-01	-1.42254884438343e-01	-3.37829442327318e-02
1.00000000000000e+00	0.00000000000000e+00	0.00000000000000e+00
88	5.77969288415331e+04	7.07428571428571e-01
0.00000000000000e+00	9.36014164313970e-03	-1.06462656448425e-05	1.75125394832450e-02	9.24174180521953e-03	-1.08656879866942e-05
3.47043514342050e-02	9.12481629638218e-03	-1.11217941161090e-05	5.15852570739536e-02	9.00924405021764e-03	-1.13870616429423e-05
6.81647112448395e-02	8.89494703628491e-03	-1.16619331325118e-05	8.44518202592041e-02	8.78184817369809e-03	-1.19468772457054e-05
1.00455358996145e-01	8.66987115751305e-03	-1.22423923727411e-05	1.16183787067094e-01	8.55894028141657e-03	-1.25490081139823e-05
1.31645264113093e-01	8.44898025898200e-03	-1.28672867245605e-05	1.46847664292161e-01	8.33991604780615e-03	-1.31978278907763e-05
1.61798590011074e-01	8.23167266364799e-03	-1.35412691781855e-05	1.76505384952196e-01	8.12417499588824e-03	-1.38982901385365e-05
1.90975146442562e-01	8.01734761911477e-03	-1.42696173852652e-05	2.05214737209317e-01	7.91111458931715e-03	-1.46560240676941e-05
2.19230796562848e-01	7.80539924602008e-03	-1.50583381866021e-05	2.33029751046241e-01	7.70012399688236e-03	-1.54774455776163e-05
2.46617824587479e-01	7.59521008985553e-03	-1.59142918214616e-05	2.60001048188614e-01	7.49057738965631e-03	-1.63698947415192e-05
2.73185269184143e-01	7.38614411549210e-03	-1.68453411750757e-05	2.86176160099279e-01	7.28182658986420e-03	-1.73418010402937e-05
2.98979227137007e-01	7.17753895404871e-03	-1.78605317102676e-05	3.11599818321606e-01	7.07319286239683e-03	-1.84028820229276e-05
3.24043131325079e-01	6.96869717869286e-03	-1.89703123492091e-05	3.36314221001689e-01	6.86395760496206e-03	-1.95643882969776e-05
3.48418006655240e-01	6.75887633071182e-03	-2.01868062501553e-05	3.60359279062569e-01	6.65335161501202e-03	-2.08393972196408e-05
3.72142707276454e-01	6.54727735290606e-03	-2.15241445775671e-05	3.83772845230505e-01	6.44054258525206e-03	-2.22431926031330e-05
3.95254138168406e-01	6.33303098798454e-03	-2.29988722455499e-05	4.06590928919650e-01	6.22462028374038e-03	-2.37937115630249e-05
4.17787464044086e-01	6.11518162469493e-03	-2.46304665163510e-05	4.28847899867666e-01	6.00457887903749e-03	-2.55121340064779e-05
4.39776308432404e-01	5.89266787117415e-03	-2.64419850477537e-05	4.50576683383980e-01	5.77929552468448e-03	-2.74235921338128e-05
4.61252945821474e-01	5.66429893007414e-03	-2.84608726450752e-05	4.71808950134696e-01	5.54750426945128e-03	-2.95581137053080e-05
4.82248489856247e-01	5.42872565366670e-03	-3.07200244940020e-05	4.92575303556965e-01	5.30776380205000e-03	-3.19517831126603e-05
5.02793080815745e-01	5.18440459014990e-03	-3.32591083886946e-05	5.12905468297181e-01	5.05841735729362e-03	-3.46483033293321e-05
5.22916075973887e-01	4.92955306141152e-03	-3.61263457444583e-05	5.32828483533712e-01	4.79754216466666e-03	-3.77009735317291e-05
5.42646247016753e-01	4.66209223312841e-03	-3.93807804262014e-05	5.52372905732294e-01	4.52288523514066e-03	-4.11753438216422e-05
5.62011989511966e-01	4.37957446842274e-03	-4.30953769317011e-05	5.71567026362913e-01	4.23178088139098e-03	-4.51527980744881e-05
5.81041550594201e-01	4.07908928474199e-03	-4.73610920708190e-05	5.90439111498445e-01	3.92104333597110e-03	-4.97353034587533e-05
5.99763282686528e-01	3.75714049706688e-03	-5.22925180683753e-05	6.09017672184388e-01	3.58682557512191e-03	-5.50520241786590e-05
6.18205933422981e-01	3.40948350369552e-03	-5.80356951147554e-05	6.27331777272098e-01	3.22443097549252e-03	-6.12684805123553e-05
6.36398985296039e-01	3.03090648342308e-03	-6.47788901573243e-05	6.45411424442307e-01	2.82805867863423e-03	-6.85996239953024e-05
6.54373063413755e-01	2.61493262348123e-03	-7.27683383037192e-05	6.63287991023775e-01	2.39045347755584e-03	-7.73285782555977e-05
6.72160436894757e-01	2.15340704870215e-03	-8.23309232822478e-05	6.80994794935404e-01	1.90241646699252e-03	-8.78343890970967e-05
6.89795650126908e-01	1.63591400104202e-03	-9.39081195308056e-05	6.98567809267059e-01	1.35210708919664e-03	-1.00633628979718e-04
7.07316336471434e-01	1.04893684892704e-03	-1.08107581739070e-04	7.16046594424324e-01	7.24027055545307e-04	-1.16445259652931e-04
7.24764292620654e-01	3.74620732081832e-04	-1.25784778054028e-04	7.33475544164129e-01	-2.49791226736296e-06	-1.36293145361899e-04
7.42186933107410e-01	-4.11101999726937e-04	-1.48173819291220e-04	7.50905594885523e-01	-8.55647393523173e-04	-1.61676242838027e-04
7.59639313147330e-01	-1.34143234139206e-03	-1.77109025826683e-04	7.68396637307018e-01	-1.87480303380205e-03	-1.94858142509302e-04
7.77187026537838e-01	-2.46342339119032e-03	-2.15410888748879e-04	7.86021027884659e-01	-3.11663114216898e-03	-2.39389467130424e-04
7.94910498920981e-01	-3.84591444978133e-03	-2.67598504780198e-04	8.03868889329989e-01	-4.66555937835689e-03	-3.01093356087190e-04
8.12911601570154e-01	-5.59354428963088e-03	-3.41279790401217e-04	8.22056459410865e-01	-6.65279681216135e-03	-3.90063254684714e-04
8.31324326276080e-01	-7.87299722910928e-03	-4.50077042480235e-04	8.40739935908440e-01	-9.29321781454617e-03	-5.25045551592163e-04
8.50333030936597e-01	-1.09659004214013e-02	-6.20370193361586e-04	8.60139959913793e-01	-1.29630028549298e-02	-7.44127651801429e-04
8.70205978021234e-01	-1.53858483631101e-02	-9.08823727232111e-04	8.80588666906707e-01	-1.83815044193684e-02	-1.13466011158470e-03
8.91363210851726e-01	-2.21713185878228e-02	-1.45598804336999e-03	9.02630912294823e-01	-2.71034352403406e-02	-1.93506023862500e-03
9.14533723964245e-01	-3.37560570599615e-02	-2.69428285814444e-03	9.27280871771056e-01	-4.31577037687806e-02	-4.00185585016355e-03
9.41202411676366e-01	-5.73062040160660e-02	-6.54130229555627e-03	9.56871907123179e-01	-8.05373087875390e-02	-1.24994093037141e-02
9.75447826148855e-01	-1.25025503622488e-01	-3.03465790066972e-02	1.00000000000000e+00	0.00000000000000e+00	0.00000000000000e+00
79	5.77969288415331e+04	7.78071428571429e-01
0.00000000000000e+00	1.03795228463854e-02	-1.29718317185556e-05	1.96560984348923e-02	1.02344167761848e-02	-1.32830508265958e-05
3.89139370156945e-02	1.00912903137635e-02	-1.36317407095632e-05	5.77869872522072e-02	9.94998817195514e-03	-1.39943490260475e-05
7.62881660481381e-02	9.81039327472200e-03	-1.43716267735350e-05	9.44298656685745e-02	9.67239004775577e-03	-1.47643760357585e-05
1.12223982113366e-01	9.53586409361140e-03	-1.51734549098670e-05	1.29681941792651e-01	9.40070186305264e-03	-1.55997811113195e-05
1.46814726630835e-01	9.26679032722433e-03	-1.60443386205689e-05	1.63632897715472e-01	9.13401663927793e-03	-1.65081814937906e-05
1.80146617598728e-01	9.00226779524793e-03	-1.69924426274282e-05	1.96365671350987e-01	8.87143027601089e-03	-1.74983374536808e-05
2.12299486459012e-01	8.74138968673099e-03	-1.80271747691751e-05	2.27957151654427e-01	8.61203037394209e-03	-1.85803638483861e-05
2.43347434752448e-01	8.48323502350246e-03	-1.91594219740576e-05	2.58478799575463e-01	8.35488424597886e-03	-1.97659887133383e-05
2.73359422031216e-01	8.22685612599039e-03	-2.04018344476253e-05	2.87997205411202e-01	8.09902575125165e-03	-2.10688758757183e-05
3.02399794970969e-01	7.97126469577814e-03	-2.17691852870683e-05	3.16574591850790e-01	7.84344048498498e-03	-2.25050145321593e-05
3.30528766392094e-01	7.71541599378001e-03	-2.32788064775669e-05	3.44269270902724e-01	7.58704881063355e-03	-2.40932191619692e-05
3.57802851921797e-01	7.45819053398855e-03	-2.49511461718477e-05	3.71136062033340e-01	7.32868601004166e-03	-2.58557445131924e-05
3.84275271276458e-01	7.19837248706101e-03	-2.68104605583019e-05	3.97226678198931e-01	7.06707869678813e-03	-2.78190680362833e-05
4.09996320600511e-01	6.93462382601440e-03	-2.88857029813183e-05	4.22590086012189e-01	6.80081636499019e-03	-3.00148968985781e-05
4.35013721958064e-01	6.66545288137876e-03	-3.12116503025095e-05	4.47272846047032e-01	6.52831655263775e-03	-3.24814532761675e-05
4.59372955943473e-01	6.38917562974806e-03	-3.38303785505367e-05	4.71319439267365e-01	6.24778163511364e-03	-3.52651390813641e-05
4.83117583477565e-01	6.10386736993607e-03	-3.67931792195630e-05	4.94772585795050e-01	5.95714462690311e-03	-3.84227575629392e-05
5.06289563227509e-01	5.80730165023957e-03	-4.01630776709627e-05	5.17673562761717e-01	5.65400019103346e-03	-4.20244038519257e-05
5.28929571797128e-01	5.49687219773420e-03	-4.40182290413205e-05	5.40062528901779e-01	5.33551595708492e-03	-4.61574256063191e-05
5.51077334981792e-01	5.16949174988746e-03	-4.84564799438925e-05	5.61978864967061e-01	4.99831678559581e-03	-5.09317307675339e-05
5.72771980130531e-01	4.82145933588862e-03	-5.36016465289002e-05	5.83461541175715e-01	4.63833196471852e-03	-5.64871817112511e-05
5.94052422248045e-01	4.44828368589079e-03	-5.96122324389992e-05	6.04549526051312e-01	4.25059050097598e-03	-6.30039966109663e-05
6.14957800283011e-01	4.04444485471434e-03	-6.66937832212167e-05	6.25282255638047e-01	3.82894243793652e-03	-7.07174979328595e-05
6.35527985681909e-01	3.60306725009174e-03	-7.51167021963983e-05	6.45700188948534e-01	3.36567337045190e-03	-7.99396237569638e-05
6.55804193694398e-01	3.11546322768153e-03	-8.52424683526198e-05	6.65845485830178e-01	2.85096148844688e-03	-9.10910816034338e-05
6.75829740666268e-01	2.57048340638466e-03	-9.75630040502828e-05	6.85762859254340e-01	2.27209624767211e-03	-1.04750049828128e-04
6.95651010293026e-01	1.95357198360813e-03	-1.12761576249509e-04	7.05500678805159e-01	1.61232887930707e-03	-1.21728671751198e-04
7.15318723104589e-01	1.24535882570886e-03	-1.31809563073793e-04	7.25112441977526e-01	8.49136194227329e-04	-1.43196653901390e-04
7.34889654541632e-01	4.19502364566560e-04	-1.56125675862873e-04	7.44658795966179e-01	-4.84815174747188e-05	-1.70888003302894e-04
7.54429033208555e-01	-5.60724289476178e-04	-1.87847348565917e-04	7.64210406254590e-01	-1.12435258838683e-03	-2.07462289459226e-04
7.74014002200649e-01	-1.74803784335253e-03	-2.30317495657717e-04	7.83852172118577e-01	-2.44243340718664e-03	-2.57167711251061e-04
7.93738804372125e-01	-3.22076702165652e-03	-2.89001036393399e-04	8.03689673483979e-01	-4.09965779105848e-03	-3.27130977010981e-04
8.13722891727932e-01	-5.10026185785262e-03	-3.73333965069556e-04	8.23859502882577e-01	-6.24991077585357e-03	-4.30060043128844e-04
8.34124276675159e-01	-7.58450820182721e-03	-5.00763849017760e-04	8.44546793008112e-01	-9.15212408969013e-03	-5.90442095359744e-04
8.55162955539859e-01	-1.10185360090279e-02	-7.06542670563470e-04	8.66017160619383e-01	-1.32760762401667e-02	-8.60557357758474e-04
8.77165501982043e-01	-1.60582861709154e-02	-1.07097651939103e-03	8.88680681126870e-01	-1.95653339395907e-02	-1.36910212218355e-03
9.00659869334899e-01	-2.41105479994554e-02	-1.81138534230230e-03	9.13237998060268e-01	-3.02113859017205e-02	-2.50822913187454e-03
9.26611829729125e-01	-3.87821515479965e-02	-3.70016819724261e-03	9.41087697786585e-01	-5.15841828938024e-02	-5.99726299291947e-03
9.57188888099080e-01	-7.23964072381277e-02	-1.13519070852339e-02	9.75947304320634e-01	-1.11577737370747e-01	-2.75872502332093e-02
1.00000000000000e+00	0.00000000000000e+00	0.00000000000000e+00
70	5.77969288415331e+04	8.48714285714286e-01
0.00000000000000e+00	1.16641762113368e-02	-1.62136160031245e-05	2.23448295089554e-02	1.14816446631023e-02	-1.66657769933298e-05
4.41823751289383e-02	1.13018850009450e-02	-1.71597911906574e-05	6.55318287619563e-02	1.11246779440346e-02	-1.76761240164858e-05
8.64114998058880e-02	1.09498385608742e-02	-1.82161413053716e-05	1.06838868575878e-01	1.07771844130184e-02	-1.87813150129834e-05
1.26830636333067e-01	1.06065349021460e-02	-1.93732330089347e-05	1.46402771987793e-01	1.04377106132354e-02	-1.99936104909870e-05
1.65570555753084e-01	1.02705326479922e-02	-2.06443028181180e-05	1.84348620000623e-01	1.01048219411439e-02	-2.13273188185426e-05
2.02750987550245e-01	9.94039855660267e-03	-2.20448366650139e-05	2.20791107605143e-01	9.77708095501484e-03	-2.27992212396000e-05
2.38481889528122e-01	9.61468522523723e-03	-2.35930429679510e-05	2.55835734639236e-01	9.45302427773531e-03	-2.44291020021770e-05
2.72864566201785e-01	9.29190697850668e-03	-2.53104500058665e-05	2.89579857751948e-01	9.13113722822567e-03	-2.62404189406151e-05
3.05992659916854e-01	8.97051297424567e-03	-2.72226562507694e-05	3.22113625856857e-01	8.80982512234763e-03	-2.82611538455768e-05
3.37953035460096e-01	8.64885637272983e-03	-2.93602957011085e-05	3.53520818410587e-01	8.48737992093573e-03	-3.05248974763472e-05
3.68826576245845e-01	8.32515805244083e-03	-3.17602686710217e-05	3.83879603515447e-01	8.16194055404851e-03	-3.30722632819747e-05
3.98688908149002e-01	7.99746297059745e-03	-3.44673538117402e-05	4.13263231139663e-01	7.83144465472785e-03	-3.59527151825301e-05
4.27611065648559e-01	7.66358655773058e-03	-3.75363088529479e-05	4.41740675635989e-01	7.49356876972618e-03	-3.92269996134509e-05
4.55660114126805e-01	7.32104770281117e-03	-4.10346699377673e-05	4.69377241220936e-01	7.14565291992941e-03	-4.29703720810082e-05
4.82899741964811e-01	6.96698351049219e-03	-4.50465009642631e-05	4.96235144206491e-01	6.78460390886815e-03	-4.72769769135351e-05
5.09390836566746e-01	6.59803914587287e-03	-4.96774983116399e-05	5.22374086669833e-01	6.40676932418760e-03	-5.22658113337737e-05
5.35192059793259e-01	6.21022323486553e-03	-5.50620416472913e-05	5.47851838114570e-01	6.00777091773064e-03	-5.80890816084256e-05
5.60360440756947e-01	5.79871497503537e-03	-6.13730578249427e-05	5.72724844864687e-01	5.58228041960396e-03	-6.49439203366242e-05
5.84952007975987e-01	5.35760263693374e-03	-6.88361090273037e-05	5.97048892006134e-01	5.12371315164151e-03	-7.30893798570609e-05
6.09022489210345e-01	4.87952274249004e-03	-7.77498519017872e-05	6.20879850565792e-01	4.62380116713024e-03	-8.28712474132409e-05
6.32628117101307e-01	4.35515278153842e-03	-8.85164346884348e-05	6.44274554814528e-01	4.07198715303814e-03	-9.47594252709294e-05
6.55826593957420e-01	3.77248309681155e-03	-1.01687758689684e-04	6.67291873652963e-01	3.45454470875128e-03	-1.09405588464728e-04
6.78678293037483e-01	3.11574719281271e-03	-1.18037671764659e-04	6.89994070424842e-01	2.75326947669674e-03	-1.27734477316732e-04
7.01247812383809e-01	2.36380948025050e-03	-1.38678630481337e-04	7.12448595142460e-01	1.94347764701441e-03	-1.51093788293366e-04
7.23606061426223e-01	1.48766064505890e-03	-1.65256093658694e-04	7.34730536779076e-01	9.90845916177596e-04	-1.81509674912705e-04
7.45833170698823e-01	4.46393224977415e-04	-2.00287795848686e-04	7.56926109694465e-01	-1.53766411700507e-04	-2.22142085234633e-04
7.68022711869994e-01	-8.19532656690325e-04	-2.47783585721972e-04	7.79137816201895e-01	-1.56318012634049e-03	-2.78141417277888e-04
7.90288084853612e-01	-2.40010703235194e-03	-3.14448295569258e-04	8.01492444536468e-01	-3.34988307806638e-03	-3.58367910401336e-04
8.12772664529811e-01	-4.43774467370517e-03	-4.12189608855362e-04	8.24154126963156e-01	-5.69677735888563e-03	-4.79133088822747e-04
8.35666873635744e-01	-7.17117867870520e-03	-5.63842433625394e-04	8.47347060758017e-01	-8.92127677964560e-03	-6.73216499183837e-04
8.59239033227284e-01	-1.10315086783458e-02	-8.17862875102549e-04	8.71398372414959e-01	-1.36235923243554e-02	-1.01477711107889e-03
8.83896536533719e-01	-1.68792603856395e-02	-1.29259430506212e-03	8.96828235532136e-01	-2.10816747345008e-02	-1.70266076895453e-03
9.10323788804675e-01	-2.66958701043482e-02	-2.34471705555839e-03	9.24571267786431e-01	-3.45379049039674e-02	-3.43427687043318e-03
9.39859822225372e-01	-4.61663981955026e-02	-5.51230058279373e-03	9.56675416495631e-01	-6.48886754914451e-02	-1.02874334427348e-02
9.75954441279249e-01	-9.96820006156972e-02	-2.44551625102676e-02	1.00000000000000e+00	0.00000000000000e+00	0.00000000000000e+00
61	5.77969288415331e+04	9.19357142857143e-01
0.00000000000000e+00	1.33335416103801e-02	-2.09474125738573e-05	2.58208300597151e-02	1.30961113859493e-02	-2.16311135019520e-05
5.09741016883872e-02	1.28627691203709e-02	-2.23682777498180e-05	7.54885138164926e-02	1.26331705598564e-02	-2.31438408242468e-05
9.93912686772436e-02	1.24070036119566e-02	-2.39605195033743e-05	1.22708174732093e-01	1.21839605632645e-02	-2.48212750795229e-05
1.45463741950471e-01	1.19637366324021e-02	-2.57293403174153e-05	1.67681269956891e-01	1.17460285050250e-02	-2.66882504895705e-05
1.89382929715340e-01	1.15305328319604e-02	-2.77018771568383e-05	2.10589839356646e-01	1.13169446777253e-02	-2.87744680260715e-05
2.31322134698058e-01	1.11049558975544e-02	-2.99106914702918e-05	2.51599034954690e-01	1.08942534233960e-02	-3.11156871348750e-05
2.71438904099059e-01	1.06845174379553e-02	-3.23951247833687e-05	2.90859308286987e-01	1.04754194099619e-02	-3.37552718536749e-05
3.09877069735241e-01	1.02666199576689e-02	-3.52030688446359e-05	3.28508317407998e-01	1.00577665140218e-02	-3.67462187100820e-05
3.46768534845087e-01	9.84849075584138e-03	-3.83932931034003e-05	3.64672605444912e-01	9.63840573195318e-03	-4.01538458068007e-05
3.82234855498853e-01	9.42710267198166e-03	-4.20385584207761e-05	3.99469095261324e-01	9.21414737266524e-03	-4.40593970165715e-05
4.16388658331216e-01	8.99907612522566e-03	-4.62298086119084e-05	4.33006439615494e-01	8.78139106590514e-03	-4.85649454631254e-05
4.49334932145203e-01	8.56055483744322e-03	-5.10819216392733e-05	4.65386263017978e-01	8.33598448298689e-03	-5.38001431977797e-05
4.81172228749688e-01	8.10704434103249e-03	-5.67416770269613e-05	4.96704330332621e-01	7.87303778111093e-03	-5.99316932134997e-05
5.11993808318572e-01	7.63319758847425e-03	-6.33990274254703e-05	5.27051678273860e-01	7.38667458881426e-03	-6.71768127029626e-05
5.41888766992338e-01	7.13252428448063e-03	-7.13032956511928e-05	5.56515749901910e-01	6.86969091443723e-03	-7.58227904658071e-05
5.70943190165396e-01	6.59698851960422e-03	-8.07869178409693e-05	5.85181580058826e-01	6.31307802920533e-03	-8.62560279317748e-05
5.99241385317824e-01	6.01643977102073e-03	-9.23011016553676e-05	6.13133093277648e-01	5.70533992423594e-03	-9.90060571444129e-05
6.26867265809292e-01	5.37778947119838e-03	-1.06470676123571e-04	6.40454598280625e-01	5.03149359927813e-03	-1.14814335330227e-04
6.53905986066994e-01	4.66378902638809e-03	-1.24180911857730e-04	6.67232600522110e-01	4.27156516126570e-03	-1.34744903237616e-04
6.80445976834065e-01	3.85116501569360e-03	-1.46719757317060e-04	6.93558116870996e-01	3.39825867685928e-03	-1.60368747494921e-04
7.06581611044642e-01	2.90768048959311e-03	-1.76019592568855e-04	7.19529784476100e-01	2.37321731124940e-03	-1.94084397373340e-04
7.32416874485546e-01	1.78732976779061e-03	-2.15087163423888e-04	7.45258248864464e-01	1.14078060666678e-03	-2.39702373091122e-04
7.58070677859012e-01	4.22132122148922e-04	-2.68810040205514e-04	7.70872677821732e-01	-3.82944256388851e-04	-3.03575707552906e-04
7.83684951916591e-01	-1.29263254107026e-03	-3.45569509948129e-04	7.96530964467429e-01	-2.33034640622032e-03	-3.96947455246988e-04
8.09437702856732e-01	-3.52673010483817e-03	-4.60734981321487e-04	8.22436708367515e-01	-4.92264381197194e-03	-5.41284886141469e-04
8.35565502336586e-01	-6.57374427288804e-03	-6.45043917894439e-04	8.48869610203764e-01	-8.55774251806385e-03	-7.81891857224437e-04
8.62405520525248e-01	-1.09863479152652e-02	-9.67596305525564e-04	8.76245164886157e-01	-1.40257977718746e-02	-1.22860111452461e-03
8.90482991845768e-01	-1.79340766907397e-02	-1.61206124030455e-03	9.05247729903849e-01	-2.31327947024272e-02	-2.20894853396780e-03
9.20723268199870e-01	-3.03572694981150e-02	-3.21409633238079e-03	9.37189032148034e-01	-4.10009136378933e-02	-5.11071760982817e-03
9.55107801058719e-01	-5.79914746875440e-02	-9.39813204405060e-03	9.75353103466156e-01	-8.92161904324171e-02	-2.17377283369382e-02
1.00000000000000e+00	0.00000000000000e+00	0.00000000000000e+00
53	5.77969288415331e+04	9.90000000000000e-01
0.00000000000000e+00	1.52915243950724e-02	-2.72068210018794e-05	2.99169841840303e-02	1.49808514242322e-02	-2.82406005456259e-05
5.89508415953186e-02	1.46762725046270e-02	-2.93511577900141e-05	8.71448157411976e-02	1.43772219449532e-02	-3.05286919950465e-05
1.14539587365090e-01	1.40831670898551e-02	-3.17787066146380e-05	1.41173474853426e-01	1.37935828877926e-02	-3.31072831949442e-05
1.67082617548717e-01	1.35079486172327e-02	-3.45211549797053e-05	1.92301143597291e-01	1.32257445441248e-02	-3.60277928672659e-05
2.16861323980397e-01	1.29464484613746e-02	-3.76355055329292e-05	2.40793714200872e-01	1.26695320517696e-02	-3.93535531320044e-05
2.64127284945453e-01	1.23944570232015e-02	-4.11922829364197e-05	2.86889542911913e-01	1.21206709395372e-02	-4.31632849624553e-05
3.09106642878316e-01	1.18476026762662e-02	-4.52795764342984e-05	3.30803491996570e-01	1.15746574050652e-02	-4.75558173627100e-05
3.52003847212831e-01	1.13012110065707e-02	-5.00085678700746e-05	3.72730406651701e-01	1.10266037709372e-02	-5.26565875138552e-05
3.93004895749198e-01	1.07501332584303e-02	-5.55212026680518e-05	4.12848148880126e-01	1.04710460973572e-02	-5.86267318123390e-05
4.32280187199616e-01	1.01885285339276e-02	-6.20010105103486e-05	4.51320293405640e-01	9.90169542535901e-03	-6.56760178969762e-05
4.69987084131097e-01	9.60957735170820e-03	-6.96886436972743e-05	4.88298580691542e-01	9.31110538553148e-03	-7.40816104860542e-05
5.06272278950633e-01	9.00509304468744e-03	-7.89046359817025e-05	5.23925219122344e-01	8.69021466634168e-03	-8.42158435607754e-05
5.41274056412958e-01	8.36497937096126e-03	-9.00835216099960e-05	5.58335133521696e-01	8.02769953288451e-03	-9.65883544838952e-05
5.75124556175801e-01	7.67645224620495e-03	-1.03826220785974e-04	5.91658273086520e-01	7.30903188482057e-03	-1.11911736613735e-04
6.07952161992402e-01	6.92289141763025e-03	-1.20982893738075e-04	6.24022123827825e-01	6.51506886591369e-03	-1.31206955817476e-04
6.39884187553256e-01	6.08209475104604e-03	-1.42788302913255e-04	6.55554628849496e-01	5.61987416155141e-03	-1.55978733964890e-04
6.71050106783053e-01	5.12353537336052e-03	-1.71091427198844e-04	6.86387823783112e-01	4.58723272220718e-03	-1.88519633153028e-04
7.01585715981849e-01	4.00388802155871e-03	-2.08762827768494e-04	7.16662683359291e-01	3.36484569993734e-03	-2.32462980191750e-04
7.31638872544272e-01	2.65940733284720e-03	-2.60456383467389e-04	7.46536030046274e-01	1.87419320873428e-03	-2.93848873880176e-04
7.61377950953942e-01	9.92251575900882e-04	-3.34127385997363e-04	7.76191059060541e-01	-8.20812027602091e-06	-3.83329410481137e-04
7.91005171204871e-01	-1.15565588287914e-03	-4.44307420884416e-04	8.05854525232700e-01	-2.48798125691063e-03	-5.21154520292999e-04
8.20779194362569e-01	-4.05668648871160e-03	-6.19914645952013e-04	8.35827083909511e-01	-5.93351143225884e-03	-7.49817328792757e-04
8.51056834755649e-01	-8.22129426797624e-03	-9.25532898321313e-04	8.66542194147221e-01	-1.10725693671436e-02	-1.17154075475456e-03
8.82378873538981e-01	-1.47231019263068e-02	-1.53123011732559e-03	8.98695867756656e-01	-1.95562715300518e-02	-2.08765989314008e-03
9.15675367068021e-01	-2.62364750720306e-02	-3.01690688345957e-03	9.33590818847573e-01	-3.60124191581915e-02	-4.74941521870753e-03
9.52888435809657e-01	-5.14811386166577e-02	-8.59112810947193e-03	9.74393489445982e-01	-7.95821760226476e-02	-1.92393500814505e-02
1.00000000000000e+00	0.00000000000000e+00	0.00000000000000e+00
