106	2.49359200498416e+00	1.00000000000000e-03
0.00000000000000e+00	-8.87344822960934e-04	1.00153578977968e-05	9.50243238668184e-03	-8.58022330126440e-04	1.01645509077430e-05
1.90211841516996e-02	-8.28239200748593e-04	1.02874573963962e-05	2.85557152633378e-02	-7.98037642160021e-04	1.04090757109265e-05
3.81054750428008e-02	-7.67422667407924e-04	1.05292644970723e-05	4.76699021840937e-02	-7.36399797061971e-04	1.06478684147593e-05
5.72484249093615e-02	-7.04975098649974e-04	1.07647331859528e-05	6.68404611408492e-02	-6.73155192693509e-04	1.08796972182468e-05
7.64454186897752e-02	-6.40947265469038e-04	1.09925904198116e-05	8.60626954625132e-02	-6.08359095497946e-04	1.11032408486311e-05
9.56916796844456e-02	-5.75399063084570e-04	1.12114690983267e-05	1.05331750141764e-01	-5.42076171267891e-04	1.13170893557557e-05
1.14982276441595e-01	-5.08400063258585e-04	1.14199122681624e-05	1.24642619290734e-01	-4.74381034524574e-04	1.15197372955178e-05
1.34312130793223e-01	-4.40030058480922e-04	1.16163606340702e-05	1.43990154767135e-01	-4.05358801923161e-04	1.17095703090486e-05
1.53676027080728e-01	-3.70379641795870e-04	1.17991453121302e-05	1.63369076008255e-01	-3.35105690458137e-04	1.18848588168685e-05
1.73068622605658e-01	-2.99550817011496e-04	1.19664778410744e-05	1.82773981106331e-01	-2.63729660371137e-04	1.20437565205300e-05
1.92484459337148e-01	-2.27657659875979e-04	1.21164417178354e-05	2.02199359154992e-01	-1.91351075527257e-04	1.21842702048847e-05
2.11917976903909e-01	-1.54827015152237e-04	1.22469689073368e-05	2.21639603893093e-01	-1.18103460440500e-04	1.23042535925544e-05
2.31363526895861e-01	-8.11992970753961e-05	1.23558297252524e-05	2.41089028669816e-01	-4.41343400487959e-05	1.24013873034068e-05
2.50815388498332e-01	-6.92936784474352e-06	1.24406028133572e-05	2.60541882753580e-01	3.03938354661026e-05	1.24731404381739e-05
2.70267785481306e-01	6.78124504677191e-05	1.24986463615473e-05	2.79992369007545e-01	1.05302578353061e-04	1.25167495204082e-05
2.89714904567558e-01	1.42839195662492e-04	1.25270597931548e-05	2.99434662957241e-01	1.80396102285707e-04	1.25291676298378e-05
3.09150915207377e-01	2.17945874515402e-04	1.25226390247368e-05	3.18862933281055e-01	2.55459795912238e-04	1.25070184543441e-05
3.28569990794754e-01	2.92907803349896e-04	1.24818193149023e-05	3.38271363763561e-01	3.30258411427087e-04	1.24465259943030e-05
3.47966331371156e-01	3.67478626959294e-04	1.24005922664816e-05	3.57654176765264e-01	4.04533869234669e-04	1.23434347352180e-05
3.67334187879395e-01	4.41387870930288e-04	1.22744301168654e-05	3.77005658281834e-01	4.78002571767888e-04	1.21929102407936e-05
3.86667888052997e-01	5.14337994543368e-04	1.20981616762439e-05	3.96320184692475e-01	5.50352120686881e-04	1.19894134218423e-05
4.05961864057225e-01	5.86000739528747e-04	1.18658364517410e-05	4.15592251332688e-01	6.21237277338871e-04	1.17265381425202e-05
4.25210682038837e-01	6.56012632534120e-04	1.15705476435579e-05	4.34816503073407e-01	6.90274951642089e-04	1.13968174207946e-05
4.44409073795038e-01	7.23969412594005e-04	1.12042093531883e-05	4.53987767149319e-01	7.57037979810193e-04	1.09914773384068e-05
4.63551970841191e-01	7.89419093326971e-04	1.07572746245177e-05	4.73101088557811e-01	8.21047384411022e-04	1.05001163701601e-05
4.82634541246233e-01	8.51853285584236e-04	1.02183885969387e-05	4.92151768451347e-01	8.81762661789520e-04	9.91030928421122e-06
5.01652229719787e-01	9.10696331211991e-04	9.57392958045311e-06	5.11135406076795e-01	9.38569589222116e-04	9.20709165463940e-06
5.20600801583592e-01	9.65291599704043e-04	8.80742961006931e-06	5.30047944984322e-01	9.90764802307753e-04	8.37230657091403e-06
5.39476391452389e-01	1.01488412321193e-03	7.89882484208970e-06	5.48885724448104e-01	1.03753622169833e-03	7.38374164743760e-06
5.58275557700430e-01	1.05859848637024e-03	6.82347197589195e-06	5.67645537328421e-01	1.07793802429712e-03	6.21400719325038e-06
5.76995344119363e-01	1.09541044711980e-03	5.55086127806970e-06	5.86324695983724e-01	1.11085844597292e-03	4.82903515486299e-06
5.95633350610049e-01	1.12411027901616e-03	4.04289730793206e-06	6.04921108345942e-01	1.13497793919959e-03	3.18611133742763e-06
6.14187815336027e-01	1.14325504387247e-03	2.25155107724806e-06	6.23433366952410e-01	1.14871448270015e-03	1.23115024563969e-06
6.32657711558629e-01	1.15110564569643e-03	1.15760232621831e-07	6.41860854655239e-01	1.15015120352036e-03	-1.10501551131570e-06
6.51042863463161e-01	1.14554337087380e-03	-2.44302052965217e-06	6.60203872010559e-01	1.13693955651262e-03	-3.91179392100760e-06
6.69344086800565e-01	1.12395728199388e-03	-5.52687224164572e-06	6.78463793151208e-01	1.10616817639264e-03	-7.30613385457879e-06
6.87563362315898e-01	1.08309090274084e-03	-9.27022527341670e-06	6.96643259513414e-01	1.05418277905778e-03	-1.14430793936027e-05
7.05704053021587e-01	1.01882979940981e-03	-1.38525489876695e-05	7.14746424519983e-01	9.76334701433990e-04	-1.65311849555927e-05
7.23771180905396e-01	9.25902621021324e-04	-1.95171988905951e-05	7.32779267851906e-01	8.66623758827512e-04	-2.28556613037778e-05
7.41771785447431e-01	7.97452315463909e-04	-2.66000014730317e-05	7.50750006314601e-01	7.17180734768563e-04	-3.08139002740404e-05
7.59715396720410e-01	6.24408020932110e-04	-3.55736990167443e-05	7.68669641302904e-01	5.17500479581434e-04	-4.09714827231955e-05
7.77614672203249e-01	3.94542733764602e-04	-4.71190731488047e-05	7.86552703600292e-01	2.53276114418277e-04	-5.41532372351217e-05
7.95486272919684e-01	9.10205103017425e-05	-6.22425545675487e-05	8.04418290355378e-01	-9.54256499700046e-05	-7.15965774897853e-05
8.13352098833443e-01	-3.09914685876267e-04	-8.24781831583188e-05	8.22291547218122e-01	-5.57118574201265e-04	-9.52204542494783e-05
8.31241080484293e-01	-8.42752183793261e-04	-1.10250078826812e-04	8.40205851873539e-01	-1.17387209364173e-03	-1.28120281846167e-04
8.49191863888591e-01	-1.55928217275503e-03	-1.49557980752668e-04	8.58206147636918e-01	-2.01009258727447e-03	-1.75532589362648e-04
8.67256993946620e-01	-2.54050350709878e-03	-2.07358544953129e-04	8.76354255562508e-01	-3.16892488296017e-03	-2.46851757539357e-04
8.85509748791422e-01	-3.91961081571657e-03	-2.96574908420277e-04	8.94737797290586e-01	-4.82510269805381e-03	-3.60234521322056e-04
9.04055984026366e-01	-5.92998489709307e-03	-4.43346318318216e-04	9.13486216779217e-01	-7.29684901542782e-03	-5.54396661157863e-04
9.23056281641998e-01	-9.01609982879970e-03	-7.06997791885211e-04	9.32802185998672e-01	-1.12228785625275e-02	-9.24113888099765e-04
9.42771840449087e-01	-1.41277966044441e-02	-1.24720951943913e-03	9.53031148631562e-01	-1.80767133198569e-02	-1.75877795126134e-03
9.63674773657269e-01	-2.36764492439409e-02	-2.65169209845828e-03	9.74847036169335e-01	-3.20607023811963e-02	-4.56249684583065e-03
9.86789183392248e-01	-4.22501159669124e-02	-1.51366474353194e-02	1.00000000000000e+00	0.00000000000000e+00	0.00000000000000e+00
54	2.49359200498416e+00	7.16428571428571e-02
0.00000000000000e+00	-1.66036621884313e-03	3.90851120669611e-05	1.89489406627843e-02	-1.54565686125574e-03	4.00227996839586e-05
3.79565294231179e-02	-1.42779249148051e-03	4.09271491204066e-05	5.70184542493034e-02	-1.30687331276536e-03	4.18058904788632e-05
7.61302485876201e-02	-1.18299710133973e-03	4.26542246266814e-05	9.52872968654204e-02	-1.05627847293877e-03	4.34670231670431e-05
1.14484841117396e-01	-9.26849849630762e-04	4.42388083953249e-05	1.33717988656822e-01	-7.94862459695844e-04	4.49637288966187e-05
1.52981720825666e-01	-6.60487380817698e-04	4.56355292171029e-05	1.72270902853895e-01	-5.23916640424948e-04	4.62475118364614e-05
1.91580294854883e-01	-3.85364396046750e-04	4.67924919506091e-05	2.10904563980700e-01	-2.45068214747235e-04	4.72627389808133e-05
2.30238297758468e-01	-1.03290485402585e-04	4.76499033058575e-05	2.49576018627315e-01	3.96799914820223e-05	4.79449276157284e-05
2.68912199694974e-01	1.83526192195638e-04	4.81379345378397e-05	2.88241281734299e-01	3.27900770829892e-04	4.82180869285642e-05
3.07557691443294e-01	4.72423591585502e-04	4.81734163199077e-05	3.26855860998443e-01	6.16678799932768e-04	4.79906082705428e-05
3.46130248940699e-01	7.60211307382574e-04	4.76547376011549e-05	3.65375362447485e-01	9.02522542234996e-04	4.71489395892366e-05
3.84585781063438e-01	1.04306527943632e-03	4.64540014420978e-05	4.03756181988707e-01	1.18123731510467e-03	4.55478549322708e-05
4.22881367058004e-01	1.31637369447390e-03	4.44049435259775e-05	4.41956291588435e-01	1.44773712439838e-03	4.29954305667390e-05
4.60976095331900e-01	1.57450610220033e-03	4.12842044477113e-05	4.79936135842149e-01	1.69576016177075e-03	3.92296228531874e-05
4.98832024661795e-01	1.81046146548525e-03	3.67819181474882e-05	5.17659666856876e-01	1.91743173810621e-03	3.38811593684207e-05
5.36415304584038e-01	2.01532322765818e-03	3.04546269841444e-05	5.55095565579259e-01	2.10258195244495e-03	2.64134011858097e-05
5.73697517722768e-01	2.17740086945695e-03	2.16479079807597e-05	5.92218731184267e-01	2.23765986947833e-03	1.60219921497839e-05
6.10657350115793e-01	2.28084816498775e-03	9.36502900950043e-06	6.29012176482318e-01	2.30396317825887e-03	1.46119608790407e-06
6.47282769464708e-01	2.30337732918073e-03	-7.96518209833508e-06	6.65469565034228e-01	2.27466083617212e-03	-1.92700985064409e-05
6.83574021922550e-01	2.21234288334027e-03	-3.29187320902147e-05	7.01598802520213e-01	2.10958545856132e-03	-4.95269798697073e-05
7.19548000570192e-01	1.95773110011555e-03	-6.99223311193542e-05	7.37427432433234e-01	1.74566510842711e-03	-9.52349997367374e-05
7.55245016086461e-01	1.45889893285989e-03	-1.27037645463624e-04	7.73011273388180e-01	1.07822446791639e-03	-1.67565398011993e-04
7.90740009119928e-01	5.77690123241048e-04	-2.20073002366705e-04	8.08449249598959e-01	-7.85273594351432e-05	-2.89435515815617e-04
8.26162572992298e-01	-9.41113012776440e-04	-3.83200243332604e-04	8.43911049925612e-01	-2.08386987388853e-03	-5.13519340022306e-04
8.61736171589177e-01	-3.61797473796732e-03	-7.00911001352056e-04	8.79694449733928e-01	-5.71787359387965e-03	-9.82111650817075e-04
8.97865008281908e-01	-8.67127209398988e-03	-1.42798351684625e-03	9.16362911419173e-01	-1.29830237300442e-02	-2.18936951874604e-03
9.35364519613162e-01	-1.96108485318484e-02	-3.63524793500547e-03	9.55161309823571e-01	-3.05467278326432e-02	-6.89400956032937e-03
9.76294158984466e-01	-5.04959561692290e-02	-1.69823040272477e-02	1.00000000000000e+00	0.00000000000000e+00	0.00000000000000e+00
42	2.49359200498416e+00	1.42285714285714e-01
0.00000000000000e+00	-1.96940862291117e-03	6.42821023878470e-05	2.46967275888387e-02	-1.78004778297025e-03	6.61899907934416e-05
4.94814823336238e-02	-1.58428842020975e-03	6.80242136459341e-05	7.43448436546331e-02	-1.38239335751322e-03	6.97775919619170e-05
9.92769941043404e-02	-1.17466856885262e-03	7.14325497751522e-05	1.24267742603260e-01	-9.61480804715031e-04	7.29699692494368e-05
1.49306552375928e-01	-7.43261950631680e-04	7.43690440799805e-05	1.74382573653643e-01	-5.20513652536692e-04	7.56070875830295e-05
1.99484681295595e-01	-2.93812326179532e-04	7.66592793827181e-05	2.24601517456484e-01	-6.38147160365587e-05	7.74983299705045e-05
2.49721539410076e-01	1.68735768446004e-04	7.80940368366734e-05	2.74833072627722e-01	4.03001632713118e-04	7.84126977845245e-05
2.99924369213237e-01	6.38042383776627e-04	7.84163374212277e-05	3.24983671815923e-01	8.72803583896853e-04	7.80616886509877e-05
3.49999283188791e-01	1.10610315906545e-03	7.72988532985464e-05	3.74959641637546e-01	1.33661402647844e-03	7.60695397544753e-05
3.99853402728343e-01	1.56284180432842e-03	7.43047410224351e-05	4.24669527802696e-01	1.78309596523540e-03	7.19216652149690e-05
4.49397380104453e-01	1.99545224275965e-03	6.88196584615053e-05	4.74026829681412e-01	2.19770333651159e-03	6.48747538337657e-05
4.98548368717370e-01	2.38729387062286e-03	5.99323322825196e-05	5.22953239627974e-01	2.56123406183462e-03	5.37971197160925e-05
5.47233579185720e-01	2.71598422866604e-03	4.62194407918615e-05	5.71382583230702e-01	2.84729907531323e-03	3.68760212809960e-05
5.95394698328590e-01	2.95001559424768e-03	2.53428202161565e-05	6.19265849296965e-01	3.01776086877681e-03	1.10559006795130e-05
6.42993715208232e-01	3.04254409058102e-03	-6.74600117878121e-06	6.66578071891354e-01	3.01417796186665e-03	-2.91075490457260e-05
6.90021227076389e-01	2.91944349749351e-03	-5.74890257234451e-05	7.13328586803958e-01	2.74085908449129e-03	-9.39747529489221e-05
7.36509411421951e-01	2.45482355106597e-03	-1.41612207593012e-04	7.59577851538647e-01	2.02873742409571e-03	-2.04983167472417e-04
7.82554408271395e-01	1.41639858068410e-03	-2.91206007478673e-04	8.05468056660225e-01	5.50364800794068e-04	-4.11781071821382e-04
8.28359444478138e-01	-6.71267604316017e-04	-5.86189066236642e-04	8.51285914338272e-01	-2.40894075596088e-03	-8.49416575876338e-04
8.74329790888393e-01	-4.92822736250542e-03	-1.26913414554286e-03	8.97612929944342e-01	-8.69687037279099e-03	-1.98960607623988e-03
9.21324388489407e-01	-1.46055491207149e-02	-3.36256649152089e-03	9.45779066637110e-01	-2.45204604394389e-02	-6.43629167542747e-03
9.71563114416226e-01	-4.32575395915696e-02	-1.50432728837397e-02	1.00000000000000e+00	0.00000000000000e+00	0.00000000000000e+00
35	2.49359200498416e+00	2.12928571428571e-01
0.00000000000000e+00	-2.11823955969070e-03	9.15895533019073e-05	3.00614584592474e-02	-1.84735770184474e-03	9.47306109650992e-05
6.02340871555175e-02	-1.56603616635287e-03	9.77187157290560e-05	9.05012686031508e-02	-1.27484606367601e-03	1.00520609549792e-04
1.20845629368107e-01	-9.74487553227377e-04	1.03091832063473e-04	1.51249105823065e-01	-6.65812248070718e-04	1.05383257785419e-04
1.81693023414003e-01	-3.49835927633158e-04	1.07340469650885e-04	2.12158189812385e-01	-2.77524848099064e-05	1.08902885289974e-04
2.42625002334661e-01	2.99050227115516e-04	1.10002537328291e-04	2.73073569938207e-01	6.28971683169666e-04	1.10562373655365e-04
3.03483850075694e-01	9.60175748092484e-04	1.10493892835462e-04	3.33835800734537e-01	1.29056159908469e-03	1.09693866742089e-04
3.64109548138923e-01	1.61772586557518e-03	1.08039802738213e-04	3.94285570893275e-01	1.93891232037480e-03	1.05383659367408e-04
4.24344901856658e-01	2.25094403206794e-03	1.01543117468905e-04	4.54269349837653e-01	2.55013084503009e-03	9.62893913724061e-05
4.84041744400741e-01	2.83214208275395e-03	8.93300664386310e-05	5.13646208840711e-01	3.09182992928270e-03	8.02846712631977e-05
5.43068468954255e-01	3.32298222575322e-03	6.86494080683886e-05	5.72296208991850e-01	3.51797286732625e-03	5.37454004061466e-05
6.01319491702910e-01	3.66726133877604e-03	3.46411999514462e-05	6.30131267659245e-01	3.75866550041537e-03	1.00341169648743e-05
6.58728011680116e-01	3.77628585422851e-03	-2.19363410622897e-05	6.87110543988018e-01	3.69888003394436e-03	-6.39907318518151e-05
7.15285125703503e-01	3.49734366587451e-03	-1.20216506891646e-04	7.43264971724082e-01	3.13068877938272e-03	-1.96952722202326e-04
7.71072416896105e-01	2.53939484721077e-03	-3.04408523733590e-04	7.98742140275155e-01	1.63395207729788e-03	-4.59794557374771e-04
8.26326176220786e-01	2.74126007749786e-04	-6.93807924000645e-04	8.53902103380389e-01	-1.77085214515360e-03	-1.06524679756714e-03
8.81587266809409e-01	-4.90436840974473e-03	-1.69772003943414e-03	9.09565461344379e-01	-9.88686655265447e-03	-2.88627411110620e-03
9.38142430466181e-01	-1.82924779915338e-02	-5.47846932626994e-03	9.67879568049508e-01	-3.41447963786652e-02	-1.23153871391903e-02
1.00000000000000e+00	0.00000000000000e+00	0.00000000000000e+00
29	2.49359200498416e+00	2.83571428571429e-01
0.00000000000000e+00	-2.21479949299819e-03	1.31938061990744e-04	3.68805072251765e-02	-1.82297697933331e-03	1.37170087145533e-04
7.38955158272263e-02	-1.41398908832657e-03	1.42060253296328e-04	1.11015157574984e-01	-9.89131677009758e-04	1.46511088589985e-04
1.48208132619270e-01	-5.50044376517178e-04	1.50406967112771e-04	1.85441899887273e-01	-9.87534735761297e-05	1.53617548235507e-04
2.22682907460174e-01	3.62289653316084e-04	1.55994892934053e-04	2.59896863974756e-01	8.30163950097607e-04	1.57369160552534e-04
2.97049051866307e-01	1.30142400903233e-03	1.57542207997796e-04	3.34104683183215e-01	1.77202933578124e-03	1.56278115248432e-04
3.71029299013910e-01	2.23724872346653e-03	1.53289212859731e-04	4.07789214491942e-01	2.69152672386885e-03	1.48215488263159e-04
4.44352013184315e-01	3.12829301949091e-03	1.40594128898774e-04	4.80687097847428e-01	3.53968608187971e-03	1.29814117876048e-04
5.16766309687290e-01	3.91614774237237e-03	1.15047679156488e-04	5.52564636372777e-01	4.24582147031904e-03	9.51449292768691e-05
5.88061041732448e-01	4.51364746341021e-03	6.84682921772151e-05	6.23239470055671e-01	4.69997928456467e-03	3.26249835936876e-05
6.58090110069608e-01	4.77842504456771e-03	-1.59796777317034e-05	6.92611056918553e-01	4.71239037481963e-03	-8.29176002292709e-05
7.26810602054440e-01	4.44936411241992e-03	-1.77146943996842e-04	7.60710545670466e-01	3.91110018067398e-03	-3.13716439235501e-04
7.94351238712099e-01	2.97593957436892e-03	-5.19310914798510e-04	8.27799692439934e-01	1.44512064612656e-03	-8.44593568765983e-04
8.61163468833818e-01	-1.02600886728432e-03	-1.39470153447752e-03	8.94616363089496e-01	-5.08065996933837e-03	-2.41582245288918e-03
9.28450843223733e-01	-1.20334436339983e-02	-4.59415528500529e-03	9.63201046627461e-01	-2.51520225124378e-02	-1.01430074422499e-02
1.00000000000000e+00	0.00000000000000e+00	0.00000000000000e+00
24	2.49359200498416e+00	3.54214285714286e-01
0.00000000000000e+00	-2.21066660675662e-03	1.90520056348342e-04	4.53902450939936e-02	-1.64264241379120e-03	1.99216002600422e-04
9.09294379638212e-02	-1.04657977392131e-03	2.07132128503318e-04	1.36563680632224e-01	-4.25442823323907e-04	2.14009797122716e-04
1.82236459517037e-01	2.16925715539107e-04	2.19547415270860e-04	2.27889194496506e-01	8.75697270226961e-04	2.23396063610326e-04
2.73461904748090e-01	1.54493935117395e-03	2.25145756351353e-04	3.18893993079593e-01	2.21746602036221e-03	2.24303301801232e-04
3.64125150025094e-01	2.88463313302467e-03	2.20256943132546e-04	4.09096380428948e-01	3.53604048929168e-03	2.12220190447310e-04
4.53751159981293e-01	4.15908104428964e-03	1.99142509394012e-04	4.98036739100418e-01	4.73824183260418e-03	1.79566069060111e-04
5.41905629631888e-01	5.25400163926071e-03	1.51392047850973e-04	5.85317340951893e-01	5.68106596798568e-03	1.11489590585712e-04
6.28240484927895e-01	5.98548844718449e-03	5.50189100695375e-05	6.70655460249689e-01	6.11986052486246e-03	-2.57915771793016e-05
7.12558088813185e-01	6.01501014502470e-03	-1.43973497758187e-04	7.53964880009581e-01	5.56506704447446e-03	-3.22545142600328e-04
7.94921201612260e-01	4.59914296168606e-03	-6.04900407036091e-04	8.35514928752769e-01	2.82399804962563e-03	-1.08006669474014e-03
8.75901186367656e-01	-3.01725135953057e-04	-1.95285523817734e-03	9.16351878986217e-01	-5.87042129438464e-03	-3.77849387659346e-03
9.57368919819421e-01	-1.65123051210054e-02	-8.30341189170625e-03	1.00000000000000e+00	0.00000000000000e+00	0.00000000000000e+00
20	2.49359200498416e+00	4.24857142857143e-01
0.00000000000000e+00	-2.03216677405482e-03	2.71259596388629e-04	5.55665339885892e-02	-1.22066303564639e-03	2.85328354888592e-04
1.11268088140929e-01	-3.64814146631587e-04	2.97674322303987e-04	1.67009625029595e-01	5.28840368978156e-04	3.07660204184601e-04
2.22691732593318e-01	1.45164851232615e-03	3.14533417817398e-04	2.78212125008039e-01	2.39256469645854e-03	3.17393850849279e-04
3.33467459298073e-01	3.33779791662114e-03	3.15130974019029e-04	3.88355466322315e-01	4.27030751149748e-03	3.06313963125082e-04
4.42777398573184e-01	5.16901301590178e-03	2.89001691041624e-04	4.96640815366598e-01	6.00748986699629e-03	2.60413619792454e-04
5.49862768533049e-01	6.75175597008904e-03	2.16350861556802e-04	6.02373535494828e-01	7.35644321900009e-03	1.50146905857795e-04
6.54121203148578e-01	7.75803232352412e-03	5.06798159659594e-05	7.05077699991800e-01	7.86253089763744e-03	-1.01622868839746e-04
7.55247449995500e-01	7.52204728407602e-03	-3.43445480101678e-04	8.04681030858936e-01	6.48759865045734e-03	-7.49272366300957e-04
8.53499000295269e-01	4.30668974644011e-03	-1.48750432748135e-03	9.01938244665181e-01	8.01249032071905e-05	-3.00190297140013e-03
9.50454919708447e-01	-8.28338913059645e-03	-6.65584931816787e-03	1.00000000000000e+00	0.00000000000000e+00	0.00000000000000e+00
17	2.49359200498416e+00	4.95500000000000e-01
0.00000000000000e+00	-1.58822638033973e-03	3.70433482963506e-04	6.67324096810923e-02	-4.77275385838971e-04	3.91736966723899e-04
1.33527148159796e-01	6.98906469003613e-04	4.09602725208180e-04	2.00227494489807e-01	1.92728904244976e-03	4.22655109052261e-04
2.66670556864978e-01	3.19038177967512e-03	4.29237132607008e-04	3.32690862798344e-01	4.46558431353250e-03	4.27289333682856e-04
3.98124666740914e-01	5.72426444311191e-03	4.14110030742876e-04	4.62814953980540e-01	6.93023359364353e-03	3.85901756656204e-04
5.26617159616161e-01	8.03701756428665e-03	3.36917052140895e-04	5.89405739918230e-01	8.98280242290284e-03	2.57819418298944e-04
6.51081993298767e-01	9.68088546543477e-03	1.32403275299731e-04	7.11584058031011e-01	1.00011543266401e-02	-6.94119106996460e-05
7.70901113756769e-01	9.73261852072360e-03	-4.07947239494666e-04	8.29096267372751e-01	8.50274418370378e-03	-1.01684625623988e-03
8.86348718819944e-01	5.58896415147392e-03	-2.23664214584707e-03	9.43043494002229e-01	-6.20394983210981e-04	-5.08172265783990e-03
1.00000000000000e+00	0.00000000000000e+00	0.00000000000000e+00
14	2.49359200498416e+00	5.66142857142857e-01
0.00000000000000e+00	-8.74999777994323e-04	5.42377991084364e-04	8.30431128055710e-02	7.53735743067141e-04	5.77662612623486e-04
1.65958407719904e-01	2.48637574160349e-03	6.05016521757373e-04	2.48460576183042e-01	4.29301776124669e-03	6.20945169446441e-04
3.30256779247070e-01	6.13276984803657e-03	6.21080629691462e-04	4.11056750759650e-01	7.95188588390916e-03	5.99585761825283e-04
4.90584744248896e-01	9.68049799225279e-03	5.47856261967516e-04	5.68593244622787e-01	1.12260081309928e-02	4.51760036570215e-04
6.44878775497285e-01	1.24591643972920e-02	2.85624778804117e-04	7.19301181793806e-01	1.31842174513053e-02	-1.75374266242478e-06
7.91810189748174e-01	1.30728189161491e-02	-5.23383725427706e-04	8.62488934003647e-01	1.15085282651590e-02	-1.56397382030349e-03
9.31640544728508e-01	7.17536379844574e-03	-3.98149354700794e-03	1.00000000000000e+00	0.00000000000000e+00	0.00000000000000e+00
12	2.49359200498416e+00	6.36785714285714e-01
0.00000000000000e+00	3.06626357234552e-04	7.28733269155124e-04	9.91738369639793e-02	2.49382803095155e-03	7.80152140039347e-04
1.97849839741046e-01	4.82517008318917e-03	8.16723157831323e-04	2.95575743299367e-01	7.24478762627834e-03	8.31570952758098e-04
3.91896096065829e-01	9.67587704873940e-03	8.15827479263231e-04	4.86374073017069e-01	1.20168154466053e-02	7.56708838279274e-04
5.78616567523492e-01	1.41326597464020e-02	6.32915267717360e-04	6.68302476643477e-01	1.58348690169022e-02	4.03681518673094e-04
7.55216101821858e-01	1.68329995992289e-02	-1.91154764905832e-05	8.39292748013554e-01	1.66178180407377e-02	-8.52139641352778e-04
9.20697297845118e-01	1.41770612689085e-02	-2.74415070552370e-03	1.00000000000000e+00	0.00000000000000e+00	0.00000000000000e+00
11	2.49359200498416e+00	7.07428571428571e-01
0.00000000000000e+00	1.86789445140978e-03	8.42276730884772e-04	1.10173351212706e-01	4.38884313968546e-03	9.03117179113178e-04
2.19378466053096e-01	7.07096033504540e-03	9.44554301509415e-04	3.27047584692894e-01	9.84072508150879e-03	9.57861009369565e-04
4.32619623121448e-01	1.25986586832439e-02	9.31867208304626e-04	5.35570785599231e-01	1.52152014534469e-02	8.50123552893378e-04
6.35448339459357e-01	1.75197590084707e-02	6.83813672988420e-04	7.31907235954972e-01	1.92717237225658e-02	3.74125398371450e-04
8.24752817107015e-01	2.00874190918132e-02	-2.15629533105277e-04	9.14001906422963e-01	1.92882719791296e-02	-1.48691138618551e-03
1.00000000000000e+00	0.00000000000000e+00	0.00000000000000e+00
11	2.49359200498416e+00	7.78071428571429e-01
0.00000000000000e+00	3.43536088485596e-03	7.97298511327482e-04	1.11230174676447e-01	5.80920911399141e-03	8.52283059278980e-04
2.21170855392380e-01	8.32073449611404e-03	8.91334219227602e-04	3.29294886977040e-01	1.09083060216937e-02	9.08139395484397e-04
4.35086389978026e-01	1.34916027556968e-02	8.95185148010791e-04	5.38065916398403e-01	1.59703072588976e-02	8.42336009855837e-04
6.37816953679938e-01	1.82194221815453e-02	7.33334859442047e-04	7.34012830598682e-01	2.00755191032996e-02	5.37697100161050e-04
8.26444888300822e-01	2.13019754118048e-02	1.91096060487950e-04	9.15056865386771e-01	2.15513973550876e-02	-5.04434442695212e-04
1.00000000000000e+00	0.00000000000000e+00	0.00000000000000e+00
11	2.49359200498416e+00	8.48714285714286e-01
0.00000000000000e+00	5.01306883109143e-03	7.49883436762966e-04	1.12221929994391e-01	7.22803262855842e-03	7.98942551658022e-04
2.22829322114060e-01	9.55811699559528e-03	8.35143490717782e-04	3.31340491272318e-01	1.19525353915982e-02	8.54082051486738e-04
4.37288944839212e-01	1.43475780297142e-02	8.50933155732703e-04	5.40243611789961e-01	1.66669612633625e-02	8.19834004968101e-04
6.39829217954637e-01	1.88207571313163e-02	7.52316807047460e-04	7.35745698850010e-01	2.07001808410827e-02	6.33877989543619e-04
8.27786462670875e-01	2.21631930762268e-02	4.36524022862872e-04	9.15857143592384e-01	2.30550154690045e-02	4.67015791448810e-05
1.00000000000000e+00	0.00000000000000e+00	0.00000000000000e+00
11	2.49359200498416e+00	9.19357142857143e-01
0.00000000000000e+00	6.57450593734388e-03	6.99853537125428e-04	1.13129788760477e-01	8.61864563007131e-03	7.42890678393393e-04
2.24323031865362e-01	1.07564102228318e-02	7.75693741844941e-04	3.33148168717406e-01	1.29466075970327e-02	7.95290384508429e-04
4.39191935159014e-01	1.51394668171357e-02	7.98711936773500e-04	5.42075247810379e-01	1.72777593725750e-02	7.82779360183339e-04
6.41468531591550e-01	1.92974624603793e-02	7.43473028569475e-04	7.37105487544770e-01	2.11267027161273e-02	6.74589842285522e-04
8.28794794378788e-01	2.26809594453817e-02	5.65090226297138e-04	9.16430097984891e-01	2.39100724351524e-02	3.34428613407711e-04
1.00000000000000e+00	0.00000000000000e+00	0.00000000000000e+00
11	2.49359200498416e+00	9.90000000000000e-01
0.00000000000000e+00	8.09069314260857e-03	6.47165956520368e-04	1.13936298362771e-01	9.95266102009240e-03	6.84124364432881e-04
2.25624560056547e-01	1.18880887071168e-02	7.13020527328356e-04	3.34687403945731e-01	1.38640698863461e-02	7.31906706661567e-04
4.40767892724076e-01	1.58422361191768e-02	7.39023144926909e-04	5.43541665066316e-01	1.77800697098884e-02	7.32755692519849e-04
6.42728178431233e-01	1.96321499035729e-02	7.11411773454018e-04	7.38100278347348e-01	2.13507423177065e-02	6.72727854115318e-04
8.29491603651149e-01	2.28849238546383e-02	6.12966109717394e-04	9.16801785758849e-01	2.42381941920190e-02	4.63957709757934e-04
1.00000000000000e+00	0.00000000000000e+00	0.00000000000000e+00
