0.001064 100000 801 0
0.001064 0.000225229
0.0010887 0.000324557
0.00111397 0.000335002
0.00113983 0.000334649
0.00116629 0.000336435
0.00119336 0.000340528
0.00122107 0.00034514
0.00124941 0.000349705
0.00127842 0.000353617
0.00130809 0.00035762
0.00133846 0.000361716
0.00136953 0.000365907
0.00140132 0.000370195
0.00143385 0.000374583
0.00146714 0.000379073
0.00150119 0.000383645
0.00153604 0.000387703
0.0015717 0.000391854
0.00160818 0.000396103
0.00164551 0.00040045
0.00168371 0.000404897
0.0017228 0.000409448
0.00176279 0.000413142
0.00180371 0.000416705
0.00184558 0.000420351
0.00188842 0.000424081
0.00193226 0.000427899
0.00197712 0.000431804
0.00202301 0.0004358
0.00206997 0.000439403
0.00211803 0.00044276
0.00216719 0.000446195
0.0022175 0.00044971
0.00226898 0.000453306
0.00232165 0.000456468
0.00237554 0.000459328
0.00243069 0.000462254
0.00248711 0.000465248
0.00254485 0.000468312
0.00260392 0.000471446
0.00266437 0.000474654
0.00272622 0.000477883
0.00278951 0.000480289
0.00285426 0.00048275
0.00292052 0.000485269
0.00298831 0.000487846
0.00305768 0.000490484
0.00312866 0.000493182
0.00320129 0.000495918
0.0032756 0.000497958
0.00335164 0.000500045
0.00342945 0.000502181
0.00350906 0.000504367
0.00359051 0.000506603
0.00367386 0.000508891
0.00375915 0.000510849
0.00384641 0.000512479
0.0039357 0.000514148
0.00402706 0.000515856
0.00412055 0.000517603
0.0042162 0.00051939
0.00431407 0.00052122
0.00441422 0.000523091
0.00451669 0.000524264
0.00462154 0.000525452
0.00472882 0.000526668
0.00483859 0.000527913
0.00495091 0.000529186
0.00506584 0.000530489
0.00518344 0.000531822
0.00530376 0.000533159
0.00542688 0.000536187
0.00555286 0.000538654
0.00568176 0.000540628
0.00581366 0.00054217
0.00594861 0.000543334
0.0060867 0.000544171
0.006228 0.000544725
0.00637257 0.000545037
0.0065205 0.000545141
0.00667187 0.000545071
0.00682675 0.000544853
0.00698522 0.000544513
0.00714737 0.000544073
0.00731329 0.000543552
0.00748306 0.000542968
0.00765677 0.000542335
0.00783451 0.000541665
0.00801638 0.00054097
0.00820246 0.000540258
0.00839287 0.000539537
0.0085877 0.000538813
0.00878705 0.000538092
0.00899103 0.000537376
0.00919975 0.000536671
0.00941331 0.000535976
0.00963183 0.000535294
0.00985542 0.000534625
0.0100842 0.000533969
0.0103183 0.000533326
0.0105578 0.000532694
0.0108029 0.000532071
0.0110537 0.000531458
0.0113103 0.000530849
0.0115728 0.000530245
0.0118415 0.000529641
0.0121164 0.000529036
0.0123976 0.000528425
0.0126854 0.000527807
0.0129799 0.000527177
0.0132812 0.000526533
0.0135895 0.000525871
0.013905 0.000525188
0.0142277 0.000524481
0.014558 0.000523747
0.014896 0.000522982
0.0152418 0.000522183
0.0155956 0.000521347
0.0159576 0.000520472
0.016328 0.000519553
0.0167071 0.000518589
0.0170949 0.000517576
0.0174917 0.000516513
0.0178978 0.000515396
0.0183133 0.000514224
0.0187384 0.000512994
0.0191734 0.000511704
0.0196184 0.000510352
0.0200739 0.000508937
0.0205399 0.000507458
0.0210167 0.000505912
0.0215045 0.000504298
0.0220037 0.000502617
0.0225145 0.000500866
0.0230372 0.000499046
0.0235719 0.000497156
0.0241191 0.000495195
0.024679 0.000493165
0.0252519 0.000491065
0.0258381 0.000488896
0.0264379 0.000486659
0.0270516 0.000484354
0.0276796 0.000481983
0.0283221 0.000479548
0.0289796 0.000477051
0.0296523 0.000474493
0.0303406 0.000471877
0.031045 0.000469206
0.0317656 0.000466484
0.032503 0.000463713
0.0332575 0.000460897
0.0340296 0.000458041
0.0348195 0.00045515
0.0356278 0.000452227
0.0364549 0.000449279
0.0373011 0.000446312
0.038167 0.000443331
0.039053 0.000440344
0.0399596 0.000437358
0.0408872 0.000434381
0.0418363 0.000431421
0.0428075 0.000428487
0.0438012 0.000425589
0.044818 0.000422737
0.0458584 0.000419942
0.0469229 0.000417216
0.0480122 0.000414571
0.0491267 0.00041202
0.0502671 0.000409577
0.051434 0.000407256
0.052628 0.000405075
0.0538496 0.000403048
0.0550997 0.000401195
0.0563788 0.000399533
0.0576875 0.000398082
0.0590267 0.000396863
0.0603969 0.000395898
0.0617989 0.000395211
0.0632335 0.000394827
0.0647014 0.000394228
0.0662033 0.000390237
0.0677401 0.000386574
0.0693126 0.000383199
0.0709216 0.000380079
0.072568 0.000377182
0.0742526 0.000374482
0.0759762 0.000371953
0.0777399 0.000369572
0.0795445 0.000367321
0.0813911 0.000365181
0.0832804 0.000363136
0.0852137 0.000361172
0.0871918 0.000359276
0.0892158 0.000357439
0.0912869 0.000355649
0.093406 0.000353899
0.0955743 0.000352182
0.0977929 0.000350492
0.100063 0.000348822
0.102386 0.000347169
0.104763 0.000345529
0.107195 0.000343899
0.109683 0.000342277
0.112229 0.000340661
0.114834 0.000339049
0.1175 0.00033744
0.120228 0.000335835
0.123019 0.000334234
0.125874 0.000332635
0.128796 0.00033104
0.131786 0.00032945
0.134845 0.000327865
0.137976 0.000326286
0.141178 0.000324716
0.144456 0.000323155
0.147809 0.000321605
0.15124 0.000320068
0.154751 0.000318546
0.158343 0.000317039
0.162019 0.000315552
0.16578 0.000314085
0.169629 0.00031264
0.173566 0.00031122
0.177595 0.000309826
0.181718 0.000308462
0.185936 0.000307129
0.190253 0.000305829
0.194669 0.000304564
0.199188 0.000303338
0.203812 0.000302151
0.208543 0.000301007
0.213384 0.000299907
0.218338 0.000298855
0.223406 0.000297851
0.228592 0.000296898
0.233899 0.000296
0.239328 0.000295157
0.244884 0.000294372
0.250569 0.000293648
0.256385 0.000292987
0.262337 0.000292391
0.268427 0.000291862
0.274658 0.000291403
0.281034 0.000291017
0.287557 0.000290705
0.294233 0.00029047
0.301063 0.000290315
0.308052 0.000290242
0.315203 0.000290254
0.32252 0.000290353
0.330006 0.000290543
0.337667 0.000290825
0.345506 0.000291202
0.353526 0.000291678
0.361733 0.000292255
0.37013 0.000292936
0.378722 0.000293725
0.387513 0.000294624
0.396509 0.000295637
0.405713 0.000296768
0.415131 0.000298019
0.424768 0.000299394
0.434629 0.000300898
0.444718 0.000302533
0.455041 0.000304304
0.465605 0.000306215
0.476413 0.00030827
0.487472 0.000310474
0.498788 0.000312831
0.510367 0.000315347
0.522214 0.000318026
0.534337 0.000320873
0.546741 0.000323893
0.559433 0.000327094
0.572419 0.000330479
0.585707 0.000334056
0.599303 0.00033783
0.613215 0.000341808
0.62745 0.000345998
0.642016 0.000350406
0.656919 0.000355041
0.672169 0.000359908
0.687772 0.000365018
0.703738 0.000370378
0.720074 0.000375997
0.73679 0.000381885
0.753893 0.000388051
0.771394 0.000394505
0.789301 0.000401258
0.807624 0.000408321
0.826371 0.000415706
0.845555 0.000423424
0.865183 0.000431487
0.885267 0.00043991
0.905817 0.000448705
0.926845 0.000457887
0.94836 0.000467471
0.970375 0.000477472
0.992901 0.000487907
1.01595 0.000498792
1.03953 0.000510146
1.06366 0.000521987
1.08836 0.000534334
1.11362 0.000547208
1.13947 0.000560629
1.16592 0.00057462
1.19299 0.000589204
1.22068 0.000604405
1.24902 0.000620248
1.27801 0.00063676
1.30768 0.000653968
1.33804 0.0006719
1.3691 0.000690587
1.40088 0.000710061
1.4334 0.000730354
1.46667 0.0007515
1.50072 0.000773536
1.53556 0.000796498
1.5712 0.000820427
1.60768 0.000845362
1.645 0.000871347
1.68318 0.000898427
1.72226 0.000926648
1.76224 0.000956059
1.80314 0.000986711
1.845 0.00101866
1.88783 0.00105196
1.93165 0.00108666
1.97649 0.00112284
2.02238 0.00116055
2.06932 0.00119986
2.11736 0.00124084
2.16651 0.00128357
2.2168 0.00132811
2.26826 0.00137456
2.32092 0.00142298
2.3748 0.00147348
2.42992 0.00152614
2.48633 0.00158105
2.54405 0.00163832
2.6031 0.00169805
2.66353 0.00176036
2.72536 0.00182534
2.78863 0.00189313
2.85336 0.00196385
2.9196 0.00203762
2.98737 0.00211459
3.05672 0.0021949
3.12768 0.00227869
3.20028 0.00236613
3.27457 0.00245737
3.35059 0.00255259
3.42837 0.00265197
3.50795 0.00275569
3.58938 0.00286395
3.67271 0.00297695
3.75796 0.00309491
3.8452 0.00321805
3.93446 0.0033466
4.02579 0.00348081
4.11925 0.00362094
4.21487 0.00376726
4.31271 0.00392004
4.41283 0.00407957
4.51526 0.00424618
4.62008 0.00442017
4.72733 0.00460188
4.83707 0.00479166
4.94935 0.00498989
5.06425 0.00519694
5.18181 0.00541322
5.30209 0.00563916
5.42518 0.00587518
5.55111 0.00612176
5.67997 0.00637937
5.81183 0.00664853
5.94674 0.00692975
6.08479 0.0072236
6.22604 0.00753064
6.37057 0.0078515
6.51845 0.00818679
6.66977 0.00853719
6.8246 0.00890338
6.98302 0.0092861
7.14512 0.0096861
7.31099 0.0101042
7.4807 0.0105412
7.65436 0.0109979
7.83204 0.0114754
8.01385 0.0119745
8.19988 0.0124963
8.39023 0.0130417
8.585 0.0136119
8.78429 0.0142081
8.9882 0.0148314
9.19685 0.015483
9.41034 0.0161644
9.62879 0.0168768
9.85231 0.0176217
10.081 0.0184006
10.315 0.0192151
10.5545 0.0200668
10.7995 0.0209574
11.0502 0.0218888
11.3067 0.0228629
11.5692 0.0238815
11.8377 0.0249469
12.1125 0.0260611
12.3937 0.0272264
12.6814 0.0284452
12.9758 0.02972
13.277 0.0310534
13.5852 0.032448
13.9006 0.0339068
14.2233 0.0354327
14.5534 0.0370289
14.8913 0.0386985
15.237 0.0404451
15.5907 0.0422722
15.9526 0.0441836
16.3229 0.0461831
16.7018 0.0482749
17.0895 0.0504632
17.4862 0.0527527
17.8922 0.0551478
18.3075 0.0576537
18.7325 0.0602755
19.1673 0.0630185
19.6123 0.0658884
20.0675 0.0688911
20.5334 0.0720329
21.01 0.0753201
21.4978 0.0787597
21.9968 0.0823586
22.5074 0.0861243
23.0299 0.0900646
23.5645 0.0941877
24.1115 0.0985021
24.6712 0.103017
25.244 0.107741
25.83 0.112684
26.4296 0.117857
27.0431 0.123271
27.6709 0.128936
28.3132 0.134864
28.9705 0.141067
29.643 0.14756
30.3311 0.154354
31.0352 0.161464
31.7556 0.168905
32.4928 0.176692
33.2471 0.184842
34.0188 0.193371
34.8085 0.202298
35.6166 0.21164
36.4434 0.221417
37.2894 0.23165
38.155 0.242359
39.0407 0.253568
39.947 0.2653
40.8743 0.277578
41.8231 0.290429
42.794 0.303879
43.7874 0.317957
44.8039 0.332691
45.8439 0.348113
46.9081 0.364255
47.997 0.38115
49.1112 0.398833
50.2513 0.417343
51.4178 0.436716
52.6114 0.456995
53.8327 0.47822
55.0823 0.500437
56.361 0.523692
57.6693 0.548033
59.0081 0.573512
60.3779 0.600181
61.7794 0.628097
63.2136 0.657318
64.681 0.687905
66.1825 0.719922
67.7188 0.753436
69.2908 0.788517
70.8993 0.825239
72.5451 0.863678
74.2292 0.903916
75.9523 0.946035
77.7154 0.990126
79.5195 1.03628
81.3654 1.08459
83.2542 1.13517
85.1868 1.18811
87.1643 1.24353
89.1877 1.30154
91.2581 1.36227
93.3765 1.42584
95.5442 1.49239
97.7621 1.56205
100.031 1.63497
102.354 1.71132
104.73 1.79123
107.161 1.87489
109.648 1.96247
112.194 2.05415
114.798 2.15012
117.463 2.25059
120.19 2.35577
122.98 2.46587
125.835 2.58113
128.756 2.7018
131.745 2.82811
134.803 2.96035
137.932 3.09879
141.134 3.24371
144.41 3.39542
147.763 3.55425
151.193 3.72052
154.702 3.89458
158.294 4.07681
161.968 4.26757
165.728 4.46728
169.575 4.67635
173.512 4.89523
177.539 5.12436
181.661 5.36424
185.878 5.61537
190.193 5.87828
194.608 6.15351
199.125 6.44165
203.748 6.7433
208.477 7.0591
213.317 7.38971
218.269 7.73583
223.336 8.09818
228.52 8.47753
233.825 8.87467
239.253 9.29043
244.807 9.72571
250.49 10.1814
256.304 10.6585
262.254 11.1579
268.342 11.6808
274.571 12.2282
280.945 12.8013
287.467 13.4013
294.14 14.0294
300.968 14.687
307.955 15.3754
315.103 16.0962
322.418 16.8508
329.902 17.6408
337.561 18.4678
345.397 19.3337
353.415 20.2402
361.619 21.1892
370.013 22.1828
378.603 23.223
387.391 24.312
396.384 25.4521
405.586 26.6457
415.001 27.8954
424.634 29.2037
434.492 30.5734
444.578 32.0073
454.898 33.5086
465.458 35.0804
476.263 36.7259
487.319 38.4487
498.631 40.2523
510.206 42.1406
522.05 44.1175
534.169 46.1872
546.569 48.3541
559.256 50.6227
572.239 52.9977
585.523 55.4843
599.115 58.0876
613.022 60.8131
627.253 63.6665
641.814 66.6539
656.712 69.7815
671.957 73.056
687.556 76.4841
703.516 80.0733
719.848 83.8309
736.558 87.7649
753.656 91.8836
771.151 96.1957
789.052 100.71
807.369 105.437
826.111 110.385
845.288 115.566
864.91 120.99
884.988 126.668
905.532 132.613
926.553 138.838
948.061 145.354
970.069 152.177
992.588 159.32
1015.63 166.798
1039.21 174.627
1063.33 182.824
1088.01 191.406
1113.27 200.391
1139.11 209.798
1165.56 219.646
1192.61 229.957
1220.3 240.752
1248.63 252.053
1277.61 263.886
1307.27 276.274
1337.62 289.244
1368.67 302.822
1400.44 317.039
1432.95 331.923
1466.21 347.505
1500.25 363.82
1535.07 380.9
1570.71 398.783
1607.17 417.505
1644.48 437.107
1682.65 457.629
1721.71 479.114
1761.68 501.609
1802.58 525.16
1844.42 549.816
1887.24 575.631
1931.05 602.658
1975.87 630.954
2021.74 660.579
2068.67 691.595
2116.69 724.067
2165.83 758.064
2216.11 793.658
2267.55 830.923
2320.19 869.938
2374.05 910.786
2429.16 953.551
2485.55 998.325
2543.25 1045.2
2602.28 1094.28
2662.69 1145.66
2724.5 1199.46
2787.75 1255.78
2852.46 1314.75
2918.68 1376.48
2986.43 1441.12
3055.76 1508.79
3126.69 1579.64
3199.27 1653.81
3273.54 1731.47
3349.53 1812.78
3427.29 1897.9
3506.85 1987.02
3588.25 2080.33
3671.55 2178.02
3756.78 2280.3
3843.99 2387.38
3933.22 2499.49
4024.53 2616.86
4117.95 2739.75
4213.54 2868.4
4311.35 3003.1
4411.44 3144.13
4513.84 3291.78
4618.63 3446.36
4725.84 3608.2
4835.54 3777.64
4947.79 3955.04
5062.65 4140.77
5180.17 4335.23
5300.42 4538.81
5423.47 4751.96
5549.37 4975.12
5678.19 5208.75
5810 5453.36
5944.87 5709.46
6082.87 5977.59
6224.08 6258.3
6368.56 6552.21
6516.4 6859.91
6667.67 7182.06
6822.45 7519.35
6980.82 7872.47
7142.87 8242.18
7308.68 8629.25
7478.35 9034.5
7651.94 9458.79
7829.57 9903
8011.33 10368.1
8197.3 10855
8387.59 11364.8
8582.3 11898.5
8781.52 12457.3
8985.37 13042.3
9193.96 13654.8
9407.38 14296.1
9625.76 14967.5
9849.21 15670.4
10077.8 16406.3
10311.8 17176.8
10551.2 17983.5
10796.1 18828.1
11046.7 19712.3
11303.1 20638.1
11565.5 21607.3
11834 22622.1
12108.7 23684.5
12389.8 24796.8
12677.4 25961.4
12971.7 27180.6
13272.8 28457.1
13580.9 29793.6
13896.2 31192.8
14218.8 32657.8
14548.9 34191.5
14886.6 35797.3
15232.2 37478.5
15585.8 39238.7
15947.6 41081.5
16317.8 43010.8
16696.6 45030.8
17084.1 47145.7
17480.7 49359.9
17886.5 51678
18301.7 54105.1
18726.6 56646.1
19161.3 59306.5
19606.1 62091.8
20061.2 65007.9
20526.9 68061
21003.4 71257.4
21491 74604
21989.9 78107.8
22500.3 81776.1
23022.7 85616.8
23557.1 89637.7
24103.9 93847.6
24663.5 98255.1
25236 102870
25821.8 107701
26421.2 112759
27034.6 118055
27662.1 123599
28304.3 129404
28961.3 135482
29633.6 141845
30321.5 148506
31025.4 155481
31745.6 162783
32482.6 170428
33236.6 178433
34008.1 186813
34797.6 195587
35605.4 204772
36431.9 214390
37277.6 224458
38143 235000
39028.4 246037
39934.4 257592
40861.4 269690
41810 282356
42780.5 295617
43773.6 309501
44789.8 324037
45829.5 339256
46893.4 355189
47981.9 371871
49095.8 389336
50235.5 407621
51401.6 426766
52594.8 446809
53815.7 467793
55065 489764
56343.3 512766
57651.2 536848
58989.5 562062
60358.8 588459
61760 616097
63193.7 645032
64660.6 675326
66161.6 707044
67697.5 740251
69269 775017
70877 811416
72522.3 849525
74205.8 889424
75928.4 931196
77691 974931
79494.4 1.02072e+06
81339.8 1.06866e+06
83228 1.11885e+06
85160 1.1714e+06
87136.9 1.22641e+06
89159.7 1.28401e+06
91229.4 1.34432e+06
93347.1 1.40745e+06
95514.1 1.47355e+06
97731.3 1.54276e+06
100000 1.61522e+06
6.448e-05 100000 901 1
6.448e-05 1.04473e-07
6.60141e-05 1.21469e-07
6.75847e-05 1.39571e-07
6.91927e-05 1.58806e-07
7.08389e-05 1.79219e-07
7.25243e-05 2.00759e-07
7.42498e-05 2.23451e-07
7.60164e-05 2.47305e-07
7.7825e-05 2.723e-07
7.96766e-05 2.98473e-07
8.15723e-05 3.25739e-07
8.3513e-05 3.5405e-07
8.55e-05 3.835e-07
8.75342e-05 4.1406e-07
8.96168e-05 4.45637e-07
9.1749e-05 4.78347e-07
9.39319e-05 5.12185e-07
9.61667e-05 5.46981e-07
9.84547e-05 5.82989e-07
0.000100797 6.20052e-07
0.000103195 6.58258e-07
0.000105651 6.97544e-07
0.000108164 7.38047e-07
0.000110738 7.7967e-07
0.000113372 8.22682e-07
0.00011607 8.66716e-07
0.000118831 9.12496e-07
0.000121658 9.59386e-07
0.000124553 1.00791e-06
0.000127516 1.05806e-06
0.00013055 1.1094e-06
0.000133656 1.16285e-06
0.000136836 1.2182e-06
0.000140092 1.27487e-06
0.000143425 1.33323e-06
0.000146837 1.39477e-06
0.000150331 1.45778e-06
0.000153908 1.52229e-06
0.000157569 1.58897e-06
0.000161318 1.65926e-06
0.000165156 1.73122e-06
0.000169086 1.80489e-06
0.000173109 1.88032e-06
0.000177227 1.95967e-06
0.000181444 2.04134e-06
0.000185761 2.12495e-06
0.00019018 2.21055e-06
0.000194705 2.29959e-06
0.000199338 2.39088e-06
0.00020408 2.48435e-06
0.000208936 2.58003e-06
0.000213907 2.67845e-06
0.000218996 2.77921e-06
0.000224206 2.88236e-06
0.000229541 2.98792e-06
0.000235002 3.09545e-06
0.000240593 3.20554e-06
0.000246317 3.31825e-06
0.000252178 3.4334e-06
0.000258177 3.55007e-06
0.00026432 3.66952e-06
0.000270609 3.7918e-06
0.000277047 3.917e-06
0.000283639 4.04409e-06
0.000290387 4.17387e-06
0.000297296 4.30673e-06
0.000304369 4.44276e-06
0.000311611 4.58202e-06
0.000319024 4.72328e-06
0.000326615 4.86769e-06
0.000334386 5.01553e-06
0.000342341 5.1669e-06
0.000350486 5.32186e-06
0.000358825 5.47905e-06
0.000367362 5.63835e-06
0.000376103 5.80144e-06
0.000385051 5.96842e-06
0.000394212 6.13936e-06
0.000403591 6.31204e-06
0.000413193 6.48498e-06
0.000423024 6.66202e-06
0.000433089 6.84328e-06
0.000443393 7.02885e-06
0.000453942 7.21239e-06
0.000464742 7.39729e-06
0.000475799 7.5866e-06
0.00048712 7.78041e-06
0.000498709 7.97883e-06
0.000510574 8.17312e-06
0.000522722 8.36964e-06
0.000535159 8.57084e-06
0.000547891 8.77683e-06
0.000560927 8.98772e-06
0.000574272 9.19843e-06
0.000587935 9.40639e-06
0.000601923 9.6193e-06
0.000616244 9.83727e-06
0.000630906 1.00604e-05
0.000645917 1.02886e-05
0.000661284 1.05058e-05
0.000677018 1.07281e-05
0.000693125 1.09557e-05
0.000709616 1.11887e-05
0.000726499 1.14248e-05
0.000743784 1.16482e-05
0.00076148 1.18769e-05
0.000779598 1.21111e-05
0.000798146 1.23508e-05
0.000817135 1.25963e-05
0.000836577 1.28304e-05
0.000856481 1.30638e-05
0.000876858 1.33027e-05
0.00089772 1.35474e-05
0.000919079 1.37978e-05
0.000940946 1.40543e-05
0.000963333 1.42935e-05
0.000986252 1.45346e-05
0.00100972 1.47814e-05
0.00103374 1.50341e-05
0.00105834 1.52928e-05
0.00108352 1.55431e-05
0.00110929 1.57829e-05
0.00113569 1.60284e-05
0.00116271 1.62798e-05
0.00119037 1.65371e-05
0.00121869 1.67977e-05
0.00124769 1.70346e-05
0.00127737 1.72771e-05
0.00130776 1.75254e-05
0.00133888 1.77796e-05
0.00137073 1.80398e-05
0.00140334 1.83022e-05
0.00143673 1.85351e-05
0.00147092 1.87735e-05
0.00150591 1.90176e-05
0.00154174 1.92675e-05
0.00157842 1.95233e-05
0.00161598 1.97852e-05
0.00165442 2.00183e-05
0.00169378 2.02505e-05
0.00173408 2.04882e-05
0.00177534 2.07316e-05
0.00181758 2.09808e-05
0.00186082 2.12358e-05
0.0019051 2.14752e-05
0.00195042 2.16963e-05
0.00199683 2.19228e-05
0.00204434 2.21546e-05
0.00209297 2.2392e-05
0.00214277 2.2635e-05
0.00219375 2.28783e-05
0.00224595 2.3086e-05
0.00229938 2.32986e-05
0.00235409 2.35162e-05
0.0024101 2.3739e-05
0.00246744 2.39672e-05
0.00252614 2.42007e-05
0.00258625 2.44269e-05
0.00264778 2.46214e-05
0.00271077 2.48206e-05
0.00277527 2.50245e-05
0.0028413 2.52332e-05
0.0029089 2.54469e-05
0.00297811 2.56657e-05
0.00304896 2.58694e-05
0.0031215 2.6048e-05
0.00319577 2.62309e-05
0.0032718 2.64181e-05
0.00334965 2.66098e-05
0.00342934 2.6806e-05
0.00351093 2.70069e-05
0.00359447 2.7185e-05
0.00367998 2.73445e-05
0.00376754 2.75079e-05
0.00385718 2.76752e-05
0.00394895 2.78464e-05
0.0040429 2.80218e-05
0.00413909 2.82013e-05
0.00423757 2.835e-05
0.00433839 2.84868e-05
0.00444161 2.86269e-05
0.00454728 2.87703e-05
0.00465547 2.89171e-05
0.00476623 2.90674e-05
0.00487963 2.92213e-05
0.00499573 2.93376e-05
0.00511459 2.94488e-05
0.00523627 2.95627e-05
0.00536085 2.90354e-05
0.0054884 2.94048e-05
0.00561898 2.97202e-05
0.00575267 2.9988e-05
0.00588954 3.02142e-05
0.00602966 3.04042e-05
0.00617312 3.05626e-05
0.00631999 3.06938e-05
0.00647035 3.08015e-05
0.0066243 3.08893e-05
0.0067819 3.096e-05
0.00694326 3.10163e-05
0.00710845 3.10607e-05
0.00727758 3.10951e-05
0.00745072 3.11214e-05
0.00762799 3.11411e-05
0.00780948 3.11556e-05
0.00799528 3.11661e-05
0.00818551 3.11734e-05
0.00838026 3.11785e-05
0.00857964 3.1182e-05
0.00878377 3.11844e-05
0.00899275 3.11863e-05
0.00920671 3.11879e-05
0.00942575 3.11894e-05
0.00965001 3.11912e-05
0.0098796 3.11931e-05
0.0101147 3.11954e-05
0.0103553 3.11978e-05
0.0106017 3.12005e-05
0.0108539 3.12032e-05
0.0111122 3.12058e-05
0.0113765 3.12082e-05
0.0116472 3.121e-05
0.0119243 3.12112e-05
0.012208 3.12114e-05
0.0124985 3.12104e-05
0.0127958 3.1208e-05
0.0131003 3.12038e-05
0.013412 3.11976e-05
0.0137311 3.11891e-05
0.0140577 3.11781e-05
0.0143922 3.11642e-05
0.0147346 3.11473e-05
0.0150852 3.1127e-05
0.0154441 3.11031e-05
0.0158116 3.10754e-05
0.0161877 3.10436e-05
0.0165729 3.10076e-05
0.0169672 3.09671e-05
0.0173709 3.0922e-05
0.0177842 3.0872e-05
0.0182073 3.08171e-05
0.0186405 3.07571e-05
0.019084 3.06919e-05
0.019538 3.06214e-05
0.0200029 3.05455e-05
0.0204788 3.04643e-05
0.020966 3.03776e-05
0.0214648 3.02855e-05
0.0219755 3.0188e-05
0.0224984 3.00852e-05
0.0230336 2.99771e-05
0.0235817 2.98638e-05
0.0241427 2.97456e-05
0.0247171 2.96224e-05
0.0253052 2.94947e-05
0.0259072 2.93625e-05
0.0265236 2.92261e-05
0.0271547 2.90859e-05
0.0278008 2.89421e-05
0.0284622 2.87953e-05
0.0291394 2.86456e-05
0.0298326 2.84937e-05
0.0305424 2.834e-05
0.0312691 2.8185e-05
0.032013 2.80294e-05
0.0327747 2.78737e-05
0.0335545 2.77187e-05
0.0343528 2.75651e-05
0.0351701 2.74137e-05
0.0360069 2.72653e-05
0.0368636 2.71209e-05
0.0377406 2.69815e-05
0.0386386 2.6848e-05
0.0395579 2.67216e-05
0.040499 2.66035e-05
0.0414626 2.6495e-05
0.0424491 2.63973e-05
0.043459 2.6312e-05
0.044493 2.62405e-05
0.0455516 2.61844e-05
0.0466353 2.61455e-05
0.0477449 2.61256e-05
0.0488808 2.61265e-05
0.0500438 2.61504e-05
0.0512344 2.61994e-05
0.0524534 2.62757e-05
0.0537014 2.63817e-05
0.0549791 2.65201e-05
0.0562871 2.66934e-05
0.0576263 2.69046e-05
0.0589974 2.71566e-05
0.060401 2.74526e-05
0.0618381 2.77959e-05
0.0633093 2.81901e-05
0.0648156 2.3927e-05
0.0663577 2.38252e-05
0.0679365 2.37256e-05
0.0695528 2.36275e-05
0.0712076 2.35303e-05
0.0729018 2.34335e-05
0.0746363 2.33366e-05
0.076412 2.32394e-05
0.07823 2.31415e-05
0.0800913 2.30426e-05
0.0819968 2.29426e-05
0.0839477 2.28413e-05
0.085945 2.27387e-05
0.0879898 2.26347e-05
0.0900832 2.25292e-05
0.0922265 2.24223e-05
0.0944208 2.2314e-05
0.0966672 2.22043e-05
0.0989671 2.20933e-05
0.101322 2.19811e-05
0.103732 2.18678e-05
0.1062 2.17535e-05
0.108727 2.16383e-05
0.111314 2.15224e-05
0.113962 2.14059e-05
0.116674 2.12889e-05
0.11945 2.11716e-05
0.122292 2.10542e-05
0.125201 2.09367e-05
0.12818 2.08195e-05
0.13123 2.07026e-05
0.134352 2.05862e-05
0.137548 2.04704e-05
0.140821 2.03555e-05
0.144171 2.02416e-05
0.147601 2.01288e-05
0.151113 2.00174e-05
0.154709 1.99074e-05
0.158389 1.9799e-05
0.162158 1.96924e-05
0.166016 1.95878e-05
0.169966 1.94853e-05
0.17401 1.9385e-05
0.17815 1.92871e-05
0.182388 1.91917e-05
0.186727 1.9099e-05
0.19117 1.90092e-05
0.195718 1.89223e-05
0.200375 1.88385e-05
0.205142 1.87579e-05
0.210023 1.86807e-05
0.21502 1.86071e-05
0.220136 1.85371e-05
0.225373 1.84708e-05
0.230735 1.84085e-05
0.236225 1.83503e-05
0.241845 1.82962e-05
0.247599 1.82465e-05
0.25349 1.82012e-05
0.259521 1.81605e-05
0.265696 1.81245e-05
0.272017 1.80935e-05
0.278489 1.80674e-05
0.285115 1.80464e-05
0.291898 1.80308e-05
0.298843 1.80206e-05
0.305953 1.80159e-05
0.313232 1.80171e-05
0.320685 1.80241e-05
0.328315 1.80372e-05
0.336126 1.80565e-05
0.344123 1.80821e-05
0.35231 1.81144e-05
0.360693 1.81534e-05
0.369274 1.81993e-05
0.37806 1.82523e-05
0.387055 1.83127e-05
0.396264 1.83806e-05
0.405692 1.84562e-05
0.415344 1.85397e-05
0.425226 1.86315e-05
0.435343 1.87317e-05
0.4457 1.88405e-05
0.456305 1.89583e-05
0.467161 1.90852e-05
0.478276 1.92216e-05
0.489655 1.93678e-05
0.501305 1.9524e-05
0.513232 1.96907e-05
0.525443 1.9868e-05
0.537944 2.00563e-05
0.550743 2.02561e-05
0.563846 2.04677e-05
0.577261 2.06914e-05
0.590995 2.09277e-05
0.605056 2.1177e-05
0.619452 2.14398e-05
0.63419 2.17164e-05
0.649278 2.20075e-05
0.664726 2.23135e-05
0.680541 2.26349e-05
0.696733 2.29723e-05
0.71331 2.33262e-05
0.730281 2.36974e-05
0.747655 2.40863e-05
0.765444 2.44937e-05
0.783655 2.49203e-05
0.8023 2.53667e-05
0.821388 2.58338e-05
0.840931 2.63223e-05
0.860938 2.68331e-05
0.881422 2.7367e-05
0.902393 2.79249e-05
0.923862 2.85078e-05
0.945843 2.91166e-05
0.968346 2.97525e-05
0.991385 3.04164e-05
1.01497 3.11095e-05
1.03912 3.1833e-05
1.06384 3.25882e-05
1.08915 3.33763e-05
1.11507 3.41987e-05
1.1416 3.50567e-05
1.16876 3.5952e-05
1.19657 3.6886e-05
1.22503 3.78604e-05
1.25418 3.88768e-05
1.28402 3.99371e-05
1.31457 4.1043e-05
1.34585 4.21966e-05
1.37787 4.33999e-05
1.41065 4.46549e-05
1.44421 4.5964e-05
1.47857 4.73295e-05
1.51375 4.87538e-05
1.54976 5.02394e-05
1.58664 5.1789e-05
1.62439 5.34055e-05
1.66303 5.50917e-05
1.7026 5.68507e-05
1.74311 5.86857e-05
1.78458 6.06e-05
1.82704 6.25972e-05
1.87051 6.4681e-05
1.91501 6.68552e-05
1.96057 6.91237e-05
2.00722 7.14909e-05
2.05498 7.3961e-05
2.10387 7.65388e-05
2.15392 7.92291e-05
2.20517 8.20369e-05
2.25764 8.49675e-05
2.31135 8.80264e-05
2.36634 9.12194e-05
2.42264 9.45527e-05
2.48028 9.80325e-05
2.53929 0.000101665
2.59971 0.000105459
2.66156 0.000109419
2.72488 0.000113555
2.78971 0.000117874
2.85609 0.000122384
2.92404 0.000127095
2.99361 0.000132015
3.06483 0.000137153
3.13775 0.000142521
3.2124 0.000148129
3.28883 0.000153987
3.36708 0.000160107
3.44719 0.000166502
3.52921 0.000173183
3.61317 0.000180165
3.69914 0.000187461
3.78715 0.000195085
3.87725 0.000203053
3.9695 0.000211381
4.06394 0.000220086
4.16063 0.000229184
4.25962 0.000238695
4.36097 0.000248637
4.46472 0.000259031
4.57095 0.000269898
4.6797 0.00028126
4.79104 0.000293139
4.90503 0.00030556
5.02173 0.000318549
5.14121 0.000332132
5.26353 0.000346337
5.38876 0.000361192
5.51697 0.000376729
5.64823 0.000392979
5.78261 0.000409977
5.92019 0.000427756
6.06104 0.000446354
6.20525 0.000465809
6.35288 0.000486162
6.50403 0.000507454
6.65877 0.000529731
6.8172 0.000553038
6.97939 0.000577424
7.14545 0.000602941
7.31545 0.00062964
7.4895 0.000657579
7.66769 0.000686815
7.85012 0.00071741
8.03689 0.000749429
8.22811 0.000782938
8.42387 0.000818009
8.62429 0.000854714
8.82948 0.000893132
9.03955 0.000933343
9.25462 0.000975433
9.47481 0.00101949
9.70024 0.00106561
9.93102 0.00111389
10.1673 0.00116443
10.4092 0.00121733
10.6569 0.00127272
10.9104 0.00133071
11.17 0.00139142
11.4357 0.00145498
11.7078 0.00152153
11.9864 0.0015912
12.2716 0.00166416
12.5635 0.00174055
12.8624 0.00182054
13.1685 0.0019043
13.4818 0.001992
13.8025 0.00208385
14.1309 0.00218003
14.4671 0.00228074
14.8113 0.00238622
15.1637 0.00249668
15.5245 0.00261236
15.8938 0.00273351
16.272 0.00286039
16.6591 0.00299328
17.0555 0.00313245
17.4613 0.00327823
17.8767 0.0034309
18.302 0.00359082
18.7375 0.00375832
19.1833 0.00393376
19.6397 0.00411753
20.107 0.00431002
20.5853 0.00451165
21.0751 0.00472285
21.5765 0.00494409
22.0899 0.00517585
22.6155 0.00541862
23.1535 0.00567293
23.7044 0.00593935
24.2684 0.00621844
24.8458 0.00651081
25.4369 0.0068171
26.0421 0.00713797
26.6617 0.00747413
27.296 0.0078263
27.9454 0.00819525
28.6103 0.00858179
29.291 0.00898676
29.9879 0.00941104
30.7014 0.00985556
31.4318 0.0103213
32.1797 0.0108092
32.9453 0.0113205
33.7291 0.0118561
34.5316 0.0124173
35.3532 0.0130053
36.1943 0.0136214
37.0554 0.014267
37.9371 0.0149433
38.8397 0.015652
39.7637 0.0163946
40.7098 0.0171727
41.6784 0.017988
42.67 0.0188422
43.6852 0.0197374
44.7246 0.0206753
45.7886 0.0216581
46.878 0.022688
47.9934 0.0237671
49.1352 0.0248979
50.3043 0.0260828
51.5011 0.0273245
52.7264 0.0286256
53.9809 0.029989
55.2652 0.0314177
56.5801 0.0329149
57.9262 0.0344838
59.3044 0.0361278
60.7154 0.0378507
62.1599 0.039656
63.6388 0.041548
65.1529 0.0435306
66.7031 0.0456083
68.2901 0.0477855
69.9148 0.0500672
71.5782 0.0524583
73.2812 0.054964
75.0247 0.05759
76.8097 0.0603419
78.6372 0.0632258
80.5081 0.066248
82.4236 0.0694153
84.3846 0.0727346
86.3923 0.0762131
88.4477 0.0798585
90.5521 0.083679
92.7065 0.0876828
94.9122 0.0918787
97.1703 0.0962761
99.4822 0.100885
101.849 0.105714
104.272 0.110776
106.753 0.116081
109.293 0.12164
111.893 0.127467
114.556 0.133573
117.281 0.139973
120.071 0.14668
122.928 0.153709
125.853 0.161076
128.847 0.168796
131.913 0.176888
135.051 0.185368
138.264 0.194256
141.554 0.203571
144.922 0.213334
148.37 0.223565
151.9 0.234289
155.514 0.245527
159.214 0.257306
163.002 0.269651
166.88 0.282589
170.85 0.29615
174.915 0.310362
179.077 0.325257
183.337 0.340868
187.699 0.35723
192.165 0.374379
196.737 0.392352
201.418 0.411189
206.21 0.430932
211.116 0.451624
216.139 0.473311
221.281 0.496041
226.546 0.519864
231.936 0.544832
237.454 0.571002
243.104 0.598429
248.888 0.627176
254.809 0.657306
260.872 0.688884
267.079 0.721982
273.433 0.756671
279.938 0.793029
286.599 0.831136
293.418 0.871076
300.399 0.912937
307.546 0.956811
314.863 1.0028
322.354 1.05099
330.023 1.10151
337.875 1.15446
345.914 1.20995
354.144 1.26811
362.57 1.32908
371.196 1.39297
380.028 1.45994
389.069 1.53013
398.326 1.6037
407.803 1.68081
417.506 1.76162
427.439 1.84633
437.609 1.93511
448.02 2.02817
458.679 2.1257
469.592 2.22793
480.765 2.33507
492.203 2.44737
503.914 2.56508
515.903 2.68845
528.177 2.81775
540.744 2.95328
553.609 3.09533
566.781 3.24422
580.266 3.40027
594.071 3.56383
608.205 3.73527
622.676 3.91495
637.491 4.10329
652.658 4.30068
668.186 4.50758
684.083 4.72444
700.359 4.95173
717.022 5.18996
734.081 5.43966
751.547 5.70138
769.428 5.97569
787.734 6.26321
806.476 6.56457
825.663 6.88043
845.308 7.2115
865.419 7.5585
886.009 7.9222
907.089 8.30341
928.671 8.70297
950.766 9.12176
973.386 9.56071
996.545 10.0208
1020.26 10.503
1044.53 11.0085
1069.38 11.5382
1094.82 12.0935
1120.87 12.6755
1147.54 13.2855
1174.84 13.9249
1202.79 14.5951
1231.41 15.2975
1260.71 16.0337
1290.7 16.8054
1321.41 17.6142
1352.85 18.462
1385.04 19.3506
1417.99 20.2819
1451.73 21.2581
1486.27 22.2813
1521.63 23.3537
1557.83 24.4778
1594.89 25.6559
1632.84 26.8908
1671.69 28.1852
1711.46 29.5418
1752.18 30.9638
1793.87 32.4542
1836.55 34.0164
1880.24 35.6538
1924.98 37.37
1970.78 39.1689
2017.67 41.0543
2065.67 43.0305
2114.82 45.1019
2165.13 47.273
2216.65 49.5486
2269.39 51.9337
2323.38 54.4337
2378.66 57.054
2435.25 59.8006
2493.19 62.6793
2552.51 65.6966
2613.24 68.8592
2675.41 72.1741
2739.06 75.6485
2804.23 79.2903
2870.95 83.1073
2939.26 87.1081
3009.19 91.3016
3080.78 95.697
3154.08 100.304
3229.12 105.133
3305.95 110.194
3384.61 115.499
3465.13 121.059
3547.57 126.887
3631.98 132.996
3718.39 139.399
3806.86 146.11
3897.43 153.144
3990.16 160.517
4085.09 168.245
4182.29 176.344
4281.79 184.834
4383.66 193.733
4487.96 203.06
4594.74 212.836
4704.06 223.083
4815.98 233.823
4930.56 245.08
5047.87 256.88
5167.96 269.247
5290.92 282.21
5416.8 295.797
5545.68 310.038
5677.62 324.965
5812.7 340.611
5951 357.009
6092.59 374.198
6237.54 392.214
6385.95 411.097
6537.88 430.89
6693.43 451.635
6852.68 473.38
7015.72 496.171
7182.64 520.06
7353.53 545.099
7528.48 571.344
7707.6 598.852
7890.98 627.685
8078.72 657.905
8270.93 689.581
8467.72 722.783
8669.18 757.582
8875.44 794.058
9086.6 832.289
9302.79 872.362
9524.12 914.363
9750.72 958.387
9982.71 1004.53
10220.2 1052.9
10463.4 1103.59
10712.3 1156.73
10967.2 1212.42
11228.1 1270.79
11495.3 1331.98
11768.8 1396.11
12048.8 1463.33
12335.4 1533.79
12628.9 1607.64
12929.4 1685.04
13237 1766.17
13551.9 1851.21
13874.4 1940.34
14204.5 2033.77
14542.4 2131.69
14888.4 2234.33
15242.6 2341.91
15605.3 2454.67
15976.6 2572.85
16356.7 2696.73
16745.8 2826.58
17144.3 2962.67
17552.2 3105.32
17969.8 3254.84
18397.3 3411.55
18835 3575.81
19283.1 3747.98
19741.9 3928.45
20211.6 4117.59
20692.5 4315.85
21184.8 4523.66
21688.8 4741.46
22204.9 4969.76
22733.2 5209.05
23274 5459.86
23827.8 5722.75
24394.7 5998.29
24975.1 6287.1
25569.3 6589.82
26177.6 6907.11
26800.4 7239.69
27438.1 7588.27
28090.9 7953.64
28759.2 8336.6
29443.5 8738
30144 9158.73
30861.2 9599.71
31595.4 10061.9
32347.1 10546.4
33116.8 11054.2
33904.7 11586.5
34711.3 12144.3
35537.2 12729.1
36382.7 13342
37248.3 13984.4
38134.5 14657.7
39041.8 15363.5
39970.7 16103.2
40921.7 16878.6
41895.3 17691.3
42892.1 18543.1
43912.6 19436
44957.3 20371.8
46027 21352.7
47122 22380.8
48243.2 23458.4
49391 24588
50566.1 25771.9
51769.1 27012.8
53000.8 28313.4
54261.8 29676.7
55552.8 31105.6
56874.6 32603.3
58227.7 34173.2
59613.1 35818.6
61031.4 37543.3
62483.4 39351
63970.1 41245.7
65492 43231.7
67050.2 45313.3
68645.5 47495.1
70278.7 49782
71950.8 52178.9
73662.6 54691.3
75415.2 57324.7
77209.5 60084.9
79046.5 62978
80927.2 66010.3
82852.6 69188.7
84823.8 72520.2
86841.9 76012
88908.1 79672
91023.4 83508.1
93189 87529
95406.2 91743.6
97676.1 96161
100000 100791
3.642e-05 100000 901 2
3.642e-05 4.09044e-08
3.73102e-05 4.99448e-08
3.82221e-05 6.02548e-08
3.91563e-05 7.19251e-08
4.01134e-05 8.5031e-08
4.10939e-05 9.98223e-08
4.20983e-05 1.16225e-07
4.31272e-05 1.34424e-07
4.41814e-05 1.54495e-07
4.52613e-05 1.76507e-07
4.63675e-05 2.00536e-07
4.75008e-05 2.26671e-07
4.86619e-05 2.5499e-07
4.98513e-05 2.85221e-07
5.10697e-05 3.17701e-07
5.2318e-05 3.52192e-07
5.35967e-05 3.89022e-07
5.49068e-05 4.27686e-07
5.62488e-05 4.68064e-07
5.76236e-05 5.10167e-07
5.90321e-05 5.53959e-07
6.04749e-05 5.99015e-07
6.19531e-05 6.45246e-07
6.34673e-05 6.92561e-07
6.50186e-05 7.4037e-07
6.66078e-05 7.88864e-07
6.82358e-05 8.3788e-07
6.99036e-05 8.869e-07
7.16122e-05 9.36099e-07
7.33626e-05 9.85493e-07
7.51557e-05 1.03401e-06
7.69927e-05 1.08222e-06
7.88745e-05 1.13066e-06
8.08024e-05 1.17754e-06
8.27774e-05 1.22538e-06
8.48006e-05 1.27171e-06
8.68733e-05 1.31883e-06
8.89967e-05 1.36418e-06
9.11719e-05 1.41029e-06
9.34004e-05 1.4558e-06
9.56833e-05 1.50076e-06
9.8022e-05 1.54678e-06
0.000100418 1.59079e-06
0.000102872 1.63588e-06
0.000105387 1.68206e-06
0.000107963 1.72671e-06
0.000110601 1.77174e-06
0.000113305 1.81786e-06
0.000116074 1.86511e-06
0.000118911 1.91019e-06
0.000121818 1.95628e-06
0.000124795 2.0035e-06
0.000127845 2.05127e-06
0.00013097 2.09702e-06
0.000134171 2.14389e-06
0.000137451 2.19191e-06
0.00014081 2.23998e-06
0.000144252 2.28562e-06
0.000147778 2.33238e-06
0.00015139 2.38029e-06
0.00015509 2.42642e-06
0.000158881 2.47105e-06
0.000162764 2.51677e-06
0.000166742 2.56245e-06
0.000170818 2.60439e-06
0.000174993 2.64735e-06
0.00017927 2.69136e-06
0.000183652 2.73093e-06
0.000188141 2.77034e-06
0.000192739 2.81071e-06
0.00019745 2.84851e-06
0.000202276 2.88388e-06
0.000207221 2.92012e-06
0.000212285 2.95724e-06
0.000217474 2.99179e-06
0.00022279 3.02327e-06
0.000228235 3.05552e-06
0.000233814 3.08855e-06
0.000239528 3.1224e-06
0.000245383 3.15072e-06
0.000251381 3.17916e-06
0.000257525 3.2083e-06
0.000263819 3.23815e-06
0.000270268 3.26873e-06
0.000276874 3.29515e-06
0.000283641 3.32003e-06
0.000290574 3.34552e-06
0.000297676 3.37163e-06
0.000304952 3.39838e-06
0.000312405 3.42239e-06
0.000320041 3.44279e-06
0.000327864 3.4637e-06
0.000335877 3.48511e-06
0.000344087 3.50705e-06
0.000352497 3.52417e-06
0.000361113 3.53919e-06
0.000369939 3.55458e-06
0.000378981 3.57034e-06
0.000388244 3.58648e-06
0.000397734 3.59667e-06
0.000407455 3.6065e-06
0.000417414 3.61657e-06
0.000427617 3.62689e-06
0.000438069 3.6366e-06
0.000448776 3.64154e-06
0.000459745 3.64659e-06
0.000470982 3.65176e-06
0.000482494 3.65706e-06
0.000494287 3.66249e-06
0.000506368 3.66338e-06
0.000518745 3.66379e-06
0.000531424 3.6642e-06
0.000544413 3.66462e-06
0.00055772 3.66441e-06
0.000571352 3.66005e-06
0.000585317 3.65559e-06
0.000599623 3.65102e-06
0.000614279 3.64634e-06
0.000629293 3.63912e-06
0.000644675 3.63019e-06
0.000660432 3.62104e-06
0.000676574 3.61167e-06
0.000693111 3.60207e-06
0.000710052 3.59071e-06
0.000727407 3.57799e-06
0.000745186 3.56497e-06
0.0007634 3.55163e-06
0.000782059 3.53796e-06
0.000801175 3.52396e-06
0.000820757 3.50788e-06
0.000840818 3.49115e-06
0.000861369 3.47402e-06
0.000882423 3.45647e-06
0.000903991 3.43849e-06
0.000926086 3.41909e-06
0.000948722 3.39866e-06
0.000971911 3.37773e-06
0.000995666 3.35628e-06
0.00102 3.33431e-06
0.00104493 3.31183e-06
0.00107047 3.28882e-06
0.00109664 3.26526e-06
0.00112344 3.24111e-06
0.0011509 3.21638e-06
0.00117903 3.19104e-06
0.00120785 3.16563e-06
0.00123737 3.13986e-06
0.00126762 3.11347e-06
0.0012986 3.08643e-06
0.00133034 3.05874e-06
0.00136286 3.03036e-06
0.00139617 3.00241e-06
0.00143029 2.97506e-06
0.00146525 2.94703e-06
0.00150107 2.91832e-06
0.00153775 2.88891e-06
0.00157534 2.85877e-06
0.00161384 2.82791e-06
0.00165329 2.79902e-06
0.0016937 2.77015e-06
0.0017351 2.74057e-06
0.00177751 2.71026e-06
0.00182095 2.67921e-06
0.00186546 2.64741e-06
0.00191106 2.61713e-06
0.00195777 2.58767e-06
0.00200562 2.5575e-06
0.00205464 2.52658e-06
0.00210486 2.49492e-06
0.00215631 2.46247e-06
0.00220901 2.43108e-06
0.002263 2.40172e-06
0.00231832 2.37164e-06
0.00237498 2.34082e-06
0.00243303 2.30926e-06
0.0024925 2.27691e-06
0.00255342 2.24378e-06
0.00261583 2.21369e-06
0.00267977 2.18433e-06
0.00274527 2.15426e-06
0.00281237 2.12345e-06
0.00288111 2.09188e-06
0.00295153 2.05955e-06
0.00302367 2.02671e-06
0.00309757 1.99854e-06
0.00317328 1.96967e-06
0.00325085 1.9401e-06
0.0033303 1.90981e-06
0.0034117 1.87877e-06
0.00349509 1.84698e-06
0.00358052 1.81664e-06
0.00366803 1.7893e-06
0.00375769 1.76129e-06
0.00384953 1.73259e-06
0.00394362 1.7032e-06
0.00404001 1.67308e-06
0.00413876 1.64223e-06
0.00423992 1.61487e-06
0.00434355 1.58867e-06
0.00444972 1.56182e-06
0.00455848 1.53432e-06
0.0046699 1.50615e-06
0.00478404 1.47729e-06
0.00490097 1.44789e-06
0.00502076 1.42362e-06
0.00514348 1.39876e-06
0.0052692 1.37329e-06
0.00539799 1.33343e-06
0.00552992 1.31169e-06
0.00566509 1.28945e-06
0.00580355 1.26684e-06
0.0059454 1.24393e-06
0.00609072 1.22082e-06
0.00623959 1.19758e-06
0.0063921 1.17428e-06
0.00654834 1.15099e-06
0.00670839 1.12774e-06
0.00687236 1.1046e-06
0.00704033 1.08161e-06
0.00721241 1.05881e-06
0.0073887 1.03622e-06
0.00756929 1.01388e-06
0.0077543 9.91808e-07
0.00794383 9.70034e-07
0.008138 9.48573e-07
0.00833691 9.27441e-07
0.00854068 9.06651e-07
0.00874943 8.86214e-07
0.00896328 8.6614e-07
0.00918237 8.46433e-07
0.0094068 8.271e-07
0.00963672 8.08144e-07
0.00987226 7.89566e-07
0.0101136 7.71368e-07
0.0103608 7.5355e-07
0.010614 7.36109e-07
0.0108734 7.19044e-07
0.0111392 7.02352e-07
0.0114115 6.86028e-07
0.0116904 6.70068e-07
0.0119761 6.54468e-07
0.0122688 6.39222e-07
0.0125687 6.24324e-07
0.0128759 6.09768e-07
0.0131906 5.95548e-07
0.013513 5.81657e-07
0.0138433 5.68088e-07
0.0141817 5.54835e-07
0.0145283 5.4189e-07
0.0148834 5.29246e-07
0.0152472 5.16896e-07
0.0156199 5.04833e-07
0.0160016 4.93049e-07
0.0163928 4.81538e-07
0.0167934 4.70291e-07
0.0172039 4.59303e-07
0.0176244 4.48566e-07
0.0180552 4.38074e-07
0.0184965 4.27819e-07
0.0189486 4.17794e-07
0.0194117 4.07995e-07
0.0198862 3.98413e-07
0.0203722 3.89043e-07
0.0208702 3.79878e-07
0.0213803 3.70914e-07
0.0219029 3.62143e-07
0.0224382 3.53562e-07
0.0229867 3.45163e-07
0.0235485 3.36943e-07
0.0241241 3.28896e-07
0.0247137 3.21017e-07
0.0253178 3.13302e-07
0.0259366 3.05747e-07
0.0265705 2.98347e-07
0.02722 2.91099e-07
0.0278853 2.83999e-07
0.0285669 2.77043e-07
0.0292651 2.70228e-07
0.0299804 2.63551e-07
0.0307132 2.5701e-07
0.0314639 2.50602e-07
0.0322329 2.44325e-07
0.0330207 2.38176e-07
0.0338278 2.32154e-07
0.0346547 2.26258e-07
0.0355017 2.20486e-07
0.0363694 2.14838e-07
0.0372584 2.09312e-07
0.038169 2.03909e-07
0.039102 1.98629e-07
0.0400577 1.93471e-07
0.0410368 1.88437e-07
0.0420398 1.83527e-07
0.0430674 1.78742e-07
0.04412 1.74086e-07
0.0451984 1.69558e-07
0.0463031 1.65162e-07
0.0474349 1.60901e-07
0.0485943 1.56778e-07
0.049782 1.52797e-07
0.0509988 1.48961e-07
0.0522453 1.45275e-07
0.0535223 1.41745e-07
0.0548305 1.38375e-07
0.0561707 1.35172e-07
0.0575436 1.32143e-07
0.0589501 1.29295e-07
0.0603909 1.26636e-07
0.061867 1.24173e-07
0.0633792 1.21917e-07
0.0649283 1.15904e-07
0.0665153 1.12707e-07
0.068141 1.09677e-07
0.0698065 1.06801e-07
0.0715128 1.04068e-07
0.0732607 1.01467e-07
0.0750513 9.89882e-08
0.0768857 9.66233e-08
0.078765 9.43637e-08
0.0806902 9.22019e-08
0.0826624 9.01309e-08
0.0846828 8.81445e-08
0.0867527 8.62368e-08
0.0888731 8.44024e-08
0.0910453 8.26365e-08
0.0932706 8.09346e-08
0.0955504 7.92925e-08
0.0978858 7.77066e-08
0.100278 7.61733e-08
0.102729 7.46894e-08
0.10524 7.32522e-08
0.107813 7.18589e-08
0.110448 7.05071e-08
0.113147 6.91945e-08
0.115913 6.79193e-08
0.118746 6.66794e-08
0.121648 6.54733e-08
0.124622 6.42993e-08
0.127668 6.3156e-08
0.130788 6.20422e-08
0.133985 6.09566e-08
0.13726 5.98982e-08
0.140615 5.8866e-08
0.144052 5.7859e-08
0.147573 5.68764e-08
0.15118 5.59176e-08
0.154875 5.49818e-08
0.15866 5.40683e-08
0.162538 5.31766e-08
0.166511 5.23062e-08
0.170581 5.14565e-08
0.17475 5.06273e-08
0.179021 4.98179e-08
0.183397 4.90282e-08
0.18788 4.82577e-08
0.192472 4.75063e-08
0.197176 4.67734e-08
0.201996 4.60591e-08
0.206933 4.53629e-08
0.211991 4.46848e-08
0.217172 4.40245e-08
0.22248 4.33819e-08
0.227918 4.27568e-08
0.233489 4.21492e-08
0.239196 4.15588e-08
0.245042 4.09856e-08
0.251032 4.04295e-08
0.257167 3.98904e-08
0.263453 3.93684e-08
0.269892 3.88632e-08
0.276489 3.8375e-08
0.283247 3.79037e-08
0.29017 3.74492e-08
0.297263 3.70116e-08
0.304528 3.65909e-08
0.311972 3.61871e-08
0.319597 3.58003e-08
0.327408 3.54305e-08
0.335411 3.50778e-08
0.343609 3.47422e-08
0.352008 3.44238e-08
0.360611 3.41228e-08
0.369425 3.38392e-08
0.378455 3.35731e-08
0.387705 3.33248e-08
0.397181 3.30943e-08
0.406889 3.28818e-08
0.416835 3.26876e-08
0.427023 3.25117e-08
0.43746 3.23545e-08
0.448153 3.22161e-08
0.459106 3.20968e-08
0.470328 3.19969e-08
0.481824 3.19167e-08
0.4936 3.18564e-08
0.505665 3.18165e-08
0.518025 3.17971e-08
0.530686 3.17988e-08
0.543657 3.1822e-08
0.556945 3.18669e-08
0.570558 3.19342e-08
0.584504 3.20242e-08
0.59879 3.21375e-08
0.613426 3.22746e-08
0.628419 3.2436e-08
0.643779 3.26225e-08
0.659515 3.28345e-08
0.675634 3.30728e-08
0.692148 3.3338e-08
0.709066 3.3631e-08
0.726397 3.39525e-08
0.744152 3.43032e-08
0.76234 3.46841e-08
0.780973 3.50962e-08
0.800062 3.55402e-08
0.819617 3.60174e-08
0.83965 3.65287e-08
0.860173 3.70752e-08
0.881197 3.76581e-08
0.902736 3.82787e-08
0.9248 3.89383e-08
0.947404 3.96382e-08
0.970561 4.03799e-08
0.994283 4.11648e-08
1.01859 4.19947e-08
1.04348 4.2871e-08
1.06899 4.37956e-08
1.09512 4.47703e-08
1.12188 4.5797e-08
1.1493 4.68778e-08
1.17739 4.80148e-08
1.20617 4.92101e-08
1.23565 5.04661e-08
1.26586 5.17853e-08
1.2968 5.31703e-08
1.32849 5.46236e-08
1.36096 5.61482e-08
1.39423 5.7747e-08
1.42831 5.94231e-08
1.46322 6.11798e-08
1.49898 6.30205e-08
1.53562 6.49487e-08
1.57315 6.69682e-08
1.6116 6.9083e-08
1.65099 7.12972e-08
1.69135 7.36151e-08
1.73269 7.60412e-08
1.77504 7.85803e-08
1.81842 8.12374e-08
1.86287 8.40177e-08
1.9084 8.69267e-08
1.95505 8.99702e-08
2.00283 9.31541e-08
2.05179 9.64848e-08
2.10194 9.99689e-08
2.15331 1.03613e-07
2.20594 1.07425e-07
2.25986 1.11413e-07
2.3151 1.15583e-07
2.37168 1.19946e-07
2.42965 1.24508e-07
2.48904 1.2928e-07
2.54987 1.34272e-07
2.6122 1.39493e-07
2.67605 1.44954e-07
2.74145 1.50666e-07
2.80846 1.56642e-07
2.87711 1.62892e-07
2.94743 1.6943e-07
3.01947 1.7627e-07
3.09327 1.83425e-07
3.16888 1.9091e-07
3.24633 1.98741e-07
3.32568 2.06935e-07
3.40696 2.15507e-07
3.49024 2.24477e-07
3.57555 2.33862e-07
3.66294 2.43683e-07
3.75247 2.53959e-07
3.84419 2.64714e-07
3.93815 2.75968e-07
4.0344 2.87747e-07
4.13301 3.00075e-07
4.23403 3.12978e-07
4.33752 3.26484e-07
4.44354 3.40621e-07
4.55215 3.55419e-07
4.66341 3.70911e-07
4.7774 3.87129e-07
4.89416 4.04108e-07
5.01379 4.21885e-07
5.13634 4.40497e-07
5.26188 4.59986e-07
5.39049 4.80392e-07
5.52224 5.01761e-07
5.65722 5.24138e-07
5.79549 5.47573e-07
5.93715 5.72115e-07
6.08226 5.97819e-07
6.23093 6.2474e-07
6.38322 6.52938e-07
6.53924 6.82473e-07
6.69907 7.13411e-07
6.86281 7.4582e-07
7.03055 7.7977e-07
7.2024 8.15336e-07
7.37844 8.52597e-07
7.55878 8.91634e-07
7.74353 9.32535e-07
7.9328 9.75388e-07
8.1267 1.02029e-06
8.32533 1.06734e-06
8.52882 1.11664e-06
8.73728 1.1683e-06
8.95084 1.22244e-06
9.16961 1.27918e-06
9.39374 1.33864e-06
9.62334 1.40095e-06
9.85855 1.46626e-06
10.0995 1.53471e-06
10.3464 1.60645e-06
10.5993 1.68165e-06
10.8583 1.76047e-06
11.1237 1.84309e-06
11.3956 1.92969e-06
11.6741 2.02048e-06
11.9595 2.11565e-06
12.2518 2.21542e-06
12.5513 2.32001e-06
12.858 2.42966e-06
13.1723 2.54461e-06
13.4943 2.66513e-06
13.8241 2.79149e-06
14.162 2.92397e-06
14.5081 3.06288e-06
14.8627 3.20852e-06
15.226 3.36124e-06
15.5982 3.52136e-06
15.9794 3.68927e-06
16.37 3.86533e-06
16.7701 4.04996e-06
17.18 4.24356e-06
17.5999 4.44658e-06
18.0301 4.65948e-06
18.4708 4.88275e-06
18.9223 5.1169e-06
19.3848 5.36245e-06
19.8586 5.61997e-06
20.3439 5.89005e-06
20.8412 6.17331e-06
21.3506 6.47038e-06
21.8724 6.78195e-06
22.4071 7.10874e-06
22.9547 7.45149e-06
23.5158 7.81098e-06
24.0906 8.18804e-06
24.6794 8.58353e-06
25.2826 8.99836e-06
25.9006 9.43348e-06
26.5336 9.88989e-06
27.1822 1.03686e-05
27.8465 1.08708e-05
28.5272 1.13976e-05
29.2244 1.19501e-05
29.9387 1.25298e-05
30.6705 1.31378e-05
31.4202 1.37756e-05
32.1881 1.44447e-05
32.9749 1.51466e-05
33.7809 1.58829e-05
34.6065 1.66554e-05
35.4524 1.74657e-05
36.3189 1.83158e-05
37.2066 1.92076e-05
38.116 2.01432e-05
39.0477 2.11248e-05
40.0021 2.21545e-05
40.9798 2.32348e-05
41.9814 2.43682e-05
43.0075 2.55573e-05
44.0587 2.68048e-05
45.1356 2.81137e-05
46.2388 2.94868e-05
47.369 3.09275e-05
48.5268 3.2439e-05
49.7129 3.40249e-05
50.928 3.56888e-05
52.1728 3.74345e-05
53.448 3.92661e-05
54.7543 4.11878e-05
56.0927 4.32041e-05
57.4637 4.53197e-05
58.8682 4.75394e-05
60.3071 4.98684e-05
61.7811 5.2312e-05
63.2911 5.4876e-05
64.8381 5.75663e-05
66.4229 6.03891e-05
68.0464 6.33509e-05
69.7096 6.64586e-05
71.4134 6.97195e-05
73.1589 7.31411e-05
74.9471 7.67312e-05
76.779 8.04983e-05
78.6556 8.44511e-05
80.5781 8.85988e-05
82.5476 9.29509e-05
84.5652 9.75176e-05
86.6322 0.000102309
88.7496 0.000107338
90.9189 0.000112614
93.1411 0.00011815
95.4177 0.000123959
97.7499 0.000130055
100.139 0.000136452
102.587 0.000143164
105.094 0.000150208
107.663 0.000157599
110.294 0.000165355
112.99 0.000173493
115.752 0.000182033
118.581 0.000190995
121.479 0.000200398
124.449 0.000210266
127.49 0.000220622
130.607 0.000231488
133.799 0.000242891
137.069 0.000254856
140.419 0.000267413
143.852 0.00028059
147.368 0.000294417
150.97 0.000308927
154.66 0.000324153
158.44 0.000340132
162.312 0.0003569
166.28 0.000374496
170.344 0.000392961
174.507 0.000412338
178.773 0.000432672
183.142 0.000454011
187.619 0.000476403
192.204 0.000499903
196.902 0.000524563
201.715 0.000550441
206.645 0.000577598
211.696 0.000606097
216.87 0.000636004
222.171 0.000667389
227.602 0.000700325
233.165 0.000734888
238.864 0.00077116
244.702 0.000809224
250.683 0.000849169
256.81 0.000891088
263.087 0.000935079
269.518 0.000981245
276.105 0.00102969
282.854 0.00108053
289.767 0.00113389
296.85 0.00118988
304.105 0.00124864
311.538 0.00131031
319.153 0.00137502
326.954 0.00144293
334.945 0.0015142
343.132 0.00158899
351.519 0.00166748
360.111 0.00174986
368.912 0.0018363
377.929 0.00192702
387.167 0.00202222
396.63 0.00212213
406.324 0.00222698
416.256 0.00233701
426.43 0.00245249
436.853 0.00257367
447.53 0.00270085
458.469 0.00283432
469.675 0.00297438
481.155 0.00312137
492.915 0.00327563
504.963 0.00343752
517.305 0.00360742
529.949 0.00378572
542.902 0.00397283
556.172 0.0041692
569.766 0.00437528
583.692 0.00459155
597.959 0.00481852
612.574 0.00505671
627.547 0.00530668
642.885 0.00556901
658.599 0.00584432
674.696 0.00613325
691.187 0.00643647
708.081 0.00675468
725.388 0.00708864
743.118 0.00743911
761.281 0.00780691
779.889 0.00819291
798.951 0.008598
818.479 0.00902313
838.484 0.00946928
858.978 0.00993751
879.973 0.0104289
901.482 0.0109446
923.516 0.0114858
946.089 0.0120538
969.213 0.0126498
992.902 0.0132754
1017.17 0.0139319
1042.03 0.0146208
1067.5 0.0153439
1093.59 0.0161027
1120.32 0.0168991
1147.71 0.0177348
1175.76 0.0186119
1204.5 0.0195324
1233.94 0.0204984
1264.1 0.0215122
1294.99 0.0225762
1326.65 0.0236928
1359.07 0.0248646
1392.29 0.0260944
1426.32 0.027385
1461.18 0.0287395
1496.9 0.030161
1533.49 0.0316529
1570.97 0.0332185
1609.37 0.0348616
1648.7 0.0365859
1689 0.0383956
1730.28 0.0402948
1772.57 0.042288
1815.9 0.0443798
1860.28 0.046575
1905.75 0.0488789
1952.33 0.0512968
2000.05 0.0538342
2048.94 0.0564972
2099.02 0.059292
2150.32 0.062225
2202.88 0.0653032
2256.72 0.0685336
2311.88 0.0719239
2368.39 0.0754819
2426.28 0.0792159
2485.58 0.0831347
2546.33 0.0872473
2608.57 0.0915634
2672.33 0.0960931
2737.65 0.100847
2804.56 0.105836
2873.11 0.111072
2943.33 0.116567
3015.28 0.122333
3088.97 0.128385
3164.48 0.134737
3241.82 0.141403
3321.06 0.148398
3402.23 0.15574
3485.39 0.163445
3570.58 0.171531
3657.85 0.180017
3747.26 0.188923
3838.85 0.19827
3932.68 0.208079
4028.8 0.218373
4127.27 0.229177
4228.15 0.240516
4331.5 0.252415
4437.37 0.264903
4545.83 0.278009
4656.94 0.291764
4770.76 0.306199
4887.37 0.321348
5006.82 0.337247
5129.2 0.353933
5254.57 0.371444
5383 0.389821
5514.57 0.409108
5649.36 0.429349
5787.44 0.450592
5928.9 0.472886
6073.82 0.496283
6222.27 0.520837
6374.36 0.546606
6530.16 0.573651
6689.77 0.602033
6853.28 0.63182
7020.79 0.663081
7192.39 0.695888
7368.19 0.730319
7548.28 0.766454
7732.78 0.804376
7921.78 0.844175
8115.41 0.885943
8313.77 0.929777
8516.97 0.975781
8725.14 1.02406
8938.4 1.07473
9156.88 1.12791
9380.69 1.18371
9609.97 1.24228
9844.86 1.30375
10085.5 1.36825
10332 1.43595
10584.5 1.507
10843.2 1.58157
11108.3 1.65982
11379.8 1.74195
11657.9 1.82814
11942.9 1.91859
12234.8 2.01352
12533.8 2.11315
12840.2 2.21771
13154 2.32744
13475.5 2.4426
13804.9 2.56345
14142.3 2.69029
14488 2.82341
14842.1 2.96311
15204.9 3.10972
15576.5 3.26359
15957.2 3.42507
16347.3 3.59454
16746.8 3.7724
17156.1 3.95905
17575.5 4.15495
18005.1 4.36053
18445.1 4.57629
18896 4.80273
19357.8 5.04037
19831 5.28976
20315.7 5.5515
20812.2 5.82619
21320.9 6.11447
21842.1 6.41702
22375.9 6.73453
22922.8 7.06776
23483.1 7.41747
24057.1 7.78449
24645.1 8.16967
25247.5 8.57391
25864.6 8.99815
26496.8 9.44338
27144.4 9.91064
27807.9 10.401
28487.6 10.9157
29183.9 11.4558
29897.2 12.0226
30627.9 12.6175
31376.5 13.2418
32143.4 13.897
32929.1 14.5847
33733.9 15.3063
34558.5 16.0637
35403.1 16.8585
36268.5 17.6927
37154.9 18.5682
38063.1 19.4869
38993.4 20.4512
39946.5 21.4631
40922.9 22.5251
41923.1 23.6397
42947.8 24.8094
43997.5 26.037
45072.9 27.3253
46174.6 28.6774
47303.2 30.0964
48459.4 31.5856
49643.8 33.1485
50857.2 34.7887
52100.3 36.51
53373.7 38.3166
54678.3 40.2125
56014.8 42.2023
57383.9 44.2905
58786.4 46.4821
60223.3 48.782
61695.3 51.1958
63203.2 53.729
64748.1 56.3876
66330.6 59.1777
67951.9 62.1059
69612.8 65.179
71314.3 68.4041
73057.3 71.7888
74843 75.341
76672.3 79.069
78546.3 82.9814
80466.2 87.0874
82432.9 91.3966
84447.8 95.919
86511.9 100.665
88626.4 105.646
90792.6 110.874
93011.7 116.36
95285.1 122.118
97614.1 128.16
100000 134.502
3.622e-05 100000 901 3
3.622e-05 8.14661e-08
3.71055e-05 9.91849e-08
3.80127e-05 1.19663e-07
3.8942e-05 1.42821e-07
3.98941e-05 1.68836e-07
4.08694e-05 1.97888e-07
4.18686e-05 2.30314e-07
4.28923e-05 2.6629e-07
4.39409e-05 3.05968e-07
4.50152e-05 3.49403e-07
4.61157e-05 3.96747e-07
4.72432e-05 4.48357e-07
4.83982e-05 5.04229e-07
4.95814e-05 5.63808e-07
5.07936e-05 6.28009e-07
5.20354e-05 6.96656e-07
5.33076e-05 7.69318e-07
5.46109e-05 8.45592e-07
5.59461e-05 9.25349e-07
5.73138e-05 1.00882e-06
5.87151e-05 1.09539e-06
6.01506e-05 1.18452e-06
6.16211e-05 1.2761e-06
6.31277e-05 1.3696e-06
6.4671e-05 1.46444e-06
6.62521e-05 1.56072e-06
6.78719e-05 1.65788e-06
6.95312e-05 1.75463e-06
7.12312e-05 1.85234e-06
7.29726e-05 1.94976e-06
7.47567e-05 2.04576e-06
7.65844e-05 2.14304e-06
7.84567e-05 2.23742e-06
8.03749e-05 2.33291e-06
8.23399e-05 2.42573e-06
8.4353e-05 2.51975e-06
8.64153e-05 2.61087e-06
8.8528e-05 2.703e-06
9.06923e-05 2.7924e-06
9.29096e-05 2.88399e-06
9.51811e-05 2.97254e-06
9.75081e-05 3.06204e-06
9.9892e-05 3.15373e-06
0.000102334 3.24106e-06
0.000104836 3.33021e-06
0.000107399 3.42154e-06
0.000110025 3.51107e-06
0.000112715 3.60028e-06
0.000115471 3.69167e-06
0.000118294 3.7853e-06
0.000121186 3.87548e-06
0.000124148 3.96646e-06
0.000127184 4.05968e-06
0.000130293 4.15517e-06
0.000133479 4.24845e-06
0.000136742 4.3397e-06
0.000140085 4.43318e-06
0.00014351 4.52895e-06
0.000147018 4.62121e-06
0.000150613 4.7113e-06
0.000154295 4.80359e-06
0.000158067 4.89814e-06
0.000161932 4.98446e-06
0.000165891 5.07157e-06
0.000169946 5.16081e-06
0.000174101 5.24541e-06
0.000178358 5.32526e-06
0.000182718 5.40706e-06
0.000187186 5.49086e-06
0.000191762 5.56602e-06
0.00019645 5.6392e-06
0.000201253 5.71417e-06
0.000206173 5.79098e-06
0.000211214 5.85593e-06
0.000216378 5.92137e-06
0.000221668 5.98842e-06
0.000227087 6.0571e-06
0.000232639 6.12089e-06
0.000238327 6.17881e-06
0.000244154 6.23816e-06
0.000250123 6.29895e-06
0.000256238 6.36123e-06
0.000262502 6.41637e-06
0.00026892 6.4685e-06
0.000275495 6.5219e-06
0.00028223 6.57662e-06
0.00028913 6.63267e-06
0.000296199 6.68143e-06
0.00030344 6.72618e-06
0.000310859 6.77202e-06
0.000318459 6.81898e-06
0.000326245 6.8671e-06
0.000334221 6.90327e-06
0.000342392 6.93818e-06
0.000350763 6.97395e-06
0.000359339 7.0106e-06
0.000368124 7.04673e-06
0.000377124 7.07016e-06
0.000386344 7.09416e-06
0.000395789 7.11875e-06
0.000405466 7.14394e-06
0.000415379 7.16554e-06
0.000425534 7.17898e-06
0.000435938 7.19275e-06
0.000446596 7.20686e-06
0.000457514 7.22131e-06
0.0004687 7.23523e-06
0.000480158 7.23983e-06
0.000491898 7.24454e-06
0.000503924 7.24937e-06
0.000516244 7.25432e-06
0.000528865 7.25632e-06
0.000541795 7.25174e-06
0.000555041 7.24704e-06
0.000568611 7.24223e-06
0.000582512 7.2373e-06
0.000596754 7.22728e-06
0.000611343 7.21294e-06
0.00062629 7.19825e-06
0.000641601 7.1832e-06
0.000657287 7.16779e-06
0.000673357 7.14703e-06
0.000689819 7.1244e-06
0.000706684 7.10122e-06
0.000723962 7.07746e-06
0.000741661 7.05313e-06
0.000759794 7.02609e-06
0.000778369 6.99653e-06
0.000797399 6.96625e-06
0.000816894 6.93524e-06
0.000836866 6.90346e-06
0.000857326 6.87091e-06
0.000878286 6.83448e-06
0.000899759 6.79649e-06
0.000921756 6.75757e-06
0.000944292 6.7177e-06
0.000967378 6.67685e-06
0.000991029 6.6342e-06
0.00101526 6.58992e-06
0.00104008 6.54456e-06
0.00106551 6.49809e-06
0.00109156 6.45049e-06
0.00111824 6.40209e-06
0.00114558 6.35326e-06
0.00117359 6.30323e-06
0.00120228 6.25198e-06
0.00123168 6.19947e-06
0.00126179 6.14569e-06
0.00129264 6.0911e-06
0.00132424 6.03836e-06
0.00135662 5.98433e-06
0.00138978 5.92899e-06
0.00142376 5.87228e-06
0.00145857 5.8142e-06
0.00149423 5.75469e-06
0.00153076 5.69844e-06
0.00156819 5.64171e-06
0.00160652 5.5836e-06
0.0016458 5.52406e-06
0.00168604 5.46308e-06
0.00172726 5.4006e-06
0.00176949 5.34184e-06
0.00181275 5.28345e-06
0.00185707 5.22362e-06
0.00190247 5.16233e-06
0.00194898 5.09955e-06
0.00199663 5.03522e-06
0.00204545 4.97416e-06
0.00209545 4.91557e-06
0.00214668 4.85555e-06
0.00219917 4.79407e-06
0.00225293 4.73108e-06
0.00230801 4.66655e-06
0.00236444 4.60044e-06
0.00242225 4.5417e-06
0.00248147 4.48278e-06
0.00254213 4.42242e-06
0.00260429 4.36059e-06
0.00266796 4.29724e-06
0.00273318 4.23235e-06
0.0028 4.16814e-06
0.00286846 4.11126e-06
0.00293859 4.05298e-06
0.00301043 3.99328e-06
0.00308403 3.93211e-06
0.00315943 3.86946e-06
0.00323668 3.80527e-06
0.00331581 3.7457e-06
0.00339687 3.69017e-06
0.00347992 3.63328e-06
0.003565 3.575e-06
0.00365216 3.51529e-06
0.00374145 3.45413e-06
0.00383292 3.39147e-06
0.00392663 3.3375e-06
0.00402263 3.28389e-06
0.00412097 3.22898e-06
0.00422172 3.17272e-06
0.00432494 3.11509e-06
0.00443067 3.05604e-06
0.004539 2.9978e-06
0.00464997 2.94801e-06
0.00476365 2.897e-06
0.00488012 2.84475e-06
0.00499943 2.79122e-06
0.00512165 2.73638e-06
0.00524687 2.68019e-06
0.00537515 2.62704e-06
0.00550656 2.5779e-06
0.00564119 2.52879e-06
0.0057791 2.47982e-06
0.00592039 2.43105e-06
0.00606514 2.38258e-06
0.00621342 2.33446e-06
0.00636533 2.28675e-06
0.00652095 2.2395e-06
0.00668037 2.19276e-06
0.0068437 2.14656e-06
0.00701102 2.10095e-06
0.00718242 2.05595e-06
0.00735802 2.01158e-06
0.00753791 1.96788e-06
0.0077222 1.92484e-06
0.007911 1.8825e-06
0.00810441 1.84086e-06
0.00830255 1.79992e-06
0.00850553 1.7597e-06
0.00871348 1.7202e-06
0.00892651 1.68142e-06
0.00914474 1.64336e-06
0.00936832 1.60602e-06
0.00959736 1.5694e-06
0.009832 1.53349e-06
0.0100724 1.49829e-06
0.0103186 1.46378e-06
0.0105709 1.42997e-06
0.0108293 1.39685e-06
0.0110941 1.3644e-06
0.0113653 1.33262e-06
0.0116432 1.3015e-06
0.0119279 1.27102e-06
0.0122195 1.24118e-06
0.0125182 1.21197e-06
0.0128243 1.18337e-06
0.0131378 1.15537e-06
0.013459 1.12797e-06
0.013788 1.10114e-06
0.0141251 1.07489e-06
0.0144705 1.04919e-06
0.0148242 1.02403e-06
0.0151867 9.99414e-07
0.015558 9.75316e-07
0.0159383 9.5173e-07
0.016328 9.28643e-07
0.0167272 9.06045e-07
0.0171361 8.83925e-07
0.0175551 8.62273e-07
0.0179843 8.41079e-07
0.018424 8.20331e-07
0.0188744 8.00021e-07
0.0193359 7.80138e-07
0.0198086 7.60674e-07
0.0202929 7.4162e-07
0.020789 7.22966e-07
0.0212973 7.04704e-07
0.0218179 6.86827e-07
0.0223513 6.69326e-07
0.0228978 6.52194e-07
0.0234576 6.35425e-07
0.0240311 6.19011e-07
0.0246186 6.02947e-07
0.0252205 5.87226e-07
0.0258371 5.71843e-07
0.0264688 5.56794e-07
0.0271159 5.42073e-07
0.0277788 5.27676e-07
0.028458 5.13601e-07
0.0291537 4.99842e-07
0.0298665 4.86399e-07
0.0305967 4.73268e-07
0.0313447 4.60448e-07
0.0321111 4.47938e-07
0.0328961 4.35737e-07
0.0337004 4.23845e-07
0.0345243 4.12262e-07
0.0353683 4.0099e-07
0.036233 3.9003e-07
0.0371189 3.79384e-07
0.0380264 3.69057e-07
0.0389561 3.59051e-07
0.0399085 3.49371e-07
0.0408842 3.40022e-07
0.0418837 3.3101e-07
0.0429077 3.22342e-07
0.0439567 3.14025e-07
0.0450314 3.06069e-07
0.0461323 2.98482e-07
0.0472602 2.91275e-07
0.0484156 2.8446e-07
0.0495993 2.78048e-07
0.0508119 2.72054e-07
0.0520542 2.66491e-07
0.0533268 2.61376e-07
0.0546306 2.56727e-07
0.0559662 2.52561e-07
0.0573345 2.48897e-07
0.0587362 2.45758e-07
0.0601722 2.43167e-07
0.0616433 2.41146e-07
0.0631504 2.39722e-07
0.0646943 2.13762e-07
0.066276 2.08364e-07
0.0678963 2.03121e-07
0.0695563 1.98029e-07
0.0712568 1.93083e-07
0.0729989 1.88281e-07
0.0747836 1.83618e-07
0.076612 1.7909e-07
0.078485 1.74694e-07
0.0804038 1.70427e-07
0.0823696 1.66285e-07
0.0843834 1.62264e-07
0.0864464 1.58362e-07
0.0885599 1.54575e-07
0.090725 1.50899e-07
0.0929431 1.47333e-07
0.0952154 1.43872e-07
0.0975432 1.40514e-07
0.099928 1.37257e-07
0.102371 1.34096e-07
0.104874 1.3103e-07
0.107438 1.28057e-07
0.110065 1.25173e-07
0.112755 1.22376e-07
0.115512 1.19663e-07
0.118336 1.17034e-07
0.121229 1.14484e-07
0.124193 1.12012e-07
0.127229 1.09616e-07
0.13034 1.07295e-07
0.133527 1.05045e-07
0.136791 1.02865e-07
0.140135 1.00753e-07
0.143562 9.87079e-08
0.147071 9.67274e-08
0.150667 9.48099e-08
0.154351 9.29539e-08
0.158124 9.11578e-08
0.16199 8.94202e-08
0.16595 8.77396e-08
0.170008 8.61146e-08
0.174164 8.4544e-08
0.178422 8.30264e-08
0.182784 8.15607e-08
0.187253 8.01456e-08
0.191831 7.878e-08
0.196521 7.74629e-08
0.201326 7.61932e-08
0.206248 7.497e-08
0.21129 7.37923e-08
0.216456 7.26592e-08
0.221748 7.15698e-08
0.227169 7.05234e-08
0.232723 6.95191e-08
0.238413 6.85564e-08
0.244241 6.76343e-08
0.250213 6.67524e-08
0.25633 6.591e-08
0.262597 6.51066e-08
0.269017 6.43416e-08
0.275594 6.36145e-08
0.282332 6.29249e-08
0.289234 6.22723e-08
0.296306 6.16565e-08
0.30355 6.1077e-08
0.310971 6.05336e-08
0.318574 6.0026e-08
0.326362 5.9554e-08
0.334341 5.91174e-08
0.342515 5.87161e-08
0.350889 5.83499e-08
0.359468 5.80188e-08
0.368256 5.77228e-08
0.37726 5.74619e-08
0.386483 5.72361e-08
0.395932 5.70456e-08
0.405612 5.68905e-08
0.415528 5.67709e-08
0.425687 5.66871e-08
0.436095 5.66394e-08
0.446756 5.6628e-08
0.457679 5.66534e-08
0.468868 5.67158e-08
0.480331 5.68159e-08
0.492075 5.69541e-08
0.504105 5.71309e-08
0.51643 5.7347e-08
0.529055 5.7603e-08
0.54199 5.78996e-08
0.555241 5.82377e-08
0.568815 5.8618e-08
0.582722 5.90414e-08
0.596969 5.9509e-08
0.611563 6.00216e-08
0.626515 6.05805e-08
0.641832 6.11867e-08
0.657524 6.18416e-08
0.6736 6.25464e-08
0.690068 6.33025e-08
0.706939 6.41115e-08
0.724222 6.49747e-08
0.741928 6.5894e-08
0.760067 6.6871e-08
0.77865 6.79075e-08
0.797686 6.90056e-08
0.817188 7.01672e-08
0.837167 7.13945e-08
0.857635 7.26898e-08
0.878602 7.40554e-08
0.900083 7.54938e-08
0.922088 7.70077e-08
0.944632 7.85998e-08
0.967726 8.02731e-08
0.991386 8.20306e-08
1.01562 8.38755e-08
1.04045 8.58113e-08
1.06589 8.78413e-08
1.09195 8.99694e-08
1.11865 9.21994e-08
1.146 9.45354e-08
1.17401 9.69818e-08
1.20272 9.9543e-08
1.23212 1.02224e-07
1.26224 1.05029e-07
1.2931 1.07964e-07
1.32472 1.11034e-07
1.3571 1.14245e-07
1.39028 1.17603e-07
1.42427 1.21114e-07
1.4591 1.24784e-07
1.49477 1.28622e-07
1.53131 1.32633e-07
1.56875 1.36825e-07
1.6071 1.41207e-07
1.64639 1.45787e-07
1.68665 1.50573e-07
1.72788 1.55575e-07
1.77013 1.60802e-07
1.8134 1.66265e-07
1.85774 1.71973e-07
1.90316 1.77938e-07
1.94968 1.84172e-07
1.99735 1.90686e-07
2.04618 1.97494e-07
2.09621 2.04609e-07
2.14746 2.12044e-07
2.19996 2.19815e-07
2.25374 2.27936e-07
2.30884 2.36424e-07
2.36529 2.45296e-07
2.42312 2.5457e-07
2.48236 2.64264e-07
2.54305 2.74397e-07
2.60522 2.8499e-07
2.66892 2.96064e-07
2.73417 3.07643e-07
2.80101 3.19748e-07
2.86949 3.32405e-07
2.93965 3.4564e-07
3.01152 3.5948e-07
3.08514 3.73953e-07
3.16057 3.89089e-07
3.23784 4.04919e-07
3.317 4.21476e-07
3.3981 4.38795e-07
3.48117 4.5691e-07
3.56628 4.7586e-07
3.65347 4.95685e-07
3.74279 5.16426e-07
3.8343 5.38126e-07
3.92804 5.60831e-07
4.02407 5.84589e-07
4.12246 6.09451e-07
4.22324 6.35467e-07
4.32649 6.62695e-07
4.43227 6.91191e-07
4.54063 7.21016e-07
4.65164 7.52234e-07
4.76537 7.84911e-07
4.88187 8.19118e-07
5.00123 8.54928e-07
5.1235 8.92418e-07
5.24876 9.31668e-07
5.37708 9.72763e-07
5.50854 1.01579e-06
5.64322 1.06085e-06
5.78118 1.10803e-06
5.92253 1.15744e-06
6.06732 1.20918e-06
6.21566 1.26337e-06
6.36762 1.32012e-06
6.5233 1.37956e-06
6.68278 1.44183e-06
6.84616 1.50705e-06
7.01354 1.57536e-06
7.18501 1.64693e-06
7.36067 1.7219e-06
7.54063 1.80045e-06
7.72498 1.88273e-06
7.91385 1.96895e-06
8.10733 2.05928e-06
8.30554 2.15393e-06
8.50859 2.25311e-06
8.71661 2.35703e-06
8.92972 2.46593e-06
9.14804 2.58005e-06
9.37169 2.69965e-06
9.60081 2.82498e-06
9.83554 2.95634e-06
10.076 3.09401e-06
10.3223 3.2383e-06
10.5747 3.38954e-06
10.8332 3.54806e-06
11.0981 3.71422e-06
11.3694 3.88839e-06
11.6474 4.07096e-06
11.9321 4.26235e-06
12.2239 4.46298e-06
12.5227 4.67331e-06
12.8289 4.8938e-06
13.1425 5.12497e-06
13.4638 5.36732e-06
13.793 5.62142e-06
14.1302 5.88782e-06
14.4757 6.16714e-06
14.8296 6.46e-06
15.1921 6.76708e-06
15.5636 7.08906e-06
15.9441 7.42669e-06
16.3339 7.78071e-06
16.7332 8.15195e-06
17.1423 8.54123e-06
17.5614 8.94946e-06
17.9908 9.37755e-06
18.4306 9.82649e-06
18.8812 1.02973e-05
19.3428 1.0791e-05
19.8157 1.13088e-05
20.3002 1.18519e-05
20.7965 1.24214e-05
21.3049 1.30188e-05
21.8258 1.36453e-05
22.3594 1.43023e-05
22.906 1.49915e-05
23.4661 1.57143e-05
24.0398 1.64725e-05
24.6275 1.72677e-05
25.2296 1.81018e-05
25.8464 1.89767e-05
26.4783 1.98945e-05
27.1257 2.08571e-05
27.7889 2.18668e-05
28.4682 2.2926e-05
29.1642 2.40371e-05
29.8773 2.52026e-05
30.6077 2.64252e-05
31.356 2.77077e-05
32.1226 2.90531e-05
32.908 3.04645e-05
33.7125 3.19451e-05
34.5367 3.34983e-05
35.3811 3.51278e-05
36.2461 3.68372e-05
37.1322 3.86305e-05
38.0401 4.05119e-05
38.9701 4.24856e-05
39.9228 4.45563e-05
40.8989 4.67287e-05
41.8988 4.90079e-05
42.9232 5.1399e-05
43.9726 5.39077e-05
45.0476 5.65397e-05
46.1489 5.93011e-05
47.2772 6.21982e-05
48.4331 6.52379e-05
49.6172 6.8427e-05
50.8302 7.17731e-05
52.0729 7.52838e-05
53.346 7.89672e-05
54.6503 8.28319e-05
55.9864 8.68869e-05
57.3551 9.11415e-05
58.7574 9.56055e-05
60.1939 0.000100289
61.6655 0.000105204
63.1731 0.00011036
64.7176 0.000115771
66.2999 0.000121448
67.9208 0.000127405
69.5813 0.000133655
71.2825 0.000140214
73.0252 0.000147095
74.8106 0.000154316
76.6396 0.000161893
78.5133 0.000169843
80.4328 0.000178185
82.3992 0.000186939
84.4138 0.000196124
86.4775 0.000205763
88.5918 0.000215876
90.7577 0.000226489
92.9766 0.000237625
95.2497 0.00024931
97.5784 0.000261572
99.964 0.000274439
102.408 0.000287941
104.912 0.000302109
107.477 0.000316976
110.104 0.000332578
112.796 0.000348949
115.554 0.000366128
118.379 0.000384155
121.273 0.000403073
124.238 0.000422924
127.275 0.000443756
130.387 0.000465616
133.575 0.000488555
136.84 0.000512627
140.186 0.000537889
143.613 0.000564397
147.124 0.000592215
150.721 0.000621407
154.406 0.000652041
158.181 0.000684188
162.048 0.000717923
166.01 0.000753325
170.069 0.000790475
174.227 0.000829462
178.486 0.000870374
182.85 0.000913308
187.32 0.000958363
191.9 0.00100565
196.592 0.00105526
201.398 0.00110733
206.322 0.00116198
211.366 0.00121932
216.534 0.0012795
221.828 0.00134265
227.251 0.00140893
232.807 0.00147848
238.499 0.00155146
244.329 0.00162806
250.303 0.00170844
256.422 0.0017928
262.691 0.00188132
269.114 0.00197422
275.693 0.00207172
282.433 0.00217404
289.338 0.00228141
296.412 0.00239409
303.659 0.00251235
311.083 0.00263645
318.688 0.00276669
326.48 0.00290336
334.462 0.0030468
342.639 0.00319733
351.016 0.0033553
359.597 0.00352108
368.389 0.00369507
377.396 0.00387765
386.622 0.00406927
396.075 0.00427036
405.758 0.0044814
415.678 0.00470288
425.841 0.00493531
436.252 0.00517924
446.917 0.00543523
457.844 0.00570388
469.037 0.00598582
480.504 0.0062817
492.252 0.00659222
504.287 0.0069181
516.616 0.0072601
529.246 0.00761902
542.185 0.00799569
555.441 0.00839099
569.02 0.00880585
582.932 0.00924123
597.184 0.00969815
611.784 0.0101777
626.741 0.0106809
642.064 0.0112091
657.761 0.0117633
673.842 0.012345
690.316 0.0129555
707.193 0.0135961
724.483 0.0142685
742.196 0.0149741
760.341 0.0157147
778.93 0.0164918
797.974 0.0173074
817.483 0.0181634
837.469 0.0190618
857.944 0.0200045
878.919 0.0209939
900.407 0.0220323
922.42 0.0231221
944.972 0.0242657
968.075 0.025466
991.743 0.0267256
1015.99 0.0280476
1040.83 0.029435
1066.28 0.030891
1092.34 0.0324191
1119.05 0.0340227
1146.41 0.0357058
1174.44 0.0374721
1203.15 0.0393258
1232.56 0.0412712
1262.7 0.0433129
1293.57 0.0454556
1325.19 0.0477044
1357.59 0.0500644
1390.78 0.0525412
1424.79 0.0551406
1459.62 0.0578686
1495.31 0.0607316
1531.86 0.0637363
1569.32 0.0668896
1607.68 0.070199
1646.99 0.0736722
1687.25 0.0773172
1728.5 0.0811426
1770.76 0.0851573
1814.06 0.0893707
1858.41 0.0937926
1903.84 0.0984333
1950.39 0.103304
1998.07 0.108415
2046.92 0.113779
2096.96 0.119409
2148.23 0.125317
2200.75 0.131518
2254.56 0.138026
2309.68 0.144856
2366.14 0.152023
2423.99 0.159546
2483.25 0.16744
2543.97 0.175726
2606.16 0.184421
2669.88 0.193547
2735.15 0.203124
2802.02 0.213175
2870.53 0.223724
2940.71 0.234795
3012.6 0.246413
3086.25 0.258607
3161.71 0.271404
3239.01 0.284835
3318.2 0.29893
3399.32 0.313722
3482.43 0.329247
3567.57 0.34554
3654.79 0.36264
3744.14 0.380585
3835.68 0.399419
3929.45 0.419185
4025.52 0.439929
4123.94 0.4617
4224.76 0.484548
4328.05 0.508527
4433.87 0.533693
4542.27 0.560104
4653.32 0.587822
4767.08 0.616913
4883.63 0.647442
5003.03 0.679483
5125.34 0.71311
5250.65 0.748401
5379.02 0.785438
5510.53 0.824308
5645.25 0.865102
5783.27 0.907916
5924.66 0.952848
6069.51 1
6217.9 1.04949
6369.91 1.10143
6525.65 1.15594
6685.19 1.21315
6848.63 1.27319
7016.07 1.3362
7187.6 1.40233
7363.32 1.47173
7543.34 1.54456
7727.77 1.62101
7916.7 1.70123
8110.25 1.78542
8308.53 1.87379
8511.66 1.96652
8719.75 2.06385
8932.94 2.16599
9151.33 2.27319
9375.07 2.38569
9604.27 2.50376
9839.08 2.62767
10079.6 2.75772
10326.1 2.8942
10578.5 3.03744
10837.1 3.18777
11102.1 3.34554
11373.5 3.51111
11651.6 3.68488
11936.4 3.86726
12228.3 4.05865
12527.2 4.25953
12833.5 4.47034
13147.3 4.69158
13468.7 4.92378
13798 5.16747
14135.3 5.42322
14480.9 5.69162
14834.9 5.97332
15197.6 6.26895
15569.2 6.57922
15949.8 6.90484
16339.8 7.24658
16739.2 7.60523
17148.5 7.98163
17567.7 8.37666
17997.2 8.79124
18437.2 9.22635
18888 9.68298
19349.8 10.1622
19822.9 10.6652
20307.5 11.193
20804 11.747
21312.6 12.3284
21833.7 12.9386
22367.4 13.5789
22914.3 14.251
23474.5 14.9563
24048.4 15.6966
24636.4 16.4734
25238.7 17.2888
25855.7 18.1444
26487.9 19.0425
27135.4 19.9849
27798.9 20.9741
28478.5 22.0121
29174.7 23.1016
29888 24.245
30618.7 25.4449
31367.3 26.7043
32134.2 28.026
32919.8 29.4131
33724.6 30.8688
34549.2 32.3966
35393.8 34
36259.1 35.6828
37145.6 37.4489
38053.8 39.3024
38984.1 41.2476
39937.2 43.2891
40913.6 45.4316
41913.9 47.6802
42938.6 50.0401
43988.4 52.5167
45063.8 55.116
46165.6 57.8439
47294.2 60.7068
48450.5 63.7114
49635 66.8647
50848.5 70.1741
52091.7 73.6473
53365.2 77.2924
54669.9 81.1178
56006.5 85.1327
57375.8 89.3462
58778.5 93.7683
60215.6 98.4093
61687.7 103.28
63195.9 108.392
64740.9 113.756
66323.7 119.387
67945.2 125.296
69606.4 131.497
71308.2 138.005
73051.5 144.836
74837.5 152.004
76667.2 159.527
78541.5 167.423
80461.8 175.709
82428.9 184.406
84444.2 193.533
86508.7 203.112
88623.7 213.165
90790.4 223.715
93010 234.788
95284 246.408
97613.5 258.604
100000 271.403
5.15e-06 100000 1001 4
5.15e-06 1.30374e-11
5.27346e-06 1.00102e-11
5.39987e-06 7.38252e-12
5.52932e-06 5.13326e-12
5.66187e-06 3.28192e-12
5.7976e-06 1.83796e-12
5.93658e-06 8.0492e-13
6.07889e-06 1.93912e-13
6.22462e-06 1.41856e-14
6.37384e-06 2.75259e-13
6.52663e-06 9.87122e-13
6.68309e-06 2.15946e-12
6.8433e-06 3.80013e-12
7.00735e-06 5.92331e-12
7.17533e-06 8.53613e-12
7.34734e-06 1.16518e-11
7.52347e-06 1.52921e-11
7.70383e-06 1.94531e-11
7.8885e-06 2.41428e-11
8.07761e-06 2.94078e-11
8.27125e-06 3.51976e-11
8.46953e-06 4.16089e-11
8.67256e-06 4.85946e-11
8.88046e-06 5.61853e-11
9.09335e-06 6.43954e-11
9.31134e-06 7.32613e-11
9.53455e-06 8.27722e-11
9.76312e-06 9.29109e-11
9.99716e-06 1.03776e-10
1.02368e-05 1.1527e-10
1.04822e-05 1.27629e-10
1.07335e-05 1.40639e-10
1.09908e-05 1.54309e-10
1.12543e-05 1.68887e-10
1.15241e-05 1.84255e-10
1.18003e-05 2.0024e-10
1.20832e-05 2.17379e-10
1.23729e-05 2.35108e-10
1.26695e-05 2.53833e-10
1.29732e-05 2.73627e-10
1.32842e-05 2.9407e-10
1.36026e-05 3.1579e-10
1.39287e-05 3.38185e-10
1.42626e-05 3.61855e-10
1.46045e-05 3.86297e-10
1.49546e-05 4.12316e-10
1.53131e-05 4.39011e-10
1.56802e-05 4.66989e-10
1.60561e-05 4.96237e-10
1.6441e-05 5.26302e-10
1.68351e-05 5.58266e-10
1.72387e-05 5.90996e-10
1.7652e-05 6.25471e-10
1.80751e-05 6.6127e-10
1.85084e-05 6.97928e-10
1.89521e-05 7.36778e-10
1.94064e-05 7.77016e-10
1.98717e-05 8.18218e-10
2.0348e-05 8.6192e-10
2.08358e-05 9.07241e-10
2.13353e-05 9.53648e-10
2.18468e-05 1.00216e-09
2.23705e-05 1.0532e-09
2.29067e-05 1.10546e-09
2.34559e-05 1.15897e-09
2.40182e-05 1.21642e-09
2.45939e-05 1.27548e-09
2.51835e-05 1.33595e-09
2.57872e-05 1.39788e-09
2.64054e-05 1.46501e-09
2.70384e-05 1.53383e-09
2.76866e-05 1.60431e-09
2.83503e-05 1.67647e-09
2.90299e-05 1.75177e-09
2.97258e-05 1.83259e-09
3.04384e-05 1.91536e-09
3.11681e-05 2.0001e-09
3.19152e-05 2.08688e-09
3.26803e-05 2.17851e-09
3.34637e-05 2.27624e-09
3.42659e-05 2.37633e-09
3.50874e-05 2.47881e-09
3.59285e-05 2.58374e-09
3.67898e-05 2.69119e-09
3.76717e-05 2.80774e-09
3.85748e-05 2.93177e-09
3.94995e-05 3.05878e-09
4.04464e-05 3.18883e-09
4.1416e-05 3.322e-09
4.24088e-05 3.45835e-09
4.34255e-05 3.59798e-09
4.44665e-05 3.74096e-09
4.55324e-05 3.90639e-09
4.6624e-05 4.08033e-09
4.77416e-05 4.25845e-09
4.88861e-05 4.44084e-09
5.0058e-05 4.6276e-09
5.1258e-05 4.81883e-09
5.24868e-05 5.01466e-09
5.3745e-05 5.21517e-09
5.50334e-05 5.42049e-09
5.63527e-05 5.63074e-09
5.77036e-05 5.84602e-09
5.90869e-05 6.06646e-09
6.05033e-05 6.35234e-09
6.19537e-05 6.67657e-09
6.34389e-05 7.00857e-09
6.49597e-05 7.34852e-09
6.65169e-05 7.69663e-09
6.81115e-05 8.05309e-09
6.97443e-05 8.41808e-09
7.14162e-05 8.79183e-09
7.31282e-05 9.17454e-09
7.48812e-05 9.56642e-09
7.66763e-05 9.9677e-09
7.85144e-05 1.03786e-08
8.03966e-05 1.07993e-08
8.23239e-05 1.12302e-08
8.42974e-05 1.16713e-08
8.63182e-05 1.21231e-08
8.83874e-05 1.25856e-08
9.05062e-05 1.30593e-08
9.26759e-05 1.35443e-08
9.48975e-05 1.40409e-08
9.71724e-05 1.45495e-08
9.95019e-05 1.50702e-08
0.000101887 1.56034e-08
0.00010433 1.61494e-08
0.000106831 1.67085e-08
0.000109392 1.7281e-08
0.000112014 1.78672e-08
0.000114699 1.85334e-08
0.000117449 1.92993e-08
0.000120264 2.00835e-08
0.000123147 2.08866e-08
0.000126099 2.17089e-08
0.000129122 2.25509e-08
0.000132218 2.34131e-08
0.000135387 2.43272e-08
0.000138633 2.5281e-08
0.000141956 2.62577e-08
0.000145359 2.72577e-08
0.000148844 2.82818e-08
0.000152412 2.93329e-08
0.000156066 3.04293e-08
0.000159807 3.1552e-08
0.000163638 3.27016e-08
0.00016756 3.38788e-08
0.000171577 3.50883e-08
0.00017569 3.63271e-08
0.000179902 3.75957e-08
0.000184215 3.88946e-08
0.000188631 4.02199e-08
0.000193153 4.1573e-08
0.000197783 4.29585e-08
0.000202524 4.43772e-08
0.000207379 4.58101e-08
0.000212351 4.72671e-08
0.000217441 4.87589e-08
0.000222654 5.02865e-08
0.000227991 5.1841e-08
0.000233457 5.3408e-08
0.000239053 5.50125e-08
0.000244784 5.66555e-08
0.000250652 5.83379e-08
0.00025666 6.00405e-08
0.000262813 6.17564e-08
0.000269113 6.35134e-08
0.000275565 6.53125e-08
0.000282171 6.71547e-08
0.000288935 6.90365e-08
0.000295861 7.09075e-08
0.000302954 7.28233e-08
0.000310216 7.47851e-08
0.000317653 7.67939e-08
0.000325268 7.88509e-08
0.000333065 8.09393e-08
0.000341049 8.30222e-08
0.000349225 8.5155e-08
0.000357597 8.7339e-08
0.000366169 8.95753e-08
0.000374947 9.18652e-08
0.000383936 9.42101e-08
0.000393139 9.65775e-08
0.000402564 9.89587e-08
0.000412214 1.01397e-07
0.000422096 1.03894e-07
0.000432214 1.0645e-07
0.000442576 1.09068e-07
0.000453185 1.11749e-07
0.000464049 1.14494e-07
0.000475173 1.17247e-07
0.000486564 1.20037e-07
0.000498228 1.22895e-07
0.000510172 1.2582e-07
0.000522402 1.28816e-07
0.000534925 1.31884e-07
0.000547749 1.35025e-07
0.000560879 1.38242e-07
0.000574325 1.4146e-07
0.000588093 1.44644e-07
0.000602191 1.47904e-07
0.000616626 1.51242e-07
0.000631408 1.5466e-07
0.000646545 1.58145e-07
0.000662044 1.61466e-07
0.000677915 1.64866e-07
0.000694166 1.68348e-07
0.000710806 1.71914e-07
0.000727846 1.75335e-07
0.000745294 1.78731e-07
0.000763161 1.82208e-07
0.000781455 1.85769e-07
0.000800188 1.89415e-07
0.000819371 1.92836e-07
0.000839013 1.96272e-07
0.000859126 1.99789e-07
0.000879721 2.03392e-07
0.00090081 2.0708e-07
0.000922405 2.10648e-07
0.000944517 2.14072e-07
0.000967159 2.17577e-07
0.000990344 2.21167e-07
0.00101408 2.24842e-07
0.00103839 2.28606e-07
0.00106329 2.3246e-07
0.00108878 2.36406e-07
0.00111488 2.40149e-07
0.0011416 2.43854e-07
0.00116897 2.47648e-07
0.00119699 2.51533e-07
0.00122569 2.55511e-07
0.00125507 2.59584e-07
0.00128516 2.63298e-07
0.00131597 2.67031e-07
0.00134751 2.70855e-07
0.00137981 2.7477e-07
0.00141289 2.78778e-07
0.00144676 2.82859e-07
0.00148144 2.86439e-07
0.00151696 2.90105e-07
0.00155332 2.93859e-07
0.00159056 2.97703e-07
0.00162869 3.01639e-07
0.00166773 3.05222e-07
0.00170771 3.08692e-07
0.00174865 3.12244e-07
0.00179057 3.15882e-07
0.00183349 3.19607e-07
0.00187744 3.23421e-07
0.00192245 3.27077e-07
0.00196854 3.304e-07
0.00201573 3.33802e-07
0.00206405 3.37286e-07
0.00211353 3.40854e-07
0.00216419 3.44507e-07
0.00221608 3.48247e-07
0.0022692 3.51669e-07
0.0023236 3.54862e-07
0.0023793 3.58132e-07
0.00243634 3.6148e-07
0.00249474 3.64908e-07
0.00255455 3.68419e-07
0.00261578 3.72014e-07
0.00267849 3.75117e-07
0.0027427 3.78116e-07
0.00280845 3.81188e-07
0.00287577 3.84333e-07
0.00294471 3.87553e-07
0.0030153 3.90851e-07
0.00308759 3.94228e-07
0.0031616 3.96949e-07
0.00323739 3.99706e-07
0.003315 4.0253e-07
0.00339447 4.05421e-07
0.00347584 4.08382e-07
0.00355917 4.11413e-07
0.00364449 4.14396e-07
0.00373186 4.16802e-07
0.00382132 4.19265e-07
0.00391292 4.21787e-07
0.00400672 4.2437e-07
0.00410277 4.27014e-07
0.00420113 4.29722e-07
0.00430184 4.32228e-07
0.00440496 4.34302e-07
0.00451056 4.36426e-07
0.00461869 4.38601e-07
0.00472941 4.40828e-07
0.00484278 4.43109e-07
0.00495887 4.45444e-07
0.00507775 4.47413e-07
0.00519948 4.4908e-07
0.00532412 4.35009e-07
0.00545175 4.41762e-07
0.00558244 4.47557e-07
0.00571626 4.52507e-07
0.0058533 4.56714e-07
0.00599361 4.60271e-07
0.00613729 4.63259e-07
0.00628442 4.65753e-07
0.00643507 4.6782e-07
0.00658933 4.69519e-07
0.00674729 4.70902e-07
0.00690904 4.72016e-07
0.00707467 4.72903e-07
0.00724426 4.736e-07
0.00741792 4.74139e-07
0.00759575 4.74548e-07
0.00777784 4.7485e-07
0.00796429 4.75068e-07
0.00815521 4.7522e-07
0.00835071 4.75321e-07
0.00855089 4.75383e-07
0.00875588 4.75418e-07
0.00896578 4.75434e-07
0.00918071 4.75439e-07
0.00940079 4.75438e-07
0.00962615 4.75434e-07
0.00985691 4.75431e-07
0.0100932 4.7543e-07
0.0103352 4.75433e-07
0.0105829 4.75438e-07
0.0108366 4.75445e-07
0.0110964 4.75452e-07
0.0113624 4.75458e-07
0.0116348 4.75459e-07
0.0119137 4.75453e-07
0.0121993 4.75436e-07
0.0124917 4.75405e-07
0.0127912 4.75357e-07
0.0130978 4.75286e-07
0.0134118 4.7519e-07
0.0137333 4.75063e-07
0.0140625 4.74903e-07
0.0143996 4.74704e-07
0.0147448 4.74464e-07
0.0150983 4.74177e-07
0.0154602 4.7384e-07
0.0158309 4.73449e-07
0.0162104 4.73001e-07
0.016599 4.72492e-07
0.0169969 4.71919e-07
0.0174043 4.7128e-07
0.0178216 4.7057e-07
0.0182488 4.69788e-07
0.0186862 4.68931e-07
0.0191342 4.67997e-07
0.0195929 4.66985e-07
0.0200626 4.65893e-07
0.0205435 4.6472e-07
0.021036 4.63464e-07
0.0215403 4.62127e-07
0.0220566 4.60707e-07
0.0225854 4.59205e-07
0.0231268 4.57621e-07
0.0236812 4.55956e-07
0.0242489 4.54213e-07
0.0248302 4.52392e-07
0.0254254 4.50496e-07
0.0260349 4.48527e-07
0.0266591 4.4649e-07
0.0272981 4.44387e-07
0.0279525 4.42223e-07
0.0286226 4.40003e-07
0.0293088 4.37731e-07
0.0300114 4.35415e-07
0.0307308 4.33059e-07
0.0314675 4.30672e-07
0.0322218 4.28261e-07
0.0329943 4.25835e-07
0.0337852 4.23402e-07
0.0345951 4.20973e-07
0.0354245 4.18558e-07
0.0362737 4.1617e-07
0.0371432 4.13819e-07
0.0380336 4.1152e-07
0.0389454 4.09286e-07
0.039879 4.07133e-07
0.040835 4.05077e-07
0.0418139 4.03135e-07
0.0428163 4.01326e-07
0.0438427 3.99669e-07
0.0448937 3.98184e-07
0.0459699 3.96895e-07
0.0470719 3.95825e-07
0.0482003 3.94998e-07
0.0493558 3.94441e-07
0.0505389 3.94182e-07
0.0517505 3.94251e-07
0.052991 3.94679e-07
0.0542614 3.955e-07
0.0555621 3.96748e-07
0.0568941 3.98462e-07
0.0582579 4.0068e-07
0.0596545 4.03444e-07
0.0610846 4.06798e-07
0.0625489 4.1079e-07
0.0640484 4.15467e-07
0.0655837 3.66644e-07
0.0671559 3.64935e-07
0.0687658 3.63264e-07
0.0704143 3.6162e-07
0.0721023 3.59993e-07
0.0738307 3.58377e-07
0.0756006 3.56764e-07
0.0774129 3.5515e-07
0.0792687 3.53529e-07
0.0811689 3.51898e-07
0.0831147 3.50255e-07
0.0851072 3.48597e-07
0.0871474 3.46923e-07
0.0892365 3.45232e-07
0.0913757 3.43523e-07
0.0935662 3.41797e-07
0.0958092 3.40054e-07
0.098106 3.38295e-07
0.100458 3.3652e-07
0.102866 3.34732e-07
0.105332 3.32931e-07
0.107857 3.31119e-07
0.110443 3.29298e-07
0.11309 3.27471e-07
0.115801 3.25639e-07
0.118577 3.23804e-07
0.12142 3.21969e-07
0.12433 3.20137e-07
0.127311 3.18309e-07
0.130363 3.16487e-07
0.133488 3.14676e-07
0.136688 3.12876e-07
0.139965 3.1109e-07
0.14332 3.09321e-07
0.146756 3.07572e-07
0.150274 3.05844e-07
0.153876 3.0414e-07
0.157565 3.02463e-07
0.161342 3.00814e-07
0.16521 2.99197e-07
0.16917 2.97614e-07
0.173226 2.96066e-07
0.177378 2.94557e-07
0.18163 2.93087e-07
0.185984 2.91661e-07
0.190443 2.90279e-07
0.195008 2.88944e-07
0.199683 2.87659e-07
0.20447 2.86425e-07
0.209372 2.85244e-07
0.214391 2.84118e-07
0.21953 2.8305e-07
0.224793 2.82042e-07
0.230181 2.81096e-07
0.235699 2.80213e-07
0.24135 2.79396e-07
0.247135 2.78648e-07
0.25306 2.77969e-07
0.259126 2.77363e-07
0.265338 2.76831e-07
0.271699 2.76375e-07
0.278212 2.75998e-07
0.284881 2.75702e-07
0.291711 2.7549e-07
0.298704 2.75362e-07
0.305864 2.75323e-07
0.313196 2.75374e-07
0.320705 2.75517e-07
0.328393 2.75756e-07
0.336265 2.76092e-07
0.344326 2.76529e-07
0.35258 2.77069e-07
0.361032 2.77715e-07
0.369687 2.7847e-07
0.378549 2.79336e-07
0.387624 2.80318e-07
0.396916 2.81418e-07
0.406431 2.8264e-07
0.416174 2.83987e-07
0.426151 2.85463e-07
0.436367 2.87071e-07
0.446827 2.88816e-07
0.457539 2.90701e-07
0.468507 2.92731e-07
0.479738 2.9491e-07
0.491239 2.97243e-07
0.503015 2.99734e-07
0.515073 3.0239e-07
0.527421 3.05214e-07
0.540064 3.08212e-07
0.553011 3.1139e-07
0.566268 3.14755e-07
0.579842 3.18311e-07
0.593742 3.22066e-07
0.607976 3.26027e-07
0.62255 3.302e-07
0.637474 3.34593e-07
0.652756 3.39214e-07
0.668404 3.44071e-07
0.684427 3.49172e-07
0.700834 3.54526e-07
0.717635 3.60142e-07
0.734838 3.66031e-07
0.752454 3.72202e-07
0.770492 3.78665e-07
0.788963 3.85433e-07
0.807876 3.92515e-07
0.827242 3.99926e-07
0.847073 4.07676e-07
0.86738 4.15781e-07
0.888173 4.24252e-07
0.909464 4.33105e-07
0.931266 4.42356e-07
0.953591 4.52019e-07
0.97645 4.62112e-07
0.999858 4.72651e-07
1.02383 4.83656e-07
1.04837 4.95145e-07
1.0735 5.07138e-07
1.09924 5.19655e-07
1.12559 5.3272e-07
1.15257 5.46353e-07
1.1802 5.6058e-07
1.20849 5.75426e-07
1.23746 5.90916e-07
1.26713 6.07077e-07
1.2975 6.23939e-07
1.32861 6.41532e-07
1.36046 6.59886e-07
1.39307 6.79034e-07
1.42647 6.99012e-07
1.46066 7.19854e-07
1.49568 7.41599e-07
1.53153 7.64286e-07
1.56825 7.87955e-07
1.60584 8.12651e-07
1.64434 8.38418e-07
1.68375 8.65305e-07
1.72412 8.93359e-07
1.76545 9.22633e-07
1.80777 9.53181e-07
1.85111 9.85061e-07
1.89548 1.01833e-06
1.94092 1.05305e-06
1.98745 1.08929e-06
2.03509 1.12712e-06
2.08388 1.16661e-06
2.13383 1.20782e-06
2.18499 1.25085e-06
2.23737 1.29577e-06
2.291 1.34267e-06
2.34592 1.39164e-06
2.40216 1.44277e-06
2.45974 1.49616e-06
2.51871 1.55192e-06
2.57909 1.61015e-06
2.64091 1.67097e-06
2.70422 1.73449e-06
2.76905 1.80084e-06
2.83543 1.87015e-06
2.9034 1.94256e-06
2.973 2.01821e-06
3.04427 2.09724e-06
3.11725 2.17982e-06
3.19198 2.26611e-06
3.2685 2.35628e-06
3.34685 2.45051e-06
3.42708 2.54899e-06
3.50924 2.65192e-06
3.59336 2.7595e-06
3.6795 2.87195e-06
3.76771 2.9895e-06
3.85803 3.11239e-06
3.95051 3.24087e-06
4.04522 3.37519e-06
4.14219 3.51563e-06
4.24149 3.66248e-06
4.34316 3.81604e-06
4.44728 3.97662e-06
4.55389 4.14455e-06
4.66306 4.32018e-06
4.77484 4.50387e-06
4.88931 4.696e-06
5.00651 4.89697e-06
5.12653 5.10719e-06
5.24943 5.3271e-06
5.37527 5.55716e-06
5.50412 5.79785e-06
5.63607 6.04966e-06
5.77118 6.31313e-06
5.90953 6.58881e-06
6.05119 6.87727e-06
6.19625 7.17913e-06
6.34479 7.495e-06
6.49689 7.82557e-06
6.65264 8.17153e-06
6.81211 8.5336e-06
6.97542 8.91256e-06
7.14263 9.3092e-06
7.31386 9.72437e-06
7.48919 1.01589e-05
7.66872 1.06139e-05
7.85256 1.10901e-05
8.0408 1.15886e-05
8.23356 1.21105e-05
8.43093 1.26569e-05
8.63304 1.32289e-05
8.84 1.38279e-05
9.05191 1.4455e-05
9.26891 1.51116e-05
9.4911 1.57991e-05
9.71862 1.6519e-05
9.9516 1.72729e-05
10.1902 1.80624e-05
10.4344 1.88891e-05
10.6846 1.97549e-05
10.9407 2.06616e-05
11.203 2.16112e-05
11.4716 2.26057e-05
11.7466 2.36473e-05
12.0281 2.47383e-05
12.3165 2.5881e-05
12.6117 2.70779e-05
12.9141 2.83315e-05
13.2236 2.96447e-05
13.5406 3.10203e-05
13.8652 3.24612e-05
14.1976 3.39707e-05
14.538 3.55519e-05
14.8865 3.72084e-05
15.2434 3.89437e-05
15.6088 4.07617e-05
15.9829 4.26663e-05
16.3661 4.46617e-05
16.7584 4.67523e-05
17.1602 4.89425e-05
17.5715 5.12373e-05
17.9928 5.36417e-05
18.4241 5.61609e-05
18.8658 5.88004e-05
19.318 6.15662e-05
19.7811 6.44641e-05
20.2553 6.75006e-05
20.7409 7.06824e-05
21.2381 7.40165e-05
21.7472 7.75101e-05
22.2685 8.11711e-05
22.8024 8.50075e-05
23.349 8.90276e-05
23.9087 9.32404e-05
24.4819 9.76553e-05
25.0687 0.000102282
25.6697 0.00010713
26.2851 0.000112211
26.9152 0.000117536
27.5604 0.000123117
28.2211 0.000128965
28.8976 0.000135095
29.5903 0.000141519
30.2997 0.000148251
31.026 0.000155307
31.7698 0.000162703
32.5314 0.000170453
33.3112 0.000178577
34.1098 0.000187092
34.9275 0.000196016
35.7648 0.000205369
36.6221 0.000215173
37.5 0.000225448
38.399 0.000236219
39.3195 0.000247508
40.2621 0.000259341
41.2273 0.000271743
42.2156 0.000284744
43.2276 0.000298371
44.2638 0.000312654
45.325 0.000327626
46.4115 0.00034332
47.5241 0.000359771
48.6633 0.000377015
49.8299 0.000395091
51.0244 0.000414039
52.2476 0.0004339
53.5001 0.000454721
54.7826 0.000476546
56.0959 0.000499424
57.4406 0.000523407
58.8176 0.000548547
60.2276 0.000574901
61.6714 0.000602528
63.1498 0.000631489
64.6637 0.000661848
66.2138 0.000693675
67.8011 0.000727038
69.4264 0.000762013
71.0907 0.000798679
72.7949 0.000837116
74.54 0.00087741
76.3269 0.000919652
78.1566 0.000963936
80.0302 0.00101036
81.9487 0.00105903
83.9132 0.00111005
85.9248 0.00116354
87.9846 0.00121962
90.0938 0.0012784
92.2536 0.00134003
94.4651 0.00140464
96.7296 0.00147238
99.0485 0.00154339
101.423 0.00161784
103.854 0.00169589
106.344 0.00177772
108.893 0.0018635
111.504 0.00195344
114.177 0.00204773
116.914 0.00214658
119.716 0.00225022
122.586 0.00235887
125.525 0.00247279
128.534 0.00259221
131.615 0.00271742
134.77 0.00284869
138.001 0.00298632
141.309 0.00313061
144.697 0.00328188
148.165 0.00344048
151.717 0.00360676
155.354 0.00378109
159.079 0.00396387
162.892 0.00415549
166.797 0.0043564
170.795 0.00456704
174.89 0.00478788
179.082 0.00501942
183.375 0.00526218
187.771 0.00551669
192.272 0.00578353
196.882 0.00606331
201.601 0.00635663
206.434 0.00666417
211.383 0.00698661
216.45 0.00732467
221.639 0.00767911
226.952 0.00805072
232.393 0.00844034
237.964 0.00884885
243.668 0.00927715
249.51 0.0097262
255.491 0.010197
261.616 0.0106907
267.887 0.0112082
274.309 0.0117509
280.885 0.0123198
287.618 0.0129163
294.513 0.0135418
301.573 0.0141975
308.803 0.014885
316.205 0.0156059
323.785 0.0163617
331.547 0.0171542
339.495 0.017985
347.634 0.0188562
355.967 0.0197695
364.501 0.0207272
373.239 0.0217312
382.186 0.022784
391.348 0.0238878
400.729 0.0250451
410.336 0.0262585
420.172 0.0275308
430.245 0.0288647
440.559 0.0302633
451.12 0.0317298
461.934 0.0332673
473.008 0.0348794
484.347 0.0365696
495.958 0.0383419
507.847 0.0402
520.021 0.0421483
532.487 0.044191
545.252 0.0463328
558.323 0.0485785
571.708 0.050933
585.413 0.0534018
599.446 0.0559902
613.816 0.0587042
628.531 0.0615498
643.598 0.0645334
659.027 0.0676617
674.825 0.0709417
691.002 0.0743808
707.567 0.0779867
724.529 0.0817675
741.898 0.0857316
759.683 0.089888
777.894 0.094246
796.542 0.0988154
815.637 0.103606
835.19 0.10863
855.211 0.113897
875.712 0.119419
896.705 0.125209
918.201 0.131281
940.213 0.137646
962.752 0.144321
985.831 0.151319
1009.46 0.158656
1033.66 0.16635
1058.44 0.174416
1083.82 0.182874
1109.8 0.191743
1136.4 0.201041
1163.64 0.21079
1191.54 0.221013
1220.1 0.231731
1249.35 0.242969
1279.3 0.254752
1309.97 0.267107
1341.37 0.280061
1373.53 0.293644
1406.45 0.307885
1440.17 0.322817
1474.69 0.338474
1510.05 0.35489
1546.24 0.372102
1583.31 0.39015
1621.27 0.409072
1660.13 0.428913
1699.93 0.449717
1740.68 0.471529
1782.41 0.4944
1825.14 0.51838
1868.89 0.543523
1913.69 0.569886
1959.57 0.597529
2006.54 0.626512
2054.64 0.656901
2103.9 0.688764
2154.33 0.722173
2205.98 0.757203
2258.86 0.793932
2313.01 0.832444
2368.46 0.872823
2425.23 0.915161
2483.37 0.959554
2542.9 1.0061
2603.86 1.0549
2666.28 1.10608
2730.2 1.15973
2795.65 1.21599
2862.67 1.27497
2931.29 1.33682
3001.56 1.40167
3073.52 1.46967
3147.2 1.54096
3222.64 1.61571
3299.9 1.69409
3379 1.77627
3460 1.86244
3542.95 1.95279
3627.88 2.04752
3714.85 2.14685
3803.9 2.251
3895.09 2.3602
3988.47 2.4747
4084.08 2.59475
4181.98 2.72063
4282.23 2.85261
4384.89 2.991
4490 3.1361
4597.64 3.28824
4707.86 3.44776
4820.71 3.61503
4936.28 3.7904
5054.61 3.97429
5175.78 4.1671
5299.86 4.36926
5426.91 4.58123
5557 4.80348
5690.22 5.03652
5826.62 5.28086
5966.3 5.53706
6109.33 5.80569
6255.78 6.08735
6405.74 6.38268
6559.31 6.69233
6716.55 7.01701
6877.56 7.35744
7042.43 7.71438
7211.25 8.08865
7384.12 8.48107
7561.13 8.89254
7742.39 9.32396
7928 9.77632
8118.05 10.2506
8312.66 10.7479
8511.93 11.2694
8715.98 11.8161
8924.92 12.3894
9138.87 12.9905
9357.95 13.6207
9582.28 14.2816
9811.99 14.9744
10047.2 15.701
10288.1 16.4627
10534.7 17.2614
10787.2 18.0989
11045.8 18.977
11310.6 19.8977
11581.8 20.8631
11859.4 21.8753
12143.7 22.9366
12434.8 24.0494
12732.9 25.2162
13038.1 26.4396
13350.7 27.7224
13670.7 29.0674
13998.5 30.4777
14334 31.9563
14677.6 33.5068
15029.5 35.1324
15389.8 36.837
15758.7 38.6242
16136.5 40.4982
16523.3 42.463
16919.4 44.5232
17325 46.6834
17740.3 48.9483
18165.6 51.3232
18601.1 53.8133
19047 56.4242
19503.6 59.1617
19971.1 62.0321
20449.9 65.0418
20940.1 68.1975
21442.1 71.5063
21956.1 74.9756
22482.5 78.6133
23021.4 82.4274
23573.3 86.4267
24138.4 90.6199
24717 95.0166
25309.6 99.6266
25916.3 104.46
26537.6 109.529
27173.7 114.843
27825.2 120.415
28492.2 126.257
29175.2 132.383
29874.6 138.806
30590.8 145.54
31324.1 152.602
32075 160.006
32843.9 167.769
33631.3 175.909
34437.5 184.443
35263 193.392
36108.4 202.775
36974 212.614
37860.3 222.929
38767.9 233.746
39697.3 245.087
40648.9 256.978
41623.3 269.446
42621.1 282.519
43642.9 296.227
44689.1 310.599
45760.4 325.669
46857.4 341.47
47980.6 358.038
49130.8 375.409
50308.6 393.623
51514.6 412.721
52749.6 432.746
54014.1 453.742
55308.9 475.757
56634.8 498.841
57992.5 523.044
59382.7 548.421
60806.2 575.03
62263.9 602.929
63756.5 632.183
65284.9 662.856
66849.9 695.016
68452.4 728.738
70093.4 764.095
71773.7 801.168
73494.3 840.04
75256.1 880.798
77060.2 923.533
78907.5 968.342
80799.1 1015.32
82736 1064.59
84719.4 1116.24
86750.3 1170.4
88829.9 1227.18
90959.3 1286.73
93139.8 1349.16
95372.6 1414.62
97658.9 1483.25
100000 1555.22
