0.00040485 100000 801 0
0.00040485 4.3697e-05
0.000414749 4.45119e-05
0.000424889 4.58011e-05
0.000435278 4.74306e-05
0.000445921 4.90746e-05
0.000456824 5.04275e-05
0.000467993 5.15123e-05
0.000479436 5.22987e-05
0.000491158 5.30251e-05
0.000503167 5.36959e-05
0.000515469 5.43831e-05
0.000528073 5.50871e-05
0.000540984 5.58728e-05
0.000554212 5.66961e-05
0.000567762 5.75396e-05
0.000581644 5.84036e-05
0.000595866 5.92888e-05
0.000610435 6.01899e-05
0.00062536 6.09211e-05
0.00064065 6.16702e-05
0.000656314 6.24037e-05
0.000672361 6.3019e-05
0.000688801 6.36493e-05
0.000705642 6.4295e-05
0.000722895 6.49565e-05
0.00074057 6.56342e-05
0.000758677 6.63285e-05
0.000777227 6.70397e-05
0.000796231 6.77683e-05
0.000815699 6.84106e-05
0.000835643 6.90046e-05
0.000856074 6.96132e-05
0.000877006 7.02366e-05
0.000898449 7.08228e-05
0.000920416 7.13169e-05
0.00094292 7.1823e-05
0.000965975 7.23416e-05
0.000989593 7.28728e-05
0.00101379 7.3417e-05
0.00103858 7.39745e-05
0.00106397 7.45457e-05
0.00108998 7.50956e-05
0.00111663 7.55399e-05
0.00114394 7.59951e-05
0.00117191 7.64615e-05
0.00120056 7.69392e-05
0.00122991 7.74287e-05
0.00125999 7.78001e-05
0.00129079 7.81791e-05
0.00132235 7.85673e-05
0.00135468 7.8965e-05
0.00138781 7.93725e-05
0.00142174 7.97899e-05
0.0014565 8.02175e-05
0.00149211 8.06011e-05
0.0015286 8.0897e-05
0.00156597 8.12002e-05
0.00160426 8.15108e-05
0.00164348 8.18291e-05
0.00168367 8.2155e-05
0.00172483 8.2489e-05
0.00176701 8.28055e-05
0.00181021 8.30343e-05
0.00185447 8.32687e-05
0.00189981 8.35088e-05
0.00194626 8.37547e-05
0.00199385 8.40067e-05
0.0020426 8.42649e-05
0.00209254 8.44671e-05
0.00214371 8.46208e-05
0.00219612 8.47783e-05
0.00224981 8.49397e-05
0.00230482 8.51049e-05
0.00236118 8.52743e-05
0.00241891 8.54477e-05
0.00247805 8.56254e-05
0.00253864 8.57084e-05
0.00260071 8.5784e-05
0.0026643 8.58615e-05
0.00272944 8.5941e-05
0.00279618 8.60223e-05
0.00286454 8.61057e-05
0.00293458 8.6191e-05
0.00300634 8.62785e-05
0.00307984 8.62943e-05
0.00315514 8.62933e-05
0.00323229 8.62922e-05
0.00331132 8.62911e-05
0.00339228 8.629e-05
0.00347522 8.62889e-05
0.00356019 8.62877e-05
0.00364724 8.62865e-05
0.00373642 8.6269e-05
0.00382777 8.61973e-05
0.00392136 8.61237e-05
0.00401724 8.60484e-05
0.00411546 8.59712e-05
0.00421609 8.58921e-05
0.00431917 8.58111e-05
0.00442478 8.57281e-05
0.00453297 8.56431e-05
0.0046438 8.55252e-05
0.00475734 8.53881e-05
0.00487366 8.52476e-05
0.00499282 8.51037e-05
0.0051149 8.49562e-05
0.00523996 8.48052e-05
0.00536807 8.46504e-05
0.00549933 8.44919e-05
0.00563379 8.43427e-05
0.00577153 8.43799e-05
0.00591265 8.43493e-05
0.00605721 8.42598e-05
0.00620532 8.41197e-05
0.00635704 8.39362e-05
0.00651247 8.37157e-05
0.0066717 8.34641e-05
0.00683482 8.31864e-05
0.00700194 8.28873e-05
0.00717314 8.25705e-05
0.00734852 8.22398e-05
0.0075282 8.1898e-05
0.00771226 8.15479e-05
0.00790083 8.11916e-05
0.00809401 8.08312e-05
0.00829191 8.04683e-05
0.00849465 8.01042e-05
0.00870234 7.97402e-05
0.00891512 7.9377e-05
0.00913309 7.90155e-05
0.0093564 7.86561e-05
0.00958517 7.82993e-05
0.00981953 7.79453e-05
0.0100596 7.75944e-05
0.0103056 7.72464e-05
0.0105576 7.69013e-05
0.0108157 7.65591e-05
0.0110801 7.62194e-05
0.011351 7.58821e-05
0.0116286 7.55467e-05
0.0119129 7.5213e-05
0.0122042 7.48805e-05
0.0125026 7.45488e-05
0.0128083 7.42175e-05
0.0131214 7.3886e-05
0.0134423 7.3554e-05
0.0137709 7.32209e-05
0.0141076 7.28863e-05
0.0144526 7.25496e-05
0.0148059 7.22105e-05
0.0151679 7.18684e-05
0.0155388 7.15229e-05
0.0159187 7.11735e-05
0.0163079 7.08199e-05
0.0167067 7.04616e-05
0.0171152 7.00983e-05
0.0175336 6.97297e-05
0.0179623 6.93553e-05
0.0184015 6.8975e-05
0.0188514 6.85884e-05
0.0193124 6.81954e-05
0.0197846 6.77957e-05
0.0202683 6.73892e-05
0.0207639 6.69758e-05
0.0212715 6.65553e-05
0.0217916 6.61279e-05
0.0223244 6.56933e-05
0.0228703 6.52519e-05
0.0234295 6.48035e-05
0.0240023 6.43484e-05
0.0245892 6.38868e-05
0.0251904 6.3419e-05
0.0258063 6.29452e-05
0.0264373 6.24658e-05
0.0270837 6.19812e-05
0.0277459 6.1492e-05
0.0284243 6.09987e-05
0.0291193 6.0502e-05
0.0298312 6.00024e-05
0.0305606 5.95009e-05
0.0313078 5.89983e-05
0.0320733 5.84954e-05
0.0328575 5.79934e-05
0.0336609 5.74933e-05
0.0344839 5.69964e-05
0.035327 5.6504e-05
0.0361908 5.60174e-05
0.0370757 5.55382e-05
0.0379822 5.5068e-05
0.0389109 5.46086e-05
0.0398622 5.41619e-05
0.0408369 5.37298e-05
0.0418354 5.33146e-05
0.0428583 5.29185e-05
0.0439061 5.25439e-05
0.0449797 5.21936e-05
0.0460794 5.18702e-05
0.0472061 5.15768e-05
0.0483603 5.13164e-05
0.0495427 5.10925e-05
0.050754 5.09086e-05
0.051995 5.07139e-05
0.0532663 5.00792e-05
0.0545687 4.9493e-05
0.0559029 4.89498e-05
0.0572697 4.84445e-05
0.05867 4.79724e-05
0.0601045 4.75297e-05
0.061574 4.71125e-05
0.0630795 4.67177e-05
0.0646219 4.63423e-05
0.0662019 4.59837e-05
0.0678205 4.56397e-05
0.0694788 4.53081e-05
0.0711775 4.49871e-05
0.0729178 4.46753e-05
0.0747007 4.43711e-05
0.0765272 4.40734e-05
0.0783983 4.37812e-05
0.0803151 4.34935e-05
0.0822789 4.32095e-05
0.0842906 4.29288e-05
0.0863515 4.26506e-05
0.0884628 4.23745e-05
0.0906258 4.21002e-05
0.0928416 4.18275e-05
0.0951116 4.1556e-05
0.0974371 4.12857e-05
0.0998195 4.10164e-05
0.10226 4.07482e-05
0.10476 4.04809e-05
0.107322 4.02147e-05
0.109946 3.99496e-05
0.112634 3.96857e-05
0.115388 3.9423e-05
0.118209 3.91619e-05
0.1211 3.89023e-05
0.12406 3.86446e-05
0.127094 3.83888e-05
0.130201 3.81351e-05
0.133385 3.78839e-05
0.136646 3.76353e-05
0.139987 3.73895e-05
0.14341 3.71467e-05
0.146916 3.69072e-05
0.150508 3.66713e-05
0.154188 3.6439e-05
0.157958 3.62108e-05
0.16182 3.59868e-05
0.165777 3.57673e-05
0.16983 3.55525e-05
0.173983 3.53426e-05
0.178236 3.51379e-05
0.182594 3.49386e-05
0.187059 3.47449e-05
0.191632 3.45571e-05
0.196318 3.43755e-05
0.201118 3.42002e-05
0.206035 3.40314e-05
0.211073 3.38695e-05
0.216234 3.37146e-05
0.221521 3.3567e-05
0.226937 3.34269e-05
0.232486 3.32945e-05
0.23817 3.31701e-05
0.243993 3.30539e-05
0.249959 3.29461e-05
0.256071 3.2847e-05
0.262332 3.27569e-05
0.268746 3.26759e-05
0.275317 3.26043e-05
0.282048 3.25424e-05
0.288944 3.24904e-05
0.296009 3.24486e-05
0.303247 3.24173e-05
0.310661 3.23967e-05
0.318257 3.23871e-05
0.326038 3.23888e-05
0.33401 3.24022e-05
0.342177 3.24275e-05
0.350543 3.2465e-05
0.359114 3.25151e-05
0.367894 3.25782e-05
0.376889 3.26545e-05
0.386104 3.27445e-05
0.395545 3.28485e-05
0.405216 3.2967e-05
0.415124 3.31002e-05
0.425273 3.32488e-05
0.435671 3.34131e-05
0.446324 3.35936e-05
0.457237 3.37908e-05
0.468416 3.40052e-05
0.479869 3.42373e-05
0.491602 3.44878e-05
0.503622 3.4757e-05
0.515935 3.50458e-05
0.52855 3.53547e-05
0.541473 3.56843e-05
0.554713 3.60354e-05
0.568275 3.64088e-05
0.58217 3.6805e-05
0.596404 3.72251e-05
0.610986 3.76697e-05
0.625925 3.81398e-05
0.641229 3.86362e-05
0.656907 3.916e-05
0.672969 3.9712e-05
0.689423 4.02935e-05
0.70628 4.09054e-05
0.723549 4.15489e-05
0.741239 4.22253e-05
0.759363 4.29357e-05
0.77793 4.36815e-05
0.79695 4.4464e-05
0.816436 4.52848e-05
0.836398 4.61453e-05
0.856848 4.70472e-05
0.877798 4.7992e-05
0.899261 4.89815e-05
0.921248 5.00176e-05
0.943773 5.11021e-05
0.966848 5.2237e-05
0.990488 5.34246e-05
1.01471 5.46668e-05
1.03952 5.59661e-05
1.06493 5.73248e-05
1.09097 5.87455e-05
1.11764 6.02309e-05
1.14497 6.17836e-05
1.17297 6.34066e-05
1.20165 6.51029e-05
1.23103 6.68758e-05
1.26112 6.87285e-05
1.29196 7.06645e-05
1.32355 7.26876e-05
1.35591 7.48015e-05
1.38906 7.70103e-05
1.42302 7.93182e-05
1.45782 8.17296e-05
1.49346 8.42491e-05
1.52998 8.68816e-05
1.56739 8.96322e-05
1.60571 9.25062e-05
1.64497 9.55092e-05
1.68519 9.8647e-05
1.72639 0.000101926
1.7686 0.000105352
1.81185 0.000108932
1.85615 0.000112674
1.90153 0.000116584
1.94802 0.00012067
1.99565 0.000124941
2.04445 0.000129404
2.09443 0.00013407
2.14564 0.000138947
2.1981 0.000144045
2.25185 0.000149374
2.30691 0.000154946
2.36331 0.00016077
2.42109 0.00016686
2.48029 0.000173228
2.54093 0.000179887
2.60306 0.000186849
2.66671 0.000194131
2.73191 0.000201746
2.7987 0.00020971
2.86713 0.000218041
2.93724 0.000226754
3.00905 0.000235869
3.08262 0.000245404
3.158 0.000255379
3.23521 0.000265816
3.31431 0.000276735
3.39535 0.00028816
3.47836 0.000300116
3.56341 0.000312627
3.65054 0.000325719
3.73979 0.000339422
3.83123 0.000353763
3.92491 0.000368773
4.02087 0.000384485
4.11918 0.000400932
4.2199 0.000418149
4.32308 0.000436173
4.42878 0.000455043
4.53706 0.0004748
4.64799 0.000495486
4.76164 0.000517146
4.87806 0.000539827
4.99733 0.000563578
5.11952 0.00058845
5.24469 0.000614499
5.37293 0.00064178
5.5043 0.000670353
5.63888 0.000700281
5.77675 0.000731629
5.91799 0.000764466
6.06269 0.000798864
6.21092 0.000834898
6.36278 0.000872648
6.51835 0.000912198
6.67773 0.000953634
6.841 0.000997048
7.00827 0.00104254
7.17962 0.0010902
7.35516 0.00114014
7.535 0.00119248
7.71923 0.00124732
7.90797 0.00130479
8.10132 0.00136502
8.2994 0.00142815
8.50232 0.0014943
8.71021 0.00156364
8.92318 0.00163632
9.14135 0.00171249
9.36486 0.00179233
9.59383 0.00187602
9.8284 0.00196375
10.0687 0.00205571
10.3149 0.00215212
10.5671 0.00225318
10.8255 0.00235913
11.0901 0.0024702
11.3613 0.00258665
11.6391 0.00270873
11.9237 0.00283673
12.2152 0.00297094
12.5139 0.00311165
12.8198 0.00325919
13.1333 0.00341389
13.4544 0.0035761
13.7834 0.0037462
14.1204 0.00392456
14.4656 0.00411159
14.8193 0.00430772
15.1816 0.00451339
15.5528 0.00472908
15.9331 0.00495527
16.3227 0.00519248
16.7218 0.00544125
17.1306 0.00570215
17.5495 0.00597578
17.9786 0.00626275
18.4181 0.00656373
18.8685 0.0068794
19.3298 0.00721049
19.8024 0.00755775
20.2866 0.00792198
20.7826 0.00830402
21.2908 0.00870474
21.8113 0.00912505
22.3446 0.00956593
22.891 0.0100284
23.4506 0.0105135
24.024 0.0110223
24.6114 0.0115561
25.2132 0.012116
25.8296 0.0127033
26.4612 0.0133195
27.1082 0.0139658
27.771 0.0146438
28.45 0.0153551
29.1456 0.0161013
29.8582 0.016884
30.5882 0.0177052
31.3361 0.0185667
32.1023 0.0194705
32.8872 0.0204187
33.6913 0.0214135
34.5151 0.0224571
35.359 0.023552
36.2235 0.0247006
37.1092 0.0259058
38.0165 0.0271702
38.946 0.0284967
39.8983 0.0298885
40.8738 0.0313487
41.8732 0.0328808
42.897 0.0344882
43.9458 0.0361747
45.0203 0.0379442
46.1211 0.0398008
47.2487 0.0417488
48.404 0.0437926
49.5875 0.0459371
50.7999 0.0481872
52.042 0.0505482
53.3144 0.0530254
54.618 0.0556246
55.9534 0.0583519
57.3215 0.0612135
58.723 0.0642162
60.1588 0.0673668
61.6297 0.0706727
63.1366 0.0741416
64.6803 0.0777814
66.2617 0.0816008
67.8818 0.0856084
69.5416 0.0898136
71.2419 0.0942263
72.9838 0.0988565
74.7682 0.103715
76.5963 0.108813
78.4691 0.114163
80.3877 0.119777
82.3532 0.125668
84.3668 0.131849
86.4296 0.138336
88.5428 0.145142
90.7077 0.152285
92.9255 0.15978
95.1976 0.167645
97.5252 0.175898
99.9097 0.184558
102.353 0.193647
104.855 0.203184
107.419 0.213191
110.045 0.223693
112.736 0.234714
115.492 0.246279
118.316 0.258415
121.209 0.27115
124.173 0.284515
127.209 0.298539
130.319 0.313257
133.505 0.328701
136.769 0.344909
140.114 0.361917
143.539 0.379765
147.049 0.398495
150.644 0.418151
154.328 0.438778
158.101 0.460425
161.967 0.483141
165.927 0.50698
169.984 0.531996
174.14 0.558249
178.398 0.5858
182.759 0.614713
187.228 0.645054
191.806 0.676896
196.495 0.710311
201.3 0.745378
206.222 0.782179
211.264 0.820799
216.429 0.861328
221.721 0.903861
227.142 0.948497
232.696 0.99534
238.385 1.0445
244.214 1.09609
250.185 1.15023
256.302 1.20705
262.569 1.26667
268.989 1.32925
275.565 1.39492
282.303 1.46384
289.205 1.53616
296.277 1.61206
303.521 1.69172
310.942 1.77531
318.544 1.86304
326.333 1.95511
334.312 2.05174
342.486 2.15314
350.86 2.25955
359.438 2.37123
368.227 2.48844
377.23 2.61144
386.453 2.74053
395.902 2.876
405.582 3.01817
415.499 3.16737
425.658 3.32396
436.065 3.48829
446.727 3.66075
457.65 3.84175
468.839 4.03169
480.303 4.23104
492.046 4.44024
504.077 4.6598
516.402 4.89021
529.028 5.13203
541.963 5.38581
555.214 5.65215
568.789 5.93166
582.696 6.225
596.943 6.53286
611.539 6.85594
626.491 7.19502
641.809 7.55087
657.501 7.92432
673.577 8.31626
690.046 8.72758
706.918 9.15926
724.202 9.6123
741.909 10.0878
760.049 10.5867
778.633 11.1104
797.671 11.66
817.174 12.2368
837.154 12.8421
857.623 13.4774
878.592 14.1441
900.073 14.8438
922.08 15.5781
944.626 16.3488
967.722 17.1576
991.383 18.0064
1015.62 18.8972
1040.45 19.8321
1065.89 20.8133
1091.96 21.843
1118.65 22.9237
1146.01 24.0578
1174.03 25.2481
1202.73 26.4973
1232.14 27.8083
1262.26 29.1842
1293.13 30.6282
1324.74 32.1437
1357.13 33.7341
1390.32 35.4033
1424.31 37.155
1459.14 38.9935
1494.81 40.9229
1531.36 42.9478
1568.8 45.073
1607.16 47.3033
1646.46 49.6439
1686.71 52.1005
1727.95 54.6786
1770.2 57.3843
1813.48 60.2239
1857.82 63.204
1903.25 66.3316
1949.78 69.6141
1997.46 73.0589
2046.29 76.6743
2096.33 80.4686
2147.58 84.4507
2200.09 88.6299
2253.88 93.0159
2308.99 97.619
2365.45 102.45
2423.28 107.52
2482.53 112.841
2543.23 118.425
2605.41 124.286
2669.12 130.436
2734.38 136.892
2801.23 143.666
2869.73 150.776
2939.89 158.238
3011.77 166.069
3085.41 174.288
3160.85 182.913
3238.13 191.966
3317.31 201.466
3398.42 211.437
3481.51 221.901
3566.63 232.883
3653.84 244.409
3743.17 256.505
3834.7 269.2
3928.45 282.523
4024.51 296.506
4122.91 311.181
4223.71 326.582
4326.98 342.745
4432.78 359.708
4541.16 377.511
4652.2 396.195
4765.94 415.804
4882.47 436.383
5001.85 457.981
5124.15 480.648
5249.43 504.437
5377.78 529.404
5509.27 555.606
5643.97 583.105
5781.97 611.965
5923.34 642.254
6068.17 674.041
6216.54 707.402
6368.53 742.415
6524.25 779.16
6683.77 817.724
6847.19 858.197
7014.6 900.673
7186.11 945.252
7361.81 992.037
7541.81 1041.14
7726.21 1092.67
7915.12 1146.75
8108.64 1203.51
8306.9 1263.08
8510.01 1325.59
8718.08 1391.2
8931.24 1460.06
9149.61 1532.33
9373.32 1608.17
9602.5 1687.77
9837.29 1771.31
10077.8 1858.98
10324.2 1950.99
10576.6 2047.56
10835.2 2148.9
11100.2 2255.27
11371.6 2366.89
11649.6 2484.04
11934.4 2607
12226.2 2736.03
12525.2 2871.45
12831.4 3013.58
13145.2 3162.74
13466.6 3319.29
13795.8 3483.58
14133.1 3656.01
14478.7 3836.96
14832.7 4026.88
15195.4 4226.2
15566.9 4435.38
15947.5 4654.92
16337.4 4885.32
16736.9 5127.13
17146.1 5380.91
17565.3 5647.24
17994.8 5926.77
18434.8 6220.12
18885.5 6528
19347.3 6851.12
19820.3 7190.23
20304.9 7546.12
20801.4 7919.63
21310 8311.63
21831 8723.03
22364.8 9154.8
22911.6 9607.94
23471.8 10083.5
24045.7 10582.6
24633.7 11106.4
25236 11656.2
25853 12233.1
26485.1 12838.6
27132.7 13474.1
27796.1 14141
28475.7 14841
29171.9 15575.6
29885.2 16346.5
30615.9 17155.6
31364.4 18004.8
32131.3 18896
32916.9 19831.3
33721.8 20812.9
34546.3 21843.1
35390.9 22924.2
36256.3 24058.9
37142.7 25249.8
38050.9 26499.6
38981.2 27811.3
39934.3 29187.9
40910.7 30632.6
41911 32148.9
42935.8 33740.2
43985.5 35410.2
45061 37162.9
46162.8 39002.4
47291.5 40933
48447.7 42959.1
49632.3 45085.4
50845.8 47317.1
52089 49659.2
53362.6 52117.2
54667.3 54696.9
56004 57404.3
57373.3 60245.6
58776.1 63227.7
60213.2 66357.3
61685.4 69641.9
63193.6 73089
64738.7 76706.8
66321.6 80503.6
67943.2 84488.3
69604.4 88670.3
71306.3 93059.4
73049.7 97665.6
74835.8 102500
76665.6 107573
78540.1 112898
80460.4 118486
82427.7 124351
84443 130506
86507.7 136966
88622.8 143746
90789.7 150861
93009.5 158328
95283.6 166165
97613.3 174390
100000 183022
2.31e-05 100000 1001 1
2.31e-05 7.89298e-09
2.36183e-05 8.99601e-09
2.41482e-05 1.01902e-08
2.469e-05 1.14717e-08
2.5244e-05 1.2854e-08
2.58104e-05 1.43307e-08
2.63894e-05 1.58914e-08
2.69815e-05 1.75625e-08
2.75869e-05 1.93584e-08
2.82059e-05 2.12567e-08
2.88387e-05 2.3246e-08
2.94858e-05 2.5391e-08
3.01473e-05 2.76259e-08
3.08237e-05 3.00178e-08
3.15153e-05 3.25184e-08
3.22224e-05 3.51719e-08
3.29454e-05 3.79603e-08
3.36845e-05 4.08957e-08
3.44403e-05 4.40015e-08
3.5213e-05 4.72537e-08
3.60031e-05 5.06583e-08
3.68109e-05 5.427e-08
3.76368e-05 5.79781e-08
3.84812e-05 6.1998e-08
3.93446e-05 6.6108e-08
4.02274e-05 7.04383e-08
4.11299e-05 7.50122e-08
4.20528e-05 7.96887e-08
4.29963e-05 8.47241e-08
4.3961e-05 8.99204e-08
4.49473e-05 9.52333e-08
4.59558e-05 1.0098e-07
4.69869e-05 1.06873e-07
4.80411e-05 1.12911e-07
4.9119e-05 1.1943e-07
5.0221e-05 1.26094e-07
5.13478e-05 1.32909e-07
5.24999e-05 1.40184e-07
5.36778e-05 1.4767e-07
5.48821e-05 1.55325e-07
5.61135e-05 1.63461e-07
5.73725e-05 1.71814e-07
5.86598e-05 1.80354e-07
5.99759e-05 1.89328e-07
6.13215e-05 1.9859e-07
6.26974e-05 2.0806e-07
6.41041e-05 2.17948e-07
6.55424e-05 2.28139e-07
6.70129e-05 2.3856e-07
6.85165e-05 2.49293e-07
7.00537e-05 2.60422e-07
7.16255e-05 2.718e-07
7.32326e-05 2.83434e-07
7.48756e-05 2.95468e-07
7.65556e-05 3.07777e-07
7.82732e-05 3.20362e-07
8.00294e-05 3.33278e-07
8.1825e-05 3.46492e-07
8.36609e-05 3.60003e-07
8.5538e-05 3.73793e-07
8.74571e-05 3.87851e-07
8.94194e-05 4.02225e-07
9.14256e-05 4.16904e-07
9.34769e-05 4.31773e-07
9.55742e-05 4.46976e-07
9.77186e-05 4.62519e-07
9.99111e-05 4.78298e-07
0.000102153 4.94268e-07
0.000104445 5.10596e-07
0.000106788 5.2729e-07
0.000109184 5.44165e-07
0.000111634 5.61214e-07
0.000114138 5.78646e-07
0.000116699 5.96469e-07
0.000119318 6.14607e-07
0.000121995 6.32757e-07
0.000124732 6.51313e-07
0.00012753 6.70286e-07
0.000130392 6.89685e-07
0.000133317 7.09235e-07
0.000136309 7.28944e-07
0.000139367 7.49095e-07
0.000142494 7.69699e-07
0.000145691 7.90765e-07
0.00014896 8.12089e-07
0.000152302 8.33425e-07
0.000155719 8.55241e-07
0.000159213 8.77546e-07
0.000162785 9.00351e-07
0.000166437 9.23556e-07
0.000170172 9.46517e-07
0.00017399 9.69994e-07
0.000177893 9.93998e-07
0.000181885 1.01854e-06
0.000185966 1.04363e-06
0.000190138 1.06809e-06
0.000194404 1.09302e-06
0.000198766 1.11852e-06
0.000203225 1.14458e-06
0.000207785 1.17123e-06
0.000212447 1.19712e-06
0.000217214 1.22314e-06
0.000222087 1.24974e-06
0.00022707 1.27694e-06
0.000232165 1.30474e-06
0.000237374 1.33193e-06
0.0002427 1.35876e-06
0.000248145 1.38619e-06
0.000253713 1.41423e-06
0.000259405 1.44291e-06
0.000265225 1.47132e-06
0.000271176 1.49884e-06
0.00027726 1.52698e-06
0.000283481 1.55575e-06
0.000289841 1.58517e-06
0.000296344 1.61525e-06
0.000302993 1.64486e-06
0.000309791 1.67369e-06
0.000316742 1.70317e-06
0.000323849 1.73331e-06
0.000331115 1.76413e-06
0.000338544 1.79564e-06
0.00034614 1.82785e-06
0.000353906 1.86079e-06
0.000361846 1.89188e-06
0.000369965 1.92331e-06
0.000378266 1.95546e-06
0.000386753 1.98832e-06
0.00039543 2.02193e-06
0.000404302 2.05628e-06
0.000413373 2.09088e-06
0.000422648 2.12295e-06
0.000432131 2.15574e-06
0.000441826 2.18927e-06
0.000451739 2.22355e-06
0.000461875 2.2586e-06
0.000472238 2.29251e-06
0.000482833 2.32463e-06
0.000493666 2.35747e-06
0.000504743 2.39105e-06
0.000516067 2.42538e-06
0.000527646 2.45933e-06
0.000539485 2.49039e-06
0.000551589 2.52216e-06
0.000563965 2.55463e-06
0.000576618 2.58784e-06
0.000589555 2.62178e-06
0.000602783 2.65641e-06
0.000616307 2.68673e-06
0.000630135 2.71774e-06
0.000644273 2.74944e-06
0.000658729 2.78185e-06
0.000673508 2.81498e-06
0.00068862 2.84886e-06
0.00070407 2.88206e-06
0.000719867 2.91188e-06
0.000736018 2.94237e-06
0.000752532 2.97354e-06
0.000769416 3.00542e-06
0.000786679 3.038e-06
0.00080433 3.07132e-06
0.000822376 3.10217e-06
0.000840827 3.13077e-06
0.000859693 3.16001e-06
0.000878981 3.18992e-06
0.000898703 3.22049e-06
0.000918866 3.25175e-06
0.000939483 3.2837e-06
0.000960561 3.31638e-06
0.000982113 3.34979e-06
0.00100415 3.38395e-06
0.00102668 3.41402e-06
0.00104971 3.44233e-06
0.00107327 3.47127e-06
0.00109735 3.50086e-06
0.00112197 3.53111e-06
0.00114714 3.56204e-06
0.00117288 3.59366e-06
0.00119919 3.61994e-06
0.0012261 3.64629e-06
0.00125361 3.67324e-06
0.00128173 3.70078e-06
0.00131049 3.72895e-06
0.0013399 3.75774e-06
0.00136996 3.78599e-06
0.0014007 3.80925e-06
0.00143212 3.83304e-06
0.00146425 3.85736e-06
0.00149711 3.88222e-06
0.0015307 3.90765e-06
0.00156504 3.93364e-06
0.00160016 3.96022e-06
0.00163606 3.98097e-06
0.00167276 4.00158e-06
0.0017103 4.02264e-06
0.00174867 4.04418e-06
0.0017879 4.0662e-06
0.00182802 4.08872e-06
0.00186903 4.11174e-06
0.00191097 4.13084e-06
0.00195384 4.14794e-06
0.00199768 4.16543e-06
0.0020425 4.18332e-06
0.00208833 4.2016e-06
0.00213518 4.22029e-06
0.00218309 4.23941e-06
0.00223207 4.25308e-06
0.00228215 4.26643e-06
0.00233335 4.28008e-06
0.00238571 4.29403e-06
0.00243923 4.3083e-06
0.00249396 4.32289e-06
0.00254992 4.3378e-06
0.00260713 4.34982e-06
0.00266562 4.35916e-06
0.00272543 4.36872e-06
0.00278658 4.37849e-06
0.0028491 4.38848e-06
0.00291303 4.39869e-06
0.00297839 4.40913e-06
0.00304521 4.41981e-06
0.00311353 4.42601e-06
0.00318339 4.43155e-06
0.00325482 4.43721e-06
0.00332784 4.443e-06
0.00340251 4.44892e-06
0.00347885 4.45497e-06
0.0035569 4.46116e-06
0.00363671 4.46714e-06
0.0037183 4.4688e-06
0.00380173 4.47049e-06
0.00388703 4.47223e-06
0.00397424 4.474e-06
0.00406341 4.47581e-06
0.00415458 4.47766e-06
0.00424779 4.47956e-06
0.0043431 4.48149e-06
0.00444054 4.48247e-06
0.00454017 4.48047e-06
0.00464204 4.47842e-06
0.00474619 4.47633e-06
0.00485268 4.47419e-06
0.00496156 4.47201e-06
0.00507288 4.46977e-06
0.00518669 4.46748e-06
0.00530307 4.46515e-06
0.00542205 4.46003e-06
0.0055437 4.45467e-06
0.00566808 4.28576e-06
0.00579526 4.32031e-06
0.00592528 4.34797e-06
0.00605822 4.36951e-06
0.00619415 4.38565e-06
0.00633313 4.39703e-06
0.00647522 4.40424e-06
0.0066205 4.40779e-06
0.00676904 4.40817e-06
0.00692092 4.40579e-06
0.0070762 4.40103e-06
0.00723497 4.39425e-06
0.00739729 4.38573e-06
0.00756326 4.37575e-06
0.00773296 4.36455e-06
0.00790646 4.35235e-06
0.00808385 4.33931e-06
0.00826523 4.32561e-06
0.00845067 4.31139e-06
0.00864028 4.29676e-06
0.00883413 4.28183e-06
0.00903234 4.26669e-06
0.009235 4.25141e-06
0.0094422 4.23605e-06
0.00965405 4.22065e-06
0.00987065 4.20526e-06
0.0100921 4.1899e-06
0.0103185 4.17459e-06
0.0105501 4.15934e-06
0.0107868 4.14417e-06
0.0110288 4.12907e-06
0.0112762 4.11404e-06
0.0115292 4.09906e-06
0.0117879 4.08413e-06
0.0120524 4.06923e-06
0.0123228 4.05433e-06
0.0125993 4.03943e-06
0.012882 4.02449e-06
0.013171 4.0095e-06
0.0134665 3.99442e-06
0.0137687 3.97924e-06
0.0140776 3.96393e-06
0.0143934 3.94846e-06
0.0147164 3.93281e-06
0.0150466 3.91695e-06
0.0153842 3.90086e-06
0.0157293 3.88452e-06
0.0160822 3.86791e-06
0.0164431 3.851e-06
0.016812 3.83379e-06
0.0171892 3.81624e-06
0.0175749 3.79836e-06
0.0179692 3.78012e-06
0.0183724 3.76152e-06
0.0187846 3.74255e-06
0.019206 3.72321e-06
0.0196369 3.70349e-06
0.0200775 3.68339e-06
0.020528 3.66292e-06
0.0209886 3.64209e-06
0.0214595 3.6209e-06
0.021941 3.59937e-06
0.0224333 3.57752e-06
0.0229366 3.55537e-06
0.0234512 3.53294e-06
0.0239774 3.51026e-06
0.0245153 3.48737e-06
0.0250654 3.4643e-06
0.0256278 3.4411e-06
0.0262028 3.41781e-06
0.0267907 3.39449e-06
0.0273917 3.37119e-06
0.0280063 3.34797e-06
0.0286347 3.32491e-06
0.0292772 3.30208e-06
0.029934 3.27955e-06
0.0306057 3.25741e-06
0.0312923 3.23576e-06
0.0319944 3.2147e-06
0.0327123 3.19433e-06
0.0334462 3.17476e-06
0.0341967 3.15612e-06
0.0349639 3.13855e-06
0.0357484 3.12216e-06
0.0365505 3.10713e-06
0.0373705 3.09359e-06
0.038209 3.08173e-06
0.0390663 3.07171e-06
0.0399428 3.06372e-06
0.040839 3.05796e-06
0.0417553 3.05464e-06
0.0426921 3.05398e-06
0.04365 3.05622e-06
0.0446293 3.06161e-06
0.0456307 3.0704e-06
0.0466545 3.08287e-06
0.0477012 3.09932e-06
0.0487715 3.12005e-06
0.0498657 3.14538e-06
0.0509846 3.17566e-06
0.0521285 2.75327e-06
0.0532981 2.73756e-06
0.0544939 2.72217e-06
0.0557165 2.70705e-06
0.0569666 2.69213e-06
0.0582448 2.67736e-06
0.0595516 2.66269e-06
0.0608877 2.64809e-06
0.0622538 2.63352e-06
0.0636506 2.61895e-06
0.0650787 2.60436e-06
0.0665388 2.58973e-06
0.0680318 2.57505e-06
0.0695582 2.5603e-06
0.0711188 2.54548e-06
0.0727145 2.53058e-06
0.0743459 2.5156e-06
0.076014 2.50053e-06
0.0777195 2.48539e-06
0.0794633 2.47017e-06
0.0812461 2.45487e-06
0.083069 2.43951e-06
0.0849328 2.42408e-06
0.0868384 2.40861e-06
0.0887868 2.39309e-06
0.0907789 2.37754e-06
0.0928156 2.36196e-06
0.0948981 2.34638e-06
0.0970273 2.33079e-06
0.0992042 2.31521e-06
0.10143 2.29966e-06
0.103706 2.28414e-06
0.106033 2.26867e-06
0.108412 2.25326e-06
0.110844 2.23791e-06
0.113331 2.22266e-06
0.115874 2.20749e-06
0.118474 2.19244e-06
0.121132 2.1775e-06
0.123849 2.1627e-06
0.126628 2.14804e-06
0.129469 2.13354e-06
0.132374 2.1192e-06
0.135344 2.10503e-06
0.138381 2.09106e-06
0.141486 2.07728e-06
0.14466 2.06372e-06
0.147906 2.05037e-06
0.151224 2.03726e-06
0.154617 2.02438e-06
0.158086 2.01175e-06
0.161633 1.99938e-06
0.16526 1.98728e-06
0.168968 1.97546e-06
0.172759 1.96393e-06
0.176635 1.95269e-06
0.180598 1.94175e-06
0.18465 1.93113e-06
0.188793 1.92083e-06
0.193029 1.91086e-06
0.19736 1.90123e-06
0.201788 1.89194e-06
0.206315 1.88301e-06
0.210944 1.87444e-06
0.215677 1.86625e-06
0.220516 1.85843e-06
0.225464 1.851e-06
0.230522 1.84397e-06
0.235694 1.83735e-06
0.240983 1.83113e-06
0.246389 1.82534e-06
0.251918 1.81998e-06
0.25757 1.81505e-06
0.263349 1.81058e-06
0.269257 1.80656e-06
0.275299 1.80301e-06
0.281475 1.79993e-06
0.287791 1.79733e-06
0.294248 1.79524e-06
0.30085 1.79364e-06
0.3076 1.79257e-06
0.314501 1.79202e-06
0.321558 1.792e-06
0.328772 1.79254e-06
0.336149 1.79364e-06
0.343691 1.79531e-06
0.351402 1.79757e-06
0.359286 1.80043e-06
0.367348 1.8039e-06
0.37559 1.808e-06
0.384017 1.81274e-06
0.392633 1.81814e-06
0.401442 1.82421e-06
0.410449 1.83098e-06
0.419658 1.83845e-06
0.429074 1.84665e-06
0.438701 1.85559e-06
0.448544 1.86531e-06
0.458607 1.8758e-06
0.468897 1.88711e-06
0.479417 1.89924e-06
0.490174 1.91223e-06
0.501172 1.92609e-06
0.512416 1.94086e-06
0.523913 1.95655e-06
0.535668 1.9732e-06
0.547687 1.99084e-06
0.559975 2.0095e-06
0.572539 2.0292e-06
0.585385 2.04998e-06
0.598519 2.07187e-06
0.611947 2.09492e-06
0.625677 2.11915e-06
0.639715 2.14461e-06
0.654069 2.17133e-06
0.668744 2.19937e-06
0.683748 2.22876e-06
0.699089 2.25954e-06
0.714774 2.29178e-06
0.730811 2.32551e-06
0.747208 2.36079e-06
0.763973 2.39768e-06
0.781114 2.43623e-06
0.798639 2.4765e-06
0.816558 2.51856e-06
0.834879 2.56247e-06
0.853611 2.60829e-06
0.872763 2.65611e-06
0.892345 2.70598e-06
0.912366 2.758e-06
0.932836 2.81223e-06
0.953766 2.86877e-06
0.975165 2.9277e-06
0.997045 2.98912e-06
1.01941 3.05311e-06
1.04229 3.11979e-06
1.06567 3.18925e-06
1.08958 3.2616e-06
1.11403 3.33695e-06
1.13902 3.41543e-06
1.16458 3.49716e-06
1.19071 3.58227e-06
1.21742 3.67089e-06
1.24474 3.76316e-06
1.27267 3.85923e-06
1.30122 3.95925e-06
1.33042 4.06339e-06
1.36027 4.1718e-06
1.39079 4.28467e-06
1.42199 4.40218e-06
1.4539 4.52451e-06
1.48652 4.65187e-06
1.51987 4.78446e-06
1.55397 4.9225e-06
1.58883 5.06621e-06
1.62448 5.21583e-06
1.66093 5.37161e-06
1.6982 5.5338e-06
1.7363 5.70267e-06
1.77525 5.87849e-06
1.81509 6.06158e-06
1.85581 6.25222e-06
1.89745 6.45073e-06
1.94002 6.65746e-06
1.98355 6.87274e-06
2.02805 7.09694e-06
2.07355 7.33044e-06
2.12008 7.57363e-06
2.16765 7.82693e-06
2.21628 8.09076e-06
2.26601 8.36559e-06
2.31685 8.65187e-06
2.36883 8.9501e-06
2.42198 9.2608e-06
2.47632 9.58449e-06
2.53188 9.92174e-06
2.58869 1.02731e-05
2.64677 1.06393e-05
2.70615 1.10208e-05
2.76687 1.14184e-05
2.82895 1.18327e-05
2.89242 1.22645e-05
2.95732 1.27146e-05
3.02367 1.31837e-05
3.09151 1.36726e-05
3.16087 1.41822e-05
3.23179 1.47135e-05
3.3043 1.52673e-05
3.37844 1.58447e-05
3.45424 1.64466e-05
3.53174 1.70742e-05
3.61098 1.77286e-05
3.692 1.84109e-05
3.77483 1.91224e-05
3.85953 1.98644e-05
3.94612 2.06381e-05
4.03466 2.1445e-05
4.12519 2.22866e-05
4.21774 2.31643e-05
4.31237 2.40797e-05
4.40913 2.50346e-05
4.50805 2.60307e-05
4.6092 2.70697e-05
4.71261 2.81537e-05
4.81835 2.92844e-05
4.92646 3.04641e-05
5.03699 3.16949e-05
5.15 3.2979e-05
5.26555 3.43189e-05
5.38369 3.57169e-05
5.50448 3.71757e-05
5.62798 3.86979e-05
5.75426 4.02864e-05
5.88336 4.19441e-05
6.01537 4.36741e-05
6.15033 4.54796e-05
6.28832 4.7364e-05
6.42941 4.93307e-05
6.57367 5.13834e-05
6.72116 5.3526e-05
6.87196 5.57624e-05
7.02614 5.80969e-05
7.18378 6.05337e-05
7.34496 6.30775e-05
7.50976 6.57331e-05
7.67825 6.85054e-05
7.85053 7.13996e-05
8.02666 7.44212e-05
8.20676 7.75759e-05
8.39089 8.08695e-05
8.57915 8.43084e-05
8.77164 8.7899e-05
8.96844 9.16482e-05
9.16966 9.55629e-05
9.3754 9.96506e-05
9.58575 0.000103919
9.80082 0.000108376
10.0207 0.000113031
10.2456 0.000117892
10.4754 0.000122968
10.7105 0.000128269
10.9508 0.000133805
11.1965 0.000139587
11.4477 0.000145626
11.7045 0.000151933
11.9671 0.00015852
12.2356 0.0001654
12.5102 0.000172586
12.7908 0.000180092
13.0778 0.000187932
13.3712 0.000196121
13.6713 0.000204674
13.978 0.000213609
14.2916 0.000222943
14.6123 0.000232692
14.9401 0.000242877
15.2753 0.000253516
15.618 0.00026463
15.9685 0.000276241
16.3267 0.00028837
16.6931 0.000301041
17.0676 0.000314279
17.4505 0.000328109
17.8421 0.000342558
18.2424 0.000357653
18.6517 0.000373424
19.0702 0.000389901
19.498 0.000407116
19.9355 0.000425102
20.3828 0.000443894
20.8401 0.000463529
21.3077 0.000484044
21.7858 0.000505479
22.2746 0.000527876
22.7743 0.000551277
23.2853 0.000575729
23.8077 0.000601279
24.3419 0.000627976
24.8881 0.000655872
25.4465 0.000685021
26.0174 0.00071548
26.6011 0.000747307
27.198 0.000780566
27.8082 0.00081532
28.4321 0.000851636
29.07 0.000889586
29.7223 0.000929244
30.3891 0.000970685
31.071 0.00101399
31.7681 0.00105925
32.4809 0.00110654
33.2096 0.00115597
33.9547 0.00120761
34.7166 0.00126159
35.4955 0.001318
36.2919 0.00137694
37.1061 0.00143855
37.9387 0.00150293
38.7899 0.00157021
39.6602 0.00164053
40.5501 0.00171402
41.4599 0.00179082
42.3901 0.00187108
43.3412 0.00195497
44.3136 0.00204264
45.3078 0.00213426
46.3244 0.00223002
47.3638 0.00233011
48.4264 0.00243471
49.513 0.00254403
50.6239 0.00265828
51.7597 0.0027777
52.921 0.00290251
54.1084 0.00303295
55.3224 0.00316929
56.5636 0.00331178
57.8327 0.00346071
59.1303 0.00361637
60.457 0.00377906
61.8134 0.00394911
63.2003 0.00412684
64.6183 0.0043126
66.0681 0.00450675
67.5505 0.00470969
69.0661 0.0049218
70.6157 0.0051435
72.2001 0.00537522
73.82 0.00561742
75.4762 0.00587057
77.1697 0.00613517
78.9011 0.00641174
80.6714 0.00670082
82.4814 0.00700298
84.332 0.0073188
86.2241 0.00764891
88.1587 0.00799396
90.1366 0.00835462
92.159 0.0087316
94.2267 0.00912564
96.3409 0.00953751
98.5024 0.00996802
100.712 0.010418
102.972 0.0108884
105.282 0.01138
107.645 0.0118939
110.06 0.0124311
112.529 0.0129926
115.054 0.0135795
117.635 0.014193
120.275 0.0148343
122.973 0.0155046
125.732 0.0162053
128.553 0.0169376
131.438 0.0177032
134.387 0.0185034
137.402 0.0193399
140.485 0.0202143
143.637 0.0211282
146.859 0.0220836
150.154 0.0230822
153.523 0.0241261
156.968 0.0252173
160.49 0.0263579
164.091 0.0275501
167.772 0.0287964
171.537 0.0300992
175.385 0.031461
179.32 0.0328845
183.344 0.0343725
187.457 0.0359279
191.663 0.0375538
195.963 0.0392534
200.36 0.04103
204.856 0.0428871
209.452 0.0448284
214.151 0.0468576
218.956 0.0489789
223.869 0.0511963
228.892 0.0535141
234.027 0.0559371
239.278 0.0584699
244.646 0.0611174
250.135 0.063885
255.748 0.0667781
261.486 0.0698023
267.353 0.0729636
273.351 0.0762682
279.484 0.0797226
285.755 0.0833336
292.166 0.0871084
298.721 0.0910542
305.424 0.095179
312.276 0.0994908
319.283 0.103998
326.446 0.10871
333.771 0.113635
341.259 0.118784
348.916 0.124166
356.745 0.129792
364.749 0.135673
372.932 0.141821
381.3 0.148247
389.855 0.154966
398.602 0.161988
407.545 0.169329
416.689 0.177004
426.038 0.185026
435.597 0.193412
445.37 0.202178
455.363 0.211342
465.58 0.220921
476.026 0.230935
486.706 0.241403
497.626 0.252345
508.791 0.263784
520.207 0.275742
531.878 0.288242
543.812 0.30131
556.013 0.314969
568.488 0.329249
581.243 0.344176
594.284 0.35978
607.618 0.376091
621.251 0.393143
635.19 0.410968
649.441 0.429602
664.013 0.44908
678.911 0.469443
694.143 0.490729
709.717 0.51298
725.641 0.536241
741.922 0.560557
758.568 0.585976
775.588 0.612548
792.989 0.640325
810.781 0.669362
828.973 0.699717
847.572 0.731448
866.589 0.764619
886.032 0.799295
905.911 0.835544
926.237 0.873437
947.019 0.913049
968.266 0.954458
989.991 0.997745
1012.2 1.043
1034.91 1.0903
1058.13 1.13975
1081.87 1.19144
1106.15 1.24548
1130.97 1.30197
1156.34 1.36103
1182.29 1.42276
1208.81 1.48729
1235.93 1.55475
1263.66 1.62527
1292.02 1.69899
1321 1.77606
1350.64 1.85662
1380.95 1.94083
1411.93 2.02887
1443.61 2.1209
1476 2.2171
1509.12 2.31767
1542.98 2.42281
1577.59 2.53271
1612.99 2.6476
1649.18 2.7677
1686.18 2.89325
1724.01 3.0245
1762.7 3.1617
1802.24 3.30513
1842.68 3.45506
1884.02 3.6118
1926.3 3.77564
1969.52 3.94692
2013.7 4.12598
2058.89 4.31315
2105.08 4.50882
2152.31 4.71337
2200.6 4.92719
2249.97 5.15072
2300.46 5.38439
2352.07 5.62866
2404.84 5.88402
2458.8 6.15096
2513.97 6.43001
2570.37 6.72173
2628.04 7.02668
2687.01 7.34546
2747.29 7.67871
2808.93 8.02708
2871.96 8.39126
2936.39 8.77196
3002.28 9.16993
3069.64 9.58596
3138.51 10.0209
3208.93 10.4755
3280.92 10.9508
3354.54 11.4476
3429.8 11.967
3506.75 12.5099
3585.43 13.0775
3665.88 13.6708
3748.13 14.2911
3832.22 14.9395
3918.21 15.6173
4006.12 16.3259
4096 17.0666
4187.9 17.8409
4281.86 18.6504
4377.93 19.4966
4476.16 20.3812
4576.59 21.3059
4679.27 22.2726
4784.26 23.2831
4891.6 24.3395
5001.35 25.4438
5113.57 26.5983
5228.3 27.8051
5345.6 29.0667
5465.54 30.3855
5588.17 31.7642
5713.55 33.2054
5841.74 34.712
5972.81 36.287
6106.82 37.9334
6243.84 39.6546
6383.93 41.4538
6527.16 43.3347
6673.61 45.3009
6823.34 47.3564
6976.43 49.5051
7132.96 51.7513
7293 54.0994
7456.63 56.5541
7623.93 59.1202
7794.99 61.8026
7969.88 64.6069
8148.7 67.5383
8331.53 70.6028
8518.46 73.8063
8709.58 77.1552
8905 80.656
9104.79 84.3157
9309.07 88.1415
9517.94 92.1408
9731.49 96.3216
9949.83 100.692
10173.1 105.261
10401.3 110.037
10634.7 115.03
10873.3 120.249
11117.3 125.706
11366.7 131.41
11621.7 137.372
11882.5 143.605
12149.1 150.121
12421.7 156.933
12700.4 164.054
12985.3 171.498
13276.7 179.28
13574.5 187.414
13879.1 195.918
14190.5 204.808
14508.9 214.101
14834.4 223.816
15167.3 233.972
15507.6 244.588
15855.5 255.687
16211.2 267.288
16575 279.417
16946.8 292.095
17327.1 305.349
17715.8 319.204
18113.3 333.688
18519.7 348.83
18935.2 364.658
19360.1 381.204
19794.5 398.502
20238.6 416.584
20692.7 435.487
21156.9 455.247
21631.6 475.904
22117 497.498
22613.2 520.073
23120.6 543.671
23639.3 568.341
24169.7 594.13
24712 621.089
25266.4 649.271
25833.3 678.732
26412.9 709.53
27005.6 741.725
27611.5 775.382
28231 810.565
28864.4 847.345
29512 885.794
30174.2 925.988
30851.2 968.006
31543.4 1011.93
32251.1 1057.85
32974.7 1105.85
33714.5 1156.03
34471 1208.48
35244.4 1263.32
36035.1 1320.64
36843.6 1380.57
37670.3 1443.21
38515.5 1508.7
39379.6 1577.16
40263.2 1648.72
41166.6 1723.54
42090.2 1801.74
43034.5 1883.5
44000.1 1968.97
44987.3 2058.31
45996.7 2151.71
47028.7 2249.34
48083.8 2351.41
49162.7 2458.11
50265.7 2569.65
51393.5 2686.25
52546.6 2808.14
53725.6 2935.56
54931 3068.77
56163.5 3208.02
57423.6 3353.58
58712 3505.76
60029.3 3664.83
61376.1 3831.13
62753.2 4004.97
64161.2 4186.7
65600.7 4376.68
67072.6 4575.28
68577.5 4782.89
70116.1 4999.92
71689.3 5226.79
73297.7 5463.97
74942.3 5711.9
76623.7 5971.09
78342.9 6242.03
80100.7 6525.27
81897.9 6821.36
83735.4 7130.89
85614.1 7454.47
87535 7792.72
89499 8146.33
91507 8515.98
93560.1 8902.4
95659.3 9306.36
97805.6 9728.65
100000 10170.1
1.15e-05 100000 1001 2
1.15e-05 5.6937e-09
1.17662e-05 6.19265e-09
1.20386e-05 6.71219e-09
1.23173e-05 7.2537e-09
1.26025e-05 7.82694e-09
1.28942e-05 8.42729e-09
1.31927e-05 9.05334e-09
1.34981e-05 9.7093e-09
1.38106e-05 1.03942e-08
1.41303e-05 1.11111e-08
1.44574e-05 1.18684e-08
1.47921e-05 1.26434e-08
1.51345e-05 1.34784e-08
1.54849e-05 1.43328e-08
1.58434e-05 1.5228e-08
1.62102e-05 1.61761e-08
1.65854e-05 1.71461e-08
1.69694e-05 1.81681e-08
1.73622e-05 1.92472e-08
1.77642e-05 2.03514e-08
1.81754e-05 2.15098e-08
1.85962e-05 2.27345e-08
1.90267e-05 2.39875e-08
1.94671e-05 2.52995e-08
1.99178e-05 2.66815e-08
2.03789e-05 2.80955e-08
2.08507e-05 2.9565e-08
2.13333e-05 3.11179e-08
2.18272e-05 3.27068e-08
2.23325e-05 3.43374e-08
2.28495e-05 3.60785e-08
2.33785e-05 3.78599e-08
2.39197e-05 3.96826e-08
2.44734e-05 4.15737e-08
2.504e-05 4.35535e-08
2.56197e-05 4.55791e-08
2.62128e-05 4.76659e-08
2.68196e-05 4.98276e-08
2.74405e-05 5.20394e-08
2.80757e-05 5.43053e-08
2.87257e-05 5.66459e-08
2.93907e-05 5.90408e-08
3.0071e-05 6.1491e-08
3.07672e-05 6.39959e-08
3.14794e-05 6.65583e-08
3.22082e-05 6.918e-08
3.29538e-05 7.18209e-08
3.37167e-05 7.4512e-08
3.44972e-05 7.72654e-08
3.52958e-05 8.00098e-08
3.61129e-05 8.27965e-08
3.6949e-05 8.56477e-08
3.78043e-05 8.84613e-08
3.86795e-05 9.13066e-08
3.95749e-05 9.42178e-08
4.04911e-05 9.70687e-08
4.14285e-05 9.99404e-08
4.23875e-05 1.02837e-07
4.33688e-05 1.05625e-07
4.43728e-05 1.08479e-07
4.54e-05 1.113e-07
4.6451e-05 1.14032e-07
4.75264e-05 1.16826e-07
4.86266e-05 1.19521e-07
4.97523e-05 1.22152e-07
5.09041e-05 1.24844e-07
5.20825e-05 1.27373e-07
5.32882e-05 1.29849e-07
5.45218e-05 1.32383e-07
5.5784e-05 1.34764e-07
5.70754e-05 1.37069e-07
5.83967e-05 1.39427e-07
5.97486e-05 1.41637e-07
6.11318e-05 1.43729e-07
6.2547e-05 1.4587e-07
6.39949e-05 1.48018e-07
6.54764e-05 1.49886e-07
6.69922e-05 1.51797e-07
6.8543e-05 1.53752e-07
7.01298e-05 1.55535e-07
7.17533e-05 1.57208e-07
7.34144e-05 1.58919e-07
7.5114e-05 1.6067e-07
7.68528e-05 1.62256e-07
7.8632e-05 1.6372e-07
8.04523e-05 1.65217e-07
8.23148e-05 1.6675e-07
8.42204e-05 1.68303e-07
8.61701e-05 1.69553e-07
8.81649e-05 1.70831e-07
9.02059e-05 1.7214e-07
9.22942e-05 1.73478e-07
9.44308e-05 1.74848e-07
9.66169e-05 1.75997e-07
9.88535e-05 1.7708e-07
0.000101142 1.78189e-07
0.000103483 1.79324e-07
0.000105879 1.80485e-07
0.00010833 1.81673e-07
0.000110838 1.82576e-07
0.000113404 1.83492e-07
0.000116029 1.84429e-07
0.000118715 1.85388e-07
0.000121464 1.86369e-07
0.000124275 1.87122e-07
0.000127152 1.87833e-07
0.000130096 1.8856e-07
0.000133108 1.89304e-07
0.000136189 1.90065e-07
0.000139342 1.90544e-07
0.000142568 1.91007e-07
0.000145868 1.9148e-07
0.000149245 1.91964e-07
0.0001527 1.92459e-07
0.000156235 1.92673e-07
0.000159852 1.92852e-07
0.000163552 1.93035e-07
0.000167339 1.93222e-07
0.000171213 1.93414e-07
0.000175176 1.9338e-07
0.000179231 1.93287e-07
0.000183381 1.93192e-07
0.000187626 1.93095e-07
0.000191969 1.92995e-07
0.000196413 1.9283e-07
0.00020096 1.92524e-07
0.000205613 1.92212e-07
0.000210373 1.91892e-07
0.000215243 1.91564e-07
0.000220226 1.91229e-07
0.000225324 1.90887e-07
0.00023054 1.90536e-07
0.000235877 1.9017e-07
0.000241338 1.89777e-07
0.000246925 1.89375e-07
0.000252641 1.88963e-07
0.00025849 1.88542e-07
0.000264474 1.88111e-07
0.000270596 1.8767e-07
0.00027686 1.87219e-07
0.00028327 1.86757e-07
0.000289827 1.86285e-07
0.000296537 1.85802e-07
0.000303402 1.85307e-07
0.000310425 1.84792e-07
0.000317612 1.84229e-07
0.000324965 1.83651e-07
0.000332487 1.83061e-07
0.000340185 1.82457e-07
0.00034806 1.81839e-07
0.000356117 1.81186e-07
0.000364361 1.80407e-07
0.000372796 1.7961e-07
0.000381427 1.78795e-07
0.000390257 1.7796e-07
0.000399291 1.77107e-07
0.000408535 1.76166e-07
0.000417992 1.75164e-07
0.000427669 1.74138e-07
0.000437569 1.73089e-07
0.000447699 1.72015e-07
0.000458063 1.70913e-07
0.000468667 1.69751e-07
0.000479517 1.68561e-07
0.000490618 1.67344e-07
0.000501976 1.66099e-07
0.000513596 1.64825e-07
0.000525486 1.63537e-07
0.000537651 1.6223e-07
0.000550098 1.60892e-07
0.000562833 1.59524e-07
0.000575862 1.58124e-07
0.000589193 1.56692e-07
0.000602833 1.5526e-07
0.000616789 1.53924e-07
0.000631067 1.52558e-07
0.000645677 1.5116e-07
0.000660624 1.4973e-07
0.000675917 1.48266e-07
0.000691565 1.46769e-07
0.000707575 1.45237e-07
0.000723955 1.4367e-07
0.000740714 1.42066e-07
0.000757862 1.40787e-07
0.000775407 1.39492e-07
0.000793357 1.38167e-07
0.000811723 1.36811e-07
0.000830515 1.35424e-07
0.000849741 1.34005e-07
0.000869413 1.32553e-07
0.00088954 1.31067e-07
0.000910132 1.29547e-07
0.000931202 1.28061e-07
0.000952759 1.26642e-07
0.000974816 1.2519e-07
0.000997383 1.23704e-07
0.00102047 1.22185e-07
0.0010441 1.2063e-07
0.00106827 1.19106e-07
0.001093 1.17665e-07
0.0011183 1.1619e-07
0.00114419 1.14681e-07
0.00117068 1.13137e-07
0.00119778 1.11557e-07
0.00122551 1.10005e-07
0.00125388 1.08546e-07
0.0012829 1.07054e-07
0.0013126 1.05526e-07
0.00134299 1.03964e-07
0.00137408 1.02365e-07
0.00140589 1.00797e-07
0.00143844 9.93537e-08
0.00147174 9.78771e-08
0.00150581 9.63663e-08
0.00154067 9.48206e-08
0.00157633 9.32391e-08
0.00161282 9.16846e-08
0.00165016 9.02773e-08
0.00168836 8.88374e-08
0.00172745 8.73642e-08
0.00176744 8.58568e-08
0.00180835 8.43146e-08
0.00185022 8.27883e-08
0.00189305 8.14079e-08
0.00193687 7.99955e-08
0.00198171 7.85505e-08
0.00202759 7.7072e-08
0.00207453 7.56066e-08
0.00212255 7.43073e-08
0.00217169 7.2978e-08
0.00222197 7.16179e-08
0.0022734 7.02263e-08
0.00232603 6.88025e-08
0.00237988 6.73457e-08
0.00243498 6.60615e-08
0.00249134 6.48581e-08
0.00254902 6.36269e-08
0.00260803 6.23671e-08
0.00266841 6.10782e-08
0.00273018 5.97595e-08
0.00279338 5.84103e-08
0.00285805 5.72634e-08
0.00292421 5.62407e-08
0.00299191 5.51944e-08
0.00306117 5.41238e-08
0.00313204 5.30284e-08
0.00320454 5.19076e-08
0.00327873 5.07609e-08
0.00335463 4.95877e-08
0.00343229 4.83873e-08
0.00351175 4.71796e-08
0.00359305 4.63169e-08
0.00367622 4.54343e-08
0.00376133 4.45312e-08
0.0038484 4.36072e-08
0.00393749 4.26618e-08
0.00402865 4.16946e-08
0.00412191 4.07049e-08
0.00421733 3.96923e-08
0.00431496 3.86563e-08
0.00441485 3.79439e-08
0.00451706 3.72158e-08
0.00462163 3.64708e-08
0.00472862 3.57086e-08
0.00483809 3.49287e-08
0.00495009 3.41308e-08
0.00506468 3.33145e-08
0.00518193 3.24792e-08
0.00530189 3.16246e-08
0.00542463 3.07502e-08
0.00555021 3.0182e-08
0.0056787 2.84994e-08
0.00581016 2.79765e-08
0.00594466 2.74463e-08
0.00608228 2.69106e-08
0.00622309 2.63715e-08
0.00636715 2.58307e-08
0.00651455 2.52896e-08
0.00666536 2.47496e-08
0.00681967 2.42118e-08
0.00697754 2.36775e-08
0.00713907 2.31474e-08
0.00730434 2.26226e-08
0.00747344 2.21035e-08
0.00764645 2.1591e-08
0.00782346 2.10856e-08
0.00800457 2.05877e-08
0.00818988 2.00977e-08
0.00837948 1.9616e-08
0.00857346 1.91428e-08
0.00877194 1.86783e-08
0.00897501 1.82228e-08
0.00918278 1.77763e-08
0.00939536 1.7339e-08
0.00961286 1.69108e-08
0.0098354 1.64918e-08
0.0100631 1.60821e-08
0.010296 1.56815e-08
0.0105344 1.529e-08
0.0107783 1.49075e-08
0.0110278 1.4534e-08
0.0112831 1.41693e-08
0.0115443 1.38133e-08
0.0118115 1.34658e-08
0.012085 1.31268e-08
0.0123647 1.2796e-08
0.012651 1.24734e-08
0.0129439 1.21587e-08
0.0132435 1.18517e-08
0.0135501 1.15523e-08
0.0138638 1.12604e-08
0.0141847 1.09757e-08
0.0145131 1.06981e-08
0.0148491 1.04273e-08
0.0151928 1.01632e-08
0.0155445 9.9057e-09
0.0159044 9.65451e-09
0.0162726 9.40949e-09
0.0166493 9.17047e-09
0.0170347 8.93728e-09
0.0174291 8.70976e-09
0.0178326 8.48775e-09
0.0182454 8.27108e-09
0.0186678 8.05962e-09
0.0190999 7.8532e-09
0.0195421 7.65168e-09
0.0199945 7.45493e-09
0.0204574 7.26282e-09
0.020931 7.07521e-09
0.0214155 6.89198e-09
0.0219113 6.71302e-09
0.0224185 6.53821e-09
0.0229375 6.36746e-09
0.0234685 6.20065e-09
0.0240118 6.03771e-09
0.0245677 5.87854e-09
0.0251364 5.72307e-09
0.0257183 5.57122e-09
0.0263137 5.42292e-09
0.0269229 5.27813e-09
0.0275461 5.13678e-09
0.0281838 4.99883e-09
0.0288363 4.86425e-09
0.0295038 4.73301e-09
0.0301868 4.60508e-09
0.0308857 4.48046e-09
0.0316007 4.35913e-09
0.0323322 4.2411e-09
0.0330807 4.12639e-09
0.0338465 4.01501e-09
0.0346301 3.90699e-09
0.0354318 3.80237e-09
0.036252 3.7012e-09
0.0370913 3.60355e-09
0.0379499 3.50947e-09
0.0388285 3.41905e-09
0.0397273 3.33238e-09
0.040647 3.24957e-09
0.041588 3.17071e-09
0.0425508 3.09595e-09
0.0435358 3.02542e-09
0.0445437 2.95927e-09
0.0455748 2.89767e-09
0.0466299 2.84079e-09
0.0477094 2.78883e-09
0.0488139 2.74201e-09
0.0499439 2.70053e-09
0.0511001 2.66466e-09
0.0522831 2.39377e-09
0.0534934 2.32992e-09
0.0547318 2.26865e-09
0.0559988 2.20981e-09
0.0572952 2.15327e-09
0.0586216 2.09889e-09
0.0599787 2.04656e-09
0.0613672 1.99616e-09
0.0627878 1.9476e-09
0.0642414 1.90077e-09
0.0657286 1.85558e-09
0.0672502 1.81195e-09
0.068807 1.7698e-09
0.0703999 1.72905e-09
0.0720296 1.68964e-09
0.0736971 1.65151e-09
0.0754032 1.61458e-09
0.0771488 1.5788e-09
0.0789348 1.54413e-09
0.0807621 1.51051e-09
0.0826318 1.4779e-09
0.0845447 1.44624e-09
0.0865019 1.41551e-09
0.0885044 1.38566e-09
0.0905533 1.35666e-09
0.0926496 1.32847e-09
0.0947944 1.30105e-09
0.0969889 1.27439e-09
0.0992342 1.24846e-09
0.101531 1.22322e-09
0.103882 1.19865e-09
0.106287 1.17473e-09
0.108747 1.15144e-09
0.111265 1.12875e-09
0.113841 1.10664e-09
0.116476 1.08511e-09
0.119172 1.06412e-09
0.121931 1.04367e-09
0.124754 1.02373e-09
0.127642 1.00429e-09
0.130597 9.85348e-10
0.13362 9.66876e-10
0.136714 9.48866e-10
0.139879 9.31305e-10
0.143117 9.14183e-10
0.14643 8.97488e-10
0.14982 8.8121e-10
0.153288 8.6534e-10
0.156837 8.49867e-10
0.160467 8.34783e-10
0.164182 8.20079e-10
0.167983 8.05747e-10
0.171872 7.9178e-10
0.175851 7.7817e-10
0.179922 7.6491e-10
0.184087 7.51992e-10
0.188348 7.39412e-10
0.192709 7.27162e-10
0.19717 7.15237e-10
0.201734 7.03632e-10
0.206404 6.9234e-10
0.211183 6.81357e-10
0.216072 6.70678e-10
0.221074 6.60299e-10
0.226192 6.50215e-10
0.231428 6.40422e-10
0.236785 6.30915e-10
0.242267 6.21693e-10
0.247875 6.1275e-10
0.253614 6.04084e-10
0.259485 5.95691e-10
0.265492 5.87569e-10
0.271638 5.79715e-10
0.277927 5.72127e-10
0.284361 5.64801e-10
0.290944 5.57736e-10
0.297679 5.5093e-10
0.30457 5.44382e-10
0.311621 5.38089e-10
0.318835 5.32051e-10
0.326216 5.26265e-10
0.333768 5.20732e-10
0.341495 5.1545e-10
0.3494 5.10419e-10
0.357489 5.05638e-10
0.365765 5.01107e-10
0.374232 4.96826e-10
0.382896 4.92795e-10
0.39176 4.89016e-10
0.400829 4.85487e-10
0.410108 4.8221e-10
0.419602 4.79187e-10
0.429316 4.76419e-10
0.439254 4.73906e-10
0.449423 4.71651e-10
0.459827 4.69656e-10
0.470472 4.67924e-10
0.481364 4.66456e-10
0.492507 4.65256e-10
0.503909 4.64326e-10
0.515574 4.6367e-10
0.52751 4.63293e-10
0.539722 4.63196e-10
0.552216 4.63386e-10
0.565 4.63867e-10
0.57808 4.64644e-10
0.591462 4.65721e-10
0.605155 4.67105e-10
0.619164 4.68803e-10
0.633498 4.70819e-10
0.648163 4.73162e-10
0.663168 4.75838e-10
0.67852 4.78856e-10
0.694228 4.82223e-10
0.710299 4.85948e-10
0.726743 4.90041e-10
0.743567 4.94511e-10
0.760781 4.99368e-10
0.778393 5.04623e-10
0.796412 5.10288e-10
0.814849 5.16374e-10
0.833713 5.22894e-10
0.853013 5.29862e-10
0.872761 5.37291e-10
0.892965 5.45195e-10
0.913637 5.53591e-10
0.934788 5.62495e-10
0.956428 5.71923e-10
0.97857 5.81893e-10
1.00122 5.92424e-10
1.0244 6.03535e-10
1.04812 6.15247e-10
1.07238 6.27582e-10
1.09721 6.40562e-10
1.12261 6.54211e-10
1.14859 6.68554e-10
1.17518 6.83616e-10
1.20239 6.99425e-10
1.23023 7.1601e-10
1.25871 7.33399e-10
1.28784 7.51625e-10
1.31766 7.7072e-10
1.34816 7.90719e-10
1.37937 8.11656e-10
1.4113 8.33571e-10
1.44398 8.56501e-10
1.4774 8.80489e-10
1.51161 9.05577e-10
1.5466 9.3181e-10
1.5824 9.59236e-10
1.61904 9.87904e-10
1.65652 1.01786e-09
1.69486 1.04917e-09
1.7341 1.08188e-09
1.77424 1.11606e-09
1.81532 1.15176e-09
1.85734 1.18904e-09
1.90034 1.22799e-09
1.94433 1.26866e-09
1.98934 1.31114e-09
2.0354 1.35549e-09
2.08252 1.4018e-09
2.13073 1.45016e-09
2.18005 1.50065e-09
2.23052 1.55337e-09
2.28216 1.60841e-09
2.33499 1.66587e-09
2.38905 1.72587e-09
2.44435 1.7885e-09
2.50094 1.85389e-09
2.55884 1.92217e-09
2.61807 1.99344e-09
2.67868 2.06786e-09
2.74069 2.14555e-09
2.80414 2.22667e-09
2.86906 2.31136e-09
2.93547 2.39979e-09
3.00343 2.49212e-09
3.07296 2.58852e-09
3.1441 2.68917e-09
3.21688 2.79428e-09
3.29135 2.90403e-09
3.36755 3.01864e-09
3.44551 3.13831e-09
3.52527 3.26329e-09
3.60688 3.39381e-09
3.69038 3.53012e-09
3.77581 3.67248e-09
3.86322 3.82116e-09
3.95266 3.97645e-09
4.04416 4.13865e-09
4.13778 4.30806e-09
4.23357 4.48503e-09
4.33158 4.66989e-09
4.43186 4.863e-09
4.53445 5.06473e-09
4.63943 5.27547e-09
4.74683 5.49564e-09
4.85672 5.72567e-09
4.96915 5.966e-09
5.08419 6.21711e-09
5.20189 6.47948e-09
5.32231 6.75363e-09
5.44552 7.0401e-09
5.57158 7.33945e-09
5.70057 7.65227e-09
5.83253 7.97918e-09
5.96756 8.32083e-09
6.10571 8.67788e-09
6.24705 9.05104e-09
6.39167 9.44106e-09
6.53964 9.8487e-09
6.69103 1.02748e-08
6.84593 1.07201e-08
7.00441 1.11857e-08
7.16656 1.16723e-08
7.33247 1.2181e-08
7.50222 1.27128e-08
7.67589 1.32687e-08
7.85359 1.38499e-08
8.0354 1.44575e-08
8.22142 1.50927e-08
8.41175 1.57569e-08
8.60648 1.64513e-08
8.80572 1.71773e-08
9.00957 1.79364e-08
9.21814 1.87302e-08
9.43154 1.95602e-08
9.64988 2.04281e-08
9.87327 2.13357e-08
10.1018 2.22847e-08
10.3357 2.32772e-08
10.575 2.43151e-08
10.8198 2.54005e-08
11.0703 2.65356e-08
11.3265 2.77227e-08
11.5887 2.89643e-08
11.857 3.02628e-08
12.1315 3.16209e-08
12.4124 3.30413e-08
12.6997 3.4527e-08
12.9937 3.6081e-08
13.2945 3.77064e-08
13.6023 3.94065e-08
13.9172 4.11849e-08
14.2393 4.3045e-08
14.569 4.49909e-08
14.9063 4.70263e-08
15.2513 4.91555e-08
15.6044 5.13829e-08
15.9656 5.3713e-08
16.3353 5.61505e-08
16.7134 5.87005e-08
17.1003 6.13682e-08
17.4962 6.4159e-08
17.9012 6.70787e-08
18.3157 7.01333e-08
18.7397 7.3329e-08
19.1735 7.66725e-08
19.6173 8.01706e-08
20.0715 8.38304e-08
20.5361 8.76595e-08
21.0116 9.16659e-08
21.498 9.58577e-08
21.9957 1.00244e-07
22.5048 1.04833e-07
23.0258 1.09634e-07
23.5589 1.14658e-07
24.1043 1.19915e-07
24.6623 1.25416e-07
25.2332 1.31171e-07
25.8174 1.37194e-07
26.415 1.43496e-07
27.0265 1.5009e-07
27.6522 1.5699e-07
28.2924 1.64211e-07
28.9473 1.71767e-07
29.6175 1.79673e-07
30.3031 1.87947e-07
31.0046 1.96605e-07
31.7224 2.05666e-07
32.4567 2.15147e-07
33.2081 2.25069e-07
33.9769 2.35453e-07
34.7634 2.46319e-07
35.5682 2.5769e-07
36.3916 2.69591e-07
37.2341 2.82045e-07
38.0961 2.95078e-07
38.978 3.08717e-07
39.8803 3.22992e-07
40.8036 3.37931e-07
41.7482 3.53565e-07
42.7146 3.69927e-07
43.7035 3.87051e-07
44.7152 4.04972e-07
45.7504 4.23728e-07
46.8095 4.43357e-07
47.8931 4.63901e-07
49.0018 4.85403e-07
50.1362 5.07906e-07
51.2969 5.31458e-07
52.4844 5.56107e-07
53.6994 5.81905e-07
54.9426 6.08907e-07
56.2145 6.37167e-07
57.5158 6.66744e-07
58.8473 6.97701e-07
60.2097 7.30102e-07
61.6035 7.64014e-07
63.0296 7.99507e-07
64.4888 8.36657e-07
65.9817 8.75539e-07
67.5091 9.16236e-07
69.072 9.58832e-07
70.671 1.00342e-06
72.307 1.05008e-06
73.9809 1.09892e-06
75.6936 1.15004e-06
77.4459 1.20355e-06
79.2388 1.25956e-06
81.0731 1.31818e-06
82.95 1.37954e-06
84.8703 1.44376e-06
86.835 1.51098e-06
88.8453 1.58134e-06
90.902 1.65499e-06
93.0064 1.73208e-06
95.1595 1.81277e-06
97.3624 1.89722e-06
99.6164 1.98563e-06
101.922 2.07816e-06
104.282 2.17502e-06
106.696 2.2764e-06
109.166 2.38251e-06
111.693 2.49359e-06
114.279 2.60986e-06
116.925 2.73156e-06
119.631 2.85895e-06
122.401 2.99229e-06
125.234 3.13187e-06
128.134 3.27797e-06
131.1 3.43089e-06
134.135 3.59097e-06
137.24 3.75853e-06
140.417 3.93392e-06
143.668 4.11752e-06
146.994 4.30969e-06
150.397 4.51086e-06
153.878 4.72143e-06
157.441 4.94184e-06
161.085 5.17256e-06
164.814 5.41407e-06
168.63 5.66687e-06
172.534 5.9315e-06
176.528 6.2085e-06
180.614 6.49846e-06
184.796 6.80198e-06
189.074 7.1197e-06
193.451 7.45227e-06
197.929 7.80041e-06
202.511 8.16482e-06
207.199 8.54629e-06
211.996 8.94559e-06
216.904 9.36358e-06
221.925 9.80112e-06
227.063 1.02591e-05
232.319 1.07386e-05
237.697 1.12404e-05
243.2 1.17658e-05
248.83 1.23157e-05
254.59 1.28914e-05
260.484 1.3494e-05
266.514 1.41248e-05
272.684 1.47851e-05
278.997 1.54763e-05
285.456 1.61998e-05
292.064 1.69572e-05
298.825 1.77501e-05
305.743 1.858e-05
312.821 1.94488e-05
320.063 2.03582e-05
327.472 2.13103e-05
335.053 2.23068e-05
342.81 2.335e-05
350.746 2.4442e-05
358.865 2.55852e-05
367.173 2.67818e-05
375.673 2.80345e-05
384.37 2.93457e-05
393.268 3.07184e-05
402.372 3.21553e-05
411.687 3.36594e-05
421.218 3.5234e-05
430.969 3.68822e-05
440.946 3.86076e-05
451.154 4.04138e-05
461.598 4.23045e-05
472.284 4.42837e-05
483.217 4.63556e-05
494.404 4.85245e-05
505.849 5.07949e-05
517.56 5.31715e-05
529.541 5.56595e-05
541.8 5.82639e-05
554.343 6.09902e-05
567.176 6.38441e-05
580.306 6.68317e-05
593.74 6.99591e-05
607.485 7.3233e-05
621.548 7.66601e-05
635.937 8.02476e-05
650.659 8.40031e-05
665.722 8.79345e-05
681.133 9.20499e-05
696.902 9.63579e-05
713.035 0.000100868
729.542 0.000105589
746.43 0.000110531
763.71 0.000115704
781.39 0.000121119
799.479 0.000126789
817.987 0.000132723
836.924 0.000138936
856.298 0.000145439
876.122 0.000152247
896.404 0.000159373
917.156 0.000166833
938.388 0.000174643
960.111 0.000182818
982.338 0.000191376
1005.08 0.000200335
1028.35 0.000209713
1052.15 0.00021953
1076.51 0.000229807
1101.43 0.000240565
1126.93 0.000251827
1153.02 0.000263617
1179.71 0.000275958
1207.02 0.000288877
1234.96 0.000302402
1263.55 0.000316559
1292.8 0.00033138
1322.73 0.000346894
1353.35 0.000363135
1384.68 0.000380136
1416.74 0.000397934
1449.54 0.000416565
1483.09 0.000436069
1517.43 0.000456485
1552.56 0.000477858
1588.5 0.000500232
1625.27 0.000523653
1662.9 0.000548171
1701.39 0.000573838
1740.78 0.000600706
1781.08 0.000628833
1822.31 0.000658276
1864.5 0.000689099
1907.66 0.000721365
1951.82 0.000755142
1997.01 0.0007905
2043.24 0.000827515
2090.54 0.000866263
2138.93 0.000906825
2188.45 0.000949287
2239.11 0.000993738
2290.95 0.00104027
2343.98 0.00108898
2398.25 0.00113997
2453.77 0.00119335
2510.57 0.00124923
2568.69 0.00130773
2628.15 0.00136897
2689 0.00143307
2751.25 0.00150018
2814.94 0.00157043
2880.1 0.00164397
2946.78 0.00172095
3015 0.00180154
3084.79 0.0018859
3156.21 0.00197422
3229.27 0.00206667
3304.03 0.00216345
3380.52 0.00226476
3458.78 0.00237082
3538.85 0.00248184
3620.77 0.00259806
3704.59 0.00271973
3790.35 0.00284709
3878.1 0.00298042
3967.88 0.00311999
4059.74 0.0032661
4153.72 0.00341905
4249.88 0.00357917
4348.26 0.00374678
4448.92 0.00392224
4551.92 0.00410593
4657.29 0.00429821
4765.11 0.0044995
4875.42 0.00471021
4988.29 0.0049308
5103.77 0.00516171
5221.92 0.00540344
5342.81 0.00565649
5466.49 0.0059214
5593.04 0.00619871
5722.52 0.006489
5854.99 0.00679289
5990.54 0.00711102
6129.22 0.00744404
6271.11 0.00779266
6416.29 0.00815761
6564.82 0.00853965
6716.8 0.00893958
6872.29 0.00935824
7031.39 0.00979651
7194.16 0.0102553
7360.71 0.0107356
7531.11 0.0112384
7705.45 0.0117647
7883.83 0.0123157
8066.34 0.0128924
8253.08 0.0134962
8444.14 0.0141283
8639.62 0.01479
8839.63 0.0154826
9044.26 0.0162077
9253.64 0.0169668
9467.86 0.0177614
9687.04 0.0185932
9911.3 0.019464
10140.7 0.0203756
10375.5 0.0213299
10615.7 0.0223288
10861.4 0.0233745
11112.9 0.0244693
11370.2 0.0256153
11633.4 0.0268149
11902.7 0.0280708
12178.2 0.0293854
12460.2 0.0307617
12748.6 0.0322024
13043.7 0.0337105
13345.7 0.0352893
13654.7 0.0369421
13970.8 0.0386722
14294.2 0.0404834
14625.1 0.0423794
14963.7 0.0443642
15310.1 0.046442
15664.5 0.0486171
16027.1 0.050894
16398.2 0.0532776
16777.8 0.0557728
17166.2 0.0583849
17563.6 0.0611194
17970.2 0.0639819
18386.2 0.0669784
18811.8 0.0701153
19247.3 0.0733992
19692.9 0.0768368
20148.8 0.0804354
20615.2 0.0842026
21092.5 0.0881462
21580.8 0.0922745
22080.4 0.0965962
22591.5 0.10112
23114.5 0.105856
23649.6 0.110814
24197.1 0.116004
24757.3 0.121437
25330.4 0.127124
25916.8 0.133078
26516.8 0.139311
27130.6 0.145836
27758.7 0.152666
28401.3 0.159816
29058.8 0.167301
29731.5 0.175137
30419.8 0.183339
31124 0.191926
31844.5 0.200915
32581.7 0.210325
33336 0.220175
34107.7 0.230487
34897.3 0.241282
35705.2 0.252582
36531.8 0.264412
37377.5 0.276796
38242.8 0.28976
39128.1 0.303331
40033.9 0.317537
40960.7 0.332409
41908.9 0.347978
42879.1 0.364276
43871.8 0.381336
44887.4 0.399197
45926.5 0.417893
46989.7 0.437465
48077.6 0.457954
49190.5 0.479403
50329.3 0.501856
51494.4 0.52536
52686.5 0.549966
53906.2 0.575724
55154.1 0.602688
56431 0.630915
57737.3 0.660464
59074 0.691397
60441.5 0.723779
61840.7 0.757678
63272.3 0.793164
64737.1 0.830312
66235.8 0.8692
67769.1 0.90991
69338 0.952526
70943.1 0.997138
72585.5 1.04384
74265.8 1.09273
75985.1 1.14391
77744.1 1.19748
79543.9 1.25357
81385.4 1.31228
83269.4 1.37374
85197.1 1.43808
87169.4 1.50543
89187.4 1.57594
91252.1 1.64975
93364.6 1.72702
95526 1.8079
97737.4 1.89258
100000 1.98122
1.148e-05 100000 1001 3
1.148e-05 1.13673e-08
1.17458e-05 1.23621e-08
1.20177e-05 1.34022e-08
1.22959e-05 1.44868e-08
1.25806e-05 1.56251e-08
1.28719e-05 1.68155e-08
1.31699e-05 1.80631e-08
1.34748e-05 1.9368e-08
1.37868e-05 2.07374e-08
1.4106e-05 2.21627e-08
1.44325e-05 2.3671e-08
1.47667e-05 2.52142e-08
1.51085e-05 2.68765e-08
1.54583e-05 2.85839e-08
1.58162e-05 3.03613e-08
1.61824e-05 3.22443e-08
1.6557e-05 3.41709e-08
1.69404e-05 3.62417e-08
1.73326e-05 3.8372e-08
1.77338e-05 4.05515e-08
1.81444e-05 4.28975e-08
1.85645e-05 4.53139e-08
1.89943e-05 4.77862e-08
1.9434e-05 5.04346e-08
1.9884e-05 5.31637e-08
2.03443e-05 5.5956e-08
2.08153e-05 5.89408e-08
2.12972e-05 6.20187e-08
2.17903e-05 6.51678e-08
2.22948e-05 6.84411e-08
2.2811e-05 7.1899e-08
2.33391e-05 7.54369e-08
2.38794e-05 7.90568e-08
2.44323e-05 8.28621e-08
2.49979e-05 8.67845e-08
2.55767e-05 9.07977e-08
2.61688e-05 9.49669e-08
2.67747e-05 9.92718e-08
2.73945e-05 1.03676e-07
2.80288e-05 1.08198e-07
2.86777e-05 1.12866e-07
2.93416e-05 1.17642e-07
3.00209e-05 1.22528e-07
3.0716e-05 1.27504e-07
3.14271e-05 1.32596e-07
3.21547e-05 1.37806e-07
3.28991e-05 1.43063e-07
3.36608e-05 1.48424e-07
3.44401e-05 1.5391e-07
3.52375e-05 1.59396e-07
3.60533e-05 1.64956e-07
3.6888e-05 1.70645e-07
3.7742e-05 1.7629e-07
3.86158e-05 1.81984e-07
3.95098e-05 1.87756e-07
4.04245e-05 1.93396e-07
4.13604e-05 1.99166e-07
4.2318e-05 2.04805e-07
4.32977e-05 2.10433e-07
4.43002e-05 2.16192e-07
4.53258e-05 2.21773e-07
4.63752e-05 2.27303e-07
4.74488e-05 2.32892e-07
4.85474e-05 2.38106e-07
4.96713e-05 2.43441e-07
5.08213e-05 2.48832e-07
5.19979e-05 2.53772e-07
5.32017e-05 2.58826e-07
5.44334e-05 2.63938e-07
5.56937e-05 2.68538e-07
5.69831e-05 2.73244e-07
5.83023e-05 2.78009e-07
5.96521e-05 2.82186e-07
6.10332e-05 2.8646e-07
6.24462e-05 2.90832e-07
6.3892e-05 2.94899e-07
6.53712e-05 2.98719e-07
6.68846e-05 3.02628e-07
6.84331e-05 3.06607e-07
7.00175e-05 3.09936e-07
7.16385e-05 3.13342e-07
7.32971e-05 3.16827e-07
7.4994e-05 3.20392e-07
7.67303e-05 3.23311e-07
7.85067e-05 3.26295e-07
8.03243e-05 3.29348e-07
8.21839e-05 3.32472e-07
8.40866e-05 3.35323e-07
8.60334e-05 3.37856e-07
8.80252e-05 3.40447e-07
9.00631e-05 3.43099e-07
9.21483e-05 3.45812e-07
9.42817e-05 3.48587e-07
9.64644e-05 3.50748e-07
9.86978e-05 3.52917e-07
0.000100983 3.55136e-07
0.000103321 3.57406e-07
0.000105713 3.59729e-07
0.00010816 3.62106e-07
0.000110664 3.63893e-07
0.000113226 3.65654e-07
0.000115848 3.67456e-07
0.00011853 3.69299e-07
0.000121274 3.71185e-07
0.000124082 3.73115e-07
0.000126954 3.74461e-07
0.000129894 3.75743e-07
0.000132901 3.77055e-07
0.000135978 3.78398e-07
0.000139126 3.79772e-07
0.000142347 3.80942e-07
0.000145643 3.81673e-07
0.000149014 3.82421e-07
0.000152464 3.83187e-07
0.000155994 3.8397e-07
0.000159606 3.84568e-07
0.000163301 3.84718e-07
0.000167082 3.84871e-07
0.00017095 3.85028e-07
0.000174908 3.85188e-07
0.000178957 3.85352e-07
0.0001831 3.85113e-07
0.000187339 3.84729e-07
0.000191677 3.84337e-07
0.000196114 3.83935e-07
0.000200655 3.83524e-07
0.0002053 3.83103e-07
0.000210053 3.82474e-07
0.000214916 3.81758e-07
0.000219892 3.81026e-07
0.000224983 3.80277e-07
0.000230192 3.79511e-07
0.000235521 3.78727e-07
0.000240974 3.77924e-07
0.000246553 3.77103e-07
0.000252261 3.76264e-07
0.000258101 3.75404e-07
0.000264077 3.74525e-07
0.00027019 3.73627e-07
0.000276446 3.72715e-07
0.000282846 3.71781e-07
0.000289394 3.70826e-07
0.000296094 3.69849e-07
0.000302949 3.68849e-07
0.000309963 3.67826e-07
0.000317139 3.6678e-07
0.000324482 3.65709e-07
0.000331994 3.64491e-07
0.00033968 3.63168e-07
0.000347545 3.61815e-07
0.000355591 3.6043e-07
0.000363823 3.59013e-07
0.000372247 3.57563e-07
0.000380865 3.55944e-07
0.000389682 3.54189e-07
0.000398704 3.52393e-07
0.000407935 3.50556e-07
0.000417379 3.48675e-07
0.000427042 3.46662e-07
0.000436929 3.44527e-07
0.000447045 3.42342e-07
0.000457395 3.40107e-07
0.000467984 3.37821e-07
0.000478819 3.3548e-07
0.000489904 3.3304e-07
0.000501247 3.30542e-07
0.000512851 3.27987e-07
0.000524725 3.25373e-07
0.000536873 3.22698e-07
0.000549303 3.20009e-07
0.00056202 3.17308e-07
0.000575032 3.14545e-07
0.000588345 3.11718e-07
0.000601966 3.08825e-07
0.000615903 3.05865e-07
0.000630162 3.03108e-07
0.000644751 3.00624e-07
0.000659678 2.98082e-07
0.000674951 2.95481e-07
0.000690577 2.92821e-07
0.000706565 2.90099e-07
0.000722924 2.87313e-07
0.000739661 2.84463e-07
0.000756785 2.81548e-07
0.000774306 2.78564e-07
0.000792232 2.75512e-07
0.000810574 2.72389e-07
0.00082934 2.69194e-07
0.000848541 2.65924e-07
0.000868186 2.6285e-07
0.000888286 2.60183e-07
0.000908852 2.57454e-07
0.000929893 2.54662e-07
0.000951422 2.51805e-07
0.000973449 2.48882e-07
0.000995986 2.45938e-07
0.00101904 2.4302e-07
0.00104264 2.40036e-07
0.00106678 2.36982e-07
0.00109147 2.33857e-07
0.00111674 2.30841e-07
0.0011426 2.27801e-07
0.00116905 2.2469e-07
0.00119612 2.21507e-07
0.00122381 2.18251e-07
0.00125214 2.15027e-07
0.00128113 2.12031e-07
0.00131079 2.08966e-07
0.00134114 2.05829e-07
0.00137219 2.0262e-07
0.00140396 1.99337e-07
0.00143646 1.96133e-07
0.00146972 1.93381e-07
0.00150375 1.90565e-07
0.00153856 1.87684e-07
0.00157418 1.84736e-07
0.00161063 1.8172e-07
0.00164791 1.78634e-07
0.00168607 1.75476e-07
0.0017251 1.72361e-07
0.00176504 1.69698e-07
0.0018059 1.66974e-07
0.00184771 1.64186e-07
0.00189049 1.61334e-07
0.00193426 1.58415e-07
0.00197904 1.55429e-07
0.00202486 1.52645e-07
0.00207174 1.50029e-07
0.0021197 1.47352e-07
0.00216878 1.44613e-07
0.00221899 1.41811e-07
0.00227036 1.38995e-07
0.00232293 1.36527e-07
0.00237671 1.34001e-07
0.00243173 1.31416e-07
0.00248803 1.28772e-07
0.00254563 1.26067e-07
0.00260457 1.23299e-07
0.00266487 1.20815e-07
0.00272656 1.18537e-07
0.00278969 1.16206e-07
0.00285428 1.13822e-07
0.00292036 1.11382e-07
0.00298797 1.08886e-07
0.00305715 1.06332e-07
0.00312792 1.04222e-07
0.00320034 1.02518e-07
0.00327443 1.00774e-07
0.00335024 9.89895e-08
0.00342781 9.71639e-08
0.00350717 9.52961e-08
0.00358836 9.3385e-08
0.00367144 9.14296e-08
0.00375644 8.9429e-08
0.00384341 8.7382e-08
0.00393239 8.52877e-08
0.00402343 8.31448e-08
0.00411658 8.09524e-08
0.00421189 7.87092e-08
0.0043094 7.64141e-08
0.00440917 7.44993e-08
0.00451125 7.31023e-08
0.0046157 7.16728e-08
0.00472256 7.02103e-08
0.00483189 6.87139e-08
0.00494376 6.71828e-08
0.00505822 6.56164e-08
0.00517532 6.40136e-08
0.00529514 6.23737e-08
0.00541773 6.06959e-08
0.00554316 5.92088e-08
0.0056715 5.75175e-08
0.0058028 5.62349e-08
0.00593715 5.49693e-08
0.0060746 5.37216e-08
0.00621524 5.24923e-08
0.00635913 5.12823e-08
0.00650636 5.0092e-08
0.00665699 4.89219e-08
0.00681111 4.77723e-08
0.0069688 4.66435e-08
0.00713014 4.55356e-08
0.00729522 4.44488e-08
0.00746412 4.33831e-08
0.00763692 4.23386e-08
0.00781373 4.13152e-08
0.00799463 4.03128e-08
0.00817972 3.93313e-08
0.0083691 3.83705e-08
0.00856286 3.74303e-08
0.0087611 3.65105e-08
0.00896394 3.56107e-08
0.00917147 3.47308e-08
0.0093838 3.38704e-08
0.00960106 3.30293e-08
0.00982334 3.22071e-08
0.0100508 3.14036e-08
0.0102835 3.06184e-08
0.0105215 2.98511e-08
0.0107651 2.91015e-08
0.0110144 2.83692e-08
0.0112694 2.76538e-08
0.0115303 2.6955e-08
0.0117972 2.62725e-08
0.0120703 2.56058e-08
0.0123498 2.49547e-08
0.0126357 2.43187e-08
0.0129283 2.36977e-08
0.0132276 2.30911e-08
0.0135338 2.24987e-08
0.0138471 2.19201e-08
0.0141677 2.13551e-08
0.0144957 2.08033e-08
0.0148313 2.02643e-08
0.0151747 1.97379e-08
0.015526 1.92238e-08
0.0158855 1.87216e-08
0.0162533 1.82312e-08
0.0166295 1.77522e-08
0.0170145 1.72843e-08
0.0174085 1.68272e-08
0.0178115 1.63809e-08
0.0182239 1.59448e-08
0.0186458 1.55189e-08
0.0190775 1.5103e-08
0.0195191 1.46967e-08
0.019971 1.42999e-08
0.0204334 1.39123e-08
0.0209065 1.35338e-08
0.0213905 1.31643e-08
0.0218857 1.28034e-08
0.0223924 1.24511e-08
0.0229108 1.21072e-08
0.0234413 1.17715e-08
0.023984 1.14439e-08
0.0245393 1.11244e-08
0.0251074 1.08127e-08
0.0256887 1.05087e-08
0.0262834 1.02125e-08
0.0268919 9.92381e-09
0.0275145 9.64266e-09
0.0281515 9.36895e-09
0.0288033 9.10265e-09
0.0294701 8.8437e-09
0.0301524 8.5921e-09
0.0308505 8.34782e-09
0.0315647 8.11086e-09
0.0322955 7.88124e-09
0.0330432 7.65897e-09
0.0338082 7.44409e-09
0.0345909 7.23667e-09
0.0353918 7.03675e-09
0.0362112 6.84443e-09
0.0370495 6.65981e-09
0.0379073 6.48298e-09
0.0387849 6.31409e-09
0.0396828 6.15328e-09
0.0406016 6.0007e-09
0.0415415 5.85656e-09
0.0425033 5.72103e-09
0.0434873 5.59435e-09
0.0444941 5.47675e-09
0.0455243 5.36849e-09
0.0465782 5.26986e-09
0.0476566 5.18116e-09
0.0487599 5.10273e-09
0.0498888 5.03491e-09
0.0510438 4.97809e-09
0.0522256 4.61995e-09
0.0534347 4.50144e-09
0.0546718 4.38582e-09
0.0559376 4.27306e-09
0.0572326 4.16314e-09
0.0585576 4.05603e-09
0.0599134 3.95169e-09
0.0613005 3.85009e-09
0.0627197 3.75118e-09
0.0641717 3.65492e-09
0.0656574 3.56126e-09
0.0671775 3.47016e-09
0.0687328 3.38157e-09
0.0703241 3.29544e-09
0.0719522 3.21172e-09
0.073618 3.13036e-09
0.0753224 3.05131e-09
0.0770663 2.97452e-09
0.0788505 2.89994e-09
0.080676 2.82751e-09
0.0825438 2.75718e-09
0.0844548 2.68892e-09
0.0864101 2.62265e-09
0.0884107 2.55834e-09
0.0904575 2.49594e-09
0.0925518 2.43539e-09
0.0946945 2.37665e-09
0.0968869 2.31967e-09
0.09913 2.26442e-09
0.101425 2.21083e-09
0.103773 2.15887e-09
0.106176 2.10849e-09
0.108634 2.05966e-09
0.111149 2.01232e-09
0.113722 1.96644e-09
0.116355 1.92199e-09
0.119049 1.87891e-09
0.121805 1.83718e-09
0.124625 1.79675e-09
0.12751 1.75759e-09
0.130462 1.71967e-09
0.133483 1.68296e-09
0.136573 1.64741e-09
0.139735 1.613e-09
0.14297 1.5797e-09
0.14628 1.54748e-09
0.149667 1.5163e-09
0.153132 1.48615e-09
0.156677 1.45699e-09
0.160305 1.4288e-09
0.164016 1.40154e-09
0.167813 1.37521e-09
0.171698 1.34977e-09
0.175674 1.3252e-09
0.179741 1.30149e-09
0.183902 1.27859e-09
0.18816 1.25651e-09
0.192516 1.23522e-09
0.196973 1.21469e-09
0.201533 1.19492e-09
0.206199 1.17588e-09
0.210973 1.15755e-09
0.215857 1.13993e-09
0.220855 1.123e-09
0.225968 1.10674e-09
0.2312 1.09113e-09
0.236552 1.07617e-09
0.242029 1.06184e-09
0.247632 1.04813e-09
0.253365 1.03504e-09
0.259231 1.02254e-09
0.265233 1.01062e-09
0.271374 9.99292e-10
0.277656 9.8853e-10
0.284085 9.78331e-10
0.290662 9.68686e-10
0.297391 9.5959e-10
0.304276 9.51034e-10
0.311321 9.43015e-10
0.318528 9.35525e-10
0.325903 9.28562e-10
0.333448 9.2212e-10
0.341168 9.16196e-10
0.349066 9.10787e-10
0.357148 9.05891e-10
0.365417 9.01507e-10
0.373877 8.97632e-10
0.382532 8.94267e-10
0.391389 8.91411e-10
0.40045 8.89064e-10
0.409721 8.87229e-10
0.419207 8.85907e-10
0.428912 8.851e-10
0.438843 8.84811e-10
0.449002 8.85045e-10
0.459398 8.85804e-10
0.470034 8.87095e-10
0.480916 8.88923e-10
0.49205 8.91294e-10
0.503442 8.94215e-10
0.515097 8.97694e-10
0.527022 9.0174e-10
0.539224 9.06361e-10
0.551708 9.11568e-10
0.564481 9.17371e-10
0.57755 9.23783e-10
0.590921 9.30815e-10
0.604602 9.38481e-10
0.618599 9.46795e-10
0.632921 9.55773e-10
0.647574 9.6543e-10
0.662567 9.75783e-10
0.677906 9.86851e-10
0.693601 9.98653e-10
0.709659 1.01121e-09
0.726089 1.02454e-09
0.742899 1.03867e-09
0.760099 1.05362e-09
0.777696 1.06942e-09
0.795702 1.08609e-09
0.814123 1.10367e-09
0.832972 1.12217e-09
0.852257 1.14163e-09
0.871988 1.16209e-09
0.892176 1.18358e-09
0.912831 1.20613e-09
0.933965 1.22978e-09
0.955588 1.25457e-09
0.977711 1.28054e-09
1.00035 1.30773e-09
1.02351 1.33619e-09
1.0472 1.36597e-09
1.07145 1.39711e-09
1.09625 1.42967e-09
1.12163 1.4637e-09
1.1476 1.49926e-09
1.17417 1.5364e-09
1.20135 1.5752e-09
1.22917 1.61571e-09
1.25763 1.658e-09
1.28674 1.70215e-09
1.31653 1.74823e-09
1.34701 1.79631e-09
1.3782 1.84649e-09
1.41011 1.89883e-09
1.44275 1.95344e-09
1.47615 2.01041e-09
1.51033 2.06983e-09
1.5453 2.13181e-09
1.58107 2.19645e-09
1.61768 2.26387e-09
1.65513 2.33418e-09
1.69345 2.40751e-09
1.73266 2.48398e-09
1.77277 2.56373e-09
1.81381 2.64689e-09
1.8558 2.73361e-09
1.89877 2.82405e-09
1.94273 2.91837e-09
1.98771 3.01673e-09
2.03373 3.11931e-09
2.08081 3.22629e-09
2.12899 3.33786e-09
2.17828 3.45422e-09
2.22871 3.57559e-09
2.2803 3.70218e-09
2.3331 3.83421e-09
2.38711 3.97193e-09
2.44238 4.1156e-09
2.49892 4.26546e-09
2.55678 4.4218e-09
2.61597 4.5849e-09
2.67654 4.75505e-09
2.7385 4.93258e-09
2.8019 5.11782e-09
2.86677 5.31109e-09
2.93314 5.51276e-09
3.00105 5.72321e-09
3.07053 5.94283e-09
3.14162 6.17203e-09
3.21435 6.41123e-09
3.28877 6.66088e-09
3.36491 6.92146e-09
3.44282 7.19345e-09
3.52252 7.47737e-09
3.60408 7.77375e-09
3.68752 8.08316e-09
3.77289 8.40618e-09
3.86024 8.74342e-09
3.94961 9.09554e-09
4.04105 9.46319e-09
4.13461 9.84709e-09
4.23033 1.0248e-08
4.32827 1.06666e-08
4.42848 1.11038e-08
4.53101 1.15604e-08
4.63591 1.20372e-08
4.74324 1.25353e-08
4.85305 1.30555e-08
4.96541 1.35989e-08
5.08036 1.41665e-08
5.19798 1.47595e-08
5.31833 1.53789e-08
5.44146 1.60261e-08
5.56743 1.67022e-08
5.69633 1.74086e-08
5.82821 1.81466e-08
5.96314 1.89178e-08
6.1012 1.97236e-08
6.24245 2.05657e-08
6.38698 2.14456e-08
6.53485 2.23651e-08
6.68614 2.33261e-08
6.84094 2.43304e-08
6.99932 2.53801e-08
7.16136 2.64771e-08
7.32716 2.76237e-08
7.4968 2.88222e-08
7.67036 3.0075e-08
7.84795 3.13845e-08
8.02964 3.27533e-08
8.21554 3.41842e-08
8.40574 3.56801e-08
8.60035 3.7244e-08
8.79947 3.88789e-08
9.00319 4.05881e-08
9.21163 4.23752e-08
9.42489 4.42436e-08
9.6431 4.61972e-08
9.86635 4.82398e-08
10.0948 5.03756e-08
10.3285 5.26088e-08
10.5676 5.49441e-08
10.8123 5.73861e-08
11.0626 5.99396e-08
11.3187 6.26101e-08
11.5808 6.54027e-08
11.8489 6.83231e-08
12.1232 7.13774e-08
12.4039 7.45716e-08
12.691 7.79123e-08
12.9849 8.14062e-08
13.2855 8.50605e-08
13.5931 8.88826e-08
13.9078 9.28802e-08
14.2298 9.70616e-08
14.5592 1.01435e-07
14.8963 1.0601e-07
15.2411 1.10795e-07
15.594 1.15801e-07
15.955 1.21036e-07
16.3244 1.26514e-07
16.7024 1.32243e-07
17.0891 1.38237e-07
17.4847 1.44507e-07
17.8895 1.51066e-07
18.3037 1.57928e-07
18.7274 1.65107e-07
19.161 1.72617e-07
19.6046 1.80474e-07
20.0585 1.88694e-07
20.5229 1.97294e-07
20.998 2.06291e-07
21.4842 2.15705e-07
21.9816 2.25554e-07
22.4905 2.35858e-07
23.0112 2.4664e-07
23.5439 2.57921e-07
24.089 2.69724e-07
24.6467 2.82074e-07
25.2173 2.94996e-07
25.8011 3.08517e-07
26.3985 3.22665e-07
27.0097 3.37468e-07
27.635 3.52958e-07
28.2748 3.69167e-07
28.9294 3.86127e-07
29.5992 4.03875e-07
30.2844 4.22446e-07
30.9856 4.41879e-07
31.7029 4.62215e-07
32.4369 4.83495e-07
33.1879 5.05764e-07
33.9562 5.29067e-07
34.7424 5.53453e-07
35.5467 5.78972e-07
36.3697 6.05678e-07
37.2117 6.33625e-07
38.0733 6.62872e-07
38.9547 6.93478e-07
39.8566 7.25509e-07
40.7793 7.5903e-07
41.7235 7.9411e-07
42.6894 8.30823e-07
43.6778 8.69244e-07
44.689 9.09454e-07
45.7236 9.51536e-07
46.7822 9.95577e-07
47.8653 1.04167e-06
48.9734 1.08991e-06
50.1073 1.14039e-06
51.2673 1.19323e-06
52.4543 1.24853e-06
53.6687 1.30641e-06
54.9112 1.36698e-06
56.1825 1.43038e-06
57.4832 1.49673e-06
58.8141 1.56618e-06
60.1757 1.63886e-06
61.5689 1.71493e-06
62.9943 1.79455e-06
64.4527 1.87788e-06
65.9449 1.9651e-06
67.4717 2.05639e-06
69.0338 2.15194e-06
70.632 2.25194e-06
72.2673 2.35661e-06
73.9404 2.46617e-06
75.6522 2.58083e-06
77.4037 2.70085e-06
79.1957 2.82647e-06
81.0293 2.95796e-06
82.9052 3.09558e-06
84.8246 3.23963e-06
86.7885 3.3904e-06
88.7978 3.54821e-06
90.8536 3.7134e-06
92.957 3.88629e-06
95.1092 4.06726e-06
97.3111 4.25668e-06
99.564 4.45495e-06
101.869 4.66249e-06
104.228 4.87971e-06
106.641 5.10709e-06
109.11 5.34508e-06
111.636 5.5942e-06
114.22 5.85496e-06
116.865 6.1279e-06
119.57 6.4136e-06
122.338 6.71264e-06
125.171 7.02567e-06
128.069 7.35332e-06
131.034 7.69629e-06
134.067 8.05529e-06
137.171 8.43106e-06
140.347 8.82441e-06
143.596 9.23614e-06
146.921 9.66713e-06
150.322 1.01183e-05
153.803 1.05905e-05
157.363 1.10848e-05
161.007 1.16022e-05
164.734 1.21438e-05
168.548 1.27108e-05
172.45 1.33042e-05
176.443 1.39254e-05
180.528 1.45757e-05
184.707 1.52563e-05
188.984 1.59688e-05
193.359 1.67147e-05
197.835 1.74954e-05
202.416 1.83126e-05
207.102 1.91681e-05
211.897 2.00635e-05
216.803 2.10009e-05
221.822 2.19821e-05
226.958 2.30092e-05
232.212 2.40844e-05
237.588 2.52098e-05
243.089 2.6388e-05
248.717 2.76212e-05
254.475 2.89121e-05
260.366 3.02635e-05
266.394 3.16781e-05
272.562 3.31588e-05
278.872 3.47089e-05
285.328 3.63315e-05
291.934 3.803e-05
298.693 3.9808e-05
305.608 4.16692e-05
312.684 4.36175e-05
319.923 4.56569e-05
327.33 4.77919e-05
334.908 5.00267e-05
342.662 5.23661e-05
350.595 5.48151e-05
358.712 5.73786e-05
367.017 6.00621e-05
375.514 6.28713e-05
384.208 6.58119e-05
393.103 6.88901e-05
402.204 7.21124e-05
411.515 7.54856e-05
421.043 7.90166e-05
430.791 8.2713e-05
440.764 8.65823e-05
450.969 9.06328e-05
461.409 9.48729e-05
472.092 9.93115e-05
483.022 0.000103958
494.204 0.000108822
505.646 0.000113913
517.353 0.000119243
529.33 0.000124823
541.585 0.000130663
554.124 0.000136777
566.953 0.000143178
580.079 0.000149878
593.509 0.000156891
607.249 0.000164233
621.308 0.000171919
635.693 0.000179965
650.41 0.000188387
665.468 0.000197203
680.875 0.000206433
696.638 0.000216094
712.767 0.000226208
729.269 0.000236796
746.152 0.000247879
763.427 0.000259481
781.102 0.000271626
799.186 0.00028434
817.688 0.000297649
836.619 0.000311582
855.988 0.000326167
875.806 0.000341435
896.083 0.000357417
916.828 0.000374149
938.055 0.000391663
959.772 0.000409998
981.993 0.000429191
1004.73 0.000449283
1027.99 0.000470316
1051.79 0.000492334
1076.14 0.000515382
1101.05 0.000539511
1126.55 0.000564769
1152.63 0.000591209
1179.31 0.000618888
1206.62 0.000647863
1234.55 0.000678195
1263.13 0.000709948
1292.38 0.000743187
1322.3 0.000777983
1352.91 0.000814408
1384.23 0.00085254
1416.28 0.000892456
1449.07 0.000934243
1482.62 0.000977986
1516.94 0.00102378
1552.06 0.00107171
1588 0.00112189
1624.76 0.00117443
1662.38 0.00122942
1700.86 0.00128698
1740.24 0.00134725
1780.53 0.00141033
1821.75 0.00147637
1863.93 0.0015455
1907.08 0.00161787
1951.24 0.00169363
1996.41 0.00177294
2042.63 0.00185596
2089.92 0.00194287
2138.31 0.00203385
2187.81 0.00212909
2238.47 0.00222879
2290.29 0.00233316
2343.31 0.00244242
2397.57 0.00255679
2453.07 0.00267652
2509.87 0.00280186
2567.97 0.00293307
2627.43 0.00307043
2688.26 0.00321421
2750.5 0.00336473
2814.17 0.00352231
2879.33 0.00368726
2945.99 0.00385993
3014.19 0.0040407
3083.98 0.00422993
3155.38 0.00442802
3228.43 0.00463539
3303.17 0.00485248
3379.65 0.00507973
3457.89 0.00531762
3537.95 0.00556666
3619.86 0.00582736
3703.66 0.00610027
3789.41 0.00638596
3877.14 0.00668503
3966.91 0.00699811
4058.75 0.00732585
4152.71 0.00766895
4248.86 0.00802811
4347.22 0.00840409
4447.87 0.00879769
4550.85 0.00920972
4656.21 0.00964105
4764.01 0.0100926
4874.3 0.0105653
4987.15 0.0110601
5102.61 0.0115781
5220.75 0.0121203
5341.61 0.012688
5465.28 0.0132822
5591.81 0.0139043
5721.27 0.0145555
5853.73 0.0152372
5989.26 0.0159508
6127.92 0.0166979
6269.79 0.0174799
6414.95 0.0182986
6563.46 0.0191556
6715.42 0.0200528
6870.89 0.020992
7029.97 0.0219752
7192.72 0.0230044
7359.25 0.0240818
7529.63 0.0252097
7703.95 0.0263905
7882.31 0.0276265
8064.8 0.0289204
8251.51 0.030275
8442.55 0.0316929
8638.01 0.0331773
8838 0.0347312
9042.61 0.0363579
9251.96 0.0380608
9466.16 0.0398435
9685.32 0.0417096
9909.55 0.0436631
10139 0.0457082
10373.7 0.047849
10613.9 0.0500901
10859.6 0.0524362
11111 0.0548922
11368.3 0.0574632
11631.5 0.0601546
11900.8 0.0629721
12176.3 0.0659215
12458.2 0.0690091
12746.6 0.0722413
13041.7 0.075625
13343.7 0.079167
13652.6 0.082875
13968.7 0.0867567
14292.1 0.0908202
14623 0.095074
14961.5 0.0995271
15307.9 0.104189
15662.3 0.109069
16024.9 0.114177
16395.9 0.119525
16775.5 0.125123
17163.9 0.130984
17561.3 0.137119
17967.8 0.143541
18383.8 0.150265
18809.4 0.157303
19244.9 0.16467
19690.5 0.172383
20146.3 0.180457
20612.8 0.18891
21090 0.197758
21578.2 0.207021
22077.8 0.216717
22589 0.226868
23111.9 0.237494
23647 0.248618
24194.5 0.260263
24754.6 0.272453
25327.7 0.285214
25914.1 0.298573
26514.1 0.312558
27127.9 0.327198
27756 0.342523
28398.6 0.358566
29056.1 0.375361
29728.8 0.392943
30417 0.411348
31121.2 0.430615
31841.8 0.450784
32579 0.471898
33333.2 0.494001
34104.9 0.51714
34894.5 0.541362
35702.4 0.566719
36529 0.593263
37374.7 0.621051
38240 0.65014
39125.3 0.680592
40031.1 0.71247
40957.9 0.745842
41906.2 0.780776
42876.4 0.817347
43869 0.85563
44884.7 0.895707
45923.8 0.937661
46987 0.98158
48074.9 1.02756
49187.9 1.07569
50326.7 1.12607
51491.8 1.17881
52684 1.23403
53903.7 1.29183
55151.6 1.35234
56428.5 1.41568
57734.9 1.48199
59071.6 1.5514
60439.2 1.62407
61838.5 1.70014
63270.1 1.77977
64735 1.86314
66233.7 1.9504
67767.1 2.04176
69336 2.13739
70941.3 2.23751
72583.7 2.34231
74264.2 2.45202
75983.5 2.56687
77742.7 2.6871
79542.5 2.81297
81384.1 2.94472
83268.3 3.08265
85196.1 3.22704
87168.5 3.37819
89186.6 3.53642
91251.4 3.70207
93364.1 3.87547
95525.6 4.05699
97737.2 4.24702
100000 4.44595
