8.61e-06 0.0096224 494
494
8.61e-06 1.8432e-09
8.71e-06 1.79251e-09
9.01571e-06 1.62304e-09
9.33254e-06 1.46031e-09
9.66051e-06 1.30508e-09
1e-05 1.15704e-09
1.02329e-05 1.06291e-09
1.05e-05 9.61616e-10
1.0756e-05 8.7087e-10
1.1e-05 7.9006e-10
1.127e-05 7.06728e-10
1.15e-05 6.40483e-10
1.1749e-05 5.73502e-10
1.2004e-05 5.09719e-10
1.222e-05 4.59373e-10
1.24452e-05 4.10357e-10
1.26e-05 3.7861e-10
1.28e-05 3.39918e-10
1.3e-05 3.03755e-10
1.32e-05 2.70031e-10
1.34e-05 2.38666e-10
1.357e-05 2.13811e-10
1.372e-05 1.93219e-10
1.385e-05 1.76365e-10
1.4e-05 1.5804e-10
1.415e-05 1.40891e-10
1.43e-05 1.24894e-10
1.44544e-05 1.09604e-10
1.46e-05 9.62553e-11
1.47e-05 8.76784e-11
1.48e-05 7.9575e-11
1.49e-05 7.19386e-11
1.5e-05 6.47638e-11
1.511e-05 5.73968e-11
1.522e-05 5.05728e-11
1.53109e-05 4.53393e-11
1.54e-05 4.05574e-11
1.55e-05 3.56008e-11
1.56e-05 3.10714e-11
1.57e-05 2.69639e-11
1.58e-05 2.32733e-11
1.59e-05 1.99944e-11
1.617e-05 1.31606e-11
1.625e-05 1.16917e-11
1.632e-05 1.06116e-11
1.637e-05 9.95642e-12
1.642e-05 9.39758e-12
1.646e-05 9.02511e-12
1.646e-05 1.05877e-08
1.647e-05 1.06009e-08
1.651e-05 1.06541e-08
1.655e-05 1.07075e-08
1.6585e-05 1.07543e-08
1.662e-05 1.08014e-08
1.666e-05 1.08553e-08
1.67e-05 1.09094e-08
1.6735e-05 1.09569e-08
1.677e-05 1.10046e-08
1.681e-05 1.10593e-08
1.685e-05 1.11141e-08
1.685e-05 1.79716e-08
1.6885e-05 1.80629e-08
1.692e-05 1.81546e-08
1.6971e-05 1.82887e-08
1.7e-05 1.83654e-08
1.702e-05 1.84215e-08
1.707e-05 1.85624e-08
1.712e-05 1.87041e-08
1.72e-05 1.89324e-08
1.73e-05 1.92205e-08
1.75e-05 1.98059e-08
1.76e-05 2.01032e-08
1.77e-05 2.04201e-08
1.782e-05 2.08049e-08
1.793e-05 2.11621e-08
1.804e-05 2.15234e-08
1.815e-05 2.1889e-08
1.8197e-05 2.20465e-08
1.826e-05 2.22695e-08
1.84e-05 2.27708e-08
1.855e-05 2.33165e-08
1.87e-05 2.3871e-08
1.88365e-05 2.43834e-08
1.885e-05 2.44369e-08
1.9e-05 2.50363e-08
1.915e-05 2.56458e-08
1.92753e-05 2.61625e-08
1.9447e-05 2.68827e-08
1.95e-05 2.71075e-08
1.965e-05 2.77773e-08
1.985e-05 2.8688e-08
2e-05 2.93844e-08
2.01837e-05 3.0271e-08
2.02e-05 3.03536e-08
2.047e-05 3.17401e-08
2.07e-05 3.29558e-08
2.0758e-05 3.3275e-08
2.0893e-05 3.40256e-08
2.1e-05 3.46475e-08
2.13e-05 3.6433e-08
2.15e-05 3.7659e-08
2.16272e-05 3.84712e-08
2.2e-05 4.0993e-08
2.23872e-05 4.37366e-08
2.2396e-05 4.38015e-08
2.26464e-05 4.568e-08
2.285e-05 4.72899e-08
2.33e-05 5.09946e-08
2.37137e-05 5.46419e-08
2.42661e-05 5.99164e-08
2.45e-05 6.22592e-08
2.485e-05 6.59406e-08
2.51189e-05 6.88753e-08
2.54097e-05 7.22167e-08
2.58e-05 7.68867e-08
2.61e-05 8.0671e-08
2.69e-05 9.14445e-08
2.69153e-05 9.16612e-08
2.77e-05 1.03413e-07
2.78612e-05 1.05962e-07
2.85102e-05 1.16786e-07
2.95121e-05 1.35115e-07
3.05492e-05 1.56304e-07
3.16228e-05 1.80798e-07
3.3e-05 2.16361e-07
3.45e-05 2.60887e-07
3.46737e-05 2.66459e-07
3.50752e-05 2.79539e-07
3.63078e-05 3.22454e-07
3.75837e-05 3.71936e-07
3.80189e-05 3.89823e-07
4.02717e-05 4.91908e-07
4.0738e-05 5.14936e-07
4.2658e-05 6.17321e-07
4.3e-05 6.37039e-07
4.31519e-05 6.45784e-07
4.51856e-05 7.70133e-07
4.57088e-05 8.04787e-07
4.84172e-05 9.9581e-07
5.12861e-05 1.22276e-06
5.188e-05 1.27205e-06
5.4e-05 1.45951e-06
5.4325e-05 1.48918e-06
5.55904e-05 1.60687e-06
5.68853e-05 1.73384e-06
6e-05 2.05351e-06
6.0256e-05 2.081e-06
6.30957e-05 2.39417e-06
6.38264e-05 2.47823e-06
6.5e-05 2.61363e-06
6.68344e-05 2.83479e-06
6.76083e-05 2.93007e-06
7e-05 3.23001e-06
7.07946e-05 3.33383e-06
7.16143e-05 3.44142e-06
7.5e-05 3.89771e-06
7.58578e-05 4.01721e-06
7.67362e-05 4.14189e-06
8.03526e-05 4.66644e-06
8.22243e-05 4.94871e-06
8.60994e-05 5.55038e-06
8.91251e-05 6.04099e-06
9.059e-05 6.2815e-06
9.059e-05 6.69582e-06
9.12011e-05 6.80154e-06
9.24e-05 7.00856e-06
9.3e-05 7.11209e-06
9.35e-05 7.19771e-06
9.374e-05 7.23857e-06
9.374e-05 7.45114e-06
9.47e-05 7.61945e-06
9.5e-05 7.6721e-06
9.54993e-05 7.75946e-06
9.55e-05 7.75959e-06
9.66051e-05 7.94922e-06
9.72e-05 8.05189e-06
9.78e-05 8.15603e-06
9.8e-05 8.19074e-06
9.96e-05 8.47185e-06
0.0001 8.5428e-06
0.000101158 8.7465e-06
0.000102329 8.95714e-06
0.000103 9.07598e-06
0.000104713 9.38623e-06
0.000105 9.43932e-06
0.0001065 9.72031e-06
0.000107152 9.84505e-06
0.000108 1.00062e-05
0.000109 1.01997e-05
0.000109648 1.03266e-05
0.0001105 1.0491e-05
0.000111 1.05886e-05
0.000112202 1.08269e-05
0.0001128 1.09471e-05
0.000113501 1.10902e-05
0.000114815 1.1362e-05
0.000115 1.14e-05
0.000116145 1.16378e-05
0.0001165 1.17125e-05
0.00011711 1.1842e-05
0.000118 1.20267e-05
0.0001198 1.24092e-05
0.000120226 1.25012e-05
0.0001205 1.25604e-05
0.000122 1.28897e-05
0.000123027 1.3114e-05
0.000124452 1.34305e-05
0.000126 1.37701e-05
0.00012735 1.40717e-05
0.000130317 1.47503e-05
0.000131826 1.50966e-05
0.000135 1.58194e-05
0.000136458 1.61591e-05
0.00013743 1.6388e-05
0.00013743 1.71041e-05
0.000138038 1.72564e-05
0.00014018 1.77892e-05
0.000141254 1.80525e-05
0.000146218 1.9298e-05
0.000148 1.97501e-05
0.00015 2.0262e-05
0.000154882 2.15085e-05
0.000156675 2.19744e-05
0.000160324 2.2924e-05
0.000162 2.3358e-05
0.000162181 2.34048e-05
0.00016788 2.49058e-05
0.000169 2.52026e-05
0.000172 2.59989e-05
0.000176 2.70554e-05
0.00018197 2.86621e-05
0.000182 2.86702e-05
0.000186209 2.98005e-05
0.00019 3.08159e-05
0.000194984 3.21604e-05
0.000195 3.21646e-05
0.000198 3.29778e-05
0.0002 3.35176e-05
0.000204174 3.46285e-05
0.000206538 3.52651e-05
0.00020893 3.59044e-05
0.000216272 3.78695e-05
0.000223872 3.98534e-05
0.000226464 4.05303e-05
0.00023 4.14459e-05
0.000231739 4.18984e-05
0.000237137 4.32778e-05
0.00024 4.40149e-05
0.000248313 4.6116e-05
0.00025 4.65471e-05
0.000251189 4.6842e-05
0.000254097 4.75625e-05
0.000260016 4.90262e-05
0.000266073 5.05158e-05
0.000269154 5.12768e-05
0.00027227 5.20408e-05
0.000275423 5.27962e-05
0.000281838 5.43455e-05
0.000285102 5.51216e-05
0.000295121 5.75002e-05
0.0003 5.86486e-05
0.000301995 5.9117e-05
0.000305492 5.99235e-05
0.000312608 6.1553e-05
0.00031989 6.32431e-05
0.00032 6.32683e-05
0.000328 6.50503e-05
0.000331131 6.57502e-05
0.000338844 6.74561e-05
0.000343 6.83747e-05
0.000346737 6.91887e-05
0.000354813 7.09106e-05
0.000363078 7.26823e-05
0.00037 7.41347e-05
0.000371535 7.44518e-05
0.000380189 7.625e-05
0.00039355 7.89772e-05
0.000398107 7.99017e-05
0.0004 8.02795e-05
0.000412098 8.26557e-05
0.00042 8.42243e-05
0.00042658 8.55039e-05
0.000435 8.71336e-05
0.00044157 8.83818e-05
0.000446684 8.93414e-05
0.00046 9.18462e-05
0.000467735 9.32958e-05
0.00047 9.37123e-05
0.00047863 9.52616e-05
0.000489779 9.72785e-05
0.00049545 9.82953e-05
0.000506991 0.00010033
0.0005188 0.000102373
0.000537032 0.00010548
0.00054 0.000105983
0.000555904 0.000108653
0.000568853 0.000110763
0.000588844 0.000113977
0.000609537 0.000117247
0.000630957 0.000120561
0.000638263 0.000121677
0.000653131 0.000123899
0.000668344 0.000126159
0.0007 0.00013073
0.000724436 0.000134165
0.000732825 0.000135324
0.000767361 0.000139969
0.000776247 0.00014115
0.000803526 0.000144736
0.000831764 0.000148293
0.00085 0.000150579
0.000851138 0.000150719
0.000860994 0.000151932
0.000891251 0.000155613
0.000901571 0.000156821
0.000933254 0.000160509
0.000954993 0.000162999
0.000966051 0.000164252
0.000977237 0.000165502
0.00101158 0.000169203
0.001026 0.000170746
0.001026 0.000380044
0.00102618 0.000386223
0.0010265 0.000401099
0.00102685 0.000416942
0.0010272 0.000432368
0.00102765 0.000451528
0.001028 0.000466039
0.0010285 0.000486023
0.001029 0.000505344
0.0010295 0.000523966
0.00103 0.000541861
0.0010306 0.000562467
0.0010311 0.00057895
0.0010318 0.000601045
0.0010326 0.000624897
0.0010333 0.000644592
0.0010341 0.000665808
0.00103514 0.000691449
0.001036 0.000710959
0.0010371 0.000733949
0.0010385 0.000760136
0.00104 0.00078465
0.0010415 0.000805822
0.001043 0.000823965
0.001045 0.000843993
0.0010473 0.000861983
0.00105 0.000877552
0.0010505 0.000879525
0.0010505 0.000985372
0.00105061 0.000987806
0.0010509 0.000995905
0.0010512 0.00100416
0.0010515 0.00101222
0.00105195 0.00102398
0.0010524 0.00103548
0.00105285 0.00104662
0.001053 0.0010502
0.0010533 0.00105708
0.0010537 0.00106588
0.0010543 0.00107867
0.001055 0.00109303
0.0010556 0.00110485
0.0010561 0.00111436
0.0010565 0.00112155
0.0010569 0.00112844
0.0010577 0.00114129
0.0010585 0.00115344
0.0010595 0.00116767
0.0010604 0.00117962
0.0010615 0.00119317
0.0010627 0.00120569
0.001064 0.00121781
0.0010655 0.00123013
0.001067 0.0012408
0.0010685 0.00124998
0.0010705 0.00126021
0.0010727 0.00126918
0.001075 0.00127655
0.001078 0.00128373
0.0010815 0.00128961
0.00108393 0.00129248
0.001085 0.00129374
0.00109 0.00129763
0.001094 0.00130125
0.00109648 0.00130328
0.001113 0.00131678
0.00112 0.00132301
0.00113501 0.00133231
0.001143 0.00133724
0.001145 0.00133819
0.00114815 0.00133949
0.001165 0.00134632
0.0011749 0.00134985
0.001175 0.00134989
0.0011844 0.00135446
0.0011844 0.00153945
0.00120226 0.0015521
0.00121619 0.00156279
0.0012735 0.00160654
0.00130317 0.00162891
0.00135 0.00166505
0.00136458 0.00167621
0.00138038 0.00168828
0.00142889 0.00172438
0.00145 0.00173998
0.00146218 0.00174848
0.0015 0.00177416
0.00151356 0.00178332
0.00154882 0.00180695
0.00158489 0.00183103
0.00160325 0.00184322
0.00161 0.0018477
0.00162181 0.0018554
0.00167 0.0018841
0.00169824 0.00190052
0.0017378 0.00192331
0.00175792 0.00193484
0.00177828 0.00194647
0.00184077 0.00197818
0.00188365 0.00199984
0.00190546 0.00201084
0.00199526 0.00205567
0.002 0.00205794
0.00201837 0.00206671
0.0020893 0.00210034
0.00211349 0.00211176
0.00216272 0.00213273
0.00218776 0.0021433
0.00223872 0.00216424
0.00226464 0.00217487
0.00231739 0.00219634
0.00237137 0.00221631
0.00245471 0.00224692
0.00254097 0.00227831
0.0025704 0.00228855
0.00266073 0.00231975
0.00269154 0.00233036
0.0027227 0.00234069
0.00275423 0.00235043
0.0028 0.00236447
0.00281838 0.00237007
0.00291743 0.00239915
0.00305492 0.00243918
0.00312608 0.00245823
0.00323594 0.00248739
0.00331131 0.00250637
0.00346737 0.00254515
0.0035 0.00255324
0.00350752 0.00255504
0.00354813 0.00256408
0.00365 0.00258659
0.00371535 0.00260034
0.00375837 0.0026094
0.00389045 0.00263707
0.0039355 0.00264644
0.00402717 0.00266551
0.0040738 0.00267513
0.00416869 0.00269286
0.0042658 0.00270982
0.00436516 0.00272711
0.00446684 0.00274483
0.00457088 0.00276297
0.00462381 0.00277205
0.00467735 0.00278097
0.0048 0.00280017
0.00484172 0.00280627
0.00506991 0.00283954
0.005188 0.00285682
0.00530884 0.00287439
0.00537032 0.00288304
0.0054325 0.00289116
0.00549541 0.00289875
0.0057544 0.00293004
0.00588844 0.00294633
0.00616595 0.00297994
0.00623735 0.00298834
0.00630957 0.00299547
0.00653131 0.00301737
0.00668344 0.00303251
0.00691831 0.00305583
0.00707946 0.00307193
0.00716143 0.00308015
0.00724436 0.0030874
0.00758578 0.00311484
0.00767361 0.00312197
0.00812831 0.00315892
0.00823037 0.00316729
0.00831764 0.00317447
0.00841395 0.00318121
0.00851138 0.00318794
0.00881049 0.00320728
0.00954993 0.00325572
0.0096224 0.00326054
