4.58e-06 0.027921 838
838
4.58e-06 1.34911e-09
4.91e-06 1.42553e-09
4.91e-06 2.26347e-09
5.12861e-06 2.35003e-09
5.24807e-06 2.39507e-09
5.7544e-06 2.57849e-09
6.30957e-06 2.75847e-09
6.53131e-06 2.82684e-09
6.91831e-06 2.93767e-09
7.24436e-06 3.02565e-09
7.7e-06 3.13885e-09
8.12831e-06 3.23803e-09
8.51138e-06 3.3185e-09
9.01571e-06 3.41594e-09
9.44061e-06 3.48956e-09
1e-05 3.57789e-09
1.03514e-05 3.62655e-09
1.083e-05 3.68621e-09
1.083e-05 5.84977e-09
1.10917e-05 5.72766e-09
1.11e-05 5.72393e-09
1.15e-05 5.54964e-09
1.19e-05 5.38958e-09
1.23027e-05 5.2455e-09
1.25892e-05 5.1482e-09
1.27e-05 5.11285e-09
1.31e-05 4.9905e-09
1.35e-05 4.88147e-09
1.36458e-05 4.84398e-09
1.3884e-05 4.78549e-09
1.39637e-05 4.76611e-09
1.42e-05 4.71093e-09
1.45e-05 4.64576e-09
1.485e-05 4.57702e-09
1.51356e-05 4.52641e-09
1.515e-05 4.52391e-09
1.54882e-05 4.467e-09
1.55e-05 4.46509e-09
1.58489e-05 4.41071e-09
1.62181e-05 4.36024e-09
1.65959e-05 4.31576e-09
1.69824e-05 4.27725e-09
1.71e-05 4.26605e-09
1.71791e-05 4.25879e-09
1.77e-05 4.21445e-09
1.8e-05 4.19434e-09
1.822e-05 4.18203e-09
1.84077e-05 4.1731e-09
1.86e-05 4.16545e-09
1.877e-05 4.15992e-09
1.892e-05 4.15599e-09
1.90546e-05 4.1532e-09
1.92e-05 4.15098e-09
1.92753e-05 4.15025e-09
1.935e-05 4.14864e-09
1.95e-05 4.14625e-09
1.965e-05 4.14471e-09
1.98e-05 4.14401e-09
1.99526e-05 4.14416e-09
2.01e-05 4.14511e-09
2.025e-05 4.14688e-09
2.04174e-05 4.14981e-09
2.055e-05 4.15284e-09
2.07e-05 4.15701e-09
2.09e-05 4.16379e-09
2.11349e-05 4.1735e-09
2.14e-05 4.1867e-09
2.16272e-05 4.19997e-09
2.17e-05 4.20416e-09
2.23872e-05 4.25311e-09
2.31739e-05 4.32507e-09
2.37137e-05 4.38555e-09
2.42661e-05 4.45652e-09
2.458e-05 4.50034e-09
2.458e-05 5.53298e-08
2.48313e-05 5.65171e-08
2.51189e-05 5.8138e-08
2.52e-05 5.8601e-08
2.54097e-05 5.99796e-08
2.549e-05 6.05129e-08
2.549e-05 9.634e-08
2.55e-05 9.6439e-08
2.58e-05 9.96854e-08
2.60016e-05 1.02169e-07
2.61e-05 1.03398e-07
2.64e-05 1.07614e-07
2.66072e-05 1.10906e-07
2.67e-05 1.12405e-07
2.685e-05 1.14981e-07
2.7e-05 1.17724e-07
2.7227e-05 1.22188e-07
2.73e-05 1.23705e-07
2.74e-05 1.25808e-07
2.77e-05 1.32644e-07
2.78612e-05 1.36585e-07
2.8e-05 1.40216e-07
2.815e-05 1.4423e-07
2.83e-05 1.48458e-07
2.85102e-05 1.54818e-07
2.87e-05 1.60904e-07
2.88403e-05 1.65531e-07
2.9e-05 1.71153e-07
2.945e-05 1.88318e-07
2.95121e-05 1.90878e-07
3e-05 2.12502e-07
3.04e-05 2.32713e-07
3.06e-05 2.4343e-07
3.08e-05 2.54768e-07
3.12608e-05 2.83342e-07
3.16228e-05 3.08067e-07
3.19889e-05 3.35481e-07
3.23e-05 3.60736e-07
3.3e-05 4.23755e-07
3.35e-05 4.75273e-07
3.46737e-05 6.1834e-07
3.50752e-05 6.75282e-07
3.54813e-05 7.37512e-07
3.5909e-05 8.07329e-07
3.67282e-05 9.57334e-07
3.73e-05 1.07261e-06
3.77e-05 1.16026e-06
3.84592e-05 1.33851e-06
3.85e-05 1.34873e-06
3.9e-05 1.47493e-06
3.95e-05 1.61115e-06
4.02717e-05 1.83286e-06
4.03e-05 1.84146e-06
4.0738e-05 1.9729e-06
4.12098e-05 2.12324e-06
4.16869e-05 2.27798e-06
4.18e-05 2.31601e-06
4.2658e-05 2.60757e-06
4.35e-05 2.90373e-06
4.42e-05 3.15464e-06
4.46684e-05 3.32123e-06
4.5e-05 3.44338e-06
4.51856e-05 3.50881e-06
4.57088e-05 3.69856e-06
4.65e-05 3.9796e-06
4.67735e-05 4.0727e-06
4.73151e-05 4.26187e-06
4.8e-05 4.48867e-06
4.82e-05 4.55653e-06
4.9e-05 4.80851e-06
4.92e-05 4.86909e-06
4.9545e-05 4.96972e-06
5e-05 5.10452e-06
5.01187e-05 5.13743e-06
5.06991e-05 5.29171e-06
5.11e-05 5.39995e-06
5.188e-05 5.58795e-06
5.19e-05 5.59281e-06
5.3e-05 5.82715e-06
5.30884e-05 5.84304e-06
5.37032e-05 5.95391e-06
5.4e-05 6.00775e-06
5.5e-05 6.15704e-06
5.62341e-05 6.29838e-06
5.65e-05 6.31903e-06
5.68853e-05 6.34892e-06
5.73e-05 6.38103e-06
5.7544e-05 6.39656e-06
5.82103e-05 6.42421e-06
5.85e-05 6.43617e-06
5.88844e-05 6.44702e-06
5.95662e-05 6.45175e-06
6.0256e-05 6.44739e-06
6.09537e-05 6.429e-06
6.16595e-05 6.40061e-06
6.23735e-05 6.35874e-06
6.30957e-05 6.30728e-06
6.38264e-05 6.24316e-06
6.45654e-05 6.17012e-06
6.53131e-05 6.08549e-06
6.60693e-05 5.99288e-06
6.68344e-05 5.8899e-06
6.76083e-05 5.77987e-06
6.83912e-05 5.66092e-06
6.85e-05 5.64469e-06
6.91831e-05 5.53767e-06
7e-05 5.40341e-06
7.07946e-05 5.27072e-06
7.16143e-05 5.1296e-06
7.24436e-05 4.98557e-06
7.32824e-05 4.83747e-06
7.35e-05 4.80008e-06
7.4131e-05 4.68959e-06
7.5e-05 4.536e-06
7.58578e-05 4.38629e-06
7.67362e-05 4.23255e-06
7.8e-05 4.01636e-06
7.9e-05 3.84859e-06
8e-05 3.68477e-06
8.03526e-05 3.62699e-06
8.12831e-05 3.48014e-06
8.23e-05 3.32434e-06
8.31764e-05 3.19305e-06
8.387e-05 3.09137e-06
8.387e-05 3.54267e-06
8.41395e-05 3.50944e-06
8.46e-05 3.45216e-06
8.54e-05 3.35449e-06
8.555e-05 3.33629e-06
8.57e-05 3.31827e-06
8.6421e-05 3.23188e-06
8.65e-05 3.22243e-06
8.74e-05 3.11451e-06
8.81049e-05 3.03255e-06
8.85e-05 2.98716e-06
8.91251e-05 2.91624e-06
9e-05 2.8187e-06
9.07e-05 2.74322e-06
9.077e-05 2.73569e-06
9.077e-05 2.98891e-06
9.13e-05 2.94108e-06
9.15e-05 2.92322e-06
9.19e-05 2.88657e-06
9.22571e-05 2.85411e-06
9.25e-05 2.83254e-06
9.33254e-05 2.76043e-06
9.42e-05 2.68539e-06
9.44061e-05 2.66798e-06
9.5e-05 2.6175e-06
9.54993e-05 2.57581e-06
9.61e-05 2.52656e-06
9.72e-05 2.4398e-06
9.77237e-05 2.4e-06
9.85e-05 2.34211e-06
9.88553e-05 2.31619e-06
9.9e-05 2.30561e-06
9.95e-05 2.26982e-06
0.0001 2.23571e-06
0.000101158 2.15988e-06
0.000102329 2.08817e-06
0.000103 2.04881e-06
0.000105925 1.89902e-06
0.000106 1.89556e-06
0.000107152 1.84554e-06
0.000109 1.77481e-06
0.000109648 1.75242e-06
0.00011 1.74145e-06
0.000111 1.71212e-06
0.00011127 1.70488e-06
0.0001128 1.66752e-06
0.000113501 1.65268e-06
0.0001143 1.63869e-06
0.000115 1.62806e-06
0.0001155 1.62129e-06
0.00011664 1.60847e-06
0.000117 1.60503e-06
0.00011749 1.60142e-06
0.000118 1.59871e-06
0.0001185 1.59674e-06
0.0001194 1.59517e-06
0.0001198 1.59499e-06
0.0001205 1.59596e-06
0.0001209 1.59698e-06
0.000121619 1.60012e-06
0.0001217 1.60062e-06
0.000122 1.60282e-06
0.00012222 1.60443e-06
0.000123027 1.61189e-06
0.0001235 1.6169e-06
0.000124452 1.62855e-06
0.0001245 1.62922e-06
0.000125 1.63701e-06
0.0001255 1.64482e-06
0.000125892 1.65133e-06
0.000126 1.65332e-06
0.0001265 1.66317e-06
0.00012735 1.68082e-06
0.00012764 1.68738e-06
0.0001279 1.69357e-06
0.0001279 2.06029e-06
0.000128 2.06348e-06
0.000128825 2.09037e-06
0.000129 2.0964e-06
0.00013046 2.14901e-06
0.000131826 2.20453e-06
0.0001322 2.22055e-06
0.0001335 2.27897e-06
0.000134 2.3023e-06
0.000135 2.35093e-06
0.00013509 2.35549e-06
0.0001358 2.39238e-06
0.0001365 2.43008e-06
0.000138038 2.51614e-06
0.0001385 2.54304e-06
0.000139 2.57285e-06
0.00014 2.63405e-06
0.000141254 2.71489e-06
0.000142889 2.82543e-06
0.000143 2.83305e-06
0.000144544 2.94345e-06
0.000146218 3.06769e-06
0.0001465 3.08939e-06
0.000151356 3.49029e-06
0.000153109 3.6475e-06
0.000154882 3.81103e-06
0.000156 3.91836e-06
0.000156675 3.984e-06
0.000158489 4.16625e-06
0.00016119 4.44675e-06
0.000162181 4.55282e-06
0.0001635 4.69805e-06
0.000165959 4.97502e-06
0.00016788 5.19897e-06
0.000169824 5.43069e-06
0.00017012 5.46646e-06
0.0001705 5.5129e-06
0.000172 5.6974e-06
0.000176 6.20534e-06
0.000177828 6.44692e-06
0.00018 6.73684e-06
0.00018197 7.00567e-06
0.000182 7.00983e-06
0.000186209 7.60324e-06
0.000188 7.86442e-06
0.000188365 7.91751e-06
0.000190546 8.23924e-06
0.000193 8.60703e-06
0.000197242 9.25951e-06
0.0002 9.69701e-06
0.000204174 1.03737e-05
0.000206538 1.07666e-05
0.00020893 1.11655e-05
0.000211349 1.15771e-05
0.000213796 1.19985e-05
0.000216272 1.24267e-05
0.000219 1.29097e-05
0.000222 1.34489e-05
0.000226464 1.42616e-05
0.000231739 1.5241e-05
0.000235 1.58559e-05
0.000237137 1.6261e-05
0.00024 1.68141e-05
0.000242661 1.73286e-05
0.000245471 1.78803e-05
0.000248313 1.84372e-05
0.000251189 1.90116e-05
0.000254097 1.9592e-05
0.00025704 2.01885e-05
0.000260016 2.07951e-05
0.000263027 2.14174e-05
0.000266073 2.20458e-05
0.000269154 2.26882e-05
0.00027227 2.33402e-05
0.000273 2.34945e-05
0.000275423 2.40094e-05
0.000278612 2.46821e-05
0.000281838 2.53737e-05
0.00029 2.71419e-05
0.000295121 2.82538e-05
0.000301995 2.97605e-05
0.000305492 3.05438e-05
0.00031 3.15488e-05
0.000312608 3.21294e-05
0.000316228 3.29422e-05
0.00031989 3.37687e-05
0.00032 3.37938e-05
0.000327341 3.54412e-05
0.000334965 3.71691e-05
0.000338844 3.80645e-05
0.000343 3.90156e-05
0.000346737 3.98734e-05
0.000358922 4.26696e-05
0.00036 4.29215e-05
0.000363078 4.36279e-05
0.000367282 4.46016e-05
0.000371535 4.5582e-05
0.000375837 4.6575e-05
0.000380189 4.75852e-05
0.000385 4.87092e-05
0.00039355 5.0693e-05
0.00041 5.45503e-05
0.000412098 5.50339e-05
0.000416869 5.61407e-05
0.00042658 5.83865e-05
0.000431519 5.95395e-05
0.000436516 6.07154e-05
0.000446684 6.30852e-05
0.00045 6.38539e-05
0.000451856 6.42836e-05
0.000453 6.45463e-05
0.000453 7.13352e-05
0.0004537 7.14073e-05
0.0004542 7.14831e-05
0.0004548 7.16098e-05
0.0004552 7.17167e-05
0.0004557 7.18774e-05
0.0004562 7.20696e-05
0.0004568 7.23473e-05
0.0004574 7.26828e-05
0.00045795 7.30471e-05
0.0004585 7.34721e-05
0.0004591 7.40142e-05
0.0004596 7.45363e-05
0.00046 7.50051e-05
0.0004605 7.56614e-05
0.000461 7.64035e-05
0.00046104 7.64687e-05
0.00046104 8.11009e-05
0.0004615 8.19076e-05
0.00046206 8.30114e-05
0.000462381 8.37175e-05
0.0004627 8.44485e-05
0.0004635 8.65404e-05
0.000464 8.80461e-05
0.0004644 8.93594e-05
0.0004645 8.97113e-05
0.000465 9.15841e-05
0.0004655 9.36408e-05
0.000466 9.59153e-05
0.0004666 9.89421e-05
0.0004671 0.000101737
0.0004677 0.000105455
0.000467735 0.000105681
0.0004683 0.000109489
0.0004688 0.000113203
0.0004689 0.000113989
0.0004692 0.000116346
0.0004697 0.000120565
0.0004702 0.000125029
0.0004704 0.000126928
0.0004708 0.000130782
0.0004711 0.000133853
0.0004714 0.000136958
0.0004718 0.000141347
0.0004721 0.000144681
0.0004726 0.000150608
0.000473151 0.00015733
0.0004733 0.000159232
0.0004735 0.000161865
0.0004742 0.000171232
0.000475 0.000182557
0.0004755 0.000189924
0.0004757 0.000192987
0.0004765 0.000205469
0.0004774 0.00022013
0.0004775 0.000221768
0.00047838 0.000236793
0.0004785 0.000238853
0.00047863 0.000241084
0.0004792 0.000251224
0.00048 0.000265523
0.0004803 0.000271091
0.0004807 0.000278322
0.0004815 0.000293331
0.0004823 0.000308211
0.0004826 0.000313919
0.0004832 0.000325187
0.0004835 0.000330859
0.000484172 0.000343447
0.0004845 0.000349629
0.000485 0.000358817
0.0004858 0.000373761
0.0004865 0.000386381
0.0004869 0.000393641
0.0004873 0.000400692
0.000488 0.000413
0.0004883 0.000418092
0.000489 0.000429888
0.0004895 0.000438287
0.000489779 0.000442754
0.00049 0.000446339
0.0004907 0.000457437
0.0004911 0.000463503
0.0004923 0.000481395
0.0004935 0.000497737
0.000494 0.000504406
0.0004945 0.000510607
0.00049545 0.000521985
0.0004958 0.000526251
0.0004973 0.000541976
0.000498 0.000548977
0.0004985 0.000553522
0.0005 0.000566345
0.00050167 0.000578269
0.000502 0.000580395
0.0005035 0.000588981
0.000505 0.000596674
0.000506991 0.000604411
0.000507 0.000604448
0.000508 0.00060776
0.000509 0.000610565
0.000512 0.000617207
0.0005135 0.000619755
0.000515 0.000621975
0.000519 0.000626408
0.00053 0.000635863
0.000537032 0.000643037
0.00054325 0.000650081
0.000549541 0.000657157
0.00055 0.000657673
0.000582103 0.000693639
0.00059 0.000703174
0.000595662 0.000710379
0.0006 0.000715897
0.000609537 0.000728042
0.00062 0.000741356
0.000623735 0.00074611
0.000630957 0.000755274
0.000635 0.000760406
0.000645654 0.000773908
0.000653131 0.00078288
0.00066067 0.00079159
0.00066067 0.000836233
0.00066085 0.000837672
0.00066115 0.000840512
0.00066145 0.000843303
0.0006619 0.000847345
0.00066235 0.000851226
0.0006628 0.000854971
0.0006633 0.000858927
0.0006637 0.000861962
0.0006642 0.000865583
0.0006648 0.000869665
0.0006655 0.000874085
0.0006661 0.000877596
0.0006669 0.000881906
0.0006677 0.00088582
0.000668344 0.000888672
0.0006685 0.000889371
0.0006695 0.000893352
0.00067 0.000895093
0.0006707 0.00089755
0.0006719 0.000901224
0.0006735 0.000905473
0.000675 0.000908942
0.000676083 0.000911133
0.0006772 0.000913395
0.00068 0.000918373
0.000685 0.000926415
0.000691831 0.000937214
0.00069962 0.000949562
0.00069962 0.000970833
0.000699842 0.000971952
0.0007 0.000972833
0.00070015 0.000973685
0.0007005 0.000975614
0.00070085 0.0009775
0.00070135 0.000980115
0.0007018 0.000982384
0.0007023 0.000984818
0.0007027 0.000986704
0.0007032 0.000988967
0.0007038 0.000991554
0.0007045 0.000994414
0.0007052 0.000997107
0.000706 0.000999991
0.0007067 0.00100235
0.0007075 0.00100488
0.0007085 0.00100783
0.0007095 0.00101056
0.000711 0.00101434
0.0007127 0.00101826
0.0007142 0.00102148
0.000716143 0.00102541
0.00071908 0.00103055
0.000724436 0.00103946
0.00073 0.00104875
0.00074131 0.00106692
0.00075 0.00108092
0.000754 0.00108738
0.000758578 0.00109462
0.000767361 0.00110854
0.000776247 0.00112148
0.000785236 0.00113461
0.000803526 0.00116134
0.00081124 0.00117262
0.00081124 0.00122473
0.000822243 0.0012419
0.000841395 0.00126974
0.000855 0.00128957
0.000860994 0.00129843
0.000870964 0.00131311
0.000881049 0.00132748
0.000891251 0.00134165
0.0009 0.00135379
0.000901571 0.00135597
0.000922571 0.00138516
0.000935 0.00140239
0.000944061 0.00141485
0.000954993 0.00142991
0.000966051 0.00144442
0.00097 0.00144959
0.000988553 0.00147335
0.001 0.0014879
0.00101158 0.00150266
0.00102329 0.00151761
0.00103514 0.00153216
0.00104713 0.00154624
0.00105925 0.00156048
0.00107 0.0015731
0.00108393 0.00158934
0.00110918 0.00161884
0.00111 0.00161981
0.00112202 0.00163385
0.00113501 0.00164862
0.00115 0.00166536
0.00116145 0.00167785
0.00117 0.00168716
0.0011749 0.00169245
0.0011885 0.00170715
0.00123027 0.00175237
0.00124452 0.00176731
0.00125892 0.00178188
0.0012735 0.00179622
0.00128825 0.00181077
0.00131826 0.00184036
0.00133352 0.00185526
0.00134896 0.00187032
0.00136458 0.00188557
0.00138038 0.00190037
0.00141254 0.00193
0.00142889 0.00194497
0.00144544 0.0019601
0.00146218 0.00197544
0.00147911 0.00199095
0.0015 0.00200992
0.00151356 0.00202193
0.00153109 0.00203695
0.00154882 0.00205207
0.00158489 0.00208224
0.00160325 0.00209756
0.00162181 0.00211284
0.00164059 0.00212789
0.00165959 0.00214315
0.0016788 0.00215858
0.00169824 0.00217381
0.00175792 0.00221971
0.00179887 0.00225088
0.0018 0.00225174
0.0018197 0.00226672
0.00184077 0.00228238
0.00186209 0.00229807
0.00188365 0.00231349
0.00190546 0.00232913
0.00192753 0.00234491
0.00194984 0.00236055
0.00195 0.00236065
0.002 0.0023951
0.00201837 0.00240734
0.00204174 0.00242292
0.00206538 0.00243868
0.0020893 0.00245453
0.00211349 0.00247016
0.00213796 0.00248601
0.00215 0.00249369
0.00216272 0.00250163
0.00221309 0.00253306
0.00223872 0.00254907
0.00226464 0.00256481
0.00231739 0.00259686
0.00239883 0.00264517
0.0024 0.00264586
0.00242661 0.00266088
0.00245471 0.0026767
0.00248313 0.00269271
0.0025 0.00270187
0.00254097 0.00272414
0.00263027 0.00277272
0.00266073 0.00278856
0.0027227 0.00282077
0.00275423 0.00283679
0.00278612 0.00285303
0.00281838 0.00286892
0.00285102 0.00288485
0.00295121 0.00293378
0.00301995 0.00296599
0.00305492 0.00298213
0.00309029 0.00299837
0.00312608 0.00301419
0.0031989 0.00304648
0.00327341 0.00307911
0.0033 0.0030905
0.00334965 0.00311128
0.0034 0.00313236
0.00342768 0.00314377
0.00346737 0.00316006
0.00354813 0.0031919
0.00358922 0.00320814
0.00363078 0.00322455
0.00367282 0.00324112
0.00371535 0.0032575
0.0037284 0.00326252
0.0037284 0.0105304
0.00375837 0.0105941
0.003813 0.0107092
0.00384592 0.0107454
0.00389045 0.010794
0.0039425 0.0108494
0.0039425 0.0148207
0.00402717 0.0150212
0.00405 0.0150752
0.0040738 0.0151183
0.0041 0.0151654
0.00416869 0.015269
0.0042138 0.0153367
0.0042138 0.0176273
0.004244 0.0176938
0.00428 0.0177728
0.00431519 0.0178539
0.00436516 0.0179684
0.0044157 0.0180833
0.00446684 0.0181897
0.00451856 0.0182935
0.00457088 0.0183935
0.00467735 0.0185956
0.0047863 0.0188018
0.0048 0.0188276
0.00489779 0.0189919
0.0049545 0.0190861
0.005 0.0191613
0.00506991 0.0192765
0.00512861 0.0193731
0.0052332 0.0195441
0.00524807 0.0195674
0.00530884 0.0196596
0.0054325 0.019846
0.0055 0.0199475
0.00555904 0.0200354
0.00562341 0.0201297
0.00568853 0.0202246
0.0057544 0.0203202
0.00582103 0.0204162
0.00588844 0.020513
0.0060256 0.0207096
0.00616595 0.0208977
0.00623735 0.0209923
0.00630957 0.0210898
0.00638264 0.0211874
0.00653131 0.0213795
0.00660693 0.0214763
0.00668344 0.021574
0.00691831 0.0218584
0.00699842 0.0219542
0.007 0.0219561
0.00716143 0.0221466
0.00724436 0.0222413
0.00732824 0.0223298
0.0074131 0.0224191
0.00749894 0.0225084
0.0075 0.0225095
0.00758578 0.0225983
0.00785236 0.0228734
0.00794328 0.0229565
0.00812831 0.0231256
0.00831764 0.023298
0.00841395 0.0233857
0.00851138 0.0234739
0.00860994 0.0235629
0.00870964 0.0236528
0.00891251 0.023824
0.00901571 0.0239086
0.00922571 0.0240804
0.00933254 0.0241674
0.0095 0.0243037
0.00954993 0.0243411
0.00966051 0.0244232
0.00977237 0.0245035
0.0101158 0.02475
0.0102329 0.0248292
0.0103514 0.0249086
0.0104713 0.0249891
0.0105 0.0250083
0.0107152 0.0251523
0.0108 0.0252091
0.0109648 0.0253187
0.011 0.0253421
0.0110917 0.025403
0.0112202 0.0254883
0.0115 0.0256613
0.0116145 0.025727
0.011749 0.0258034
0.011885 0.0258807
0.0120226 0.0259588
0.0121619 0.026037
0.0123027 0.0261157
0.0124452 0.0261918
0.0125892 0.0262689
0.012735 0.0263467
0.0130317 0.0265052
0.0131826 0.0265816
0.0133352 0.0266581
0.0134896 0.0267313
0.0138038 0.0268804
0.0139637 0.0269559
0.0141254 0.0270323
0.0144544 0.0271863
0.0146218 0.0272622
0.015 0.0274215
0.0151356 0.0274779
0.0153109 0.0275509
0.0154882 0.0276203
0.0156675 0.0276906
0.0158489 0.0277618
0.0162181 0.0279061
0.0164059 0.0279797
0.0165959 0.0280519
0.016788 0.0281241
0.0169824 0.0281971
0.0171791 0.0282712
0.017378 0.0283382
0.0175792 0.0284062
0.0177828 0.0284749
0.018 0.0285482
0.018197 0.0286106
0.0184077 0.0286775
0.0186209 0.0287448
0.0190546 0.0288825
0.0192753 0.0289527
0.0194985 0.0290212
0.0198207 0.0291187
0.02 0.0291725
0.0201837 0.0292277
0.0204174 0.0292909
0.0206538 0.0293549
0.020893 0.0294195
0.0211349 0.029485
0.0213796 0.0295474
0.0221309 0.0297388
0.0223872 0.0298045
0.0229087 0.0299386
0.0231739 0.030005
0.0234423 0.0300699
0.0237137 0.0301287
0.0242661 0.0302486
0.0245471 0.0303096
0.0248313 0.0303716
0.0251189 0.030434
0.025704 0.0305541
0.0266072 0.0307412
0.0269154 0.0308047
0.027227 0.0308607
0.0275423 0.0309175
0.0278612 0.030975
0.027921 0.0309858
