0.1192 0.473151 11 0
0.1192 2.25205
0.1218 2.28272
0.1225 2.28384
0.125 2.31691
0.128825 2.34557
0.133352 2.39634
0.25768 3.27884
0.30903 3.59846
0.363078 3.93642
0.412098 4.25037
0.473151 4.65868
0.02244 0.473151 22 1
0.02244 0.051565
0.02265 0.0519486
0.0234423 0.0543413
0.0238 0.0555202
0.0245 0.0574204
0.025704 0.0612811
0.027227 0.0655611
0.0307 0.0757695
0.0331131 0.0825851
0.0358922 0.0900576
0.044157 0.111157
0.0512861 0.127713
0.0568853 0.140092
0.0683912 0.163182
0.0822243 0.187828
0.0988553 0.214007
0.120226 0.243459
0.149624 0.278704
0.27227 0.396329
0.338844 0.454006
0.402717 0.508891
0.473151 0.570571
0.021702 0.457088 19 2
0.021702 0.0966437
0.022 0.0979925
0.02275 0.100225
0.0237137 0.102438
0.0245471 0.10462
0.0301995 0.115598
0.0334965 0.120591
0.0412098 0.129716
0.0512861 0.138053
0.0645654 0.145625
0.081283 0.152189
0.108393 0.159545
0.169824 0.171261
0.213796 0.178717
0.25704 0.186261
0.301995 0.194503
0.350752 0.203933
0.402717 0.214625
0.457088 0.226549
0.017626 0.457088 21 3
0.017626 0.125007
0.0179 0.126353
0.01865 0.128047
0.0192753 0.128988
0.0201837 0.130668
0.0248313 0.13596
0.0275423 0.137784
0.0331131 0.139952
0.0416869 0.140646
0.05188 0.139551
0.0638264 0.137242
0.08 0.133674
0.108393 0.127939
0.160325 0.120611
0.2 0.117413
0.24 0.115683
0.28 0.11524
0.319889 0.115666
0.363078 0.116869
0.40738 0.118753
0.457088 0.121532
0.0057122 0.451856 30 4
0.0057122 0.00217345
0.00589 0.00228438
0.0060256 0.00238093
0.0065 0.00270898
0.00691831 0.00299042
0.0075 0.00341941
0.00812831 0.00386548
0.00860994 0.0041993
0.00933254 0.00474439
0.01 0.00522992
0.0123027 0.00691801
0.0136458 0.00788677
0.0158489 0.00947764
0.018197 0.0111232
0.0204174 0.0126596
0.0245471 0.0154042
0.0295121 0.0185351
0.0354813 0.022068
0.0421697 0.025752
0.0501187 0.0297975
0.0588844 0.033893
0.0691831 0.0382947
0.0831764 0.0436825
0.101158 0.0497985
0.12735 0.0576129
0.161 0.0663539
0.260016 0.0878782
0.319889 0.0998185
0.384592 0.112556
0.451856 0.125866
0.0053655 0.412098 30 5
0.0053655 0.00289125
0.00582103 0.00339547
0.00609537 0.00369131
0.0068 0.00446651
0.00732824 0.00502527
0.00822243 0.00596959
0.00891251 0.00669529
0.0094 0.00720005
0.0110917 0.00886485
0.0119 0.00961484
0.014 0.0114498
0.0151356 0.0123717
0.0175792 0.0142108
0.0192753 0.0153709
0.0221309 0.0171597
0.0254097 0.0189587
0.0285102 0.0204678
0.0327341 0.0222693
0.0380189 0.0241845
0.044157 0.0260465
0.05188 0.0279778
0.0609537 0.0298222
0.0732824 0.0318116
0.0901571 0.0339217
0.112202 0.0360308
0.204174 0.0419752
0.254097 0.0446486
0.305492 0.0473737
0.358922 0.050265
0.412098 0.0532548
0.0044216 0.416869 31 6
0.0044216 0.00607563
0.00454 0.00630673
0.005188 0.00752095
0.00568853 0.0084383
0.00653131 0.00984313
0.00732824 0.0111244
0.00785236 0.0119182
0.00922571 0.0138654
0.01 0.0148366
0.011749 0.0168508
0.013 0.0180972
0.0147911 0.0197061
0.016788 0.0212242
0.0188365 0.0225723
0.0216272 0.0240971
0.0248313 0.025502
0.0281838 0.0266711
0.031989 0.027714
0.0367282 0.0286929
0.0421697 0.029498
0.0489779 0.0301749
0.0568853 0.0306522
0.0676083 0.0309673
0.081283 0.0310588
0.1 0.0309228
0.190546 0.0298797
0.234423 0.0297271
0.275423 0.0298072
0.319889 0.030101
0.367282 0.0306087
0.416869 0.0313157
0.0038592 0.436516 33 7
0.0038592 0.0100205
0.00397 0.0102626
0.00402717 0.0103682
0.00423 0.0105461
0.00457088 0.0108655
0.0049545 0.0111111
0.00562341 0.0114071
0.00630957 0.0116092
0.00716143 0.0117263
0.00785236 0.0117371
0.00954993 0.0115808
0.0105925 0.0114025
0.0121619 0.0111123
0.0146218 0.0105835
0.0169824 0.0100655
0.0190546 0.00962988
0.0218776 0.00907482
0.025704 0.00839472
0.0305492 0.00765295
0.0363078 0.00692009
0.0436516 0.00616565
0.0537032 0.00537183
0.07 0.00446369
0.123027 0.00298672
0.151356 0.00259204
0.179887 0.00232183
0.2 0.00217916
0.239883 0.0019735
0.27227 0.00185295
0.30903 0.0017524
0.346737 0.00167762
0.389045 0.00161802
0.436516 0.00157182
0.0036681 0.416869 37 8
0.0036681 0.0135966
0.003713 0.0137082
0.00378 0.0139387
0.00379 0.0139906
0.00387 0.0140107
0.00431519 0.0145131
0.00467735 0.0147863
0.00537032 0.0151054
0.00595662 0.0152587
0.00660693 0.0153205
0.00732824 0.0152786
0.008 0.0151396
0.00933254 0.0148171
0.0105925 0.0143972
0.011885 0.0139621
0.0138038 0.0132783
0.0154882 0.0126897
0.0175792 0.0119982
0.0204174 0.0111327
0.0237137 0.0102411
0.0275423 0.00934568
0.0323594 0.00839981
0.0380189 0.00749237
0.0457088 0.00652278
0.055 0.00563324
0.0724436 0.00448583
0.121619 0.00290434
0.146218 0.0025056
0.169824 0.00223773
0.194985 0.00202979
0.221309 0.00186819
0.248313 0.00174374
0.278612 0.00163934
0.30903 0.0015616
0.342768 0.00149851
0.375837 0.00145403
0.416869 0.00141631
0.0014789 0.457088 34 9
0.0014789 8.38209e-05
0.00158489 9.57887e-05
0.00171791 0.000112446
0.0018 0.000123628
0.00190546 0.000137673
0.00223872 0.000184918
0.0025704 0.000236521
0.00278612 0.000270741
0.00338844 0.000371795
0.00375837 0.000436195
0.0044157 0.000555362
0.005188 0.000699463
0.00582103 0.000820622
0.0069282 0.00103581
0.00831764 0.00130936
0.00988553 0.00161928
0.011749 0.00198602
0.014 0.00242352
0.016788 0.00295394
0.02 0.0035476
0.0237137 0.00420844
0.0281838 0.00496827
0.0334965 0.00582109
0.04 0.0067984
0.047863 0.0078925
0.0568853 0.00904352
0.0683912 0.0103774
0.0822243 0.0118185
0.101158 0.0135602
0.125892 0.015556
0.260016 0.0238715
0.323594 0.0273164
0.389045 0.0308131
0.457088 0.0344935
0.0013195 0.416869 43 10
0.0013195 5.11907e-05
0.00144 6.61898e-05
0.00162181 9.17119e-05
0.0017378 0.000109621
0.00188365 0.000133909
0.00203 0.000160325
0.00218776 0.000190403
0.0024 0.000233158
0.0025704 0.000268755
0.0029 0.000341949
0.00312608 0.00039473
0.00342768 0.000466363
0.00380189 0.000559061
0.00415 0.000646994
0.00473151 0.000796874
0.005188 0.000916021
0.00588844 0.00109945
0.0065 0.0012588
0.00732824 0.00147305
0.00831764 0.00172274
0.00922571 0.00194616
0.0104713 0.00224205
0.0120226 0.00259212
0.0136458 0.00293672
0.0154882 0.00330256
0.0175792 0.00368723
0.02 0.0040955
0.0226464 0.00450136
0.0260016 0.00496272
0.03 0.00544612
0.0346737 0.00593646
0.0402717 0.00643827
0.0473151 0.00696827
0.0549541 0.00744689
0.0653131 0.00797731
0.0785236 0.00851772
0.0966051 0.00909753
0.125892 0.0098086
0.201837 0.0111398
0.260016 0.0120238
0.312608 0.0127993
0.363078 0.0135555
0.416869 0.0143884
0.0010708 0.42658 43 11
0.0010708 0.00018854
0.00116145 0.000221265
0.00119 0.000232601
0.00133352 0.000289818
0.00158489 0.000395813
0.00173 0.000460407
0.00195 0.000560025
0.00216272 0.00065739
0.00245471 0.000796048
0.00269154 0.000908262
0.00315 0.00112687
0.0035 0.00129191
0.004 0.00152582
0.00451856 0.00176132
0.00506991 0.00200516
0.00582103 0.00232288
0.00660693 0.00263715
0.0074131 0.00294128
0.00841395 0.00329369
0.00966051 0.00369562
0.0110917 0.00411162
0.012735 0.00453594
0.0146218 0.00496298
0.016788 0.0053858
0.0192753 0.00579757
0.0221309 0.00619286
0.0254097 0.00656285
0.029 0.0068882
0.0327341 0.00715715
0.0380189 0.00744903
0.0436516 0.00767497
0.0506991 0.00786936
0.0595662 0.00802256
0.0707946 0.00812435
0.0851138 0.00817094
0.105925 0.00815959
0.158489 0.00803614
0.206538 0.00797033
0.248313 0.00797657
0.291743 0.00803256
0.334965 0.00813447
0.380189 0.00828443
0.42658 0.00847989
0.00081294 0.431519 60 12
0.00081294 9.89666e-05
0.0008237 0.000105851
0.000848 0.000121447
0.000875 0.000138483
0.000881049 0.000142222
0.000912011 0.000160556
0.000933254 0.000172615
0.000977237 0.000197061
0.00103 0.000227453
0.00108393 0.000259504
0.00113501 0.000290463
0.00120226 0.0003319
0.00127 0.000374421
0.00135 0.00042497
0.00142889 0.000475019
0.00151356 0.000528725
0.00161 0.000589708
0.0017378 0.000669285
0.00186209 0.000746161
0.00197242 0.000811817
0.00215 0.000913102
0.00234423 0.00102081
0.00251189 0.00110832
0.00275423 0.00122703
0.003 0.00134051
0.00327341 0.00145503
0.00363078 0.0015915
0.0039355 0.00169504
0.00436516 0.00182437
0.0047863 0.00193347
0.00530884 0.00204848
0.00588844 0.00215301
0.00653131 0.00224622
0.00724436 0.0023262
0.00803526 0.00239245
0.00901571 0.00244868
0.0101158 0.00248577
0.0112202 0.00250274
0.0124452 0.00250479
0.0138038 0.00249215
0.0154882 0.00246146
0.017378 0.00241488
0.0194985 0.00235404
0.0221309 0.00227257
0.0251189 0.00217867
0.0288403 0.00206509
0.0331131 0.00194318
0.0384592 0.00180571
0.0451856 0.001656
0.054325 0.00148797
0.0676083 0.00129913
0.139637 0.00080852
0.169824 0.000716027
0.197242 0.000656818
0.234423 0.000599157
0.266072 0.00056389
0.301995 0.000534582
0.342768 0.000510652
0.389045 0.000491716
0.431519 0.000479695
0.00076729 0.44157 60 13
0.00076729 0.000153846
0.000795 0.000176972
0.000835 0.000210663
0.000860994 0.000232572
0.000891251 0.000256977
0.000933254 0.000291239
0.000985 0.000334584
0.00103514 0.00037755
0.00109 0.00042545
0.00116145 0.00048886
0.00123027 0.000550684
0.00130317 0.000616366
0.00138038 0.000685771
0.00147911 0.000774077
0.00157 0.000853764
0.0017012 0.000968022
0.0018 0.00105196
0.00192753 0.00115505
0.00213796 0.00131866
0.0023 0.00143864
0.0025 0.00157579
0.0027227 0.00172009
0.00295121 0.0018556
0.00327341 0.00202906
0.00354813 0.00216123
0.0039355 0.00232536
0.0043 0.00245876
0.0048 0.00261303
0.00524807 0.00272597
0.00582103 0.00284421
0.00653131 0.00295365
0.00716143 0.00302463
0.00794328 0.00308698
0.00901571 0.00313448
0.0102329 0.00315094
0.0116145 0.00313724
0.0131826 0.00309457
0.015 0.00302371
0.0169824 0.0029322
0.0190546 0.00282991
0.0213796 0.00271364
0.0239883 0.00258562
0.0275423 0.00242125
0.0316228 0.00224994
0.0363078 0.00207535
0.0421697 0.00188736
0.05 0.00168016
0.060256 0.00146728
0.0758578 0.00123056
0.131826 0.000799244
0.154882 0.000708789
0.184077 0.000628376
0.211349 0.000574129
0.239883 0.000532291
0.269153 0.000500371
0.300006 0.000475322
0.334965 0.000454631
0.367282 0.000440779
0.402717 0.000430247
0.44157 0.000423122
0.00042675 0.421696 113 14
0.00042675 4.31633e-06
0.000427 4.36752e-06
0.0004277 4.46285e-06
0.000429 4.59531e-06
0.0004307 4.73801e-06
0.000433 4.90647e-06
0.000436516 5.12518e-06
0.00044 5.33603e-06
0.0004422 5.50436e-06
0.000444 5.68623e-06
0.000445 5.81118e-06
0.0004465 6.0371e-06
0.000448 6.31713e-06
0.0004495 6.65964e-06
0.0004508 7.01375e-06
0.0004523 7.49533e-06
0.0004535 7.94329e-06
0.000455 8.58918e-06
0.0004565 9.34098e-06
0.0004585 1.0525e-05
0.0004607 1.20959e-05
0.000463 1.40727e-05
0.000469 2.10286e-05
0.0004715 2.47333e-05
0.000474 2.89009e-05
0.0004765 3.35035e-05
0.000479 3.85249e-05
0.0004815 4.39258e-05
0.000484172 5.01108e-05
0.0004865 5.58162e-05
0.000489 6.22671e-05
0.00049237 7.14728e-05
0.00049545 8.03574e-05
0.000499 9.10744e-05
0.000502 0.000100483
0.000505 0.000110094
0.000508 0.000119843
0.000511 0.000129649
0.0005135 0.00013782
0.000517 0.000149177
0.00052 0.000158811
0.0005245 0.000173015
0.000528 0.000183866
0.000532 0.000196046
0.000537032 0.000211073
0.00054 0.00021975
0.000545 0.000234024
0.00055 0.000247852
0.000556 0.000263776
0.000562341 0.000279837
0.000569 0.000295731
0.000576 0.000311613
0.000585 0.000330871
0.000595662 0.000352606
0.000605 0.00037082
0.000616595 0.000392303
0.00063132 0.000417944
0.00065 0.000448394
0.00067 0.000479029
0.000693 0.000512171
0.000716143 0.000543648
0.00074131 0.000576017
0.000776247 0.000617987
0.000812831 0.000658748
0.000851138 0.000698081
0.0009 0.000743764
0.000954993 0.000789475
0.001015 0.000833692
0.00108393 0.000876195
0.0011749 0.000924236
0.00124452 0.000954964
0.00133352 0.000986007
0.00146218 0.00102098
0.00157 0.00104258
0.00171791 0.00106146
0.00188365 0.00107401
0.00207 0.0010778
0.00229087 0.00107399
0.00251189 0.00106258
0.00275423 0.00104502
0.00305492 0.00101772
0.00338844 0.000983777
0.00375837 0.00094376
0.00416869 0.000898974
0.00465 0.000847826
0.00524807 0.00078759
0.00595662 0.000722271
0.00676083 0.000656178
0.00767361 0.000590685
0.00870964 0.000527012
0.0098 0.000470253
0.0109648 0.000419141
0.0124452 0.000365507
0.0141254 0.000316431
0.0162181 0.000268188
0.0186209 0.000225585
0.0211349 0.000191232
0.0245471 0.000156111
0.0288403 0.0001245
0.0346737 9.53652e-05
0.0431519 6.88966e-05
0.081283 2.63614e-05
0.139637 1.18149e-05
0.154882 1.02275e-05
0.171791 8.91864e-06
0.192752 7.71844e-06
0.218776 6.63654e-06
0.248313 5.73213e-06
0.278612 5.05275e-06
0.323594 4.33029e-06
0.354813 3.96359e-06
0.389045 3.65403e-06
0.421696 3.42649e-06
0.0004146 0.44157 113 15
0.0004146 5.85232e-06
0.000417 5.92763e-06
0.0004195 6.0477e-06
0.0004255 6.43344e-06
0.000428 6.63055e-06
0.00043 6.83334e-06
0.0004317 7.05734e-06
0.0004332 7.30806e-06
0.0004344 7.55218e-06
0.0004355 7.81513e-06
0.000437 8.24213e-06
0.0004385 8.75778e-06
0.00044 9.37337e-06
0.00044157 1.01376e-05
0.000443 1.09519e-05
0.0004445 1.1941e-05
0.0004465 1.34978e-05
0.0004485 1.5357e-05
0.00045154 1.88316e-05
0.000457088 2.74211e-05
0.00046 3.31375e-05
0.000462381 3.8411e-05
0.000464 4.22892e-05
0.0004665 4.87156e-05
0.000469 5.56471e-05
0.0004715 6.30503e-05
0.000474 7.09085e-05
0.0004765 7.92015e-05
0.000479 8.79119e-05
0.0004815 9.70172e-05
0.000484172 0.000107152
0.00048715 0.000118874
0.00049 0.000130438
0.000493 0.000142883
0.0004965 0.00015761
0.0005 0.00017241
0.000503 0.000185045
0.000506 0.000197591
0.00051 0.000214081
0.0005135 0.000228273
0.0005188 0.000249326
0.000523 0.000265635
0.000528 0.000284602
0.000532 0.000299411
0.000538 0.000320943
0.000545 0.000344875
0.00055 0.000361146
0.000558 0.000385771
0.000565 0.000406079
0.000576 0.000436186
0.000585 0.000459588
0.000595662 0.000486131
0.000609537 0.000518633
0.000623735 0.000549803
0.000643 0.000589501
0.000668344 0.000638193
0.000693 0.000682298
0.000724436 0.000734944
0.000758578 0.000787703
0.0008 0.000846836
0.00085 0.000910968
0.0009 0.000968439
0.000954993 0.00102493
0.001 0.00106602
0.00107 0.00112017
0.00116145 0.00118023
0.00123027 0.00121772
0.00131826 0.00125533
0.00142889 0.0012928
0.00154882 0.00132146
0.00169824 0.00134432
0.00185 0.00135651
0.00204174 0.00135969
0.00222 0.0013542
0.00248313 0.00133521
0.0027227 0.00131014
0.00301995 0.00127367
0.00334965 0.00122795
0.00367282 0.00118172
0.00412097 0.00111732
0.00467735 0.00103989
0.00530884 0.000958074
0.006 0.00087696
0.00676083 0.000797614
0.00758578 0.000722206
0.00851138 0.000649093
0.00966051 0.000572383
0.0109648 0.000500426
0.0123027 0.000439856
0.0141254 0.000373638
0.0160325 0.000319428
0.0184077 0.000267119
0.020893 0.000225158
0.0239883 0.000185499
0.0278612 0.000149288
0.0331131 0.000115278
0.0402717 8.52907e-05
0.0524807 5.619e-05
0.081283 2.79663e-05
0.11885 1.54795e-05
0.139637 1.2074e-05
0.154882 1.03623e-05
0.171791 8.96252e-06
0.190546 7.80816e-06
0.216272 6.65335e-06
0.239883 5.87241e-06
0.263027 5.29241e-06
0.285102 4.86293e-06
0.312608 4.44674e-06
0.342768 4.09769e-06
0.375837 3.80476e-06
0.40738 3.58992e-06
0.44157 3.41114e-06
0.00033625 0.451856 41 16
0.00033625 1.88106e-06
0.000431519 3.2941e-06
0.00047863 4.16533e-06
0.000512861 4.82437e-06
0.00060256 6.7562e-06
0.000653131 7.9393e-06
0.00075 1.03526e-05
0.000831764 1.25521e-05
0.000933254 1.54116e-05
0.00105925 1.91931e-05
0.00121619 2.41638e-05
0.00138038 2.96697e-05
0.00165 3.92391e-05
0.002 5.2532e-05
0.00242661 6.98039e-05
0.00295121 9.23709e-05
0.00358922 0.000121314
0.00431519 0.000155719
0.005188 0.000198454
0.00623735 0.000251058
0.0074131 0.000310859
0.00891251 0.00038765
0.0107152 0.000479886
0.0128825 0.000589854
0.0154882 0.000719755
0.0186209 0.000871662
0.0223872 0.00104775
0.0269154 0.00124986
0.0323594 0.00147943
0.0389045 0.00173743
0.0467735 0.00202427
0.0562341 0.00233976
0.0676083 0.00268377
0.081283 0.0030561
0.1 0.00350798
0.124452 0.00402507
0.158489 0.004658
0.25704 0.00618034
0.319889 0.00706836
0.384592 0.00797022
0.451856 0.00891259
0.00027295 0.421696 62 17
0.00027295 2.84344e-06
0.000283 2.90341e-06
0.000286 2.91165e-06
0.00029 2.90942e-06
0.000297 2.88157e-06
0.00030903 2.8218e-06
0.0003328 2.77766e-06
0.000337 2.77529e-06
0.00036 2.79757e-06
0.000380189 2.8337e-06
0.00039355 2.8706e-06
0.00041 2.93525e-06
0.00042658 3.02265e-06
0.000443 3.12896e-06
0.000462381 3.27523e-06
0.000485 3.46928e-06
0.000508 3.69076e-06
0.000530884 3.93711e-06
0.000555904 4.23821e-06
0.000588844 4.68411e-06
0.000630957 5.3265e-06
0.000683912 6.23487e-06
0.000758578 7.69888e-06
0.00105925 1.5447e-05
0.00120226 1.99974e-05
0.00138038 2.63078e-05
0.00158489 3.43233e-05
0.0018 4.35192e-05
0.00204174 5.46522e-05
0.00231739 6.82394e-05
0.00263027 8.45962e-05
0.00301995 0.000106109
0.00342768 0.000129641
0.0039355 0.000159994
0.0045 0.000194614
0.00512861 0.000233711
0.00582103 0.000276965
0.00660693 0.000325803
0.0074131 0.000375257
0.00841395 0.000435365
0.00954993 0.000501563
0.0108393 0.000573818
0.0123027 0.000651939
0.0139637 0.000735642
0.0158489 0.000824491
0.018197 0.000926634
0.020893 0.00103338
0.0239883 0.00114367
0.0275423 0.00125644
0.0316228 0.00137045
0.0367282 0.00149397
0.042658 0.00161629
0.0501187 0.00174536
0.0588844 0.00187069
0.07 0.00199981
0.0841395 0.00213124
0.105925 0.0022888
0.211349 0.00277985
0.263027 0.00297088
0.312608 0.00315147
0.367282 0.00335403
0.421696 0.00356288
0.00021256 0.421696 52 18
0.00021256 3.48466e-06
0.000235 4.04333e-06
0.000245471 4.29933e-06
0.000260016 4.70321e-06
0.000291743 5.7346e-06
0.00030903 6.37506e-06
0.00034298 7.81664e-06
0.000467735 1.44073e-05
0.000537032 1.87898e-05
0.000609537 2.38023e-05
0.000691831 2.99433e-05
0.000785236 3.7391e-05
0.000891251 4.63618e-05
0.00102329 5.81637e-05
0.0011749 7.24079e-05
0.00135 8.95877e-05
0.00154882 0.000109832
0.0018 0.000136254
0.0020893 0.00016748
0.00242661 0.000204585
0.00281838 0.00024807
0.00323594 0.000294449
0.00371535 0.000347203
0.0043 0.000410202
0.0049545 0.000478437
0.00568853 0.000551666
0.00645654 0.000624389
0.0074131 0.000709468
0.00841395 0.000792142
0.00966051 0.00088675
0.0109648 0.000976802
0.0125892 0.00107729
0.0144544 0.00117881
0.0165959 0.00127979
0.0190546 0.00137874
0.0218776 0.00147414
0.0251189 0.00156421
0.0288403 0.00164751
0.0331131 0.00172251
0.0384592 0.00179335
0.0446684 0.00185248
0.05188 0.00189957
0.0609537 0.00193671
0.0724436 0.00196016
0.0881049 0.00197095
0.108393 0.00196781
0.192752 0.00193171
0.237137 0.00192952
0.278612 0.00194027
0.323594 0.00196422
0.371535 0.00200152
0.421696 0.00205138
0.00011848 0.431519 113 19
0.00011848 1.21255e-06
0.0001186 1.24519e-06
0.0001192 1.39526e-06
0.0001205 1.79419e-06
0.0001212 2.0413e-06
0.0001218 2.26605e-06
0.0001225 2.5378e-06
0.000123027 2.74484e-06
0.0001235 2.93004e-06
0.000124 3.12268e-06
0.0001245 3.31029e-06
0.0001252 3.56016e-06
0.0001257 3.72755e-06
0.0001262 3.88408e-06
0.0001267 4.02886e-06
0.00012735 4.19846e-06
0.000128 4.34623e-06
0.0001287 4.48187e-06
0.0001295 4.60886e-06
0.000130317 4.70934e-06
0.000131 4.77383e-06
0.000132 4.84056e-06
0.000133 4.88058e-06
0.0001345 4.90339e-06
0.000136458 4.88911e-06
0.000139 4.83135e-06
0.000142889 4.70921e-06
0.000148 4.52795e-06
0.000153109 4.32752e-06
0.000158 4.11733e-06
0.0001635 3.86965e-06
0.000186209 2.98607e-06
0.000198 2.66202e-06
0.000208 2.4429e-06
0.00021681 2.2877e-06
0.000224 2.18707e-06
0.00023 2.12098e-06
0.000235 2.07815e-06
0.00024 2.04627e-06
0.000245471 2.02366e-06
0.000251189 2.01337e-06
0.00025704 2.01654e-06
0.000263027 2.03366e-06
0.000269154 2.06521e-06
0.000275423 2.11168e-06
0.000281838 2.17358e-06
0.000288403 2.2515e-06
0.000295121 2.34607e-06
0.000303 2.47567e-06
0.00031 2.60743e-06
0.00032 2.82227e-06
0.000332 3.12059e-06
0.000343 3.43167e-06
0.00036 3.97946e-06
0.000436516 7.32887e-06
0.000467735 9.06559e-06
0.0005 1.10508e-05
0.000530884 1.31176e-05
0.000565 1.55754e-05
0.00060256 1.84675e-05
0.000645654 2.19987e-05
0.000691831 2.6012e-05
0.00074131 3.053e-05
0.0008 3.61376e-05
0.000860994 4.22117e-05
0.000933254 4.96512e-05
0.00101158 5.79647e-05
0.00109648 6.71606e-05
0.00119 7.74681e-05
0.0013 8.96833e-05
0.00141254 0.000102241
0.00156675 0.000119341
0.00171791 0.000135861
0.00186209 0.000151346
0.00207 0.000173031
0.0023 0.000196006
0.0025704 0.000221545
0.00285102 0.000246296
0.00316228 0.000271687
0.00350752 0.000297338
0.00389045 0.000322865
0.00431519 0.00034794
0.0047863 0.000372171
0.00530884 0.000395063
0.00588844 0.000416248
0.00653131 0.000435454
0.00724436 0.000452407
0.00803526 0.000466846
0.009 0.000479525
0.01 0.000488221
0.0112202 0.000494188
0.0125892 0.000496471
0.0141254 0.000495146
0.0158489 0.00049037
0.0179887 0.000481395
0.0204174 0.000468872
0.0231739 0.000453185
0.0263027 0.000434856
0.0301995 0.00041259
0.0350752 0.000386568
0.040738 0.000359473
0.0484172 0.000327893
0.0582103 0.000294704
0.0732824 0.000255652
0.138038 0.000170145
0.169824 0.000149899
0.201837 0.000135827
0.234423 0.000125532
0.269153 0.000117559
0.305492 0.00011148
0.342768 0.00010693
0.384592 0.000103304
0.431519 0.000100524
0.00010947 0.44157 118 20
0.00010947 1.53444e-06
0.000109648 1.6017e-06
0.0001098 1.65833e-06
0.0001107 2.01125e-06
0.0001113 2.27043e-06
0.00011185 2.52188e-06
0.0001124 2.78234e-06
0.00011295 3.04867e-06
0.000113501 3.31852e-06
0.0001141 3.61069e-06
0.0001146 3.85061e-06
0.0001152 4.12944e-06
0.00011577 4.38187e-06
0.0001163 4.6031e-06
0.0001169 4.83527e-06
0.0001175 5.04623e-06
0.00011825 5.27815e-06
0.000119 5.47432e-06
0.0001198 5.64508e-06
0.0001204 5.74882e-06
0.0001211 5.84543e-06
0.0001219 5.92729e-06
0.000123027 5.99893e-06
0.00012428 6.03161e-06
0.000125892 6.02245e-06
0.0001278 5.96571e-06
0.000130317 5.85301e-06
0.000135 5.60864e-06
0.00014 5.33848e-06
0.000145 5.05813e-06
0.00015 4.76614e-06
0.000156 4.41402e-06
0.000172 3.60241e-06
0.00018 3.29583e-06
0.000188 3.04903e-06
0.000195 2.87571e-06
0.000201837 2.74132e-06
0.000208 2.64822e-06
0.000213796 2.58419e-06
0.000219 2.5457e-06
0.000224 2.52532e-06
0.000229087 2.52097e-06
0.00023451 2.53422e-06
0.00024 2.56605e-06
0.000245471 2.61579e-06
0.000251189 2.68655e-06
0.00025704 2.77826e-06
0.00026379 2.90748e-06
0.000271 3.07216e-06
0.000278612 3.27464e-06
0.000288 3.56317e-06
0.000298538 3.93619e-06
0.00031 4.39899e-06
0.000328 5.24151e-06
0.000384592 8.71785e-06
0.000412098 1.08059e-05
0.000436516 1.28533e-05
0.000462381 1.5201e-05
0.000489779 1.78725e-05
0.0005188 2.08928e-05
0.00055 2.43353e-05
0.000588844 2.88728e-05
0.000630957 3.4072e-05
0.000676083 3.99176e-05
0.00073 4.72191e-05
0.000785236 5.49885e-05
0.000851138 6.45711e-05
0.000922571 7.5238e-05
0.001 8.70444e-05
0.00108393 0.000100006
0.00119 0.00011655
0.00130317 0.000134149
0.00141254 0.000151099
0.00157 0.000175125
0.0017378 0.00020003
0.00190546 0.000224085
0.00207 0.000246883
0.00229087 0.000276027
0.00254097 0.000306956
0.00281838 0.000338695
0.00314 0.000372195
0.00346737 0.000402835
0.00384592 0.000434348
0.0042658 0.000464694
0.00473151 0.000493335
0.00524807 0.000519848
0.00582103 0.000543771
0.00645654 0.000564654
0.00716143 0.000582189
0.008 0.000596939
0.00891251 0.000607173
0.00988553 0.000612995
0.0110917 0.000614818
0.0124452 0.000611859
0.0139637 0.000604329
0.0156675 0.00059254
0.0175792 0.000576877
0.0197242 0.000557783
0.0221309 0.000535731
0.0251189 0.000508601
0.0285102 0.000479393
0.0327341 0.000446121
0.0375837 0.00041212
0.042658 0.000380677
0.0501187 0.000341237
0.060256 0.000298651
0.0785236 0.000244479
0.124452 0.000171653
0.151356 0.000148469
0.177828 0.000132642
0.206538 0.000120351
0.234423 0.000111596
0.263027 0.000104896
0.295121 9.93293e-05
0.327341 9.52562e-05
0.363078 9.20218e-05
0.402717 8.95973e-05
0.44157 8.80884e-05
1.012e-05 0.42658 192 21
1.012e-05 2.38493e-10
1.03514e-05 2.5426e-10
1.06e-05 2.72988e-10
1.09e-05 2.98389e-10
1.12202e-05 3.29277e-10
1.15e-05 3.60075e-10
1.175e-05 3.90856e-10
1.21e-05 4.39893e-10
1.245e-05 4.96932e-10
1.28e-05 5.62918e-10
1.32e-05 6.5084e-10
1.36458e-05 7.66861e-10
1.41254e-05 9.16255e-10
1.47e-05 1.13421e-09
1.53109e-05 1.42057e-09
1.61e-05 1.89009e-09
1.69824e-05 2.57803e-09
1.84077e-05 4.15479e-09
2.16272e-05 1.08743e-08
2.31739e-05 1.63279e-08
2.45471e-05 2.27583e-08
2.58e-05 3.01258e-08
2.69153e-05 3.80299e-08
2.81838e-05 4.8675e-08
2.91743e-05 5.82549e-08
3.04e-05 7.16989e-08
3.16228e-05 8.6901e-08
3.3e-05 1.0621e-07
3.45e-05 1.29932e-07
3.58922e-05 1.54481e-07
3.75837e-05 1.876e-07
3.95e-05 2.29594e-07
4.16869e-05 2.83564e-07
4.4e-05 3.47674e-07
4.62381e-05 4.16293e-07
4.85e-05 4.91791e-07
5.08e-05 5.74029e-07
5.3e-05 6.56424e-07
5.5e-05 7.33168e-07
5.68853e-05 8.06117e-07
5.9e-05 8.87535e-07
6.09537e-05 9.61252e-07
6.30957e-05 1.03927e-06
6.53131e-05 1.11612e-06
6.76083e-05 1.191e-06
7e-05 1.2635e-06
7.24436e-05 1.33115e-06
7.5e-05 1.39457e-06
7.8e-05 1.45932e-06
8.03526e-05 1.50268e-06
8.31764e-05 1.54553e-06
8.60994e-05 1.57876e-06
8.91251e-05 1.60117e-06
9.22571e-05 1.61214e-06
9.5e-05 1.61155e-06
9.8e-05 1.60024e-06
0.000101158 1.57758e-06
0.000104 1.54926e-06
0.000107152 1.51021e-06
0.00011 1.46875e-06
0.000113501 1.4112e-06
0.00011749 1.33934e-06
0.00012085 1.27509e-06
0.000124452 1.2032e-06
0.000128 1.13028e-06
0.000131826 1.0508e-06
0.000135 9.84931e-07
0.000138038 9.22247e-07
0.0001415 8.51647e-07
0.000145 7.81812e-07
0.000148 7.23731e-07
0.000151356 6.61058e-07
0.000154882 5.98021e-07
0.000158 5.44838e-07
0.000161 4.96178e-07
0.000164059 4.49292e-07
0.000167 4.0692e-07
0.0001705 3.59977e-07
0.000174 3.16809e-07
0.000177 2.82839e-07
0.00018 2.51708e-07
0.000184077 2.13983e-07
0.00019534 1.3668e-07
0.000198 1.24064e-07
0.0002 1.15977e-07
0.000202 1.09081e-07
0.000204 1.03361e-07
0.0002055 9.98364e-08
0.000207 9.69596e-08
0.0002085 9.47249e-08
0.00021 9.31265e-08
0.0002115 9.21587e-08
0.0002128 9.18254e-08
0.0002142 9.19872e-08
0.0002155 9.26168e-08
0.000217 9.39121e-08
0.0002185 9.58114e-08
0.0002198 9.79415e-08
0.000221309 1.00974e-07
0.00022309 1.05314e-07
0.000225 1.10879e-07
0.000227 1.177e-07
0.000229087 1.25887e-07
0.000231739 1.37841e-07
0.000235 1.54855e-07
0.000248313 2.49604e-07
0.000254097 3.02817e-07
0.000258 3.42583e-07
0.0002635 4.03612e-07
0.000269154 4.72217e-07
0.000275 5.49274e-07
0.00028 6.19865e-07
0.000285102 6.95985e-07
0.000291743 8.00844e-07
0.000298538 9.1483e-07
0.000305492 1.03832e-06
0.000312608 1.17165e-06
0.00031989 1.31486e-06
0.000327341 1.46787e-06
0.000334965 1.63054e-06
0.00034298 1.80744e-06
0.000350752 1.98408e-06
0.000358922 2.1745e-06
0.000371535 2.47659e-06
0.000384592 2.79785e-06
0.000398107 3.13791e-06
0.00041377 3.55229e-06
0.00042658 3.89842e-06
0.00044157 4.30818e-06
0.000457088 4.73578e-06
0.000473151 5.18042e-06
0.00049545 5.79885e-06
0.0005188 6.4543e-06
0.00054325 7.13955e-06
0.000568853 7.8499e-06
0.00060256 8.76979e-06
0.000638263 9.72508e-06
0.000676083 1.07056e-05
0.000716143 1.17061e-05
0.000758578 1.27206e-05
0.000803526 1.37414e-05
0.000860994 1.49661e-05
0.000922571 1.618e-05
0.000988553 1.73724e-05
0.00105925 1.85325e-05
0.00113501 1.96487e-05
0.00123027 2.08801e-05
0.00133352 2.20209e-05
0.00144544 2.30586e-05
0.00158489 2.4116e-05
0.00171791 2.49145e-05
0.00188365 2.56664e-05
0.00206538 2.6237e-05
0.00226464 2.66237e-05
0.00248313 2.68209e-05
0.0027227 2.68311e-05
0.003 2.66542e-05
0.00331131 2.62734e-05
0.00363078 2.57447e-05
0.004 2.50242e-05
0.0044157 2.41234e-05
0.00484172 2.3129e-05
0.00537032 2.18852e-05
0.006 2.04617e-05
0.00668344 1.90566e-05
0.00749894 1.75286e-05
0.00831764 1.61461e-05
0.00933254 1.46251e-05
0.0104713 1.31475e-05
0.011749 1.17336e-05
0.0131826 1.03995e-05
0.0149624 9.03776e-06
0.0169824 7.79484e-06
0.0192753 6.67584e-06
0.0221309 5.59585e-06
0.025704 4.58456e-06
0.0301995 3.66927e-06
0.0358922 2.86784e-06
0.044157 2.11665e-06
0.0901571 7.26702e-07
0.112202 5.2697e-07
0.134896 4.04445e-07
0.151356 3.44787e-07
0.171791 2.91751e-07
0.194985 2.48777e-07
0.223872 2.10503e-07
0.251189 1.84391e-07
0.281838 1.62705e-07
0.312608 1.46399e-07
0.346737 1.32686e-07
0.384592 1.21196e-07
0.42658 1.11588e-07
9.03e-06 0.421696 200 22
9.03e-06 2.80608e-10
9.12011e-06 2.87295e-10
9.44061e-06 3.1528e-10
9.77237e-06 3.48806e-10
1.01e-05 3.8752e-10
1.03514e-05 4.21455e-10
1.06e-05 4.59241e-10
1.085e-05 5.01765e-10
1.12e-05 5.69966e-10
1.15e-05 6.3748e-10
1.19e-05 7.42197e-10
1.23027e-05 8.66792e-10
1.2735e-05 1.02496e-09
1.31826e-05 1.21923e-09
1.365e-05 1.46004e-09
1.42889e-05 1.8619e-09
1.51356e-05 2.54892e-09
1.62181e-05 3.74599e-09
2.07e-05 1.4927e-08
2.23872e-05 2.31221e-08
2.3785e-05 3.22071e-08
2.51189e-05 4.31008e-08
2.63027e-05 5.47737e-08
2.75423e-05 6.91377e-08
2.88403e-05 8.66422e-08
3e-05 1.04451e-07
3.12608e-05 1.26148e-07
3.27341e-05 1.54629e-07
3.42768e-05 1.88149e-07
3.58922e-05 2.27332e-07
3.75837e-05 2.7283e-07
3.95e-05 3.3004e-07
4.16869e-05 4.02937e-07
4.4e-05 4.88603e-07
4.62381e-05 5.79261e-07
4.85e-05 6.77943e-07
5.08e-05 7.84013e-07
5.3e-05 8.88721e-07
5.5e-05 9.85083e-07
5.68853e-05 1.07578e-06
5.9e-05 1.17581e-06
6.09537e-05 1.26516e-06
6.30957e-05 1.35866e-06
6.53131e-05 1.44998e-06
6.76083e-05 1.53812e-06
7e-05 1.62216e-06
7.24436e-05 1.69924e-06
7.5e-05 1.77052e-06
7.8e-05 1.84193e-06
8.03526e-05 1.88809e-06
8.31764e-05 1.93105e-06
8.60994e-05 1.96181e-06
8.91251e-05 1.97947e-06
9.22571e-05 1.98189e-06
9.5e-05 1.97106e-06
9.8e-05 1.94716e-06
0.000101158 1.91024e-06
0.000104 1.86742e-06
0.000107152 1.81055e-06
0.00011 1.75262e-06
0.000113501 1.67524e-06
0.000117 1.59226e-06
0.0001205 1.50469e-06
0.000124 1.4145e-06
0.00012735 1.32724e-06
0.000130317 1.24964e-06
0.000133352 1.17019e-06
0.0001365 1.08847e-06
0.00014 9.99485e-07
0.000143 9.25331e-07
0.0001465 8.41535e-07
0.00015 7.61e-07
0.000153109 6.92726e-07
0.000156 6.32364e-07
0.000159 5.73093e-07
0.000162181 5.14006e-07
0.000165 4.64906e-07
0.000168 4.16125e-07
0.0001705 3.78311e-07
0.000174 3.29775e-07
0.000177828 2.82522e-07
0.000182 2.37819e-07
0.000189 1.78634e-07
0.0001915 1.62282e-07
0.000194 1.48405e-07
0.0001957 1.40362e-07
0.0001973 1.3381e-07
0.000199 1.27919e-07
0.0002007 1.23121e-07
0.0002023 1.19596e-07
0.0002035 1.17579e-07
0.000205 1.15807e-07
0.000206538 1.14848e-07
0.000208 1.14737e-07
0.0002095 1.15425e-07
0.0002107 1.16555e-07
0.0002123 1.18856e-07
0.000214 1.22285e-07
0.0002158 1.27006e-07
0.0002173 1.31785e-07
0.000219 1.38117e-07
0.000221309 1.48253e-07
0.000224 1.62249e-07
0.0002265 1.77327e-07
0.00023 2.01728e-07
0.000242 3.13383e-07
0.000246 3.59641e-07
0.000251189 4.25977e-07
0.000255 4.79191e-07
0.000260016 5.54854e-07
0.000265 6.35976e-07
0.000270313 7.28494e-07
0.000275423 8.2324e-07
0.000281838 9.49906e-07
0.000288403 1.08783e-06
0.000295121 1.23699e-06
0.000301995 1.39807e-06
0.00030903 1.57295e-06
0.000316228 1.76008e-06
0.000323594 1.95924e-06
0.000331131 2.17017e-06
0.000338844 2.39256e-06
0.000346737 2.62608e-06
0.000354813 2.87038e-06
0.000367282 3.25634e-06
0.000380189 3.66495e-06
0.00039355 4.09572e-06
0.000412098 4.72167e-06
0.00042658 5.22568e-06
0.00044157 5.7524e-06
0.000457088 6.30059e-06
0.00047863 7.06317e-06
0.000501187 7.86106e-06
0.000524808 8.70434e-06
0.000549541 9.5794e-06
0.00057544 1.04829e-05
0.000609537 1.16493e-05
0.000645654 1.28542e-05
0.000683912 1.40851e-05
0.000724436 1.53352e-05
0.000767361 1.65957e-05
0.000822243 1.81092e-05
0.000881049 1.96099e-05
0.000944061 2.10832e-05
0.00101158 2.25156e-05
0.00108393 2.39001e-05
0.0011749 2.54331e-05
0.0012735 2.68584e-05
0.00138038 2.81588e-05
0.00151356 2.94813e-05
0.00164059 3.04916e-05
0.00177828 3.13367e-05
0.00194984 3.20905e-05
0.00213796 3.2617e-05
0.00234423 3.29104e-05
0.0025704 3.29696e-05
0.00281838 3.28041e-05
0.00309029 3.24238e-05
0.00338844 3.18347e-05
0.003693 3.11079e-05
0.00375837 3.10525e-05
0.00384592 3.0796e-05
0.00389045 3.05768e-05
0.0040738 2.93284e-05
0.0042658 2.837e-05
0.00446684 2.76292e-05
0.00473151 2.69275e-05
0.00512861 2.62033e-05
0.005405 2.58006e-05
0.00595662 2.42947e-05
0.00660693 2.26265e-05
0.00732824 2.09262e-05
0.00812831 1.9224e-05
0.00912011 1.73631e-05
0.0102329 1.55612e-05
0.0114815 1.38424e-05
0.0128825 1.22258e-05
0.0146218 1.0581e-05
0.0165959 9.0853e-06
0.0188365 7.74358e-06
0.0216272 6.45404e-06
0.0248313 5.33793e-06
0.0288403 4.31251e-06
0.0338844 3.40117e-06
0.040738 2.57286e-06
0.05188 1.76828e-06
0.0912011 7.29589e-07
0.11749 4.93058e-07
0.134896 4.00834e-07
0.151356 3.39417e-07
0.171791 2.85212e-07
0.192752 2.45203e-07
0.218776 2.09043e-07
0.242661 1.84741e-07
0.266072 1.66649e-07
0.291743 1.51458e-07
0.319889 1.38642e-07
0.350752 1.27853e-07
0.380189 1.19882e-07
0.421696 1.11277e-07
5.439e-05 0.457088 61 23
5.439e-05 5.49697e-08
5.49541e-05 5.46871e-08
5.62341e-05 5.36605e-08
5.92e-05 5.11446e-08
6.16595e-05 4.95978e-08
6.38264e-05 4.86853e-08
6.58e-05 4.82097e-08
6.8e-05 4.80345e-08
7e-05 4.81626e-08
7.24436e-05 4.86421e-08
7.5e-05 4.94651e-08
7.8e-05 5.07738e-08
8.15e-05 5.26749e-08
8.51138e-05 5.49748e-08
9e-05 5.85402e-08
9.5e-05 6.2676e-08
0.0001 6.73108e-08
0.000104713 7.21705e-08
0.00011 7.82237e-08
0.000116145 8.60669e-08
0.000124452 9.79675e-08
0.000138038 1.20155e-07
0.000213796 2.88731e-07
0.000242661 3.69382e-07
0.000291743 5.24043e-07
0.000331131 6.62398e-07
0.0004 9.30433e-07
0.000462381 1.19919e-06
0.000555904 1.64187e-06
0.000660693 2.18589e-06
0.000785236 2.88834e-06
0.000933254 3.78803e-06
0.00110918 4.93373e-06
0.00133352 6.49404e-06
0.00164059 8.77795e-06
0.0020893 1.23708e-05
0.00266073 1.72998e-05
0.00342768 2.43838e-05
0.0042658 3.25602e-05
0.00524807 4.25139e-05
0.00645654 5.50767e-05
0.00785236 6.97932e-05
0.00933254 8.54334e-05
0.0112202 0.000105096
0.0138038 0.000131623
0.0169824 0.00016359
0.0213796 0.000206942
0.025704 0.000247986
0.0301995 0.000288645
0.0358922 0.000336576
0.042658 0.000389589
0.0512861 0.000451852
0.0616595 0.000520082
0.0749894 0.000599165
0.0891251 0.000674067
0.110918 0.000776228
0.144544 0.00091316
0.260016 0.00128819
0.323594 0.00147395
0.389045 0.00166273
0.457088 0.00186022
3.552e-05 0.421696 71 24
3.552e-05 2.94401e-07
3.63078e-05 3.00186e-07
3.74e-05 3.05855e-07
3.9e-05 3.11987e-07
4.16869e-05 3.19724e-07
4.4157e-05 3.24359e-07
4.67735e-05 3.26933e-07
5e-05 3.27292e-07
5.4e-05 3.24873e-07
6.53131e-05 3.15646e-07
7.32824e-05 3.12507e-07
8.51138e-05 3.11651e-07
0.000116145 3.12354e-07
0.000135 3.14735e-07
0.000153109 3.19064e-07
0.000169824 3.24887e-07
0.000188365 3.33368e-07
0.000206538 3.43603e-07
0.000223872 3.55353e-07
0.00024 3.68199e-07
0.000258 3.84865e-07
0.000275423 4.03171e-07
0.000295121 4.26286e-07
0.000316228 4.54048e-07
0.000335 4.8143e-07
0.000355 5.13584e-07
0.000380189 5.58214e-07
0.00040738 6.11272e-07
0.000436516 6.73822e-07
0.00047 7.53134e-07
0.000515 8.71876e-07
0.000568853 1.03122e-06
0.000630957 1.23789e-06
0.000724436 1.59178e-06
0.00112202 3.59029e-06
0.00134896 5.02156e-06
0.00158489 6.6884e-06
0.00186209 8.84202e-06
0.00218776 1.15994e-05
0.00254097 1.48153e-05
0.00295121 1.87817e-05
0.00338844 2.32163e-05
0.00389045 2.84963e-05
0.00446684 3.47212e-05
0.00506991 4.1333e-05
0.0057544 4.88694e-05
0.00653131 5.739e-05
0.0074131 6.69312e-05
0.00851138 7.85414e-05
0.00966051 9.03111e-05
0.0110917 0.00010437
0.012735 0.000119665
0.0146218 0.000136121
0.0175792 0.00016006
0.0199526 0.000177248
0.0229087 0.000196577
0.0263027 0.000216485
0.0301995 0.000236722
0.0350752 0.000258722
0.040738 0.000280598
0.0473151 0.000302103
0.0555904 0.000324693
0.0653131 0.000346483
0.0785236 0.000370352
0.0977237 0.000397559
0.128825 0.000430479
0.211349 0.000493631
0.263027 0.000527603
0.316228 0.000562091
0.367282 0.000595728
0.421696 0.000632835
2.525e-05 0.42658 69 25
2.525e-05 2.48178e-07
2.8e-05 2.39774e-07
3.0903e-05 2.33954e-07
3.67282e-05 2.25232e-07
4.8e-05 2.0976e-07
5.24807e-05 2.06072e-07
5.68853e-05 2.0419e-07
6.09537e-05 2.03891e-07
6.53131e-05 2.04997e-07
7e-05 2.07686e-07
7.4131e-05 2.11232e-07
7.85236e-05 2.16148e-07
8.31764e-05 2.22547e-07
8.81049e-05 2.30576e-07
9.33254e-05 2.40351e-07
0.0001 2.54529e-07
0.000107152 2.71602e-07
0.000115 2.92444e-07
0.000123027 3.15952e-07
0.000131826 3.44313e-07
0.000141254 3.77803e-07
0.000153109 4.24269e-07
0.00016788 4.88385e-07
0.000188365 5.87204e-07
0.000213796 7.25007e-07
0.00025 9.4955e-07
0.00040738 2.23608e-06
0.000501187 3.19532e-06
0.000595662 4.27411e-06
0.000707946 5.67572e-06
0.000831764 7.34328e-06
0.000977237 9.4336e-06
0.00114815 1.20279e-05
0.00134896 1.52217e-05
0.00158489 1.91195e-05
0.00186209 2.38435e-05
0.00221309 2.99765e-05
0.00260016 3.68454e-05
0.00305492 4.49473e-05
0.00354813 5.3681e-05
0.00412097 6.36439e-05
0.00473151 7.39605e-05
0.0054325 8.53529e-05
0.00623735 9.7792e-05
0.00716143 0.00011121
0.00822243 0.000125526
0.00944061 0.000140623
0.0109648 0.00015784
0.0126191 0.000174646
0.0144544 0.000191154
0.0162181 0.000204959
0.0184077 0.000219776
0.0211349 0.000235381
0.0242661 0.000250206
0.0278612 0.000264018
0.031989 0.000276556
0.0367282 0.000287631
0.0421697 0.000297113
0.0489779 0.000305484
0.057544 0.000312335
0.0676083 0.000316897
0.081283 0.000319681
0.1 0.000320367
0.197242 0.000314023
0.242661 0.000313942
0.285102 0.000316041
0.331131 0.000320365
0.375837 0.00032627
0.42658 0.000334673
4.75e-06 0.42658 129 26
4.75e-06 3.15404e-10
4.8e-06 3.31365e-10
4.96e-06 3.80958e-10
5.15e-06 4.44325e-10
5.42e-06 5.4288e-10
5.7e-06 6.55559e-10
5.95662e-06 7.68643e-10
6.35e-06 9.60193e-10
6.7e-06 1.14986e-09
7.1e-06 1.3878e-09
7.58578e-06 1.70768e-09
8.12831e-06 2.10447e-09
8.60994e-06 2.48933e-09
9.2e-06 2.99814e-09
9.77237e-06 3.526e-09
1.03514e-05 4.08827e-09
1.09648e-05 4.70732e-09
1.16145e-05 5.37653e-09
1.23027e-05 6.09199e-09
1.29e-05 6.71046e-09
1.35e-05 7.31927e-09
1.42e-05 8.00771e-09
1.49624e-05 8.72206e-09
1.57e-05 9.37536e-09
1.65959e-05 1.01156e-08
1.75792e-05 1.08569e-08
1.86209e-05 1.15653e-08
1.98e-05 1.2286e-08
2.11349e-05 1.30097e-08
2.29087e-05 1.38476e-08
2.51189e-05 1.4752e-08
2.8e-05 1.57571e-08
3.12608e-05 1.6723e-08
3.46737e-05 1.75621e-08
3.80189e-05 1.82108e-08
4.12098e-05 1.86745e-08
4.46684e-05 1.90046e-08
4.8e-05 1.91799e-08
5.188e-05 1.92336e-08
5.62341e-05 1.91524e-08
6.16595e-05 1.89202e-08
6.83912e-05 1.85141e-08
7.58578e-05 1.79733e-08
8.31764e-05 1.73709e-08
8.91251e-05 1.68315e-08
9.54993e-05 1.62175e-08
0.000103514 1.54072e-08
0.000112202 1.45266e-08
0.000142135 1.20014e-08
0.00015 1.15417e-08
0.000156675 1.12514e-08
0.000164059 1.10277e-08
0.000169824 1.0919e-08
0.000175792 1.08638e-08
0.00018197 1.08653e-08
0.000188365 1.09279e-08
0.000194984 1.10566e-08
0.0002 1.11973e-08
0.000206538 1.15825e-08
0.000213796 1.2094e-08
0.000221309 1.27132e-08
0.000229087 1.34482e-08
0.000237137 1.43091e-08
0.000245471 1.53076e-08
0.000254097 1.64575e-08
0.000266073 1.82532e-08
0.000278612 2.03876e-08
0.000291743 2.29088e-08
0.00030903 2.66773e-08
0.000331131 3.22584e-08
0.000402717 5.6181e-08
0.00044157 7.2043e-08
0.00047863 8.90344e-08
0.000512861 1.06171e-07
0.000555904 1.29438e-07
0.00060256 1.56623e-07
0.000653131 1.87989e-07
0.000707946 2.24001e-07
0.000767361 2.65082e-07
0.000831764 3.11664e-07
0.000901571 3.64074e-07
0.000977237 4.22412e-07
0.00107152 4.96897e-07
0.0011749 5.80133e-07
0.00128825 6.72363e-07
0.00141254 7.73761e-07
0.00154882 8.84431e-07
0.00169824 1.00435e-06
0.00188365 1.14999e-06
0.0020893 1.30651e-06
0.00231739 1.47489e-06
0.00251189 1.61117e-06
0.00275423 1.76969e-06
0.00309029 1.97312e-06
0.00342768 2.16204e-06
0.00380189 2.35233e-06
0.00416869 2.51946e-06
0.00462381 2.70199e-06
0.00512861 2.87648e-06
0.00568853 3.0398e-06
0.00630957 3.18921e-06
0.00699842 3.32263e-06
0.00776247 3.43808e-06
0.00860994 3.534e-06
0.00966051 3.61606e-06
0.0108393 3.67102e-06
0.0121619 3.69845e-06
0.0136458 3.69868e-06
0.0153109 3.67261e-06
0.0171791 3.62168e-06
0.0194985 3.53922e-06
0.0221309 3.43192e-06
0.0251189 3.30276e-06
0.0288403 3.14295e-06
0.0331131 2.96881e-06
0.0384592 2.76996e-06
0.0451856 2.55011e-06
0.0537032 2.31579e-06
0.0645654 2.07449e-06
0.0841395 1.75491e-06
0.134896 1.29536e-06
0.165959 1.14078e-06
0.197242 1.03299e-06
0.229087 9.53814e-07
0.263027 8.92199e-07
0.3 8.43372e-07
0.338844 8.0639e-07
0.380189 7.78549e-07
0.42658 7.57046e-07
4.11e-06 0.446684 128 27
4.11e-06 4.28515e-10
4.18e-06 4.57401e-10
4.36516e-06 5.34722e-10
4.6e-06 6.41273e-10
4.9e-06 7.9075e-10
5.24807e-06 9.8342e-10
5.6e-06 1.19965e-09
6.0256e-06 1.48993e-09
6.5e-06 1.85113e-09
7e-06 2.27292e-09
7.58578e-06 2.81902e-09
8.22243e-06 3.47151e-09
8.81049e-06 4.12219e-09
9.44061e-06 4.86132e-09
1e-05 5.5463e-09
1.05925e-05 6.29003e-09
1.12202e-05 7.08826e-09
1.1885e-05 7.93519e-09
1.25892e-05 8.81908e-09
1.33352e-05 9.7289e-09
1.41254e-05 1.06473e-08
1.49624e-05 1.15613e-08
1.58489e-05 1.24611e-08
1.6788e-05 1.33325e-08
1.77828e-05 1.4165e-08
1.90546e-05 1.51128e-08
2.04174e-05 1.59999e-08
2.21309e-05 1.69589e-08
2.4e-05 1.78608e-08
2.66072e-05 1.89211e-08
2.95121e-05 1.99093e-08
3.3e-05 2.08751e-08
3.67282e-05 2.1649e-08
3.98107e-05 2.20905e-08
4.31519e-05 2.23897e-08
4.67735e-05 2.25037e-08
5.01187e-05 2.24657e-08
5.5e-05 2.22178e-08
6.0256e-05 2.17848e-08
6.60693e-05 2.121e-08
7.24436e-05 2.05245e-08
7.94328e-05 1.97382e-08
8.70964e-05 1.88412e-08
9.54993e-05 1.78341e-08
0.000106 1.65957e-08
0.00012735 1.44826e-08
0.000134896 1.3944e-08
0.00014211 1.35575e-08
0.000147911 1.33416e-08
0.000151356 1.32702e-08
0.000156675 1.32586e-08
0.000162181 1.33182e-08
0.00016788 1.34515e-08
0.00017378 1.36621e-08
0.000179887 1.39549e-08
0.000186209 1.43366e-08
0.000192753 1.48156e-08
0.0002 1.54471e-08
0.000206538 1.62661e-08
0.000213796 1.72988e-08
0.000221309 1.85042e-08
0.000229087 1.98984e-08
0.000239883 2.20834e-08
0.000251189 2.46866e-08
0.000266073 2.8614e-08
0.000281838 3.34002e-08
0.000301995 4.0419e-08
0.000380189 7.54355e-08
0.000416869 9.61997e-08
0.000446684 1.14656e-07
0.000484172 1.39772e-07
0.000524808 1.69214e-07
0.000568853 2.03409e-07
0.000616595 2.42759e-07
0.000668344 2.87598e-07
0.000724436 3.38419e-07
0.000794328 4.04405e-07
0.000870964 4.7953e-07
0.000954993 5.6417e-07
0.00103514 6.46254e-07
0.00113501 7.49439e-07
0.00124452 8.63002e-07
0.00138038 1.0036e-06
0.00151356 1.13976e-06
0.00165959 1.28482e-06
0.0018197 1.43856e-06
0.00201837 1.62163e-06
0.00223872 1.81724e-06
0.00248313 2.02191e-06
0.00275423 2.23332e-06
0.00305492 2.44851e-06
0.00338844 2.66395e-06
0.00375837 2.87675e-06
0.00416869 3.08329e-06
0.00462381 3.27994e-06
0.00512861 3.4634e-06
0.00568853 3.63003e-06
0.00630957 3.77682e-06
0.00699842 3.90171e-06
0.00776247 4.00282e-06
0.00860994 4.07882e-06
0.00954993 4.12869e-06
0.0105925 4.15184e-06
0.011885 4.14637e-06
0.0133352 4.10923e-06
0.015 4.04038e-06
0.016788 3.94754e-06
0.0188365 3.8282e-06
0.0213796 3.67264e-06
0.0242661 3.49583e-06
0.0275423 3.303e-06
0.0316228 3.08073e-06
0.0363078 2.85214e-06
0.0421697 2.60353e-06
0.049545 2.34131e-06
0.0595662 2.05714e-06
0.074131 1.74761e-06
0.12735 1.1543e-06
0.154882 9.9972e-07
0.18197 8.94485e-07
0.211349 8.1296e-07
0.239883 7.55188e-07
0.269153 7.11177e-07
0.3 6.76728e-07
0.331131 6.51103e-07
0.367282 6.2982e-07
0.40738 6.14095e-07
0.446684 6.04655e-07
5.88e-06 0.451856 67 28
5.88e-06 1.99661e-09
5.95662e-06 1.99845e-09
6.91831e-06 1.90551e-09
8.31764e-06 1.80967e-09
9.77237e-06 1.7416e-09
1.16145e-05 1.6846e-09
1.33352e-05 1.65166e-09
1.51356e-05 1.63262e-09
1.69824e-05 1.62756e-09
1.88365e-05 1.63474e-09
2.07e-05 1.65331e-09
2.23872e-05 1.6802e-09
2.42661e-05 1.72096e-09
2.60016e-05 1.76838e-09
2.8e-05 1.83428e-09
3e-05 1.91143e-09
3.19889e-05 1.99895e-09
3.42768e-05 2.11305e-09
3.67282e-05 2.2502e-09
3.9355e-05 2.41269e-09
4.2658e-05 2.63774e-09
4.62381e-05 2.90597e-09
5.01187e-05 3.22583e-09
5.5e-05 3.66611e-09
6.09537e-05 4.25648e-09
6.76083e-05 4.9884e-09
7.67362e-05 6.10287e-09
8.70964e-05 7.51966e-09
0.000101158 9.68615e-09
0.000116145 1.23338e-08
0.000130317 1.51896e-08
0.000171791 2.54017e-08
0.000194984 3.19029e-08
0.000221309 3.97516e-08
0.000305492 6.83116e-08
0.000380189 9.91102e-08
0.000421697 1.17657e-07
0.000609537 2.1315e-07
0.000707946 2.70374e-07
0.000944061 4.20385e-07
0.00110918 5.35802e-07
0.00134896 7.13614e-07
0.00171791 1.00806e-06
0.00218776 1.41308e-06
0.00288403 2.06188e-06
0.00549541 4.77492e-06
0.00616595 5.52483e-06
0.00758578 7.10814e-06
0.00922571 8.95187e-06
0.0112202 1.11903e-05
0.0136458 1.38818e-05
0.0165959 1.7086e-05
0.0199526 2.06215e-05
0.0239883 2.47075e-05
0.0288403 2.93851e-05
0.0342768 3.43111e-05
0.0412098 4.01742e-05
0.049545 4.66792e-05
0.0595662 5.38004e-05
0.0724436 6.20643e-05
0.0851138 6.93814e-05
0.105925 8.00267e-05
0.136458 9.36207e-05
0.25704 0.000135826
0.319889 0.000155369
0.384592 0.000175205
0.451856 0.000196007
