0.0024559 0.0841395 21 0
0.0024559 0.00151368
0.002513 0.00156874
0.002558 0.00160351
0.00260016 0.00162612
0.00281838 0.00169042
0.00384592 0.00193421
0.00431519 0.00201435
0.00501187 0.00211423
0.00609537 0.0022238
0.00716143 0.00229848
0.00831764 0.00235638
0.00988553 0.00240823
0.011885 0.0024463
0.0144544 0.00246797
0.0175792 0.0024713
0.0216272 0.00245625
0.0269154 0.0024223
0.0342768 0.00236576
0.044157 0.00228986
0.0588844 0.0021884
0.0841395 0.00205184
0.00022597 0.0653131 43 1
0.00022597 4.24401e-06
0.0002385 4.8994e-06
0.000251189 5.58811e-06
0.000266073 6.41994e-06
0.000281838 7.31952e-06
0.000298538 8.28219e-06
0.000305492 8.67193e-06
0.000343 1.07296e-05
0.000363078 1.18446e-05
0.000389045 1.32463e-05
0.000446684 1.63664e-05
0.000489779 1.87361e-05
0.000530884 2.09443e-05
0.000609537 2.51006e-05
0.000676083 2.85761e-05
0.000758578 3.27277e-05
0.000860994 3.77442e-05
0.00097 4.28204e-05
0.00111 4.90263e-05
0.00125892 5.51876e-05
0.00142889 6.17561e-05
0.00165 6.95926e-05
0.00188365 7.71119e-05
0.00216272 8.52079e-05
0.00251189 9.41496e-05
0.00291743 0.000103143
0.00338844 0.000112051
0.0039355 0.000120752
0.00457088 0.000129129
0.00530884 0.000137077
0.00616595 0.00014451
0.00724436 0.000151845
0.00860994 0.000158811
0.0101158 0.000164382
0.0120226 0.000169291
0.0142889 0.000173055
0.0171791 0.000175765
0.0206538 0.000177149
0.0251189 0.000177227
0.0309029 0.000175908
0.0384592 0.000173161
0.0489779 0.000168798
0.0653131 0.000162241
0.00017273 0.074131 60 2
0.00017273 3.0331e-06
0.0001731 3.55885e-06
0.00017332 3.89342e-06
0.00017355 4.25405e-06
0.00017378 4.62382e-06
0.000174 4.98065e-06
0.00017428 5.43748e-06
0.0001745 5.7971e-06
0.00017477 6.22976e-06
0.000175 6.58721e-06
0.0001752 6.88946e-06
0.00017535 7.10828e-06
0.0001755 7.22304e-06
0.0001759 7.65855e-06
0.00017695 8.17685e-06
0.000178 8.49099e-06
0.0001815 9.12499e-06
0.0001838 9.39088e-06
0.000188365 9.80995e-06
0.000208 1.14916e-05
0.000216272 1.2139e-05
0.000226 1.27921e-05
0.000233 1.33451e-05
0.000242661 1.40057e-05
0.000269154 1.56346e-05
0.000288403 1.67424e-05
0.000305492 1.75899e-05
0.000323594 1.83423e-05
0.000350752 1.92829e-05
0.0004 2.07322e-05
0.000436516 2.16192e-05
0.000484172 2.25152e-05
0.000562341 2.37009e-05
0.000623735 2.43777e-05
0.000724436 2.51541e-05
0.000812831 2.55863e-05
0.000933254 2.58895e-05
0.00105925 2.59819e-05
0.00123027 2.58625e-05
0.0014 2.5576e-05
0.00160325 2.51173e-05
0.00184077 2.44822e-05
0.00211349 2.36969e-05
0.0024 2.28552e-05
0.00275423 2.18311e-05
0.00316228 2.07063e-05
0.00367282 1.94107e-05
0.0043 1.79924e-05
0.00506991 1.64903e-05
0.0060256 1.49245e-05
0.00716143 1.33966e-05
0.00851138 1.19323e-05
0.0101158 1.05491e-05
0.0120226 9.2583e-06
0.0144544 7.99533e-06
0.0175792 6.78846e-06
0.0218776 5.61062e-06
0.0291743 4.32736e-06
0.0582103 2.28696e-06
0.074131 1.8417e-06
0.0001714 0.0653131 60 3
0.0001714 6.00342e-06
0.00017151 6.28248e-06
0.0001717 6.82721e-06
0.0001719 7.4234e-06
0.0001722 8.34565e-06
0.0001725 9.29707e-06
0.0001727 9.94204e-06
0.000173 1.09098e-05
0.00017323 1.16482e-05
0.0001735 1.25002e-05
0.00017378 1.33555e-05
0.0001741 1.42835e-05
0.00017435 1.49647e-05
0.00017515 1.60526e-05
0.0001753 1.62036e-05
0.00017635 1.69583e-05
0.0001775 1.74965e-05
0.0001777 1.76523e-05
0.000181 1.88772e-05
0.000186209 2.03088e-05
0.0002 2.28908e-05
0.000234423 2.69193e-05
0.000235 2.6884e-05
0.000248313 2.85862e-05
0.000278612 3.21738e-05
0.000295121 3.39283e-05
0.000312608 3.55023e-05
0.000335 3.71533e-05
0.000380189 3.99234e-05
0.000416869 4.18398e-05
0.000457088 4.35096e-05
0.000524808 4.57024e-05
0.000582103 4.71867e-05
0.000653131 4.85138e-05
0.00075 4.97681e-05
0.000831764 5.04126e-05
0.000966051 5.09086e-05
0.00109648 5.09256e-05
0.00125892 5.0579e-05
0.00145 4.9832e-05
0.00165959 4.87961e-05
0.00192753 4.72935e-05
0.00223872 4.54543e-05
0.0025704 4.34983e-05
0.00295121 4.13338e-05
0.00338844 3.90156e-05
0.00389045 3.65887e-05
0.00451856 3.38921e-05
0.00524807 3.11874e-05
0.00616595 2.8304e-05
0.00724436 2.55057e-05
0.00860994 2.26329e-05
0.0102329 1.99261e-05
0.0121619 1.74105e-05
0.0146218 1.49592e-05
0.0177828 1.26273e-05
0.0218776 1.04697e-05
0.0278612 8.34472e-06
0.04 5.88452e-06
0.0653131 3.65555e-06
2.095e-05 0.0767362 90 4
2.095e-05 3.53561e-10
2.101e-05 3.73353e-10
2.11349e-05 4.14358e-10
2.127e-05 4.61022e-10
2.142e-05 5.15785e-10
2.16e-05 5.85343e-10
2.177e-05 6.55158e-10
2.2e-05 7.55569e-10
2.22e-05 8.48699e-10
2.242e-05 9.56945e-10
2.265e-05 1.07691e-09
2.29087e-05 1.22018e-09
2.31739e-05 1.37587e-09
2.35e-05 1.57936e-09
2.385e-05 1.8126e-09
2.42e-05 2.06124e-09
2.46e-05 2.36402e-09
2.5e-05 2.68637e-09
2.54097e-05 3.03646e-09
2.58e-05 3.38853e-09
2.63027e-05 3.86861e-09
2.67e-05 4.2691e-09
2.73e-05 4.90861e-09
2.78612e-05 5.54427e-09
2.85102e-05 6.32393e-09
2.92e-05 7.20432e-09
3e-05 8.29078e-09
3.0903e-05 9.59988e-09
3.19e-05 1.11454e-08
3.3e-05 1.29698e-08
3.4e-05 1.47338e-08
3.50752e-05 1.67394e-08
3.65e-05 1.95663e-08
3.80189e-05 2.27844e-08
3.95e-05 2.61158e-08
4.12098e-05 3.01853e-08
4.31519e-05 3.50801e-08
4.51856e-05 4.0493e-08
4.73151e-05 4.64495e-08
5e-05 5.43335e-08
5.24807e-05 6.1941e-08
5.55904e-05 7.18524e-08
5.9e-05 8.31325e-08
6.23735e-05 9.46451e-08
6.65e-05 1.09107e-07
7.07946e-05 1.24538e-07
7.58578e-05 1.43147e-07
8.22243e-05 1.67147e-07
9.01571e-05 1.97935e-07
0.0001 2.37532e-07
0.000112202 2.88714e-07
0.000125892 3.48513e-07
0.000141254 4.17682e-07
0.000158 4.94517e-07
0.00018 5.96769e-07
0.000221309 7.95236e-07
0.000269154 1.03792e-06
0.00030903 1.24358e-06
0.000363078 1.52111e-06
0.000436516 1.90049e-06
0.0005188 2.32358e-06
0.000638263 2.93613e-06
0.000732825 3.40879e-06
0.000851138 3.97418e-06
0.000977237 4.54688e-06
0.00113501 5.22056e-06
0.00131826 5.9467e-06
0.00153109 6.71994e-06
0.00177828 7.53237e-06
0.00206538 8.3783e-06
0.00239883 9.24997e-06
0.00278612 1.01431e-05
0.00323594 1.10431e-05
0.00375837 1.19352e-05
0.00431519 1.2736e-05
0.00501187 1.3567e-05
0.00588844 1.44095e-05
0.00691831 1.51847e-05
0.00812831 1.58822e-05
0.00966051 1.65334e-05
0.0114815 1.7079e-05
0.0136458 1.75106e-05
0.0162181 1.78225e-05
0.0194985 1.80228e-05
0.0234423 1.80901e-05
0.0285102 1.80273e-05
0.0350752 1.78235e-05
0.044157 1.74604e-05
0.057544 1.69102e-05
0.0767362 1.6176e-05
1.034e-05 0.0732824 115 5
1.034e-05 2.11384e-08
1.06e-05 2.30388e-08
1.085e-05 2.48388e-08
1.10917e-05 2.65294e-08
1.14e-05 2.8575e-08
1.17e-05 3.03968e-08
1.2e-05 3.20366e-08
1.222e-05 3.31041e-08
1.245e-05 3.40757e-08
1.2735e-05 3.50628e-08
1.30317e-05 3.58378e-08
1.335e-05 3.63847e-08
1.36458e-05 3.66296e-08
1.39637e-05 3.66278e-08
1.42889e-05 3.63617e-08
1.46218e-05 3.58464e-08
1.5e-05 3.50071e-08
1.53109e-05 3.41529e-08
1.57e-05 3.29216e-08
1.6119e-05 3.14549e-08
1.65959e-05 2.96759e-08
1.71e-05 2.77411e-08
1.75792e-05 2.59061e-08
1.8197e-05 2.36084e-08
1.88365e-05 2.13609e-08
1.95e-05 1.92016e-08
2.04e-05 1.6583e-08
2.13796e-05 1.41328e-08
2.42661e-05 9.04014e-09
2.51189e-05 8.04655e-09
2.58e-05 7.39226e-09
2.65e-05 6.83788e-09
2.71e-05 6.45126e-09
2.77e-05 6.14129e-09
2.81838e-05 5.94427e-09
2.87e-05 5.78369e-09
2.92e-05 5.67506e-09
2.965e-05 5.61519e-09
3e-05 5.59266e-09
3.04e-05 5.59191e-09
3.0903e-05 5.62777e-09
3.135e-05 5.69288e-09
3.19e-05 5.81484e-09
3.245e-05 5.98155e-09
3.3e-05 6.19179e-09
3.35e-05 6.41962e-09
3.42e-05 6.79579e-09
3.5e-05 7.30497e-09
3.58922e-05 7.96931e-09
3.69e-05 8.83806e-09
3.80189e-05 9.94473e-09
4e-05 1.22556e-08
4.36516e-05 1.76122e-08
4.57088e-05 2.12036e-08
4.8e-05 2.56461e-08
5.01187e-05 3.01351e-08
5.24807e-05 3.55247e-08
5.49541e-05 4.15494e-08
5.7544e-05 4.82225e-08
6.0256e-05 5.55507e-08
6.30957e-05 6.35251e-08
6.60693e-05 7.21361e-08
6.91831e-05 8.13819e-08
7.3e-05 9.29546e-08
7.67362e-05 1.04451e-07
8.12831e-05 1.18609e-07
8.60994e-05 1.33752e-07
9.12011e-05 1.49877e-07
9.8e-05 1.71485e-07
0.000104713 1.92818e-07
0.000113501 2.20674e-07
0.00012247 2.48708e-07
0.000131826 2.77355e-07
0.000142889 3.10038e-07
0.000154882 3.43916e-07
0.00016788 3.78957e-07
0.000186209 4.2592e-07
0.000211349 4.871e-07
0.000237137 5.46381e-07
0.000260016 5.95211e-07
0.000285102 6.44012e-07
0.000312608 6.9214e-07
0.000350752 7.51708e-07
0.00039355 8.10621e-07
0.00044157 8.6769e-07
0.000506991 9.33931e-07
0.00057544 9.92813e-07
0.000638263 1.03674e-06
0.000716143 1.07912e-06
0.000803526 1.11465e-06
0.000901571 1.14212e-06
0.00101158 1.16195e-06
0.00114815 1.17518e-06
0.00130317 1.17955e-06
0.00147911 1.17548e-06
0.00169824 1.1624e-06
0.00194984 1.14058e-06
0.00223872 1.111e-06
0.0025704 1.07426e-06
0.00295121 1.03115e-06
0.00338844 9.82465e-07
0.00389045 9.29469e-07
0.00446684 8.73184e-07
0.005188 8.09996e-07
0.00609537 7.41075e-07
0.00716143 6.72965e-07
0.00841395 6.06613e-07
0.01 5.3854e-07
0.011885 4.74362e-07
0.0142889 4.11147e-07
0.0171791 3.53606e-07
0.0213796 2.93218e-07
0.0278612 2.31741e-07
0.0555904 1.23317e-07
0.0732824 9.63235e-08
1.025e-05 0.0699842 115 6
1.025e-05 4.15049e-08
1.05e-05 4.50934e-08
1.075e-05 4.86199e-08
1.105e-05 5.26932e-08
1.13501e-05 5.65314e-08
1.16145e-05 5.96527e-08
1.1907e-05 6.27514e-08
1.22e-05 6.5452e-08
1.245e-05 6.73922e-08
1.2735e-05 6.91663e-08
1.30317e-05 7.05059e-08
1.33352e-05 7.1348e-08
1.36458e-05 7.16774e-08
1.39637e-05 7.14914e-08
1.42889e-05 7.08039e-08
1.46218e-05 6.96472e-08
1.5e-05 6.78665e-08
1.53109e-05 6.61028e-08
1.57e-05 6.36055e-08
1.6119e-05 6.06654e-08
1.65959e-05 5.71338e-08
1.71e-05 5.33227e-08
1.75792e-05 4.97273e-08
1.8197e-05 4.52449e-08
1.88365e-05 4.08782e-08
1.95e-05 3.67003e-08
2.04e-05 3.16443e-08
2.15e-05 2.64083e-08
2.4e-05 1.79047e-08
2.48313e-05 1.59567e-08
2.56e-05 1.44859e-08
2.61e-05 1.36863e-08
2.67e-05 1.28793e-08
2.73e-05 1.2229e-08
2.78612e-05 1.17546e-08
2.83e-05 1.14693e-08
2.87e-05 1.12721e-08
2.92e-05 1.11069e-08
2.965e-05 1.10327e-08
3e-05 1.10226e-08
3.04e-05 1.10596e-08
3.0903e-05 1.11785e-08
3.135e-05 1.13499e-08
3.19e-05 1.16432e-08
3.245e-05 1.20248e-08
3.3e-05 1.24923e-08
3.35e-05 1.29897e-08
3.42e-05 1.3799e-08
3.5e-05 1.48805e-08
3.58922e-05 1.62777e-08
3.69e-05 1.80903e-08
3.84592e-05 2.13658e-08
4.31519e-05 3.44202e-08
4.51856e-05 4.144e-08
4.73151e-05 4.95852e-08
4.9545e-05 5.89086e-08
5.188e-05 6.94547e-08
5.4325e-05 8.12641e-08
5.68853e-05 9.43587e-08
5.95662e-05 1.08734e-07
6.23735e-05 1.24382e-07
6.53131e-05 1.4131e-07
6.83912e-05 1.59493e-07
7.16143e-05 1.78883e-07
7.5e-05 1.99551e-07
7.94328e-05 2.26977e-07
8.41395e-05 2.56326e-07
9.01571e-05 2.94141e-07
9.54993e-05 3.27845e-07
0.000102329 3.7096e-07
0.000109648 4.17108e-07
0.000119 4.75472e-07
0.00012735 5.26574e-07
0.000138038 5.9019e-07
0.00015 6.58212e-07
0.000162181 7.24278e-07
0.000177828 8.05064e-07
0.0002 9.13735e-07
0.000223872 1.02499e-06
0.000248313 1.13183e-06
0.000273 1.23074e-06
0.0003 1.32799e-06
0.000334965 1.4402e-06
0.000375837 1.55584e-06
0.000421697 1.66841e-06
0.00047863 1.78791e-06
0.000549541 1.91504e-06
0.000609537 2.00431e-06
0.000676083 2.0827e-06
0.000758578 2.15734e-06
0.000841395 2.21204e-06
0.000944061 2.25807e-06
0.00105925 2.28907e-06
0.00120226 2.3061e-06
0.00136458 2.30589e-06
0.00156675 2.28753e-06
0.00179887 2.25187e-06
0.00206538 2.19979e-06
0.00237137 2.13321e-06
0.0027227 2.05327e-06
0.00312608 1.96167e-06
0.00358922 1.86031e-06
0.00412097 1.75125e-06
0.00473151 1.63631e-06
0.00549541 1.50894e-06
0.00653131 1.36287e-06
0.00767361 1.2302e-06
0.00901571 1.10231e-06
0.0105925 9.80513e-07
0.0125892 8.58162e-07
0.0151356 7.38529e-07
0.0184077 6.24054e-07
0.0229087 5.12618e-07
0.0295121 4.04736e-07
0.0699842 1.76183e-07
