0.13911 0.489779 14 0
0.13911 2.90353
0.14085 2.92707
0.1413 2.92862
0.1423 2.94681
0.1435 2.95203
0.146218 2.99434
0.15 3.02656
0.158489 3.1307
0.177828 3.32015
0.269153 4.14226
0.319889 4.58733
0.371535 5.04098
0.42658 5.53555
0.489779 6.12021
0.026824 0.489779 20 1
0.026824 0.0694347
0.02713 0.0700754
0.0286 0.0752817
0.0295121 0.0781102
0.0307 0.0824504
0.031989 0.0866885
0.0338844 0.0926993
0.0380189 0.106467
0.0421697 0.119307
0.0524807 0.149171
0.060256 0.169708
0.0676083 0.188257
0.0822243 0.221623
0.1 0.257674
0.121619 0.296494
0.149624 0.341075
0.275423 0.505678
0.342768 0.586746
0.412098 0.670306
0.489779 0.765026
0.026007 0.436516 17 2
0.026007 0.135593
0.0263027 0.137436
0.027227 0.140936
0.0285102 0.144823
0.0298538 0.149206
0.0363078 0.165553
0.04 0.173229
0.049 0.188121
0.0609537 0.202686
0.0767362 0.216728
0.0966051 0.229838
0.186209 0.267992
0.234423 0.284703
0.27227 0.297886
0.327341 0.317628
0.380189 0.337015
0.436516 0.358571
0.020409 0.42658 18 3
0.020409 0.164587
0.0214 0.167428
0.0237137 0.171815
0.0260016 0.17458
0.0295121 0.178957
0.0331131 0.181355
0.039 0.183778
0.048 0.184911
0.060256 0.183915
0.074131 0.181467
0.0977237 0.176678
0.16788 0.166115
0.211349 0.163049
0.237137 0.162332
0.29 0.162469
0.334965 0.163788
0.380189 0.16615
0.42658 0.169537
0.0069531 0.467735 29 4
0.0069531 0.00296094
0.00716143 0.00310844
0.00735 0.00325945
0.0075 0.00337032
0.0078 0.00361625
0.00851138 0.00416622
0.00912011 0.00467792
0.00954993 0.00502982
0.0115 0.00664823
0.0125892 0.00754013
0.0147911 0.00940032
0.0164059 0.0107327
0.0190546 0.0129245
0.0221309 0.0153938
0.0248313 0.0175235
0.0295121 0.021081
0.0354813 0.0253851
0.0421697 0.0299183
0.0501187 0.0349487
0.0595662 0.0404744
0.07 0.0460921
0.0831764 0.0525905
0.1 0.0600918
0.123027 0.0692825
0.160325 0.0823681
0.263027 0.113015
0.323594 0.129803
0.39355 0.149047
0.467735 0.16961
0.0065646 0.446684 32 5
0.0065646 0.00407349
0.006594 0.00404176
0.006642 0.00405623
0.00685 0.00433145
0.00724436 0.00484227
0.00803526 0.00585526
0.00841395 0.00634921
0.00891251 0.00697402
0.0101158 0.00847496
0.0112202 0.00985858
0.0116145 0.0103386
0.0136458 0.0127287
0.0146218 0.0138194
0.0171791 0.0165157
0.0186209 0.0179395
0.0216272 0.020696
0.0237137 0.022448
0.0273 0.0252167
0.0315 0.0280743
0.0350752 0.0302526
0.0402717 0.0330682
0.0467735 0.036103
0.054325 0.0391076
0.0638264 0.0422896
0.0758578 0.0456264
0.0922571 0.0493283
0.115 0.0534184
0.229087 0.0673036
0.281838 0.0726109
0.334965 0.0778733
0.389045 0.0832884
0.446684 0.0892107
0.0052472 0.436516 31 6
0.0052472 0.00868455
0.00528 0.00868568
0.00538 0.00883288
0.00582103 0.0098065
0.00668344 0.0116111
0.00716143 0.0125481
0.00822243 0.0145208
0.00901571 0.015932
0.0109648 0.0190928
0.0119 0.0204121
0.014 0.023129
0.0154882 0.0247839
0.0175792 0.0268865
0.0201837 0.0290788
0.0223872 0.0306841
0.0260016 0.0328629
0.0301995 0.0348522
0.0342768 0.0363625
0.0389045 0.0377138
0.0446684 0.0389804
0.0512861 0.040029
0.0595662 0.0409158
0.07 0.0416047
0.0841395 0.0420708
0.103514 0.042277
0.201837 0.0420165
0.245471 0.0421721
0.288403 0.0425769
0.334965 0.043263
0.384592 0.0442329
0.436516 0.0454735
0.0046255 0.431519 34 7
0.0046255 0.0129732
0.00473151 0.0135482
0.00484172 0.0140564
0.0049028 0.0143
0.0049545 0.0144409
0.0055 0.0149723
0.0059 0.0152429
0.00668344 0.0156087
0.00758578 0.0158692
0.00841395 0.0159888
0.00933254 0.0160051
0.0115 0.0157474
0.0135 0.0153312
0.0149624 0.0149992
0.0177828 0.0143054
0.0211349 0.0134836
0.0245471 0.0126977
0.0281838 0.0119349
0.0327341 0.0110878
0.0384592 0.0101741
0.0462381 0.00915134
0.0568853 0.00805968
0.074131 0.00679346
0.104713 0.00540451
0.125892 0.00474282
0.139637 0.00443813
0.160325 0.0040919
0.188365 0.00375114
0.237137 0.00333196
0.27227 0.00312461
0.30903 0.00296723
0.346737 0.00285146
0.389045 0.00276017
0.431519 0.00269875
0.0043696 0.44157 35 8
0.0043696 0.0184961
0.004535 0.0186972
0.00473151 0.0191513
0.00489779 0.0193761
0.00524807 0.0197404
0.0057544 0.0200659
0.00653131 0.0203468
0.00724436 0.0204857
0.008 0.0204878
0.00881049 0.0203804
0.0098 0.0200825
0.0110917 0.019697
0.0124452 0.0191566
0.014 0.0185478
0.0165959 0.017484
0.0190546 0.0165119
0.0215 0.0156143
0.0248313 0.0145011
0.0291743 0.0132301
0.0342768 0.0119682
0.0402717 0.0107462
0.048 0.00948494
0.0588844 0.00813768
0.0758578 0.0066742
0.123027 0.00455127
0.15 0.00391305
0.17378 0.00352263
0.192752 0.00328764
0.231739 0.00294073
0.263027 0.002744
0.295121 0.00259578
0.327341 0.00248761
0.363078 0.00240141
0.4 0.00233994
0.44157 0.00229619
0.0018563 0.47863 31 9
0.0018563 0.000124423
0.00211349 0.000159852
0.0023 0.0001886
0.00278612 0.000267496
0.00327341 0.000355174
0.00354813 0.000406138
0.00431519 0.000556548
0.0048 0.000655426
0.00568853 0.000844245
0.0068 0.00108821
0.00767361 0.00128449
0.00901571 0.00159098
0.0108393 0.00201174
0.0130317 0.00251828
0.0154882 0.00308156
0.0184077 0.00374016
0.0216272 0.00444947
0.0254097 0.00525811
0.0301995 0.00624242
0.0358922 0.00735451
0.043 0.00866033
0.0512861 0.0100773
0.0609537 0.0116065
0.0732824 0.0133933
0.0881049 0.0153427
0.105925 0.0174596
0.136458 0.0206585
0.27227 0.0321726
0.338844 0.037268
0.402717 0.0421313
0.47863 0.0480324
0.0016736 0.451856 42 10
0.0016736 7.54465e-05
0.00186 0.000100963
0.00204174 0.000130986
0.00218776 0.000157338
0.00237137 0.000193031
0.0025704 0.000235089
0.00275423 0.000276386
0.00301995 0.000339895
0.00322 0.000389692
0.00358922 0.00048604
0.0039 0.000572445
0.00421696 0.000662402
0.00473151 0.000813521
0.00515 0.000940808
0.00568853 0.00110628
0.00630957 0.00130196
0.00691831 0.0014938
0.0078 0.00177369
0.00870964 0.00205964
0.00966051 0.00235632
0.0109648 0.00275359
0.0123027 0.00314914
0.0138038 0.00357747
0.0156675 0.00408465
0.0177828 0.00462785
0.0201837 0.0052049
0.023 0.00583189
0.0260016 0.0064462
0.0295121 0.00710179
0.0334965 0.00777459
0.0384592 0.0085227
0.044157 0.0092781
0.05188 0.0101641
0.060256 0.0109817
0.0716143 0.0119166
0.0870964 0.0129627
0.105925 0.0139826
0.218776 0.0180585
0.275423 0.0197101
0.331131 0.0212881
0.389045 0.0229213
0.451856 0.0247305
0.0013159 0.451856 40 11
0.0013159 0.000305284
0.00143 0.000357954
0.00165959 0.000470928
0.00192753 0.000610781
0.002104 0.000707232
0.0024 0.000871282
0.00266073 0.00101652
0.00307 0.00125161
0.00338844 0.00143287
0.0039355 0.00174511
0.00436516 0.00198562
0.005 0.00233628
0.00568853 0.00270264
0.00638264 0.00305928
0.00732824 0.00352126
0.00831764 0.00397459
0.00944061 0.00445462
0.0107152 0.00495795
0.0123027 0.00552712
0.0141254 0.00611038
0.0162181 0.00669958
0.0186209 0.00728624
0.0211349 0.00781392
0.024 0.00832714
0.0275423 0.00885713
0.0316228 0.00935235
0.0367282 0.0098383
0.042658 0.0102663
0.049545 0.0106308
0.0582103 0.0109477
0.0691831 0.0112073
0.0822243 0.0113891
0.102329 0.0115156
0.139637 0.0115819
0.204174 0.0116083
0.251189 0.0116995
0.298538 0.0118612
0.346737 0.0120898
0.398107 0.0123951
0.451856 0.0127735
0.001024 0.462381 57 12
0.001024 0.00014891
0.0010407 0.000167949
0.00107152 0.000199588
0.00111 0.000235529
0.001153 0.000278571
0.00119 0.000315972
0.00123027 0.000354815
0.00125892 0.000377737
0.00133 0.000430655
0.0014 0.00048336
0.00147 0.000536629
0.00154882 0.000597564
0.00165 0.000675968
0.00175792 0.000759467
0.00188365 0.000855998
0.002 0.000944378
0.00216272 0.0010651
0.00231739 0.00117847
0.00245471 0.00127474
0.00269154 0.00143245
0.00291743 0.00157768
0.00315 0.00171714
0.00346737 0.00189399
0.00375837 0.00204547
0.00412097 0.00221514
0.00457088 0.00240518
0.00501187 0.00256741
0.00555904 0.00274317
0.00609537 0.00288868
0.00676083 0.00304042
0.0075 0.00317576
0.00831764 0.00329361
0.00922571 0.00339213
0.0102329 0.00347038
0.0115 0.00353362
0.0130317 0.00357081
0.0147911 0.0035767
0.016788 0.00355197
0.0190546 0.00349873
0.0216272 0.00341946
0.0242661 0.00332799
0.0278612 0.00319772
0.0323594 0.00303591
0.0371535 0.00287254
0.0436516 0.00267143
0.05188 0.00245151
0.0630957 0.00220556
0.0803526 0.0019184
0.144544 0.00135167
0.175792 0.00121119
0.204174 0.00112075
0.251189 0.00101698
0.288403 0.00096028
0.327341 0.000917962
0.367282 0.00088757
0.412098 0.000864611
0.462381 0.000848989
0.00096007 0.44157 89 13
0.00096007 5.23382e-05
0.0009605 5.71121e-05
0.0009618 7.00891e-05
0.0009624 7.68009e-05
0.0009631 8.51234e-05
0.0009638 9.39532e-05
0.0009646 0.00010455
0.0009654 0.000115622
0.0009661 0.00012562
0.0009669 0.00013728
0.0009677 0.000149054
0.0009685 0.000160804
0.0009692 0.000170969
0.00097 0.000182336
0.0009708 0.000193345
0.0009715 0.000202601
0.0009723 0.000212689
0.0009733 0.000224478
0.000974 0.000232163
0.000975 0.000242303
0.000976 0.000251474
0.000977237 0.000261537
0.0009785 0.000270478
0.00098 0.000279592
0.0009815 0.000287324
0.0009835 0.000295982
0.000985 0.000301538
0.000988 0.000311026
0.0009915 0.000320425
0.000995 0.000328813
0.001 0.000339618
0.001006 0.000350863
0.001012 0.000360184
0.001019 0.000368907
0.00108 0.000431927
0.0011637 0.000518368
0.00123027 0.000588555
0.00130317 0.000666499
0.00138038 0.00075012
0.00147911 0.000857899
0.00158489 0.000973445
0.00169 0.00108717
0.0018 0.0012047
0.00190546 0.00131544
0.00211349 0.00152756
0.00226464 0.00167612
0.00245471 0.00185098
0.0027227 0.00208633
0.00291743 0.00224583
0.00323594 0.00248514
0.00350752 0.00267332
0.00384592 0.00288397
0.00421696 0.00309124
0.00465 0.00330174
0.00512861 0.00350204
0.00568853 0.00369705
0.00623735 0.00385429
0.00691831 0.00401031
0.00767361 0.0041412
0.00851138 0.00424674
0.00954993 0.00433193
0.0108393 0.00438489
0.0123027 0.00439557
0.014 0.0043641
0.0158489 0.00429573
0.018 0.00419022
0.0204174 0.00405458
0.023 0.00390212
0.0260016 0.00372627
0.0295121 0.00352779
0.0338844 0.0032978
0.039355 0.00304198
0.0462381 0.00276539
0.0555904 0.00246053
0.0676083 0.0021553
0.0841395 0.00184304
0.0954993 0.00167671
0.112202 0.00147367
0.125892 0.00135255
0.134896 0.00129052
0.158489 0.00116643
0.201837 0.000997469
0.231739 0.000921627
0.263027 0.000863408
0.295121 0.000819273
0.331131 0.000782715
0.367282 0.000756625
0.402717 0.000738984
0.44157 0.000727011
0.00057393 0.431519 126 14
0.00057393 1.2486e-05
0.00057396 1.22892e-05
0.0005744 1.1785e-05
0.00057485 1.13722e-05
0.0005753 1.10299e-05
0.0005757 1.07776e-05
0.0005762 1.05156e-05
0.000577 1.01915e-05
0.0005777 9.97913e-06
0.0005785 9.79953e-06
0.0005797 9.61455e-06
0.000581 9.49384e-06
0.0005825 9.4249e-06
0.0005848 9.40802e-06
0.000587 9.44765e-06
0.00059 9.55924e-06
0.0005925 9.70067e-06
0.00059508 9.90794e-06
0.000597 1.01168e-05
0.0005993 1.04465e-05
0.0006007 1.06986e-05
0.00060256 1.11069e-05
0.000604 1.14878e-05
0.0006057 1.20214e-05
0.0006073 1.26161e-05
0.000609 1.33603e-05
0.0006107 1.42328e-05
0.0006123 1.51867e-05
0.000614 1.63544e-05
0.0006157 1.77005e-05
0.000618 1.98385e-05
0.00062 2.20278e-05
0.000623 2.59646e-05
0.000626 3.07841e-05
0.0006335 4.73591e-05
0.000637 5.75717e-05
0.00064 6.76736e-05
0.000643 7.90421e-05
0.000646 9.16876e-05
0.000649 0.000105604
0.0006515 0.000118158
0.000654 0.00013156
0.0006565 0.000145777
0.000659 0.000160766
0.0006615 0.000176471
0.000664 0.000192818
0.000667 0.000213166
0.00067 0.000234149
0.000673 0.000255582
0.000676083 0.000277868
0.000679 0.000298977
0.000682 0.000320584
0.000685 0.000341893
0.00068811 0.000363523
0.000691831 0.000388619
0.000695 0.000409238
0.0006985 0.000431074
0.000702 0.000452025
0.000706 0.000474804
0.00071 0.000496382
0.000715 0.000521714
0.0007205 0.000547588
0.000726 0.000571497
0.000732825 0.000598605
0.00074131 0.000628748
0.00075 0.000655935
0.000758578 0.000680038
0.000769 0.00070628
0.000785236 0.000743213
0.000803526 0.00078065
0.000822243 0.0008153
0.000851138 0.000864015
0.000891251 0.000925664
0.000933254 0.000984893
0.000988553 0.00105609
0.00105 0.00112742
0.00112202 0.00120115
0.00119 0.00126218
0.00125892 0.00131663
0.00135 0.00137804
0.00145 0.00143129
0.00158489 0.00148987
0.00169824 0.00152689
0.00186209 0.00156326
0.00204174 0.0015901
0.00222 0.00160201
0.00245471 0.00160593
0.00266073 0.00159897
0.00298538 0.00157668
0.00327341 0.00154749
0.00365 0.00150316
0.0040738 0.00144684
0.0045 0.00138827
0.00501187 0.00131802
0.00562341 0.00123657
0.00623735 0.00115957
0.00691831 0.00108077
0.0078 0.000988459
0.00881049 0.000895267
0.01 0.000800874
0.0113501 0.000710346
0.012735 0.000632516
0.0142889 0.000559695
0.0161 0.000489989
0.0186209 0.000413282
0.0213796 0.000348949
0.0248313 0.000288186
0.0291743 0.000232638
0.0346737 0.000183486
0.0421697 0.000139083
0.0562341 9.1598e-05
0.0749894 6.00293e-05
0.0901571 4.54339e-05
0.103514 3.7103e-05
0.116145 3.15421e-05
0.12989 2.71343e-05
0.151356 2.23797e-05
0.175792 1.83424e-05
0.194985 1.61483e-05
0.216272 1.43187e-05
0.242661 1.26213e-05
0.286908 1.06142e-05
0.319889 9.54161e-06
0.354813 8.68056e-06
0.39355 7.95684e-06
0.431519 7.41489e-06
0.00055613 0.43189 127 15
0.00055613 1.77171e-05
0.0005562 1.74557e-05
0.0005565 1.66902e-05
0.0005568 1.6044e-05
0.0005572 1.5328e-05
0.0005575 1.48754e-05
0.0005579 1.43671e-05
0.00055845 1.37957e-05
0.000559 1.33465e-05
0.0005597 1.28955e-05
0.0005603 1.25932e-05
0.0005609 1.2352e-05
0.0005617 1.21029e-05
0.0005628 1.18585e-05
0.0005638 1.17079e-05
0.000565 1.15916e-05
0.0005665 1.15176e-05
0.0005687 1.1504e-05
0.000571 1.15693e-05
0.0005732 1.16905e-05
0.0005755 1.18787e-05
0.0005777 1.21289e-05
0.00058 1.2484e-05
0.0005822 1.29371e-05
0.000584 1.3409e-05
0.0005858 1.39886e-05
0.0005872 1.4525e-05
0.000589 1.53392e-05
0.0005908 1.63121e-05
0.0005923 1.72594e-05
0.000594 1.85011e-05
0.0005958 2.0032e-05
0.000598 2.22449e-05
0.0006 2.46224e-05
0.00060256 2.82432e-05
0.000605 3.23742e-05
0.000609 4.07837e-05
0.000616595 6.33133e-05
0.00062 7.65391e-05
0.000623 8.98959e-05
0.00062637 0.000106832
0.000629 0.000121477
0.000632 0.000139696
0.000635 0.000159494
0.000638263 0.000182758
0.000641 0.000203577
0.00064414 0.000228811
0.000647 0.000252904
0.00065 0.000279127
0.000653131 0.000307293
0.0006565 0.000338209
0.00066 0.000370617
0.000663 0.000398335
0.000666 0.000425766
0.0006685 0.000448267
0.000672 0.000479071
0.000676083 0.000513706
0.00068 0.000545484
0.000683912 0.000575728
0.000689 0.000612862
0.000693 0.000640318
0.0006985 0.000675697
0.000704 0.000708443
0.00071 0.000741377
0.000716143 0.000772235
0.000724436 0.0008097
0.000732825 0.000843346
0.00074131 0.000873863
0.00075 0.00090231
0.000765 0.000946758
0.000785236 0.00100054
0.000803526 0.00104423
0.000831764 0.00110539
0.00087 0.00118081
0.000912011 0.00125633
0.00097 0.00135129
0.001031 0.00144037
0.00109648 0.00152478
0.00117 0.00160772
0.00125892 0.0016937
0.00133352 0.00175447
0.00142889 0.00181641
0.00157 0.00189004
0.00169 0.00193533
0.00186209 0.00197788
0.00201837 0.00200154
0.00222 0.00201377
0.00242661 0.00201232
0.00269154 0.00199464
0.00295121 0.00196594
0.00327341 0.00192006
0.00363078 0.00186076
0.00402717 0.00179028
0.00451856 0.0017004
0.00501187 0.00161103
0.00555904 0.00151631
0.00623735 0.00140669
0.00707946 0.00128335
0.00803526 0.00115992
0.00912011 0.00103881
0.0102329 0.000932536
0.0115 0.000829828
0.0128825 0.000735826
0.0144544 0.00064718
0.0162181 0.00056581
0.0184077 0.000484979
0.0211349 0.000406618
0.0242661 0.00033845
0.0281838 0.00027537
0.0331131 0.00021882
0.0398107 0.000166881
0.049545 0.000119886
0.0732824 6.55996e-05
0.0831764 5.40537e-05
0.11885 3.16117e-05
0.138038 2.54045e-05
0.151356 2.23081e-05
0.18197 1.73996e-05
0.201837 1.52433e-05
0.223872 1.34474e-05
0.248313 1.19442e-05
0.285102 1.02914e-05
0.312608 9.3797e-06
0.34024 8.67513e-06
0.367282 8.14581e-06
0.398107 7.67807e-06
0.43189 7.28864e-06
0.00042863 0.47863 37 16
0.00042863 3.38884e-06
0.00057544 6.13176e-06
0.000623735 7.23189e-06
0.000812831 1.22067e-05
0.000922571 1.54991e-05
0.00104713 1.95774e-05
0.0011749 2.40062e-05
0.00135 3.04926e-05
0.00154882 3.83023e-05
0.00177828 4.78705e-05
0.00211349 6.26739e-05
0.0025704 8.42426e-05
0.00312608 0.0001122
0.00380189 0.000148317
0.00462381 0.00019459
0.00555904 0.000249568
0.00676083 0.000322575
0.00812831 0.000407561
0.00977237 0.0005111
0.011885 0.000644798
0.0144544 0.000806717
0.017378 0.000988413
0.020893 0.00120171
0.0251189 0.0014498
0.0301995 0.00173545
0.0363078 0.00206091
0.0431519 0.00240379
0.05188 0.00281096
0.0623735 0.00326171
0.0749894 0.00375627
0.0912011 0.00433133
0.112202 0.00499825
0.144544 0.00590427
0.27227 0.00885768
0.338844 0.0102588
0.402717 0.0115954
0.47863 0.0132162
0.00035276 0.473151 69 17
0.00035276 6.5168e-06
0.00035305 6.46111e-06
0.0003536 6.27262e-06
0.0003542 6.11015e-06
0.000354813 5.97712e-06
0.0003556 5.84251e-06
0.0003567 5.70567e-06
0.0003579 5.59902e-06
0.000359 5.52998e-06
0.000361 5.44923e-06
0.0003637 5.3906e-06
0.000368 5.34966e-06
0.000380189 5.27296e-06
0.000395 5.15205e-06
0.000428 4.9923e-06
0.000457088 4.97782e-06
0.000485 4.99524e-06
0.000508 5.03641e-06
0.00053 5.11071e-06
0.00055 5.2114e-06
0.00057278 5.36242e-06
0.0006 5.58563e-06
0.000630957 5.88567e-06
0.000660693 6.21621e-06
0.000691831 6.60935e-06
0.000724436 7.07626e-06
0.000758578 7.62522e-06
0.000803526 8.43303e-06
0.000860994 9.58985e-06
0.000933254 1.12306e-05
0.00103514 1.38865e-05
0.00144544 2.79566e-05
0.00165959 3.70685e-05
0.00188365 4.76745e-05
0.00215 6.15245e-05
0.00242661 7.7117e-05
0.00275423 9.69708e-05
0.00312608 0.000121041
0.00354813 0.000149966
0.00402717 0.000184488
0.00457088 0.000225294
0.005188 0.000273104
0.00588844 0.000328613
0.00668344 0.000392413
0.0075 0.000458206
0.00841395 0.000531517
0.0095 0.0006176
0.0107152 0.000712069
0.0121619 0.000821377
0.0138038 0.000940877
0.0156675 0.00107039
0.0179887 0.00122262
0.0206538 0.00138542
0.0237137 0.00155757
0.027227 0.0017379
0.0312608 0.00192486
0.0363078 0.00213299
0.0421697 0.00234521
0.0489779 0.00255957
0.057544 0.00279039
0.0683912 0.00303653
0.0822243 0.00329678
0.102329 0.00360212
0.138038 0.00402394
0.242661 0.00493045
0.298538 0.00534781
0.354813 0.00576299
0.412098 0.00619107
0.473151 0.0066598
0.00026036 0.457088 50 18
0.00026036 5.81573e-06
0.000275 6.25173e-06
0.000285102 6.58328e-06
0.000316228 7.75649e-06
0.000367282 1.01684e-05
0.00039355 1.16061e-05
0.000537032 2.14232e-05
0.00062 2.82563e-05
0.000707946 3.62244e-05
0.000803526 4.55753e-05
0.000912011 5.69195e-05
0.00103514 7.05672e-05
0.0011749 8.68532e-05
0.00133352 0.000106168
0.00153109 0.000131199
0.00175792 0.000160923
0.00204174 0.000199199
0.00237137 0.000244682
0.00275423 0.000298322
0.0031989 0.000361098
0.00371535 0.000433944
0.00431519 0.000517579
0.00501187 0.000612487
0.0057544 0.000710272
0.00660693 0.000817848
0.00758578 0.000934572
0.00870964 0.00106007
0.01 0.00119295
0.0114815 0.00133237
0.0131826 0.00147682
0.0151356 0.00162444
0.017378 0.0017731
0.02 0.00192342
0.0229087 0.00206498
0.0263027 0.00220318
0.0301995 0.00233344
0.0346737 0.00245363
0.0402717 0.00257079
0.0467735 0.00267227
0.054325 0.00275777
0.0630957 0.00282676
0.0749894 0.0028861
0.0912011 0.00293116
0.108393 0.00295264
0.216272 0.0029784
0.263027 0.00300763
0.30903 0.0030534
0.354813 0.00311379
0.402717 0.00319079
0.457088 0.00329332
0.00014817 0.436516 112 19
0.00014817 1.71667e-06
0.0001484 1.76113e-06
0.0001491 1.88818e-06
0.00015 2.08066e-06
0.0001525 2.74843e-06
0.0001535 3.05371e-06
0.0001545 3.37024e-06
0.0001555 3.6909e-06
0.0001563 3.94534e-06
0.0001572 4.22421e-06
0.000158 4.46192e-06
0.0001587 4.65938e-06
0.0001595 4.87084e-06
0.0001605 5.11156e-06
0.0001615 5.32426e-06
0.0001623 5.47378e-06
0.0001631 5.60504e-06
0.0001643 5.76962e-06
0.00016564 5.91069e-06
0.000167 6.0147e-06
0.0001685 6.09111e-06
0.0001705 6.14375e-06
0.000173 6.1543e-06
0.000176 6.11539e-06
0.00018 6.0158e-06
0.000185 5.85062e-06
0.000190546 5.63626e-06
0.00019601 5.40323e-06
0.000201837 5.14228e-06
0.000226464 4.14497e-06
0.000235 3.88529e-06
0.00024506 3.63563e-06
0.000254097 3.45785e-06
0.000262 3.3357e-06
0.000269154 3.25107e-06
0.000275423 3.19693e-06
0.000283 3.15628e-06
0.00029 3.14265e-06
0.000295121 3.14707e-06
0.000301995 3.17189e-06
0.00030903 3.21933e-06
0.000316228 3.29052e-06
0.000324 3.39243e-06
0.000332 3.52374e-06
0.000339 3.65991e-06
0.000347 3.83902e-06
0.000355 4.04241e-06
0.000365 4.32958e-06
0.000378 4.75581e-06
0.00039355 5.34165e-06
0.000412098 6.14536e-06
0.00049545 1.1015e-05
0.000530884 1.36275e-05
0.000568853 1.67407e-05
0.00060256 1.97464e-05
0.000638263 2.31558e-05
0.000676083 2.69995e-05
0.000716143 3.13041e-05
0.000767361 3.71165e-05
0.000822243 4.36842e-05
0.000881049 5.10503e-05
0.00095 6.00519e-05
0.00102329 6.9966e-05
0.00111 8.20628e-05
0.00120226 9.52521e-05
0.00130317 0.000109937
0.00141254 0.000126022
0.00154882 0.00014619
0.00169824 0.000168214
0.00185 0.000190402
0.00204174 0.000217953
0.00226464 0.000249067
0.00248313 0.000278486
0.0027227 0.00030949
0.00301995 0.000345957
0.00334965 0.000383755
0.00371535 0.000422486
0.00412097 0.000461677
0.00457088 0.00050077
0.00506991 0.000539116
0.00562341 0.000576158
0.00623735 0.000611305
0.00691831 0.000643974
0.00767361 0.000673584
0.00851138 0.000699847
0.00944061 0.000722306
0.0105925 0.000742437
0.011885 0.000757205
0.0133352 0.000766458
0.015 0.000770186
0.016788 0.000768411
0.0188365 0.000761443
0.0213796 0.000748115
0.0242661 0.000729383
0.0275423 0.00070607
0.0316228 0.000676333
0.0363078 0.000643132
0.0421697 0.000604451
0.049545 0.000561012
0.0595662 0.000510991
0.0732824 0.000457233
0.0891251 0.000408588
0.102329 0.000375466
0.128825 0.000324065
0.149624 0.000298019
0.175792 0.00027444
0.237137 0.000237969
0.275423 0.000223185
0.312608 0.000212898
0.350752 0.000205349
0.39355 0.000199458
0.436516 0.00019558
0.00013448 0.44157 115 20
0.00013448 1.94002e-06
0.000134896 2.07741e-06
0.000136 2.44036e-06
0.000137 2.80105e-06
0.0001378 3.10462e-06
0.0001387 3.45833e-06
0.00013954 3.79542e-06
0.0001402 4.06189e-06
0.000141 4.3833e-06
0.0001418 4.69922e-06
0.0001427 5.04351e-06
0.0001435 5.3355e-06
0.0001443 5.61109e-06
0.0001452 5.89806e-06
0.000146218 6.19002e-06
0.000147 6.38944e-06
0.000148 6.61209e-06
0.000149 6.79899e-06
0.00015 6.95176e-06
0.000151356 7.10906e-06
0.0001525 7.20221e-06
0.000154 7.27829e-06
0.0001555 7.31214e-06
0.000157 7.31349e-06
0.000159 7.27852e-06
0.000162181 7.16796e-06
0.000165959 6.99095e-06
0.000171791 6.67866e-06
0.000178 6.3257e-06
0.00018508 5.91389e-06
0.000208 4.73426e-06
0.000216272 4.42398e-06
0.000224 4.19465e-06
0.00023 4.0546e-06
0.00023591 3.94712e-06
0.000242661 3.85934e-06
0.000248313 3.81324e-06
0.000254097 3.79094e-06
0.000260016 3.7934e-06
0.000266073 3.82171e-06
0.00027227 3.87708e-06
0.000278612 3.96086e-06
0.000285102 4.07453e-06
0.000291743 4.21963e-06
0.000298538 4.39777e-06
0.000305492 4.61057e-06
0.000313 4.87417e-06
0.00032 5.15074e-06
0.000331131 5.64941e-06
0.000343 6.25713e-06
0.00036 7.25625e-06
0.000435 1.32856e-05
0.000467735 1.6641e-05
0.0005 2.03168e-05
0.000530884 2.41466e-05
0.000565 2.86969e-05
0.00060256 3.40534e-05
0.000645654 4.05947e-05
0.000691831 4.80239e-05
0.00074131 5.63919e-05
0.0008 6.67724e-05
0.000860994 7.80206e-05
0.000922571 8.97229e-05
0.001 0.000104858
0.00108393 0.000121636
0.0011749 0.000140102
0.0012735 0.000160316
0.0014 0.000186317
0.00151356 0.000209527
0.00165959 0.000239119
0.00185 0.000276813
0.00204174 0.000313556
0.00223872 0.000349953
0.00245471 0.000388172
0.0027227 0.000432979
0.00305492 0.00048448
0.0034 0.000533439
0.00375837 0.000579574
0.00416869 0.00062713
0.00462381 0.000673361
0.00512861 0.000717506
0.00568853 0.000759123
0.00630957 0.000797341
0.007 0.000831582
0.00776247 0.000861102
0.00860994 0.000885516
0.00954993 0.0009045
0.0107152 0.000919149
0.0120226 0.000926814
0.0134896 0.000927293
0.0151356 0.000920197
0.0169824 0.000906308
0.0190546 0.000886255
0.0216272 0.000857958
0.0245471 0.000824127
0.0278612 0.000785793
0.0316228 0.000743993
0.0363078 0.000695707
0.0421697 0.000641796
0.049545 0.000583541
0.0588844 0.000522691
0.0716143 0.000457859
0.0881049 0.000394703
0.102329 0.000352744
0.12735 0.000297938
0.144544 0.000272959
0.165959 0.000249948
0.192752 0.000228883
0.231739 0.000206281
0.263027 0.000193354
0.295121 0.000183574
0.327341 0.000176416
0.363078 0.000170729
0.402717 0.000166489
0.44157 0.000163961
1.154e-05 0.431519 194 21
1.154e-05 2.48752e-09
1.16e-05 2.47378e-09
1.20226e-05 2.533e-09
1.245e-05 2.61177e-09
1.28e-05 2.69067e-09
1.3247e-05 2.81063e-09
1.36458e-05 2.93656e-09
1.41254e-05 3.1137e-09
1.46218e-05 3.32686e-09
1.5e-05 3.5125e-09
1.55e-05 3.79124e-09
1.60324e-05 4.13456e-09
1.65e-05 4.47957e-09
1.69824e-05 4.88211e-09
1.75e-05 5.37267e-09
1.8e-05 5.91027e-09
1.86209e-05 6.67491e-09
1.92753e-05 7.61195e-09
2e-05 8.82775e-09
2.07e-05 1.02044e-08
2.1532e-05 1.21351e-08
2.23872e-05 1.45038e-08
2.33e-05 1.75206e-08
2.45471e-05 2.25999e-08
2.60016e-05 3.01822e-08
2.8e-05 4.41769e-08
3.34965e-05 1.12346e-07
3.58922e-05 1.59928e-07
3.80189e-05 2.13262e-07
4.02717e-05 2.82445e-07
4.22e-05 3.52872e-07
4.4157e-05 4.3556e-07
4.67735e-05 5.65035e-07
4.9545e-05 7.27879e-07
5.24807e-05 9.31369e-07
5.55904e-05 1.18418e-06
5.9e-05 1.50878e-06
6.23735e-05 1.87996e-06
6.53131e-05 2.24288e-06
6.83912e-05 2.66039e-06
7.16143e-05 3.13384e-06
7.4131e-05 3.52406e-06
7.67362e-05 3.9421e-06
7.94328e-05 4.38546e-06
8.22243e-05 4.85009e-06
8.51138e-05 5.32975e-06
8.81049e-05 5.81726e-06
9.12011e-05 6.30576e-06
9.44061e-05 6.78709e-06
9.77237e-05 7.24973e-06
0.000101 7.6617e-06
0.000104 7.9937e-06
0.000107152 8.29229e-06
0.00011 8.51297e-06
0.0001128 8.68013e-06
0.000116145 8.81301e-06
0.000119 8.87056e-06
0.000122 8.8782e-06
0.000125 8.83329e-06
0.000128 8.73807e-06
0.0001315 8.56962e-06
0.000135 8.34954e-06
0.000138038 8.12416e-06
0.0001415 7.83453e-06
0.000145 7.51168e-06
0.000149 7.11536e-06
0.000153109 6.68954e-06
0.000156675 6.31147e-06
0.000160324 5.92021e-06
0.000164059 5.519e-06
0.00016788 5.11256e-06
0.000172 4.68453e-06
0.000176 4.28227e-06
0.00018 3.89487e-06
0.000184077 3.5174e-06
0.000188 3.17321e-06
0.0001915 2.88339e-06
0.00019562 2.56382e-06
0.000199526 2.28244e-06
0.000202 2.11517e-06
0.000206 1.86288e-06
0.00021 1.63335e-06
0.000213796 1.43655e-06
0.000217 1.28612e-06
0.000222 1.07916e-06
0.0002315 7.76702e-07
0.000235 6.94428e-07
0.000238 6.35966e-07
0.0002407 5.92655e-07
0.000243 5.62567e-07
0.000245 5.4141e-07
0.0002465 5.28559e-07
0.0002485 5.15395e-07
0.00025 5.08466e-07
0.0002515 5.04034e-07
0.000253 5.0207e-07
0.00025452 5.02571e-07
0.000256 5.05442e-07
0.0002575 5.10723e-07
0.000259 5.18365e-07
0.000261 5.32179e-07
0.000263027 5.50342e-07
0.000265 5.71985e-07
0.000267 5.97845e-07
0.000269154 6.30027e-07
0.00027227 6.84401e-07
0.000275423 7.48569e-07
0.00028 8.57663e-07
0.000295121 1.3451e-06
0.000301995 1.62643e-06
0.000308 1.90026e-06
0.000313 2.14762e-06
0.000318 2.41208e-06
0.000323594 2.72716e-06
0.00033 3.1111e-06
0.000336 3.49175e-06
0.000342768 3.94515e-06
0.000350752 4.5118e-06
0.000358922 5.12443e-06
0.000367282 5.78264e-06
0.000375837 6.48575e-06
0.000384592 7.23306e-06
0.00039355 8.02384e-06
0.00040738 9.30492e-06
0.000416869 1.02245e-05
0.000431519 1.1689e-05
0.000446684 1.32517e-05
0.000462381 1.49087e-05
0.00047863 1.66567e-05
0.00049545 1.84942e-05
0.0005188 2.11275e-05
0.000537032 2.3216e-05
0.000555904 2.53903e-05
0.000582103 2.84164e-05
0.000609537 3.15911e-05
0.000638263 3.49178e-05
0.000668344 3.83675e-05
0.000707946 4.28373e-05
0.000749894 4.74692e-05
0.000794328 5.22252e-05
0.000841395 5.7085e-05
0.000891251 6.20102e-05
0.000944061 6.69687e-05
0.00101158 7.29131e-05
0.00108393 7.88141e-05
0.00116145 8.46017e-05
0.00124452 9.02164e-05
0.00133352 9.56045e-05
0.00144544 0.000101543
0.00156675 0.000107086
0.00169824 0.000112177
0.00184077 0.000116765
0.002 0.00012084
0.00218776 0.000124482
0.00239883 0.000127384
0.00263027 0.000129438
0.00288403 0.000130679
0.00316228 0.000131056
0.00346737 0.000130542
0.00380189 0.000129118
0.00416869 0.000126787
0.00451856 0.000123962
0.00501187 0.000119426
0.00568853 0.000113109
0.00630957 0.000107472
0.007019 0.000101261
0.00776247 9.50039e-05
0.00860994 8.83694e-05
0.00966051 8.09108e-05
0.0108393 7.35023e-05
0.0121619 6.62731e-05
0.0136458 5.93295e-05
0.0154882 5.21185e-05
0.0175792 4.54293e-05
0.0199526 3.93114e-05
0.0229087 3.33076e-05
0.0263027 2.80134e-05
0.0305492 2.30546e-05
0.0363078 1.82634e-05
0.044157 1.3913e-05
0.0676083 7.60784e-06
0.0977237 4.47514e-06
0.11885 3.35745e-06
0.130317 2.94758e-06
0.144544 2.57003e-06
0.162181 2.2231e-06
0.184077 1.90975e-06
0.229087 1.48305e-06
0.25704 1.3068e-06
0.288403 1.15977e-06
0.319889 1.04925e-06
0.354813 9.56266e-07
0.39355 8.78222e-07
0.431519 8.19828e-07
9.61e-06 0.457088 199 22
9.61e-06 2.53332e-09
9.63e-06 2.50698e-09
9.66051e-06 2.49945e-09
9.69e-06 2.51065e-09
1e-05 2.54064e-09
1.02329e-05 2.57314e-09
1.05e-05 2.62131e-09
1.085e-05 2.70021e-09
1.12202e-05 2.80496e-09
1.16145e-05 2.93829e-09
1.20226e-05 3.10229e-09
1.24452e-05 3.3014e-09
1.28825e-05 3.54063e-09
1.33352e-05 3.82676e-09
1.38038e-05 4.16817e-09
1.42889e-05 4.57511e-09
1.48e-05 5.06922e-09
1.53109e-05 5.63739e-09
1.59e-05 6.39521e-09
1.65e-05 7.29361e-09
1.71791e-05 8.48448e-09
1.77828e-05 9.71796e-09
1.85e-05 1.14248e-08
1.92753e-05 1.36045e-08
2.01837e-05 1.6666e-08
2.11349e-05 2.05494e-08
2.23872e-05 2.69001e-08
2.37137e-05 3.545e-08
2.58e-05 5.35426e-08
3.12608e-05 1.38289e-07
3.34965e-05 1.93417e-07
3.58922e-05 2.68647e-07
3.80189e-05 3.50967e-07
4.02717e-05 4.55244e-07
4.2658e-05 5.86415e-07
4.51856e-05 7.50467e-07
4.8e-05 9.65284e-07
5.15e-05 1.28402e-06
5.5e-05 1.66444e-06
5.88844e-05 2.16153e-06
6.23735e-05 2.67673e-06
6.53131e-05 3.15731e-06
6.83912e-05 3.70089e-06
7.16143e-05 4.30786e-06
7.4131e-05 4.80098e-06
7.67362e-05 5.32179e-06
7.94328e-05 5.86652e-06
8.22243e-05 6.43022e-06
8.51138e-05 7.00408e-06
8.81049e-05 7.57711e-06
9.15e-05 8.1952e-06
9.44061e-05 8.69023e-06
9.77237e-05 9.20313e-06
0.000101 9.64516e-06
0.000104 9.99078e-06
0.000107152 1.02878e-05
0.00011 1.04902e-05
0.0001128 1.06255e-05
0.000116145 1.07079e-05
0.000119 1.07135e-05
0.000122 1.06556e-05
0.000125 1.05341e-05
0.000128 1.0356e-05
0.0001315 1.00896e-05
0.000135 9.76942e-06
0.000138038 9.45282e-06
0.0001415 9.05627e-06
0.000145 8.62833e-06
0.000149 8.11845e-06
0.000152 7.72553e-06
0.000156 7.19253e-06
0.00016 6.65817e-06
0.000164059 6.12406e-06
0.00016788 5.63263e-06
0.000171791 5.14331e-06
0.000175792 4.66073e-06
0.000179887 4.19128e-06
0.0001835 3.7996e-06
0.0001865 3.49056e-06
0.00019 3.14888e-06
0.000194 2.78461e-06
0.000198 2.44987e-06
0.000201837 2.15683e-06
0.000205 1.93541e-06
0.000209 1.68099e-06
0.000213796 1.41345e-06
0.000225 9.45246e-07
0.00022843 8.43818e-07
0.0002308 7.84761e-07
0.000233 7.37881e-07
0.000235 7.01829e-07
0.000237137 6.70123e-07
0.000239 6.48159e-07
0.0002405 6.34253e-07
0.000242 6.23677e-07
0.0002435 6.1639e-07
0.000245 6.12347e-07
0.0002465 6.11508e-07
0.000248313 6.14714e-07
0.00025 6.21783e-07
0.0002515 6.31333e-07
0.0002535 6.48783e-07
0.000255 6.6536e-07
0.0002573 6.96508e-07
0.0002595 7.327e-07
0.000262 7.81296e-07
0.0002647 8.42542e-07
0.000267 9.01745e-07
0.000271 1.01968e-06
0.000285102 1.57728e-06
0.000291743 1.91136e-06
0.000298538 2.29837e-06
0.000301995 2.51151e-06
0.000305492 2.73704e-06
0.00030903 2.97604e-06
0.000312608 3.22871e-06
0.000316228 3.49523e-06
0.00031989 3.77572e-06
0.000323594 4.07029e-06
0.000331131 4.70187e-06
0.000338844 5.39005e-06
0.000346737 6.1344e-06
0.000354813 6.93409e-06
0.000363078 7.78802e-06
0.000371535 8.69491e-06
0.000380189 9.65352e-06
0.000389045 1.06627e-05
0.00040738 1.28682e-05
0.000416869 1.40781e-05
0.000431519 1.59905e-05
0.000446684 1.80144e-05
0.000462381 2.01442e-05
0.00047863 2.23766e-05
0.00049545 2.47109e-05
0.0005188 2.80625e-05
0.000537032 3.07161e-05
0.000562341 3.44115e-05
0.000588844 3.82755e-05
0.000616595 4.2314e-05
0.000645654 4.65121e-05
0.000683912 5.19465e-05
0.000724436 5.75752e-05
0.000767361 6.33719e-05
0.000812831 6.92849e-05
0.000860994 7.52822e-05
0.000912011 8.13195e-05
0.00097927 8.87844e-05
0.00104713 9.58567e-05
0.00112202 0.000103022
0.00120226 0.000109954
0.0012735 0.000115428
0.00136458 0.000121577
0.00147911 0.000128239
0.00162181 0.000135345
0.00175792 0.000140949
0.00190546 0.000145817
0.00206538 0.000149743
0.00226464 0.000153227
0.00248313 0.000155692
0.00291743 0.000158232
0.0031989 0.000158671
0.00350752 0.00015799
0.00375837 0.000156594
0.0040738 0.000153415
0.00446684 0.000148697
0.00489779 0.000143071
0.0054325 0.000135968
0.00645654 0.000123454
0.00716143 0.000115778
0.008 0.000107304
0.00891251 9.88379e-05
0.00988553 9.07281e-05
0.0110917 8.18786e-05
0.0124452 7.33344e-05
0.0139637 6.52072e-05
0.0156675 5.75803e-05
0.0177828 4.98361e-05
0.0201837 4.2811e-05
0.0229087 3.6511e-05
0.0263027 3.04654e-05
0.0305492 2.48478e-05
0.0358922 1.9792e-05
0.0431519 1.51415e-05
0.0638264 8.45864e-06
0.0891251 5.10411e-06
0.11885 3.27578e-06
0.130317 2.85585e-06
0.144544 2.47145e-06
0.160325 2.15345e-06
0.179887 1.86131e-06
0.221309 1.44948e-06
0.245471 1.28719e-06
0.27227 1.1512e-06
0.3 1.04458e-06
0.327341 9.63957e-07
0.358922 8.92147e-07
0.389045 8.39281e-07
0.421696 7.94911e-07
0.457088 7.58087e-07
6.285e-05 0.47863 60 23
6.285e-05 1.15254e-07
6.30957e-05 1.16162e-07
6.35e-05 1.17102e-07
6.45654e-05 1.1819e-07
6.60693e-05 1.18861e-07
6.77e-05 1.18813e-07
7e-05 1.1796e-07
7.8e-05 1.13864e-07
8.15e-05 1.12867e-07
8.51138e-05 1.12569e-07
8.91251e-05 1.13049e-07
9.33254e-05 1.1432e-07
9.8e-05 1.16463e-07
0.000103514 1.19766e-07
0.00011 1.24483e-07
0.000116145 1.29663e-07
0.000123027 1.36295e-07
0.000130317 1.44355e-07
0.000138038 1.54115e-07
0.000146218 1.65813e-07
0.000154882 1.79626e-07
0.000165959 1.99175e-07
0.00018197 2.30585e-07
0.000201837 2.74009e-07
0.000223872 3.28003e-07
0.000266073 4.47502e-07
0.000402717 9.47451e-07
0.000512861 1.45379e-06
0.000616595 1.99836e-06
0.000732825 2.67566e-06
0.000881049 3.62401e-06
0.00105925 4.86858e-06
0.00125892 6.37527e-06
0.00151356 8.43601e-06
0.00184077 1.1272e-05
0.00229087 1.54528e-05
0.00288403 2.13631e-05
0.00367282 2.97812e-05
0.00467735 4.11926e-05
0.00582103 5.48425e-05
0.00716143 7.1384e-05
0.00870964 9.0894e-05
0.0104713 0.000113318
0.012735 0.000141823
0.0153109 0.000173918
0.0186209 0.000214077
0.0231739 0.00026788
0.0316228 0.000364756
0.0375837 0.000430025
0.0421697 0.000477318
0.049545 0.000548052
0.0588844 0.000630696
0.0716143 0.000733917
0.0881049 0.000854652
0.105925 0.000971954
0.136458 0.00114921
0.269153 0.00177478
0.334965 0.00205472
0.402717 0.00234102
0.47863 0.00266814
4.002e-05 0.462381 75 24
4.002e-05 7.26617e-07
4.02717e-05 7.08579e-07
4.08e-05 6.77891e-07
4.13e-05 6.54786e-07
4.2e-05 6.29415e-07
4.2658e-05 6.114e-07
4.35e-05 5.93558e-07
4.42e-05 5.82354e-07
4.51856e-05 5.70695e-07
4.65e-05 5.59973e-07
4.8e-05 5.52212e-07
5.01187e-05 5.46183e-07
5.37032e-05 5.42157e-07
6.30957e-05 5.36203e-07
7.94328e-05 5.23632e-07
8.91251e-05 5.20844e-07
0.000108393 5.22479e-07
0.000153109 5.29595e-07
0.00018197 5.3713e-07
0.00020893 5.46977e-07
0.000234423 5.58929e-07
0.000260016 5.73821e-07
0.000281838 5.89043e-07
0.000305492 6.08737e-07
0.000331131 6.33845e-07
0.000354813 6.60549e-07
0.000380189 6.92781e-07
0.00040738 7.31939e-07
0.000436516 7.79496e-07
0.000462381 8.26513e-07
0.00049545 8.93091e-07
0.000530884 9.72267e-07
0.000568853 1.06673e-06
0.000609537 1.1786e-06
0.000660693 1.33455e-06
0.000716143 1.52244e-06
0.000785236 1.78319e-06
0.000870964 2.14607e-06
0.001 2.77002e-06
0.00151356 6.03763e-06
0.0018197 8.46857e-06
0.00211349 1.10746e-05
0.00245471 1.438e-05
0.00285102 1.85378e-05
0.00331131 2.37149e-05
0.00380189 2.95592e-05
0.00436516 3.65882e-05
0.00501187 4.49612e-05
0.00562341 5.2982e-05
0.00645654 6.40313e-05
0.00732824 7.56315e-05
0.00841395 8.99765e-05
0.00966051 0.000106249
0.0113501 0.000128087
0.0130317 0.000149314
0.015 0.000173254
0.0171791 0.000198456
0.0194985 0.000223682
0.0218776 0.000247509
0.0251189 0.000277327
0.0288403 0.000308408
0.0331131 0.000340542
0.0384592 0.000376246
0.0446684 0.000412498
0.0524807 0.000451829
0.0616595 0.000491154
0.0732824 0.000532885
0.0891251 0.000579841
0.108393 0.000626454
0.147911 0.000701323
0.234423 0.000826421
0.288403 0.000895404
0.342768 0.000963579
0.402717 0.00103944
0.462381 0.00111688
2.544e-05 0.451856 83 25
2.544e-05 5.42343e-07
2.551e-05 5.3204e-07
2.58e-05 5.08425e-07
2.61e-05 4.8746e-07
2.655e-05 4.6147e-07
2.7e-05 4.40385e-07
2.755e-05 4.19313e-07
2.81838e-05 3.99997e-07
2.88403e-05 3.8394e-07
2.95121e-05 3.70552e-07
3.04e-05 3.56367e-07
3.15e-05 3.42729e-07
3.27341e-05 3.30957e-07
3.42768e-05 3.19719e-07
3.63078e-05 3.0863e-07
3.9e-05 2.97708e-07
4.36516e-05 2.83934e-07
5.01187e-05 2.70096e-07
5.55904e-05 2.61828e-07
6.0256e-05 2.57065e-07
6.53131e-05 2.5421e-07
7e-05 2.53503e-07
7.5e-05 2.54602e-07
8.03526e-05 2.57752e-07
8.51138e-05 2.62111e-07
9.01571e-05 2.68237e-07
9.54993e-05 2.7631e-07
0.000101158 2.86522e-07
0.000107152 2.99087e-07
0.000113501 3.14216e-07
0.000120226 3.32101e-07
0.000128825 3.57486e-07
0.000138038 3.8762e-07
0.000148 4.23528e-07
0.000158489 4.65005e-07
0.000169824 5.14102e-07
0.000185 5.86582e-07
0.000204174 6.883e-07
0.000231739 8.52329e-07
0.000269154 1.10642e-06
0.000446684 2.73416e-06
0.00054325 3.85182e-06
0.000653131 5.27865e-06
0.000767361 6.90441e-06
0.000901571 8.9634e-06
0.00105925 1.15491e-05
0.00124452 1.4763e-05
0.00144544 1.84025e-05
0.00169824 2.31544e-05
0.002 2.90029e-05
0.00234423 3.58218e-05
0.00275423 4.40516e-05
0.00327341 5.45482e-05
0.00384592 6.60884e-05
0.00446684 7.84074e-05
0.005188 9.23431e-05
0.0060256 0.000107927
0.00691831 0.000123757
0.008 0.000141827
0.00922571 0.000160807
0.0109648 0.000185605
0.0125892 0.000206733
0.0144544 0.000228546
0.0162181 0.000246705
0.0184077 0.000266475
0.0211349 0.000287679
0.0242661 0.000308268
0.0278612 0.000327894
0.031989 0.000346243
0.0367282 0.000363049
0.0421697 0.000378074
0.0489779 0.00039213
0.057544 0.000404656
0.0676083 0.000414312
0.081283 0.0004222
0.1 0.000427767
0.131826 0.000430479
0.204174 0.000433021
0.251189 0.000436725
0.298538 0.000443052
0.346737 0.000451924
0.398107 0.00046371
0.451856 0.000478304
5.78e-06 0.473151 65 26
5.78e-06 2.0862e-09
5.82103e-06 2.0934e-09
5.9e-06 2.09878e-09
6.76083e-06 2.07667e-09
7.76247e-06 2.07053e-09
8.91251e-06 2.08183e-09
1.01158e-05 2.10706e-09
1.1749e-05 2.15391e-09
1.36458e-05 2.21956e-09
1.58489e-05 2.3034e-09
1.88365e-05 2.42408e-09
2.18776e-05 2.55223e-09
2.51189e-05 2.69584e-09
2.85102e-05 2.85536e-09
3.16228e-05 3.01095e-09
3.50752e-05 3.19629e-09
3.9e-05 3.42398e-09
4.31519e-05 3.68178e-09
4.73151e-05 3.96004e-09
5.188e-05 4.28694e-09
5.8e-05 4.75578e-09
6.38264e-05 5.23846e-09
7.07946e-05 5.86325e-09
7.8e-05 6.55956e-09
8.60994e-05 7.41491e-09
9.66051e-05 8.6235e-09
0.000107152 9.95325e-09
0.000123027 1.21463e-08
0.00014 1.47663e-08
0.000154882 1.73034e-08
0.000175792 2.12888e-08
0.000229087 3.32187e-08
0.000402717 8.47624e-08
0.000506991 1.25091e-07
0.000630957 1.78835e-07
0.000841395 2.84833e-07
0.000977237 3.60187e-07
0.00124452 5.21905e-07
0.00153109 7.12003e-07
0.00188365 9.63327e-07
0.00234423 1.31542e-06
0.00289785 1.76703e-06
0.00323594 2.04454e-06
0.00512861 3.78681e-06
0.00616595 4.81896e-06
0.00758578 6.25546e-06
0.00933254 8.05831e-06
0.0113501 1.01576e-05
0.0138038 1.27059e-05
0.016788 1.57712e-05
0.0201837 1.91886e-05
0.0242661 2.31766e-05
0.0288403 2.74745e-05
0.0346737 3.26621e-05
0.0416869 3.85286e-05
0.0501187 4.50971e-05
0.060256 5.23898e-05
0.0732824 6.09075e-05
0.0901571 7.08629e-05
0.107152 7.98934e-05
0.139637 9.51394e-05
0.269153 0.000144781
0.334965 0.000167654
0.402717 0.000191081
0.473151 0.000215922
