1.00000000e-06	8.36340744e+00	1.03964588e+00	1.04139895e+00
1.35935639e-06	8.32686226e+00	1.04648696e+00	9.71578260e-01
1.84784980e-06	8.32847237e+00	1.05420176e+00	9.63940404e-01
2.51188643e-06	8.33723477e+00	1.06294734e+00	1.01117658e+00
3.41454887e-06	8.32494239e+00	1.07290568e+00	1.09833807e+00
4.64158883e-06	8.26697719e+00	1.08428038e+00	1.20862822e+00
6.30957344e-06	8.14354168e+00	1.09728903e+00	1.32805251e+00
8.57695899e-06	7.94153057e+00	1.11214986e+00	1.44716914e+00
1.16591440e-05	7.65651292e+00	1.12906085e+00	1.56061647e+00
1.58489319e-05	7.29383332e+00	1.14816588e+00	1.66589244e+00
2.15443469e-05	6.86792092e+00	1.16950173e+00	1.76230917e+00
2.92864456e-05	6.39995741e+00	1.19292986e+00	1.85030730e+00
3.98107171e-05	5.91481138e+00	1.21807251e+00	1.93097000e+00
5.41169527e-05	5.43788887e+00	1.24426781e+00	2.00560332e+00
7.35642254e-05	4.99199321e+00	1.27053759e+00	2.07538273e+00
1.00000000e-04	4.59436842e+00	1.29557391e+00	2.14112033e+00
1.21441818e-04	4.37128788e+00	1.31005277e+00	2.18067921e+00
1.45311983e-04	4.18688825e+00	1.32206261e+00	2.21600601e+00
1.72106431e-04	4.03187844e+00	1.33189281e+00	2.24816365e+00
2.02475553e-04	3.89945364e+00	1.33974146e+00	2.27790528e+00
2.37292126e-04	3.78460312e+00	1.34574185e+00	2.30579309e+00
2.77759703e-04	3.68357905e+00	1.34997448e+00	2.33227064e+00
3.25593478e-04	3.59349502e+00	1.35246919e+00	2.35771239e+00
3.83338850e-04	3.51201383e+00	1.35319896e+00	2.38246477e+00
4.54971620e-04	3.43699901e+00	1.35206106e+00	2.40689192e+00
5.47130977e-04	3.36620892e+00	1.34884007e+00	2.43134016e+00
6.71962865e-04	3.30012329e+00	1.34318104e+00	2.45621458e+00
8.54845697e-04	3.22902765e+00	1.33420582e+00	2.48282605e+00
1.16151357e-03	3.15894277e+00	1.32039725e+00	2.51256714e+00
1.85302501e-03	3.05792456e+00	1.29654159e+00	2.55218702e+00
5.05888921e-02	2.96850671e+00	1.17324722e+00	2.71215978e+00
