1.00000000e-06	9.40620640e-01	1.00123456e+00	2.15998250e+00
1.35935639e-06	9.77345414e-01	1.00112098e+00	2.21596886e+00
1.84784980e-06	1.01536816e+00	1.00093343e+00	2.26661844e+00
2.51188643e-06	1.05289321e+00	1.00065114e+00	2.31251006e+00
3.41454887e-06	1.08851635e+00	1.00024704e+00	2.35418498e+00
4.64158883e-06	1.12125980e+00	9.99685809e-01	2.39215411e+00
6.30957344e-06	1.15054902e+00	9.98921834e-01	2.42690258e+00
8.57695899e-06	1.17615155e+00	9.97897033e-01	2.45889357e+00
1.16591440e-05	1.19809740e+00	9.96538875e-01	2.48857270e+00
1.58489319e-05	1.21659707e+00	9.94759165e-01	2.51637259e+00
2.15443469e-05	1.23196758e+00	9.92454616e-01	2.54271685e+00
2.92864456e-05	1.24457278e+00	9.89510852e-01	2.56802109e+00
3.98107171e-05	1.25478061e+00	9.85812236e-01	2.59268767e+00
5.41169527e-05	1.26293908e+00	9.81260249e-01	2.61708957e+00
7.35642254e-05	1.26937015e+00	9.75802626e-01	2.64153857e+00
1.00000000e-04	1.28985144e+00	9.69424326e-01	2.66643281e+00
1.21441818e-04	1.28713036e+00	9.65046780e-01	2.68216487e+00
1.45311983e-04	1.28613536e+00	9.60805071e-01	2.69676221e+00
1.72106431e-04	1.28580887e+00	9.56702144e-01	2.71053375e+00
2.02475553e-04	1.28578612e+00	9.52742307e-01	2.72368737e+00
2.37292126e-04	1.28591544e+00	9.48932377e-01	2.73637760e+00
2.77759703e-04	1.28620970e+00	9.45282237e-01	2.74872621e+00
3.25593478e-04	1.28678353e+00	9.41805973e-01	2.76083715e+00
3.83338850e-04	1.28786950e+00	9.38523803e-01	2.77280898e+00
4.54971620e-04	1.28966155e+00	9.35466618e-01	2.78475423e+00
5.47130977e-04	1.29123455e+00	9.32688513e-01	2.79677019e+00
6.71962865e-04	1.29146967e+00	9.30276905e-01	2.80895116e+00
8.54845697e-04	1.29388958e+00	9.28362440e-01	2.82179681e+00
1.16151357e-03	1.29553680e+00	9.27280952e-01	2.83567223e+00
1.85302501e-03	1.29698336e+00	9.27983760e-01	2.85241803e+00
5.05888921e-02	1.37053444e+00	8.66212018e-01	2.90950139e+00
