1.00000000e-06	8.22681446e+00	1.03994397e+00	9.61935944e-01
1.35935639e-06	8.10772580e+00	1.04638904e+00	9.06165117e-01
1.84784980e-06	8.04849557e+00	1.05365561e+00	9.19787124e-01
2.51188643e-06	8.00701734e+00	1.06189233e+00	9.89404252e-01
3.41454887e-06	7.95000076e+00	1.07126643e+00	1.09530353e+00
4.64158883e-06	7.85056591e+00	1.08195701e+00	1.21924587e+00
6.30957344e-06	7.68879008e+00	1.09414737e+00	1.34816075e+00
8.57695899e-06	7.45303915e+00	1.10801164e+00	1.47413465e+00
1.16591440e-05	7.14130333e+00	1.12369310e+00	1.59295382e+00
1.58489319e-05	6.76129939e+00	1.14126898e+00	1.70273857e+00
2.15443469e-05	6.32890835e+00	1.16070046e+00	1.80308363e+00
2.92864456e-05	5.86555734e+00	1.18178051e+00	1.89452884e+00
3.98107171e-05	5.39533226e+00	1.20409394e+00	1.97813389e+00
5.41169527e-05	4.94203339e+00	1.22698726e+00	2.05509576e+00
7.35642254e-05	4.52610213e+00	1.24953599e+00	2.12645759e+00
1.00000000e-04	4.16183677e+00	1.27053506e+00	2.19295015e+00
1.21441818e-04	3.96021455e+00	1.28237155e+00	2.23254616e+00
1.45311983e-04	3.79510007e+00	1.29194241e+00	2.26765442e+00
1.72106431e-04	3.65744489e+00	1.29953076e+00	2.29940421e+00
2.02475553e-04	3.54068318e+00	1.30533403e+00	2.32859673e+00
2.37292126e-04	3.44003701e+00	1.30948930e+00	2.35582796e+00
2.77759703e-04	3.35198199e+00	1.31208477e+00	2.38156421e+00
3.25593478e-04	3.27385069e+00	1.31316253e+00	2.40619361e+00
3.83338850e-04	3.20353262e+00	1.31271380e+00	2.43006857e+00
4.54971620e-04	3.13918193e+00	1.31066391e+00	2.45355118e+00
5.47130977e-04	3.07860091e+00	1.30683561e+00	2.47697710e+00
6.71962865e-04	3.02174621e+00	1.30092661e+00	2.50072906e+00
8.54845697e-04	2.96160382e+00	1.29221922e+00	2.52605529e+00
1.16151357e-03	2.90210561e+00	1.27939710e+00	2.55423291e+00
1.85302501e-03	2.81541502e+00	1.25801087e+00	2.59134934e+00
5.05888921e-02	2.74475148e+00	1.15099411e+00	2.73939837e+00
