1.00000000e-06	5.54526284e+00	1.03071580e+00	9.38724328e-01
1.35935639e-06	5.55661443e+00	1.03518605e+00	1.01862814e+00
1.84784980e-06	5.54014013e+00	1.04017084e+00	1.12557822e+00
2.51188643e-06	5.47938104e+00	1.04573385e+00	1.24936530e+00
3.41454887e-06	5.36298172e+00	1.05193806e+00	1.38179516e+00
4.64158883e-06	5.18588292e+00	1.05883806e+00	1.51597632e+00
6.30957344e-06	4.94961879e+00	1.06646682e+00	1.64642473e+00
8.57695899e-06	4.66170828e+00	1.07481917e+00	1.76936597e+00
1.16591440e-05	4.33468021e+00	1.08383880e+00	1.88273139e+00
1.58489319e-05	3.98504976e+00	1.09341130e+00	1.98579936e+00
2.15443469e-05	3.63187741e+00	1.10335275e+00	2.07870791e+00
2.92864456e-05	3.29437583e+00	1.11338129e+00	2.16205832e+00
3.98107171e-05	2.98880846e+00	1.12308058e+00	2.23668656e+00
5.41169527e-05	2.72585237e+00	1.13188966e+00	2.30355727e+00
7.35642254e-05	2.50959401e+00	1.13915318e+00	2.36369589e+00
1.00000000e-04	2.33836250e+00	1.14423471e+00	2.41810125e+00
1.21441818e-04	2.24931578e+00	1.14607782e+00	2.44983318e+00
1.45311983e-04	2.18004807e+00	1.14677937e+00	2.47765799e+00
1.72106431e-04	2.12473024e+00	1.14655089e+00	2.50262197e+00
2.02475553e-04	2.07942665e+00	1.14554149e+00	2.52545367e+00
2.37292126e-04	2.04149426e+00	1.14385801e+00	2.54668148e+00
2.77759703e-04	2.00914039e+00	1.14157553e+00	2.56670673e+00
3.25593478e-04	1.98112352e+00	1.13874242e+00	2.58585262e+00
3.83338850e-04	1.95657295e+00	1.13538183e+00	2.60440233e+00
4.54971620e-04	1.93487689e+00	1.13148907e+00	2.62263677e+00
5.47130977e-04	1.91446216e+00	1.12701110e+00	2.64080712e+00
6.71962865e-04	1.89426260e+00	1.12184288e+00	2.65918447e+00
8.54845697e-04	1.87454304e+00	1.11578018e+00	2.67868814e+00
1.16151357e-03	1.83512752e+00	1.10818393e+00	2.70106976e+00
1.85302501e-03	1.82667306e+00	1.09799065e+00	2.72750764e+00
5.05888921e-02	1.80655391e+00	1.05675552e+00	2.83151470e+00
