1.00000000e-06	9.03421811e+00	1.03896187e+00	1.07120481e+00
1.35935639e-06	8.96491198e+00	1.04606163e+00	9.96976154e-01
1.84784980e-06	8.96431244e+00	1.05414613e+00	9.78439141e-01
2.51188643e-06	8.99264766e+00	1.06338612e+00	1.01068417e+00
3.41454887e-06	9.01442102e+00	1.07397747e+00	1.08310851e+00
4.64158883e-06	8.99993845e+00	1.08614860e+00	1.18193508e+00
6.30957344e-06	8.92482019e+00	1.10015641e+00	1.29350510e+00
8.57695899e-06	8.77108975e+00	1.11627656e+00	1.40706458e+00
1.16591440e-05	8.52886409e+00	1.13478426e+00	1.51576609e+00
1.58489319e-05	8.19809114e+00	1.15592278e+00	1.61618940e+00
2.15443469e-05	7.78908901e+00	1.17985219e+00	1.70732645e+00
2.92864456e-05	7.32109357e+00	1.20656968e+00	1.78967994e+00
3.98107171e-05	6.81922492e+00	1.23580966e+00	1.86461419e+00
5.41169527e-05	6.31089461e+00	1.26695204e+00	1.93384845e+00
7.35642254e-05	5.82226457e+00	1.29896354e+00	1.99901605e+00
1.00000000e-04	5.37493171e+00	1.33037792e+00	2.06131654e+00
1.21441818e-04	5.11886344e+00	1.34910097e+00	2.09944865e+00
1.45311983e-04	4.90434046e+00	1.36508004e+00	2.13393682e+00
1.72106431e-04	4.72183256e+00	1.37860773e+00	2.16572160e+00
2.02475553e-04	4.56426513e+00	1.38987842e+00	2.19546198e+00
2.37292126e-04	4.42635228e+00	1.39901532e+00	2.22364890e+00
2.77759703e-04	4.30405711e+00	1.40608198e+00	2.25067398e+00
3.25593478e-04	4.19419036e+00	1.41108353e+00	2.27687596e+00
3.83338850e-04	4.09407591e+00	1.41395778e+00	2.30257996e+00
4.54971620e-04	4.00110608e+00	1.41455023e+00	2.32814317e+00
5.47130977e-04	3.91306920e+00	1.41257946e+00	2.35392441e+00
6.71962865e-04	3.83163760e+00	1.40760449e+00	2.38036456e+00
8.54845697e-04	3.74185348e+00	1.39846353e+00	2.40885950e+00
1.16151357e-03	3.65394187e+00	1.38332084e+00	2.44101200e+00
1.85302501e-03	3.55475010e+00	1.35604865e+00	2.48303950e+00
5.05888921e-02	3.40648658e+00	1.20686751e+00	2.66505650e+00
