1.00000000e-06	6.60750015e+00	1.03539391e+00	8.48785330e-01
1.35935639e-06	6.55996608e+00	1.04063563e+00	8.92734777e-01
1.84784980e-06	6.52573324e+00	1.04654084e+00	9.85164261e-01
2.51188643e-06	6.47416539e+00	1.05320524e+00	1.10535465e+00
3.41454887e-06	6.38183609e+00	1.06072808e+00	1.23856752e+00
4.64158883e-06	6.23259864e+00	1.06920681e+00	1.37536142e+00
6.30957344e-06	6.01843946e+00	1.07872747e+00	1.50966626e+00
8.57695899e-06	5.73985585e+00	1.08934794e+00	1.63751342e+00
1.16591440e-05	5.40508978e+00	1.10107350e+00	1.75651203e+00
1.58489319e-05	5.02852491e+00	1.11383208e+00	1.86559786e+00
2.15443469e-05	4.62884679e+00	1.12745704e+00	1.96472602e+00
2.92864456e-05	4.22703929e+00	1.14167294e+00	2.05448133e+00
3.98107171e-05	3.84384061e+00	1.15606696e+00	2.13572757e+00
5.41169527e-05	3.49670034e+00	1.17004835e+00	2.20938425e+00
7.35642254e-05	3.19713457e+00	1.18283639e+00	2.27632389e+00
1.00000000e-04	2.94959092e+00	1.19352888e+00	2.33732615e+00
1.21441818e-04	2.81783213e+00	1.19879442e+00	2.37300616e+00
1.45311983e-04	2.71306961e+00	1.20245221e+00	2.40430069e+00
1.72106431e-04	2.62789174e+00	1.20475444e+00	2.43235096e+00
2.02475553e-04	2.55713445e+00	1.20588133e+00	2.45795978e+00
2.37292126e-04	2.49720121e+00	1.20596285e+00	2.48171579e+00
2.77759703e-04	2.44556368e+00	1.20508963e+00	2.50407027e+00
3.25593478e-04	2.40040585e+00	1.20331733e+00	2.52538958e+00
3.83338850e-04	2.36038919e+00	1.20066624e+00	2.54599649e+00
4.54971620e-04	2.32447657e+00	1.19711478e+00	2.56621214e+00
5.47130977e-04	2.29081784e+00	1.19257071e+00	2.58632471e+00
6.71962865e-04	2.25851259e+00	1.18686099e+00	2.60664957e+00
8.54845697e-04	2.22585981e+00	1.17962175e+00	2.62823186e+00
1.16151357e-03	2.19295471e+00	1.17006703e+00	2.65207604e+00
1.85302501e-03	2.14610433e+00	1.15568899e+00	2.68275255e+00
5.05888921e-02	2.11273600e+00	1.09120341e+00	2.80161748e+00
