1.00000000e-06	6.23717342e+00	1.03401681e+00	8.72493036e-01
1.35935639e-06	6.22310309e+00	1.03906368e+00	9.31435329e-01
1.84784980e-06	6.20592720e+00	1.04473432e+00	1.02999786e+00
2.51188643e-06	6.16041721e+00	1.05111434e+00	1.15111708e+00
3.41454887e-06	6.06728763e+00	1.05829204e+00	1.28301908e+00
4.64158883e-06	5.91398105e+00	1.06635252e+00	1.41782415e+00
6.30957344e-06	5.69565616e+00	1.07536711e+00	1.55002900e+00
8.57695899e-06	5.41531312e+00	1.08537569e+00	1.67580339e+00
1.16591440e-05	5.08283183e+00	1.09636394e+00	1.79279777e+00
1.58489319e-05	4.71344724e+00	1.10824367e+00	1.89997848e+00
2.15443469e-05	4.32610413e+00	1.12084082e+00	1.99730210e+00
2.92864456e-05	3.94149322e+00	1.13387980e+00	2.08531481e+00
3.98107171e-05	3.57938880e+00	1.14695005e+00	2.16482620e+00
5.41169527e-05	3.25560383e+00	1.15946830e+00	2.23672140e+00
7.35642254e-05	2.97966831e+00	1.17068187e+00	2.30187772e+00
1.00000000e-04	2.75422194e+00	1.17975438e+00	2.36111416e+00
1.21441818e-04	2.63502261e+00	1.18401783e+00	2.39571558e+00
1.45311983e-04	2.54078371e+00	1.18679973e+00	2.42604881e+00
1.72106431e-04	2.46451848e+00	1.18834319e+00	2.45323296e+00
2.02475553e-04	2.40140175e+00	1.18882166e+00	2.47805331e+00
2.37292126e-04	2.34810296e+00	1.18836021e+00	2.50108400e+00
2.77759703e-04	2.30230295e+00	1.18704638e+00	2.52276404e+00
3.25593478e-04	2.26235276e+00	1.18493487e+00	2.54344878e+00
3.83338850e-04	2.22705255e+00	1.18204774e+00	2.56345062e+00
4.54971620e-04	2.19549473e+00	1.17836913e+00	2.58307976e+00
5.47130977e-04	2.16591314e+00	1.17381863e+00	2.60261414e+00
6.71962865e-04	2.13734348e+00	1.16824299e+00	2.62235667e+00
8.54845697e-04	2.10871285e+00	1.16132690e+00	2.64331597e+00
1.16151357e-03	2.07974074e+00	1.15236981e+00	2.66645446e+00
1.85302501e-03	2.03880228e+00	1.13915764e+00	2.69612485e+00
5.05888921e-02	2.00975212e+00	1.08141749e+00	2.81054878e+00
