1.00000000e-06	8.08183508e+00	1.03974148e+00	9.23646403e-01
1.35935639e-06	7.93728986e+00	1.04595959e+00	8.78911164e-01
1.84784980e-06	7.85883995e+00	1.05297775e+00	9.06007345e-01
2.51188643e-06	7.80040654e+00	1.06093773e+00	9.87723594e-01
3.41454887e-06	7.72703105e+00	1.06999616e+00	1.10247079e+00
4.64158883e-06	7.61148755e+00	1.08031767e+00	1.23219134e+00
6.30957344e-06	7.43442550e+00	1.09206716e+00	1.36481801e+00
8.57695899e-06	7.18544306e+00	1.10539645e+00	1.49333074e+00
1.16591440e-05	6.86400445e+00	1.12042197e+00	1.61404042e+00
1.58489319e-05	6.47902520e+00	1.13718912e+00	1.72532060e+00
2.15443469e-05	6.04699029e+00	1.15562596e+00	1.82688456e+00
2.92864456e-05	5.58933109e+00	1.17550026e+00	1.91931899e+00
3.98107171e-05	5.12966999e+00	1.19638888e+00	2.00367520e+00
5.41169527e-05	4.69092972e+00	1.21764897e+00	2.08110556e+00
7.35642254e-05	4.29226180e+00	1.23838302e+00	2.15260710e+00
1.00000000e-04	3.94638710e+00	1.25743584e+00	2.21889642e+00
1.21441818e-04	3.75624566e+00	1.26801073e+00	2.25819451e+00
1.45311983e-04	3.60128492e+00	1.27642760e+00	2.29293632e+00
1.72106431e-04	3.47263854e+00	1.28296572e+00	2.32427283e+00
2.02475553e-04	3.36390959e+00	1.28782145e+00	2.35302025e+00
2.37292126e-04	3.27047455e+00	1.29113281e+00	2.37978434e+00
2.77759703e-04	3.18894982e+00	1.29299076e+00	2.40503708e+00
3.25593478e-04	3.11679555e+00	1.29344215e+00	2.42916910e+00
3.83338850e-04	3.05202971e+00	1.29248589e+00	2.45253227e+00
4.54971620e-04	2.99296070e+00	1.29005956e+00	2.47548488e+00
5.47130977e-04	2.93742334e+00	1.28600325e+00	2.49835615e+00
6.71962865e-04	2.88515621e+00	1.28003952e+00	2.52151760e+00
8.54845697e-04	2.83031239e+00	1.27152338e+00	2.54618398e+00
1.16151357e-03	2.77591158e+00	1.25923634e+00	2.57357955e+00
1.85302501e-03	2.69646782e+00	1.23909873e+00	2.60948967e+00
5.05888921e-02	2.63401265e+00	1.14001783e+00	2.75191482e+00
