1.00000000e-06	7.81433941e+00	1.03914543e+00	8.97987233e-01
1.35935639e-06	7.68120998e+00	1.04515900e+00	8.67133627e-01
1.84784980e-06	7.60575076e+00	1.05194435e+00	9.08182875e-01
2.51188643e-06	7.54422932e+00	1.05963561e+00	1.00039840e+00
3.41454887e-06	7.46332090e+00	1.06837814e+00	1.12157260e+00
4.64158883e-06	7.33749653e+00	1.07832234e+00	1.25476094e+00
6.30957344e-06	7.14930906e+00	1.08961562e+00	1.38921586e+00
8.57695899e-06	6.89045071e+00	1.10238873e+00	1.51877958e+00
1.16591440e-05	6.56232936e+00	1.11673263e+00	1.64017457e+00
1.58489319e-05	6.17524052e+00	1.13266313e+00	1.75194217e+00
2.15443469e-05	5.74631334e+00	1.15007962e+00	1.85386326e+00
2.92864456e-05	5.29698716e+00	1.16873132e+00	1.94653721e+00
3.98107171e-05	4.85039685e+00	1.18819304e+00	2.03098250e+00
5.41169527e-05	4.42850553e+00	1.20783452e+00	2.10829428e+00
7.35642254e-05	4.04904654e+00	1.22678465e+00	2.17942274e+00
1.00000000e-04	3.72305885e+00	1.24393862e+00	2.24507639e+00
1.21441818e-04	3.54509100e+00	1.25329165e+00	2.28384941e+00
1.45311983e-04	3.40078222e+00	1.26059892e+00	2.31804366e+00
1.72106431e-04	3.28150045e+00	1.26613533e+00	2.34882156e+00
2.02475553e-04	3.18105810e+00	1.27009547e+00	2.37700659e+00
2.37292126e-04	3.09501524e+00	1.27261745e+00	2.40320851e+00
2.77759703e-04	3.02014859e+00	1.27379405e+00	2.42790062e+00
3.25593478e-04	2.95406019e+00	1.27367592e+00	2.45147266e+00
3.83338850e-04	2.89490528e+00	1.27226857e+00	2.47427339e+00
4.54971620e-04	2.84112961e+00	1.26952041e+00	2.49665562e+00
5.47130977e-04	2.79062411e+00	1.26528803e+00	2.51894092e+00
6.71962865e-04	2.74293344e+00	1.25931811e+00	2.54148913e+00
8.54845697e-04	2.69328573e+00	1.25103421e+00	2.56547950e+00
1.16151357e-03	2.64388723e+00	1.23931496e+00	2.59208536e+00
1.85302501e-03	2.57167407e+00	1.22044128e+00	2.62680545e+00
5.05888921e-02	2.51682275e+00	1.12917239e+00	2.76376888e+00
