1.00000000e-06	2.49751448e+00	1.01177115e+00	1.51370406e+00
1.35935639e-06	2.39266431e+00	1.01301346e+00	1.65170271e+00
1.84784980e-06	2.26245738e+00	1.01431244e+00	1.78239903e+00
2.51188643e-06	2.11514959e+00	1.01565042e+00	1.90287825e+00
3.41454887e-06	1.96233436e+00	1.01699715e+00	2.01124272e+00
4.64158883e-06	1.81599819e+00	1.01830148e+00	2.10673073e+00
6.30957344e-06	1.68566656e+00	1.01948597e+00	2.18961784e+00
8.57695899e-06	1.57686698e+00	1.02044764e+00	2.26095711e+00
1.16591440e-05	1.49116499e+00	1.02106425e+00	2.32226434e+00
1.58489319e-05	1.42719487e+00	1.02120203e+00	2.37523707e+00
2.15443469e-05	1.38193119e+00	1.02072128e+00	2.42155186e+00
2.92864456e-05	1.35173061e+00	1.01947995e+00	2.46274484e+00
3.98107171e-05	1.33300382e+00	1.01733893e+00	2.50015527e+00
5.41169527e-05	1.32256803e+00	1.01417465e+00	2.53490403e+00
7.35642254e-05	1.31777935e+00	1.00990398e+00	2.56788041e+00
1.00000000e-04	1.31653943e+00	1.00452263e+00	2.59971966e+00
1.21441818e-04	1.31468103e+00	1.00059088e+00	2.61942231e+00
1.45311983e-04	1.31446737e+00	9.96659858e-01	2.63738069e+00
1.72106431e-04	1.31496540e+00	9.92753495e-01	2.65407172e+00
2.02475553e-04	1.31568594e+00	9.88891102e-01	2.66982359e+00
2.37292126e-04	1.31642723e+00	9.85089825e-01	2.68487490e+00
2.77759703e-04	1.31715999e+00	9.81366378e-01	2.69941011e+00
3.25593478e-04	1.31794455e+00	9.77738694e-01	2.71358326e+00
3.83338850e-04	1.32246420e+00	9.74221313e-01	2.72800472e+00
4.54971620e-04	1.32463999e+00	9.70851671e-01	2.74189568e+00
5.47130977e-04	1.32514000e+00	9.67668585e-01	2.75569075e+00
6.71962865e-04	1.32435313e+00	9.64731254e-01	2.76973617e+00
8.54845697e-04	1.32513937e+00	9.62134731e-01	2.78464070e+00
1.16151357e-03	1.32501036e+00	9.60094476e-01	2.80092589e+00
1.85302501e-03	1.32474951e+00	9.59206871e-01	2.82094720e+00
5.05888921e-02	1.33146836e+00	9.65801114e-01	2.89194813e+00
