1.00000000e-06	7.27332028e+00	1.03757089e+00	8.41796412e-01
1.35935639e-06	7.15831063e+00	1.04313883e+00	8.50245415e-01
1.84784980e-06	7.08728625e+00	1.04942805e+00	9.23377702e-01
2.51188643e-06	7.01951626e+00	1.05655297e+00	1.03629651e+00
3.41454887e-06	6.92436940e+00	1.06463310e+00	1.16877273e+00
4.64158883e-06	6.77970189e+00	1.07378866e+00	1.30754994e+00
6.30957344e-06	6.57208617e+00	1.08413194e+00	1.44467763e+00
8.57695899e-06	6.29744139e+00	1.09575222e+00	1.57548444e+00
1.16591440e-05	5.96074373e+00	1.10869122e+00	1.69735183e+00
1.58489319e-05	5.57453961e+00	1.12291138e+00	1.80912974e+00
2.15443469e-05	5.15683884e+00	1.13826770e+00	1.91076135e+00
2.92864456e-05	4.72888456e+00	1.15448880e+00	2.00289547e+00
3.98107171e-05	4.31267038e+00	1.17115466e+00	2.08650503e+00
5.41169527e-05	3.92797706e+00	1.18765864e+00	2.16260422e+00
7.35642254e-05	3.58940293e+00	1.20317809e+00	2.23209873e+00
1.00000000e-04	3.30447634e+00	1.21671218e+00	2.29573082e+00
1.21441818e-04	3.15107901e+00	1.22375863e+00	2.33307057e+00
1.45311983e-04	3.02799010e+00	1.22899199e+00	2.36587561e+00
1.72106431e-04	2.92714977e+00	1.23267657e+00	2.39531215e+00
2.02475553e-04	2.84286248e+00	1.23500101e+00	2.42220362e+00
2.37292126e-04	2.77110443e+00	1.23610086e+00	2.44715643e+00
2.77759703e-04	2.70900797e+00	1.23606959e+00	2.47063775e+00
3.25593478e-04	2.65447307e+00	1.23496227e+00	2.49302905e+00
3.83338850e-04	2.60592079e+00	1.23279412e+00	2.51466823e+00
4.54971620e-04	2.56208306e+00	1.22953175e+00	2.53589315e+00
5.47130977e-04	2.52097303e+00	1.22506117e+00	2.55700855e+00
6.71962865e-04	2.48184477e+00	1.21917413e+00	2.57835066e+00
8.54845697e-04	2.44174582e+00	1.21141672e+00	2.60102702e+00
1.16151357e-03	2.40157979e+00	1.20085372e+00	2.62611641e+00
1.85302501e-03	2.34366239e+00	1.18445001e+00	2.65858794e+00
5.05888921e-02	2.30168487e+00	1.10810915e+00	2.78539845e+00
