1.00000000e-06	1.80843655e+00	1.00719128e+00	1.72459531e+00
1.35935639e-06	1.70183000e+00	1.00776001e+00	1.85766468e+00
1.84784980e-06	1.60119665e+00	1.00830957e+00	1.97372256e+00
2.51188643e-06	1.51366351e+00	1.00880605e+00	2.07325063e+00
3.41454887e-06	1.44327913e+00	1.00920328e+00	2.15787164e+00
4.64158883e-06	1.39103566e+00	1.00944515e+00	2.22970966e+00
6.30957344e-06	1.35565610e+00	1.00946792e+00	2.29096804e+00
8.57695899e-06	1.33456748e+00	1.00920065e+00	2.34369226e+00
1.16591440e-05	1.32471048e+00	1.00856330e+00	2.38966753e+00
1.58489319e-05	1.32308043e+00	1.00746359e+00	2.43040111e+00
2.15443469e-05	1.32702771e+00	1.00579480e+00	2.46714880e+00
2.92864456e-05	1.33438430e+00	1.00343705e+00	2.50095638e+00
3.98107171e-05	1.34348106e+00	1.00026507e+00	2.53269701e+00
5.41169527e-05	1.35310349e+00	9.96165612e-01	2.56309267e+00
7.35642254e-05	1.36241877e+00	9.91066998e-01	2.59271219e+00
1.00000000e-04	1.37089677e+00	9.84980451e-01	2.62194317e+00
1.21441818e-04	1.37325988e+00	9.80680084e-01	2.64030739e+00
1.45311983e-04	1.37625677e+00	9.76461473e-01	2.65718571e+00
1.72106431e-04	1.37925753e+00	9.72335740e-01	2.67297929e+00
2.02475553e-04	1.38198608e+00	9.68314070e-01	2.68796533e+00
2.37292126e-04	1.39145755e+00	9.64387723e-01	2.70270861e+00
2.77759703e-04	1.39662399e+00	9.60601520e-01	2.71677227e+00
3.25593478e-04	1.39682415e+00	9.56979260e-01	2.73027875e+00
3.83338850e-04	1.39752141e+00	9.53528677e-01	2.74361813e+00
4.54971620e-04	1.39875388e+00	9.50283115e-01	2.75692822e+00
5.47130977e-04	1.39954910e+00	9.47295975e-01	2.77032957e+00
6.71962865e-04	1.39883375e+00	9.44650615e-01	2.78394391e+00
8.54845697e-04	1.39982767e+00	9.42473108e-01	2.79835016e+00
1.16151357e-03	1.39964733e+00	9.41063904e-01	2.81401011e+00
1.85302501e-03	1.39943153e+00	9.41254111e-01	2.83309975e+00
5.05888921e-02	1.41771802e+00	9.47269803e-01	2.89938385e+00
