1.00000000e-06	3.09201304e+00	1.01549173e+00	1.31681192e+00
1.35935639e-06	2.99952643e+00	1.01729193e+00	1.47094772e+00
1.84784980e-06	2.87598242e+00	1.01923068e+00	1.61750333e+00
2.51188643e-06	2.72221424e+00	1.02129376e+00	1.75384525e+00
3.41454887e-06	2.54417019e+00	1.02345869e+00	1.87847574e+00
4.64158883e-06	2.35261322e+00	1.02569010e+00	1.99055563e+00
6.30957344e-06	2.16099368e+00	1.02792897e+00	2.08981720e+00
8.57695899e-06	1.98219719e+00	1.03008024e+00	2.17658831e+00
1.16591440e-05	1.82570048e+00	1.03200679e+00	2.25176117e+00
1.58489319e-05	1.69631208e+00	1.03353459e+00	2.31666582e+00
2.15443469e-05	1.59457198e+00	1.03446714e+00	2.37288660e+00
2.92864456e-05	1.51807088e+00	1.03460278e+00	2.42207873e+00
3.98107171e-05	1.46287660e+00	1.03375111e+00	2.46582254e+00
5.41169527e-05	1.42462027e+00	1.03174987e+00	2.50552403e+00
7.35642254e-05	1.39915503e+00	1.02848818e+00	2.54234947e+00
1.00000000e-04	1.38287714e+00	1.02394085e+00	2.57717591e+00
1.21441818e-04	1.37389590e+00	1.02043365e+00	2.59840051e+00
1.45311983e-04	1.36828062e+00	1.01682512e+00	2.61757769e+00
1.72106431e-04	1.36458119e+00	1.01315828e+00	2.63527244e+00
2.02475553e-04	1.36196301e+00	1.00946455e+00	2.65187225e+00
2.37292126e-04	1.35998764e+00	1.00576878e+00	2.66765716e+00
2.77759703e-04	1.35845134e+00	1.00209202e+00	2.68284191e+00
3.25593478e-04	1.35729343e+00	9.98453637e-01	2.69760354e+00
3.83338850e-04	1.35653952e+00	9.94873138e-01	2.71210381e+00
4.54971620e-04	1.35633882e+00	9.91372328e-01	2.72651243e+00
5.47130977e-04	1.35546302e+00	9.87978876e-01	2.74166452e+00
6.71962865e-04	1.35418444e+00	9.84732303e-01	2.75611903e+00
8.54845697e-04	1.35435674e+00	9.81694858e-01	2.77149494e+00
1.16151357e-03	1.35376564e+00	9.78993090e-01	2.78836656e+00
1.85302501e-03	1.35316090e+00	9.76974874e-01	2.80925360e+00
5.05888921e-02	1.35373218e+00	9.80008297e-01	2.88468077e+00
