1.00000000e-06	8.58756081e+00	1.03940013e+00	1.06410179e+00
1.35935639e-06	8.55946905e+00	1.04640203e+00	9.91893759e-01
1.84784980e-06	8.57428066e+00	1.05432539e+00	9.77388774e-01
2.51188643e-06	8.60051476e+00	1.06333251e+00	1.01566536e+00
3.41454887e-06	8.60872681e+00	1.07361176e+00	1.09442561e+00
4.64158883e-06	8.57327270e+00	1.08537914e+00	1.19830435e+00
6.30957344e-06	8.47302343e+00	1.09887131e+00	1.31328580e+00
8.57695899e-06	8.29311344e+00	1.11433339e+00	1.42920869e+00
1.16591440e-05	8.02695394e+00	1.13199850e+00	1.54001373e+00
1.58489319e-05	7.67775120e+00	1.15205497e+00	1.64279768e+00
2.15443469e-05	7.25839833e+00	1.17459346e+00	1.73672941e+00
2.92864456e-05	6.78947318e+00	1.19953178e+00	1.82225601e+00
3.98107171e-05	6.29612379e+00	1.22653374e+00	1.90055292e+00
5.41169527e-05	5.80472421e+00	1.25494598e+00	1.97307266e+00
7.35642254e-05	5.33959695e+00	1.28375939e+00	2.04115375e+00
1.00000000e-04	4.91992244e+00	1.31159481e+00	2.10573778e+00
1.21441818e-04	4.68235651e+00	1.32792435e+00	2.14489089e+00
1.45311983e-04	4.48479647e+00	1.34165676e+00	2.18004270e+00
1.72106431e-04	4.31782749e+00	1.35308412e+00	2.21220455e+00
2.02475553e-04	4.17451026e+00	1.36240369e+00	2.24209067e+00
2.37292126e-04	4.04970331e+00	1.36974506e+00	2.27023439e+00
2.77759703e-04	3.93952280e+00	1.37518193e+00	2.29705876e+00
3.25593478e-04	3.84094362e+00	1.37873406e+00	2.32292460e+00
3.83338850e-04	3.75147939e+00	1.38035992e+00	2.34817068e+00
4.54971620e-04	3.66879291e+00	1.37993518e+00	2.37315954e+00
5.47130977e-04	3.59064485e+00	1.37721638e+00	2.39824343e+00
6.71962865e-04	3.51798345e+00	1.37181118e+00	2.42384279e+00
8.54845697e-04	3.43895750e+00	1.36272139e+00	2.45130811e+00
1.16151357e-03	3.36126095e+00	1.34828956e+00	2.48211951e+00
1.85302501e-03	3.27377946e+00	1.32305506e+00	2.52210029e+00
5.05888921e-02	3.14656972e+00	1.18823661e+00	2.69216059e+00
