1.00000000e-06	1.19442038e+00	1.00413219e+00	1.97012165e+00
1.35935639e-06	1.15570050e+00	1.00433689e+00	2.06356768e+00
1.84784980e-06	1.12995473e+00	1.00447695e+00	2.14319998e+00
2.51188643e-06	1.11651199e+00	1.00452222e+00	2.21132405e+00
3.41454887e-06	1.11356141e+00	1.00443858e+00	2.27003132e+00
4.64158883e-06	1.11876685e+00	1.00418679e+00	2.32111321e+00
6.30957344e-06	1.12972380e+00	1.00372000e+00	2.36605679e+00
8.57695899e-06	1.14424829e+00	1.00298054e+00	2.40608198e+00
1.16591440e-05	1.16052836e+00	1.00189662e+00	2.44219354e+00
1.58489319e-05	1.17717514e+00	1.00038001e+00	2.47523276e+00
2.15443469e-05	1.19320699e+00	9.98325649e-01	2.50592098e+00
2.92864456e-05	1.20799436e+00	9.95614931e-01	2.53489129e+00
3.98107171e-05	1.22118679e+00	9.92124997e-01	2.56270597e+00
5.41169527e-05	1.23263766e+00	9.87746942e-01	2.58985647e+00
7.35642254e-05	1.24233628e+00	9.82415346e-01	2.61674279e+00
1.00000000e-04	1.25035267e+00	9.76148788e-01	2.64363074e+00
1.21441818e-04	1.25225673e+00	9.71767494e-01	2.66068109e+00
1.45311983e-04	1.25471869e+00	9.67495291e-01	2.67643384e+00
1.72106431e-04	1.26413529e+00	9.63314420e-01	2.69144108e+00
2.02475553e-04	1.27125042e+00	9.59261050e-01	2.70566554e+00
2.37292126e-04	1.27119469e+00	9.55366846e-01	2.71915631e+00
2.77759703e-04	1.27120888e+00	9.51619543e-01	2.73227062e+00
3.25593478e-04	1.27133995e+00	9.48036643e-01	2.74512456e+00
3.83338850e-04	1.27188772e+00	9.44641495e-01	2.75782468e+00
4.54971620e-04	1.27300585e+00	9.41468651e-01	2.77049527e+00
5.47130977e-04	1.27374837e+00	9.38576074e-01	2.78324627e+00
6.71962865e-04	1.27308009e+00	9.36054695e-01	2.79618546e+00
8.54845697e-04	1.27419395e+00	9.34040847e-01	2.80985326e+00
1.16151357e-03	1.27460697e+00	9.32865915e-01	2.82465922e+00
1.85302501e-03	1.27586613e+00	9.33448557e-01	2.84260896e+00
5.05888921e-02	1.31156333e+00	9.21159754e-01	2.90442002e+00
