1.00000000e-06	5.81695732e+00	1.03223395e+00	9.14657249e-01
1.35935639e-06	5.83059209e+00	1.03700819e+00	9.85984651e-01
1.84784980e-06	5.82435938e+00	1.04235064e+00	1.08838107e+00
2.51188643e-06	5.77867928e+00	1.04833510e+00	1.20921488e+00
3.41454887e-06	5.67897799e+00	1.05503657e+00	1.33942961e+00
4.64158883e-06	5.51701185e+00	1.06252472e+00	1.47219027e+00
6.30957344e-06	5.29167210e+00	1.07085178e+00	1.60219068e+00
8.57695899e-06	5.00871683e+00	1.08003459e+00	1.72560661e+00
1.16591440e-05	4.67970216e+00	1.09003572e+00	1.84014417e+00
1.58489319e-05	4.32068556e+00	1.10075118e+00	1.94484995e+00
2.15443469e-05	3.95077662e+00	1.11200131e+00	2.03971487e+00
2.92864456e-05	3.59006405e+00	1.12350946e+00	2.12526455e+00
3.98107171e-05	3.25673795e+00	1.13486424e+00	2.20227568e+00
5.41169527e-05	2.96416064e+00	1.14549216e+00	2.27163206e+00
7.35642254e-05	2.71913139e+00	1.15468442e+00	2.33425508e+00
1.00000000e-04	2.52201567e+00	1.16170061e+00	2.39103771e+00
1.21441818e-04	2.41868253e+00	1.16470802e+00	2.42417061e+00
1.45311983e-04	2.33762711e+00	1.16640402e+00	2.45321290e+00
1.72106431e-04	2.27244940e+00	1.16701726e+00	2.47924835e+00
2.02475553e-04	2.21878324e+00	1.16671013e+00	2.50303455e+00
2.37292126e-04	2.17365125e+00	1.16559939e+00	2.52512338e+00
2.77759703e-04	2.13500730e+00	1.16376703e+00	2.54593531e+00
3.25593478e-04	2.10141740e+00	1.16126518e+00	2.56580967e+00
3.83338850e-04	2.07185655e+00	1.15811702e+00	2.58504415e+00
4.54971620e-04	2.04557586e+00	1.15431294e+00	2.60393406e+00
5.47130977e-04	2.02091521e+00	1.14978690e+00	2.62274362e+00
6.71962865e-04	1.99684871e+00	1.14441057e+00	2.64175945e+00
8.54845697e-04	1.97301922e+00	1.13792730e+00	2.66194360e+00
1.16151357e-03	1.94875842e+00	1.12974529e+00	2.68420562e+00
1.85302501e-03	1.91484502e+00	1.11801626e+00	2.71263243e+00
5.05888921e-02	1.89070136e+00	1.06881474e+00	2.82155406e+00
