1.00000000e-06	5.37719575e+00	1.02935994e+00	9.34854204e-01
1.35935639e-06	5.36254598e+00	1.03348885e+00	1.02568797e+00
1.84784980e-06	5.31922663e+00	1.03808341e+00	1.14209685e+00
2.51188643e-06	5.23216534e+00	1.04319803e+00	1.27432593e+00
3.41454887e-06	5.09207081e+00	1.04888390e+00	1.41363347e+00
4.64158883e-06	4.89598037e+00	1.05517987e+00	1.55257704e+00
6.30957344e-06	4.64697440e+00	1.06209916e+00	1.68563600e+00
8.57695899e-06	4.35345575e+00	1.06961666e+00	1.80943021e+00
1.16591440e-05	4.02844928e+00	1.07766195e+00	1.92240382e+00
1.58489319e-05	3.68873514e+00	1.08611339e+00	2.02424560e+00
2.15443469e-05	3.35311400e+00	1.09478060e+00	2.11535575e+00
2.92864456e-05	3.03952960e+00	1.10337120e+00	2.19650711e+00
3.98107171e-05	2.76187795e+00	1.11146319e+00	2.26868317e+00
5.41169527e-05	2.52792212e+00	1.11851657e+00	2.33299970e+00
7.35642254e-05	2.33912803e+00	1.12394218e+00	2.39062802e+00
1.00000000e-04	2.19209103e+00	1.12721415e+00	2.44268656e+00
1.21441818e-04	2.11620025e+00	1.12798770e+00	2.47306436e+00
1.45311983e-04	2.05771021e+00	1.12778839e+00	2.49972916e+00
1.72106431e-04	2.01135040e+00	1.12680764e+00	2.52368589e+00
2.02475553e-04	1.97360574e+00	1.12517932e+00	2.54563113e+00
2.37292126e-04	1.94214419e+00	1.12299886e+00	2.56606835e+00
2.77759703e-04	1.91540675e+00	1.12033337e+00	2.58537881e+00
3.25593478e-04	1.89233029e+00	1.11722667e+00	2.60386912e+00
3.83338850e-04	1.87219321e+00	1.11370125e+00	2.62180758e+00
4.54971620e-04	1.85451168e+00	1.10975650e+00	2.63946088e+00
5.47130977e-04	1.83780416e+00	1.10535160e+00	2.65706719e+00
6.71962865e-04	1.82100566e+00	1.10040374e+00	2.67488211e+00
8.54845697e-04	1.80493774e+00	1.09475574e+00	2.69378594e+00
1.16151357e-03	1.77352802e+00	1.08791568e+00	2.71532488e+00
1.85302501e-03	1.76673220e+00	1.07897918e+00	2.74094519e+00
5.05888921e-02	1.75050926e+00	1.04521258e+00	2.84054056e+00
