1.00000000e-06	8.13428712e+00	1.03983166e+00	9.36261854e-01
1.35935639e-06	7.99770842e+00	1.04612805e+00	8.87598008e-01
1.84784980e-06	7.92522727e+00	1.05323113e+00	9.10031337e-01
2.51188643e-06	7.87207406e+00	1.06128515e+00	9.87680785e-01
3.41454887e-06	7.80383971e+00	1.07045054e+00	1.09953037e+00
4.64158883e-06	7.69338999e+00	1.08089691e+00	1.22739712e+00
6.30957344e-06	7.52115794e+00	1.09279539e+00	1.35885052e+00
8.57695899e-06	7.27631027e+00	1.10630526e+00	1.48657117e+00
1.16591440e-05	6.95781433e+00	1.12155186e+00	1.60670102e+00
1.58489319e-05	6.57419541e+00	1.13859108e+00	1.71753275e+00
2.15443469e-05	6.14175178e+00	1.15736164e+00	1.81874065e+00
2.92864456e-05	5.68192391e+00	1.17763899e+00	1.91089529e+00
3.98107171e-05	5.21849536e+00	1.19900204e+00	1.99505020e+00
5.41169527e-05	4.77468859e+00	1.22080411e+00	2.07237163e+00
7.35642254e-05	4.37009466e+00	1.24213878e+00	2.14387035e+00
1.00000000e-04	4.01796719e+00	1.26183428e+00	2.21026578e+00
1.21441818e-04	3.82394750e+00	1.27282492e+00	2.24968370e+00
1.45311983e-04	3.66556868e+00	1.28162132e+00	2.28456412e+00
1.72106431e-04	3.53389823e+00	1.28850408e+00	2.31605160e+00
2.02475553e-04	3.42247893e+00	1.29367000e+00	2.34495797e+00
2.37292126e-04	3.32663259e+00	1.29725683e+00	2.37188629e+00
2.77759703e-04	3.24292991e+00	1.29935478e+00	2.39730692e+00
3.25593478e-04	3.16878450e+00	1.30000917e+00	2.42161004e+00
3.83338850e-04	3.10217139e+00	1.29921647e+00	2.44514792e+00
4.54971620e-04	3.04134532e+00	1.29691031e+00	2.46828032e+00
5.47130977e-04	2.98413375e+00	1.29292523e+00	2.49133866e+00
6.71962865e-04	2.93034336e+00	1.28697563e+00	2.51469814e+00
8.54845697e-04	2.87375024e+00	1.27839292e+00	2.53958488e+00
1.16151357e-03	2.81766475e+00	1.26592630e+00	2.56724047e+00
1.85302501e-03	2.73583226e+00	1.24537448e+00	2.60354860e+00
5.05888921e-02	2.67081099e+00	1.14366254e+00	2.74782248e+00
