1.00000000e-06	5.51730283e+00	1.03042427e+00	9.32931833e-01
1.35935639e-06	5.51945521e+00	1.03480656e+00	1.01628828e+00
1.84784980e-06	5.49456745e+00	1.03969251e+00	1.12621698e+00
2.51188643e-06	5.42610146e+00	1.04514326e+00	1.25264607e+00
3.41454887e-06	5.30294859e+00	1.05121862e+00	1.38729602e+00
4.64158883e-06	5.12042739e+00	1.05796910e+00	1.52314223e+00
6.30957344e-06	4.88038822e+00	1.06542252e+00	1.65466823e+00
8.57695899e-06	4.59052520e+00	1.07356826e+00	1.77818032e+00
1.16591440e-05	4.26344490e+00	1.08234582e+00	1.89173742e+00
1.58489319e-05	3.91569649e+00	1.09163865e+00	1.99473108e+00
2.15443469e-05	3.56628456e+00	1.10126137e+00	2.08737698e+00
2.92864456e-05	3.23415815e+00	1.11092976e+00	2.17032784e+00
3.98107171e-05	2.93505555e+00	1.12022571e+00	2.24446145e+00
5.41169527e-05	2.67896686e+00	1.12859218e+00	2.31078383e+00
7.35642254e-05	2.46932520e+00	1.13538885e+00	2.37036068e+00
1.00000000e-04	2.30400100e+00	1.14000622e+00	2.42422523e+00
1.21441818e-04	2.21819432e+00	1.14157244e+00	2.45563921e+00
1.45311983e-04	2.15159567e+00	1.14203906e+00	2.48318885e+00
1.72106431e-04	2.09850722e+00	1.14161291e+00	2.50791193e+00
2.02475553e-04	2.05509516e+00	1.14043954e+00	2.53053012e+00
2.37292126e-04	2.01879004e+00	1.13862308e+00	2.55156641e+00
2.77759703e-04	1.98785536e+00	1.13623671e+00	2.57141767e+00
3.25593478e-04	1.96109257e+00	1.13332771e+00	2.59040338e+00
3.83338850e-04	1.93766492e+00	1.12991908e+00	2.60880331e+00
4.54971620e-04	1.91699095e+00	1.12600720e+00	2.62689505e+00
5.47130977e-04	1.89752450e+00	1.12154217e+00	2.64492655e+00
6.71962865e-04	1.87818760e+00	1.11642447e+00	2.66316531e+00
8.54845697e-04	1.85939964e+00	1.11046207e+00	2.68252087e+00
1.16151357e-03	1.82198552e+00	1.10305380e+00	2.70469250e+00
1.85302501e-03	1.81397806e+00	1.09317482e+00	2.73092830e+00
5.05888921e-02	1.79470593e+00	1.05383193e+00	2.83382947e+00
