1.00000000e-06	3.77481825e+00	1.01891417e+00	1.10042414e+00
1.35935639e-06	3.66847796e+00	1.02114551e+00	1.27172856e+00
1.84784980e-06	3.53604250e+00	1.02359441e+00	1.43960693e+00
2.51188643e-06	3.37282526e+00	1.02625519e+00	1.59725635e+00
3.41454887e-06	3.17901510e+00	1.02910945e+00	1.74164518e+00
4.64158883e-06	2.96035648e+00	1.03212613e+00	1.87171050e+00
6.30957344e-06	2.72793640e+00	1.03525693e+00	1.98734723e+00
8.57695899e-06	2.49617149e+00	1.03842343e+00	2.08898784e+00
1.16591440e-05	2.27939371e+00	1.04150030e+00	2.17748376e+00
1.58489319e-05	2.08856005e+00	1.04430548e+00	2.25406223e+00
2.15443469e-05	1.92953044e+00	1.04660630e+00	2.32024791e+00
2.92864456e-05	1.80324362e+00	1.04814137e+00	2.37773455e+00
3.98107171e-05	1.70709077e+00	1.04865053e+00	2.42823812e+00
5.41169527e-05	1.63654572e+00	1.04790601e+00	2.47336366e+00
7.35642254e-05	1.58646587e+00	1.04574422e+00	2.51450015e+00
1.00000000e-04	1.55190781e+00	1.04210185e+00	2.55273944e+00
1.21441818e-04	1.53399167e+00	1.03905079e+00	2.57573043e+00
1.45311983e-04	1.52156476e+00	1.03578294e+00	2.59633666e+00
1.72106431e-04	1.51253598e+00	1.03236398e+00	2.61521920e+00
2.02475553e-04	1.50564193e+00	1.02884003e+00	2.63283074e+00
2.37292126e-04	1.50015633e+00	1.02524539e+00	2.64949701e+00
2.77759703e-04	1.49568045e+00	1.02160679e+00	2.66546598e+00
3.25593478e-04	1.49200867e+00	1.01794600e+00	2.68094025e+00
3.83338850e-04	1.48907948e+00	1.01428180e+00	2.69610196e+00
4.54971620e-04	1.48696068e+00	1.01063153e+00	2.71113959e+00
5.47130977e-04	1.48425545e+00	1.00701043e+00	2.72627953e+00
6.71962865e-04	1.47691746e+00	1.00343518e+00	2.74222754e+00
8.54845697e-04	1.47661770e+00	9.99946212e-01	2.75816818e+00
1.16151357e-03	1.47560392e+00	9.96578800e-01	2.77571932e+00
1.85302501e-03	1.47415067e+00	9.93445593e-01	2.79757549e+00
5.05888921e-02	1.47240457e+00	9.91820281e-01	2.87755582e+00
