8.06e-06 0.071856 782
782
8.06e-06 3.30739e-09
8.5e-06 3.10714e-09
8.5e-06 6.45177e-09
8.70964e-06 6.77233e-09
9.52e-06 8.41419e-09
9.52e-06 1.09398e-08
9.77237e-06 1.19489e-08
9.9e-06 1.25009e-08
1.01158e-05 1.35149e-08
1.08393e-05 1.75843e-08
1.1e-05 1.86487e-08
1.1885e-05 2.56114e-08
1.2e-05 2.66612e-08
1.28825e-05 3.60038e-08
1.30317e-05 3.78116e-08
1.33352e-05 4.1698e-08
1.38038e-05 4.83533e-08
1.39637e-05 5.07809e-08
1.47911e-05 6.48836e-08
1.5e-05 6.88111e-08
1.57e-05 8.33792e-08
1.65959e-05 1.04866e-07
1.75792e-05 1.32241e-07
1.77828e-05 1.38303e-07
1.85e-05 1.61369e-07
1.90546e-05 1.80316e-07
1.92753e-05 1.883e-07
2e-05 2.15208e-07
2.07e-05 2.42504e-07
2.0893e-05 2.50062e-07
2.15e-05 2.74929e-07
2.16272e-05 2.80043e-07
2.23e-05 3.08199e-07
2.23872e-05 3.11759e-07
2.3e-05 3.37563e-07
2.31739e-05 3.44667e-07
2.37137e-05 3.6733e-07
2.42661e-05 3.89702e-07
2.45471e-05 4.01401e-07
2.5e-05 4.19084e-07
2.54097e-05 4.35469e-07
2.5704e-05 4.46357e-07
2.63027e-05 4.68967e-07
2.6388e-05 4.71915e-07
2.71e-05 4.96869e-07
2.7227e-05 5.01388e-07
2.73e-05 5.0387e-07
2.78612e-05 5.21889e-07
2.81838e-05 5.32373e-07
2.83e-05 5.35979e-07
2.85102e-05 5.4212e-07
2.91743e-05 5.61691e-07
2.92e-05 5.62366e-07
3e-05 5.83469e-07
3.01995e-05 5.88766e-07
3.0903e-05 6.05047e-07
3.12608e-05 6.1336e-07
3.15e-05 6.18567e-07
3.19e-05 6.26489e-07
3.26e-05 6.40364e-07
3.3e-05 6.47714e-07
3.4024e-05 6.64671e-07
3.42768e-05 6.68507e-07
3.46737e-05 6.74521e-07
3.57e-05 6.88342e-07
3.65e-05 6.98041e-07
3.75837e-05 7.09554e-07
3.85e-05 7.18198e-07
3.98107e-05 7.28793e-07
4.02717e-05 7.32067e-07
4.12098e-05 7.38667e-07
4.22e-05 7.44383e-07
4.4e-05 7.53079e-07
4.5e-05 7.56783e-07
4.67735e-05 7.61828e-07
4.8e-05 7.6408e-07
4.94e-05 7.65563e-07
4.94e-05 1.23813e-06
4.985e-05 1.25273e-06
5e-05 1.25673e-06
5.04e-05 1.26709e-06
5.06991e-05 1.27322e-06
5.11e-05 1.2815e-06
5.12861e-05 1.2844e-06
5.19e-05 1.29355e-06
5.289e-05 1.3042e-06
5.299e-05 1.30491e-06
5.299e-05 1.36022e-06
5.30884e-05 1.36178e-06
5.33e-05 1.36495e-06
5.37032e-05 1.37074e-06
5.4e-05 1.37484e-06
5.41e-05 1.37596e-06
5.4325e-05 1.37832e-06
5.47e-05 1.38206e-06
5.5e-05 1.38486e-06
5.53e-05 1.38699e-06
5.564e-05 1.38921e-06
5.564e-05 1.43165e-06
5.59e-05 1.43533e-06
5.6e-05 1.43671e-06
5.62341e-05 1.43984e-06
5.65e-05 1.44328e-06
5.665e-05 1.44477e-06
5.68853e-05 1.44697e-06
5.725e-05 1.45026e-06
5.7544e-05 1.45279e-06
5.77e-05 1.45406e-06
5.8e-05 1.4564e-06
5.82103e-05 1.45797e-06
5.83e-05 1.45848e-06
5.9e-05 1.46221e-06
5.95662e-05 1.46496e-06
5.97e-05 1.46552e-06
6.0256e-05 1.46768e-06
6.07e-05 1.46866e-06
6.09537e-05 1.46916e-06
6.097e-05 1.46918e-06
6.097e-05 1.85929e-06
6.135e-05 1.8741e-06
6.17e-05 1.88662e-06
6.18e-05 1.88978e-06
6.22e-05 1.90249e-06
6.23735e-05 1.90728e-06
6.28e-05 1.91859e-06
6.30957e-05 1.92518e-06
6.35e-05 1.93386e-06
6.42e-05 1.94672e-06
6.45654e-05 1.9523e-06
6.5e-05 1.95865e-06
6.53131e-05 1.9623e-06
6.61e-05 1.97103e-06
6.68344e-05 1.97725e-06
6.73e-05 1.98093e-06
6.76083e-05 1.98261e-06
6.83912e-05 1.98742e-06
6.85e-05 1.98805e-06
6.95e-05 1.99178e-06
7e-05 1.99408e-06
7.07946e-05 1.9963e-06
7.16143e-05 1.99915e-06
7.24436e-05 2.00093e-06
7.3e-05 2.00256e-06
7.35e-05 2.00447e-06
7.4131e-05 2.00608e-06
7.4833e-05 2.00892e-06
7.5e-05 2.00977e-06
7.58e-05 2.01376e-06
7.58578e-05 2.01413e-06
7.65e-05 2.01752e-06
7.67362e-05 2.01903e-06
7.73e-05 2.02269e-06
7.76247e-05 2.02531e-06
7.8e-05 2.0288e-06
7.85236e-05 2.03434e-06
7.9e-05 2.03915e-06
7.94328e-05 2.04429e-06
7.95e-05 2.04509e-06
8.08e-05 2.06281e-06
8.12831e-05 2.071e-06
8.22243e-05 2.08797e-06
8.23e-05 2.0894e-06
8.3e-05 2.10452e-06
8.41395e-05 2.13153e-06
8.60994e-05 2.18879e-06
8.65e-05 2.20203e-06
8.81049e-05 2.2629e-06
9.01571e-05 2.35464e-06
9.157e-05 2.42922e-06
9.157e-05 2.48242e-06
9.22571e-05 2.5216e-06
9.31e-05 2.57215e-06
9.4e-05 2.62981e-06
9.44061e-05 2.65731e-06
9.54993e-05 2.73598e-06
9.55e-05 2.73604e-06
9.7e-05 2.85353e-06
9.8e-05 2.93854e-06
9.85e-05 2.98293e-06
9.88553e-05 3.01539e-06
9.9e-05 3.0288e-06
0.0001 3.12475e-06
0.000102 3.33441e-06
0.000102329 3.37131e-06
0.000103514 3.50842e-06
0.000104 3.56758e-06
0.000104713 3.65736e-06
0.000107152 3.98571e-06
0.000108 4.11019e-06
0.000108393 4.16991e-06
0.000109648 4.36652e-06
0.00011 4.42385e-06
0.000110918 4.57564e-06
0.000112202 4.79916e-06
0.000113501 5.03998e-06
0.000115 5.33291e-06
0.000117 5.74849e-06
0.00011749 5.85606e-06
0.000119 6.2017e-06
0.0001205 6.56228e-06
0.000122 6.93813e-06
0.000123027 7.20898e-06
0.000124452 7.60315e-06
0.00012504 7.77014e-06
0.000125892 8.01368e-06
0.000126 8.04492e-06
0.00012735 8.44741e-06
0.00012884 8.91524e-06
0.00013 9.29181e-06
0.000130317 9.39485e-06
0.000131826 9.90131e-06
0.000133352 1.04393e-05
0.000135 1.10421e-05
0.000138038 1.22068e-05
0.00014 1.3002e-05
0.000141254 1.35213e-05
0.000143 1.42746e-05
0.000145 1.51649e-05
0.000148 1.65532e-05
0.00015 1.75208e-05
0.000151356 1.8186e-05
0.000152 1.85089e-05
0.000153109 1.90764e-05
0.000156 2.05976e-05
0.000156675 2.09578e-05
0.000158 2.16798e-05
0.000158489 2.19515e-05
0.00016 2.27935e-05
0.000160324 2.29777e-05
0.000162181 2.4054e-05
0.000164059 2.51578e-05
0.000165 2.57258e-05
0.000165959 2.63042e-05
0.00016788 2.74947e-05
0.000169 2.8208e-05
0.000169824 2.87302e-05
0.000171791 3.00054e-05
0.000172 3.01436e-05
0.00017378 3.13172e-05
0.000174 3.14646e-05
0.000175792 3.26861e-05
0.000176 3.28299e-05
0.000178 3.4209e-05
0.000179887 3.55498e-05
0.00018 3.56313e-05
0.00018197 3.70493e-05
0.000182 3.70712e-05
0.000184077 3.86133e-05
0.000186209 4.02044e-05
0.000188365 4.18626e-05
0.000190546 4.35569e-05
0.000192753 4.53217e-05
0.000193 4.55178e-05
0.000195 4.71251e-05
0.000197242 4.89748e-05
0.000198 4.95997e-05
0.000199526 5.08758e-05
0.0002 5.12769e-05
0.000202 5.29501e-05
0.000204174 5.48119e-05
0.000208 5.81392e-05
0.00020893 5.89683e-05
0.000212 6.16828e-05
0.00021438 6.37984e-05
0.000215 6.43576e-05
0.000219 6.80454e-05
0.0002192 6.82335e-05
0.00022 6.89674e-05
0.000222 7.08254e-05
0.000223872 7.2553e-05
0.000226464 7.49897e-05
0.00023 7.83992e-05
0.000233 8.12912e-05
0.000234423 8.2655e-05
0.000235 8.32123e-05
0.00024 8.81421e-05
0.000242661 9.07644e-05
0.000245471 9.3587e-05
0.000254097 0.000102388
0.00025704 0.000105412
0.000260016 0.000108527
0.00026454 0.000113259
0.00026454 0.00011789
0.000269154 0.000122862
0.000273 0.000126975
0.000274 0.000128036
0.000276 0.000130163
0.00027826 0.000132601
0.00027826 0.000135982
0.00028382 0.000142276
0.000284 0.000142476
0.000285102 0.000143694
0.00029 0.000149052
0.000291743 0.000150996
0.000292 0.000151284
0.000294 0.000153503
0.000295121 0.000154763
0.0002965 0.000156321
0.000298 0.000158021
0.000298538 0.000158637
0.0003 0.000160262
0.000301995 0.000162436
0.000305492 0.000166313
0.000308 0.000169142
0.00030903 0.000170315
0.000312608 0.000174454
0.000313 0.000174911
0.000316228 0.000178736
0.0003167 0.000179267
0.000318 0.000180742
0.000322 0.000185346
0.000323594 0.000187219
0.000326 0.000190067
0.000327341 0.000191673
0.000328 0.000192465
0.000331131 0.000196278
0.000335 0.000201071
0.000339 0.00020587
0.000342768 0.000210476
0.000343 0.000210761
0.000345 0.000213246
0.000346737 0.00021543
0.000350752 0.000220533
0.000353 0.000223439
0.000355 0.000226053
0.000358 0.000229812
0.000363078 0.000236302
0.000365 0.000238792
0.000367282 0.000241785
0.000375837 0.000253249
0.000378 0.000256215
0.000380189 0.000259067
0.000384592 0.000264871
0.000389045 0.000270843
0.0004 0.000285887
0.00040738 0.000295707
0.000412098 0.000302119
0.000415 0.000306087
0.000421697 0.000315358
0.00042658 0.000321909
0.000428 0.000323817
0.000431519 0.000328559
0.000436516 0.000335383
0.00044157 0.000342397
0.00044259 0.000343811
0.00044259 0.000364308
0.000443 0.000364928
0.000446684 0.000370509
0.000451856 0.000378293
0.000457088 0.000386081
0.000473151 0.000410334
0.00047863 0.00041855
0.000484172 0.000426761
0.000489779 0.000435187
0.00049545 0.000443674
0.000501187 0.000452381
0.000506991 0.000461272
0.000508 0.000462799
0.000512861 0.000470074
0.000515 0.000473298
0.00051683 0.000475998
0.00051683 0.000483041
0.0005188 0.00048604
0.000524808 0.000495208
0.000530884 0.000504431
0.000537032 0.000513886
0.00054325 0.000523379
0.000545 0.000526001
0.000549541 0.000532695
0.000555904 0.000542173
0.000565 0.000555931
0.000568853 0.000561781
0.00056923 0.000562355
0.00057544 0.000571744
0.000582103 0.000581754
0.000588844 0.000591772
0.00059 0.000593502
0.000595662 0.000601948
0.0006 0.000608387
0.000609537 0.000622607
0.00061 0.000623304
0.00061583 0.00063195
0.00061583 0.000646533
0.000616595 0.000647717
0.000623735 0.000658739
0.000630957 0.000669574
0.000645654 0.000691992
0.00065 0.000698653
0.000653131 0.000703475
0.000660693 0.000715032
0.000675 0.000736859
0.000676083 0.000738524
0.000683912 0.000750175
0.000685 0.000751804
0.0007 0.000774052
0.000707946 0.000785803
0.000716143 0.000797939
0.000724436 0.000810066
0.000732825 0.000822248
0.00074131 0.000834674
0.00075 0.000847302
0.000758578 0.000859877
0.000767361 0.000872667
0.000785236 0.000898636
0.000794328 0.000911565
0.000803526 0.000924739
0.000812831 0.000938098
0.000831764 0.00096476
0.000851138 0.000992107
0.000860994 0.00100591
0.000870964 0.0010197
0.000881049 0.00103368
0.000891251 0.00104748
0.000901571 0.00106151
0.000912011 0.00107582
0.000922571 0.00109015
0.000933254 0.00110442
0.000944061 0.00111878
0.00097 0.00115368
0.000977237 0.00116333
0.000985 0.00117372
0.000988553 0.00117848
0.001 0.00119357
0.00101158 0.00120842
0.00102329 0.00122355
0.00105925 0.00127069
0.00107 0.00128434
0.00108393 0.00130187
0.00109648 0.00131773
0.00110918 0.00133357
0.00112202 0.0013497
0.00113501 0.00136611
0.00114815 0.00138247
0.00116145 0.00139871
0.0011749 0.00141505
0.0011885 0.00143164
0.00120226 0.00144852
0.00121619 0.0014657
0.0012247 0.00147608
0.00124452 0.00149985
0.0012735 0.00153388
0.00128825 0.00155135
0.00130317 0.00156912
0.00131826 0.00158704
0.00133352 0.00160483
0.00135 0.00162353
0.00136458 0.00164007
0.00141254 0.00169444
0.00142889 0.00171319
0.00144544 0.00173162
0.00145 0.00173671
0.00147911 0.00176886
0.00149624 0.00178765
0.0015 0.00179177
0.00151356 0.00180659
0.00154882 0.00184497
0.00157 0.00186764
0.00158489 0.00188336
0.00160325 0.0019028
0.00162181 0.00192234
0.0016788 0.00198192
0.00169 0.00199362
0.00169824 0.00200203
0.0017378 0.00204172
0.00177828 0.00208267
0.00179887 0.0021033
0.0018197 0.00212404
0.00184077 0.0021451
0.00185 0.00215404
0.00186209 0.00216553
0.0018927 0.00219475
0.0018927 0.00657591
0.00190546 0.00660111
0.00192753 0.00664462
0.001952 0.00669267
0.0019618 0.00672111
0.0019618 0.00835937
0.00197242 0.00844914
0.002 0.00869047
0.00201837 0.00885788
0.00204174 0.00906845
0.002065 0.00928784
0.0020893 0.00950365
0.00211 0.00969447
0.00216272 0.0100462
0.00218776 0.0102194
0.00221309 0.0103901
0.00223872 0.0105651
0.00226464 0.0106848
0.00229087 0.0108065
0.0023 0.010849
0.00231739 0.0108982
0.00234423 0.010974
0.00235 0.0109954
0.0023605 0.0110198
0.0023605 0.0127327
0.00237137 0.0127721
0.0024 0.0128725
0.00242661 0.0129657
0.002445 0.0130295
0.00245471 0.0130611
0.00251189 0.0132466
0.00254097 0.0133404
0.00260016 0.0135309
0.00263027 0.0136238
0.00266073 0.013714
0.0026774 0.0137631
0.0026774 0.0146061
0.00269154 0.0146562
0.002697 0.0146754
0.002718 0.0147494
0.0027227 0.0147654
0.002729 0.0147863
0.00275423 0.0148732
0.00278612 0.0149832
0.00281838 0.0150945
0.00285102 0.0152072
0.00288403 0.015321
0.0029116 0.0154104
0.0029116 0.0160792
0.00295121 0.0162227
0.00298538 0.0163422
0.003015 0.0164456
0.00301995 0.0164633
0.00305492 0.0165883
0.00307 0.0166412
0.00309029 0.0167117
0.00316228 0.0169624
0.0031989 0.0170857
0.00322 0.0171566
0.00323594 0.0172097
0.00327341 0.0173319
0.00331131 0.0174524
0.00334965 0.0175747
0.00335 0.0175758
0.00338844 0.0176987
0.00342768 0.0178244
0.00346737 0.0179518
0.00350752 0.0180799
0.00354813 0.0182082
0.00358922 0.0183334
0.00365 0.0185134
0.00367282 0.0185793
0.00372 0.0187157
0.00375837 0.0188263
0.00384592 0.0190788
0.0039355 0.0193357
0.004 0.0195205
0.00402717 0.0195962
0.0040738 0.0197198
0.00412097 0.01984
0.00415 0.0199142
0.00416869 0.0199613
0.00421696 0.0200833
0.00431519 0.0203312
0.00436516 0.0204559
0.0044 0.0205431
0.0044157 0.0205822
0.00446684 0.0207072
0.0045 0.0207871
0.00451856 0.0208316
0.00462381 0.0210818
0.00465 0.0211439
0.00473151 0.0213367
0.0048 0.0214987
0.00484172 0.0215959
0.00489779 0.0217267
0.0049545 0.0218588
0.005 0.0219649
0.00501187 0.0219925
0.00506991 0.0221209
0.00512861 0.0222425
0.00530884 0.0226178
0.00537032 0.0227453
0.0054325 0.0228745
0.0055 0.0230104
0.00562341 0.0232574
0.00568853 0.0233833
0.00588844 0.0237638
0.006 0.0239776
0.0060256 0.0240267
0.00609537 0.024159
0.00615 0.024262
0.00630957 0.0245575
0.00638264 0.0246888
0.00653131 0.0249415
0.00668344 0.0251974
0.00676083 0.0253269
0.00683912 0.0254583
0.00691831 0.025591
0.00699842 0.0257209
0.007 0.0257235
0.00707946 0.0258517
0.00716143 0.025982
0.00724436 0.026114
0.00732824 0.0262443
0.0074131 0.0263743
0.00758578 0.0266358
0.00767361 0.0267693
0.00785236 0.0270356
0.00794328 0.0271707
0.008 0.0272552
0.00803526 0.0273057
0.00812831 0.0274381
0.00822243 0.0275658
0.00851138 0.0279586
0.00860994 0.0280911
0.00870964 0.0282254
0.00881049 0.0283588
0.00891251 0.0284941
0.009 0.0286065
0.00901571 0.0286266
0.00912011 0.0287605
0.00922571 0.028894
0.00933254 0.0290262
0.00944061 0.0291602
0.00954993 0.0292935
0.00977237 0.0295585
0.00988553 0.0296938
0.01 0.0298311
0.0101158 0.0299646
0.0102329 0.0300997
0.0104713 0.030365
0.010538 0.0304377
0.010538 0.079721
0.0105925 0.0798309
0.0108 0.0802474
0.0108393 0.0803468
0.0109648 0.0806587
0.0110917 0.0809731
0.0112202 0.0812901
0.0113501 0.0816097
0.0114815 0.0819264
0.0116145 0.0822444
0.011749 0.0825162
0.011885 0.0827882
0.011993 0.0830015
0.011993 0.114985
0.0120226 0.115109
0.01208 0.115347
0.0121 0.11543
0.0121619 0.115622
0.01224 0.115863
0.0124 0.116449
0.0124452 0.116592
0.012508 0.11679
0.012508 0.135025
0.0125892 0.135436
0.0126 0.135491
0.012735 0.136174
0.0128825 0.136914
0.0130317 0.13766
0.01305 0.137751
0.0131826 0.138392
0.0133352 0.139127
0.01335 0.139195
0.0134896 0.139882
0.0135 0.139933
0.0138038 0.141414
0.0139637 0.142095
0.0141254 0.142782
0.0142889 0.143476
0.0144544 0.144178
0.0145 0.144371
0.0146218 0.144881
0.0147911 0.145576
0.015 0.146433
0.0151356 0.146988
0.0153109 0.147702
0.0154882 0.148434
0.0156675 0.149129
0.0160325 0.150541
0.0162181 0.151222
0.0164059 0.151911
0.0165959 0.152577
0.016788 0.153244
0.0171791 0.154597
0.017378 0.155284
0.0177828 0.156626
0.0179887 0.157284
0.018197 0.157949
0.0186209 0.159298
0.0188365 0.159992
0.0190546 0.160693
0.0192753 0.16139
0.0194985 0.162095
0.0197242 0.162807
0.0198 0.163045
0.02 0.163639
0.0201837 0.164179
0.0204174 0.164864
0.0206538 0.165498
0.0211349 0.166783
0.0216272 0.168095
0.0218776 0.16876
0.0221309 0.169424
0.0223872 0.170095
0.0226464 0.170769
0.0229087 0.171411
0.0231739 0.172059
0.0234423 0.17271
0.0237137 0.173367
0.0242661 0.174701
0.0248313 0.176063
0.0251189 0.176755
0.0254097 0.177398
0.025704 0.178045
0.0260016 0.178699
0.0263027 0.179314
0.0265 0.179717
0.0266072 0.179933
0.0269154 0.180556
0.027227 0.18118
0.0275423 0.181811
0.0278612 0.182448
0.0281838 0.183092
0.0285102 0.183728
0.0288403 0.184371
0.0291743 0.18502
0.0298538 0.186269
0.03 0.186537
0.0301995 0.186902
0.0305492 0.187541
0.0309029 0.188185
0.0312608 0.188836
0.0315 0.189267
0.0316228 0.189486
0.031989 0.19014
0.0323594 0.190758
0.0331131 0.191946
0.0334965 0.192549
0.0338844 0.193159
0.034 0.193341
0.0346737 0.194388
0.0350752 0.19501
0.0354813 0.195639
0.0358922 0.196274
0.0363078 0.196915
0.0367282 0.197537
0.0371535 0.198154
0.0375837 0.198778
0.0380189 0.199376
0.0384592 0.199979
0.0389045 0.200589
0.039355 0.201205
0.0402717 0.202387
0.0412098 0.203593
0.0416869 0.204206
0.0421697 0.204825
0.043 0.205831
0.0431519 0.206013
0.044157 0.207202
0.0446684 0.207805
0.0451856 0.208415
0.0457088 0.209009
0.0462381 0.20961
0.0467735 0.210211
0.0484172 0.21205
0.0489779 0.212653
0.049545 0.213214
0.0506991 0.214356
0.0512861 0.214923
0.0524807 0.216073
0.0530884 0.216657
0.054325 0.217842
0.0549541 0.218439
0.0562341 0.21965
0.0568853 0.220265
0.0582103 0.221481
0.0588844 0.222046
0.060256 0.223158
0.0609537 0.223714
0.0616595 0.22427
0.0623735 0.224832
0.0630957 0.225399
0.065 0.226893
0.0653131 0.227136
0.0660693 0.227722
0.0691831 0.230128
0.0707946 0.231265
0.0716143 0.231841
0.071856 0.232008
