4.88e-06 0.010331 597
597
4.88e-06 1.54271e-09
5e-06 1.57878e-09
5e-06 2.40526e-09
5.30884e-06 2.55242e-09
5.4325e-06 2.60949e-09
5.88844e-06 2.80894e-09
6.0256e-06 2.86674e-09
6.53131e-06 3.06594e-09
6.7e-06 3.12989e-09
7.07946e-06 3.26409e-09
7.32825e-06 3.34806e-09
7.85236e-06 3.51107e-09
8.03526e-06 3.56483e-09
8.60994e-06 3.71838e-09
8.81049e-06 3.76832e-09
9.44061e-06 3.90815e-09
9.54993e-06 3.93059e-09
1.02329e-05 4.05364e-09
1.03514e-05 4.07307e-09
1.10917e-05 4.17626e-09
1.12202e-05 4.19224e-09
1.169e-05 4.23928e-09
1.169e-05 6.20832e-09
1.1885e-05 6.09849e-09
1.20226e-05 6.02232e-09
1.21619e-05 5.94892e-09
1.252e-05 5.76256e-09
1.28e-05 5.63045e-09
1.28825e-05 5.5925e-09
1.31e-05 5.49772e-09
1.31826e-05 5.4624e-09
1.335e-05 5.39199e-09
1.36e-05 5.29212e-09
1.385e-05 5.19941e-09
1.39637e-05 5.15889e-09
1.41e-05 5.11225e-09
1.42889e-05 5.04944e-09
1.435e-05 5.02944e-09
1.455e-05 4.96504e-09
1.47911e-05 4.89271e-09
1.5e-05 4.83451e-09
1.522e-05 4.7755e-09
1.53109e-05 4.7521e-09
1.54e-05 4.7289e-09
1.555e-05 4.69094e-09
1.57e-05 4.65494e-09
1.585e-05 4.62084e-09
1.6e-05 4.58861e-09
1.61e-05 4.56799e-09
1.615e-05 4.55774e-09
1.63e-05 4.52774e-09
1.645e-05 4.49952e-09
1.65959e-05 4.47371e-09
1.66e-05 4.47296e-09
1.675e-05 4.44592e-09
1.685e-05 4.42885e-09
1.69824e-05 4.40737e-09
1.71e-05 4.38938e-09
1.72e-05 4.37487e-09
1.7321e-05 4.35826e-09
1.7378e-05 4.35077e-09
1.74e-05 4.34778e-09
1.75e-05 4.33453e-09
1.76e-05 4.32198e-09
1.774e-05 4.30556e-09
1.77828e-05 4.30078e-09
1.811e-05 4.26421e-09
1.8197e-05 4.25568e-09
1.826e-05 4.24982e-09
1.832e-05 4.24447e-09
1.837e-05 4.24019e-09
1.842e-05 4.23608e-09
1.847e-05 4.23212e-09
1.852e-05 4.22833e-09
1.857e-05 4.22469e-09
1.862e-05 4.22121e-09
1.866e-05 4.21854e-09
1.87e-05 4.21597e-09
1.873e-05 4.21411e-09
1.877e-05 4.21171e-09
1.881e-05 4.20941e-09
1.88365e-05 4.20795e-09
1.885e-05 4.20711e-09
1.89e-05 4.2041e-09
1.896e-05 4.20069e-09
1.902e-05 4.19751e-09
1.90546e-05 4.19578e-09
1.907e-05 4.19483e-09
1.912e-05 4.19189e-09
1.92e-05 4.18749e-09
1.931e-05 4.18209e-09
1.965e-05 4.17e-09
1.98e-05 4.16684e-09
1.99526e-05 4.16497e-09
2.01e-05 4.16443e-09
2.025e-05 4.16514e-09
2.04e-05 4.16712e-09
2.04174e-05 4.16739e-09
2.055e-05 4.16946e-09
2.07e-05 4.17294e-09
2.085e-05 4.17605e-09
2.1e-05 4.18039e-09
2.115e-05 4.18597e-09
2.13e-05 4.19275e-09
2.15e-05 4.20366e-09
2.1706e-05 4.2171e-09
2.19e-05 4.23176e-09
2.21309e-05 4.25172e-09
2.23872e-05 4.2756e-09
2.24e-05 4.27683e-09
2.27e-05 4.30655e-09
2.3e-05 4.34077e-09
2.33e-05 4.37939e-09
2.36e-05 4.42234e-09
2.39883e-05 4.48425e-09
2.4e-05 4.48615e-09
2.435e-05 4.5466e-09
2.45471e-05 4.58242e-09
2.4734e-05 4.61806e-09
2.52e-05 4.71216e-09
2.5704e-05 4.82482e-09
2.6131e-05 4.92895e-09
2.66072e-05 5.05349e-09
2.67e-05 5.07942e-09
2.687e-05 5.12539e-09
2.687e-05 3.59528e-08
2.73e-05 3.66659e-08
2.737e-05 3.6782e-08
2.737e-05 5.55479e-08
2.74e-05 5.56613e-08
2.75423e-05 5.62584e-08
2.8e-05 5.82147e-08
2.86e-05 6.10989e-08
2.87e-05 6.16337e-08
2.92e-05 6.43492e-08
2.95121e-05 6.6224e-08
2.98e-05 6.79824e-08
3.01995e-05 7.06583e-08
3.04e-05 7.20301e-08
3.1e-05 7.6507e-08
3.12e-05 7.81364e-08
3.12608e-05 7.86554e-08
3.17e-05 8.24731e-08
3.19e-05 8.43518e-08
3.23594e-05 8.89506e-08
3.26e-05 9.15426e-08
3.31131e-05 9.74408e-08
3.33e-05 9.9757e-08
3.34965e-05 1.02301e-07
3.35e-05 1.02346e-07
3.4e-05 1.09044e-07
3.46737e-05 1.19205e-07
3.4719e-05 1.19914e-07
3.5e-05 1.24477e-07
3.54813e-05 1.32877e-07
3.57e-05 1.36845e-07
3.58922e-05 1.4048e-07
3.61e-05 1.445e-07
3.69e-05 1.61279e-07
3.75837e-05 1.77124e-07
3.80189e-05 1.88068e-07
3.84592e-05 1.99708e-07
3.85e-05 2.00817e-07
3.9355e-05 2.25516e-07
4e-05 2.45749e-07
4.0738e-05 2.70731e-07
4.12098e-05 2.87776e-07
4.16869e-05 3.05895e-07
4.3e-05 3.60693e-07
4.31519e-05 3.67525e-07
4.35e-05 3.83341e-07
4.36516e-05 3.90402e-07
4.5e-05 4.57387e-07
4.51856e-05 4.67302e-07
4.57088e-05 4.95691e-07
4.67735e-05 5.57093e-07
4.73151e-05 5.89993e-07
4.85e-05 6.66415e-07
4.9e-05 7.00246e-07
5.01187e-05 7.79754e-07
5.08e-05 8.30396e-07
5.188e-05 9.1463e-07
5.24807e-05 9.63106e-07
5.30884e-05 1.01331e-06
5.37032e-05 1.06612e-06
5.45e-05 1.13581e-06
5.55904e-05 1.23499e-06
5.58e-05 1.25479e-06
5.65e-05 1.32076e-06
5.7544e-05 1.42215e-06
5.8e-05 1.46825e-06
5.85e-05 1.51865e-06
5.95662e-05 1.62844e-06
6.0256e-05 1.70256e-06
6.07e-05 1.75034e-06
6.16595e-05 1.855e-06
6.23735e-05 1.9358e-06
6.30957e-05 2.01797e-06
6.4e-05 2.12237e-06
6.45654e-05 2.1896e-06
6.53131e-05 2.28079e-06
6.60693e-05 2.37324e-06
6.65e-05 2.42614e-06
6.68344e-05 2.46778e-06
6.83912e-05 2.66833e-06
6.91831e-05 2.77215e-06
7e-05 2.88031e-06
7.16143e-05 3.10263e-06
7.24436e-05 3.21872e-06
7.32824e-05 3.33918e-06
7.4131e-05 3.46207e-06
7.5e-05 3.59109e-06
7.58578e-05 3.72158e-06
7.65e-05 3.81933e-06
7.76247e-05 3.99468e-06
8e-05 4.37651e-06
8.03526e-05 4.4352e-06
8.12831e-05 4.58918e-06
8.3e-05 4.88249e-06
8.60994e-05 5.43498e-06
8.81049e-05 5.80496e-06
8.91251e-05 5.99656e-06
9.12011e-05 6.39886e-06
9.33254e-05 6.8181e-06
9.66051e-05 7.48719e-06
9.88553e-05 7.95682e-06
9.9e-05 7.98762e-06
0.000102329 8.7023e-06
0.000104713 9.22043e-06
0.000105925 9.48525e-06
0.00010728 9.78638e-06
0.00010728 1.02268e-05
0.000108393 1.04856e-05
0.0001086 1.05328e-05
0.00011 1.08524e-05
0.000110918 1.1065e-05
0.00011101 1.1086e-05
0.00011101 1.13089e-05
0.000112202 1.15868e-05
0.000113501 1.18928e-05
0.0001137 1.19386e-05
0.000114 1.20082e-05
0.0001152 1.22885e-05
0.000117 1.27184e-05
0.00011728 1.27845e-05
0.00011749 1.28345e-05
0.0001183 1.30288e-05
0.000119 1.31984e-05
0.000120226 1.35002e-05
0.0001205 1.35659e-05
0.000121619 1.38386e-05
0.0001225 1.40556e-05
0.000123027 1.41875e-05
0.0001245 1.45521e-05
0.00012472 1.46071e-05
0.000126 1.49316e-05
0.00012735 1.52792e-05
0.000128 1.54434e-05
0.000130317 1.60392e-05
0.00013033 1.60426e-05
0.00013061 1.6114e-05
0.00013066 1.61269e-05
0.000133352 1.68288e-05
0.000134896 1.72403e-05
0.000135 1.72681e-05
0.0001365 1.76633e-05
0.000138038 1.80751e-05
0.00014 1.85983e-05
0.000141254 1.89382e-05
0.000144544 1.98499e-05
0.000145 1.99747e-05
0.000146218 2.03109e-05
0.00015 2.1358e-05
0.000153109 2.22439e-05
0.000154882 2.27595e-05
0.000156675 2.32732e-05
0.00015775 2.35773e-05
0.00015775 2.45978e-05
0.0001609 2.5556e-05
0.000162181 2.59525e-05
0.000164059 2.654e-05
0.000165959 2.71396e-05
0.00016788 2.77383e-05
0.000169824 2.83412e-05
0.000176 3.02936e-05
0.000177828 3.08813e-05
0.000182 3.2184e-05
0.000186209 3.35172e-05
0.000188365 3.42135e-05
0.00019 3.4725e-05
0.000195 3.62844e-05
0.000197242 3.69878e-05
0.000201837 3.84546e-05
0.000204174 3.91721e-05
0.00020893 4.06412e-05
0.000213796 4.21642e-05
0.000215 4.25423e-05
0.000216272 4.29315e-05
0.000219 4.37565e-05
0.000221309 4.44555e-05
0.000223872 4.52387e-05
0.00023 4.71232e-05
0.000231739 4.76634e-05
0.000235 4.86371e-05
0.000237137 4.92718e-05
0.00024 5.01291e-05
0.000242661 5.09289e-05
0.000248313 5.26512e-05
0.000251189 5.35269e-05
0.000260016 5.61194e-05
0.000262 5.67115e-05
0.000263027 5.70146e-05
0.000265 5.75956e-05
0.000266073 5.79114e-05
0.000269154 5.88237e-05
0.000273 5.99507e-05
0.000275423 6.06468e-05
0.000281838 6.24663e-05
0.000285102 6.3402e-05
0.000291743 6.53183e-05
0.000305492 6.90787e-05
0.00030903 7.00579e-05
0.00031 7.03277e-05
0.000312608 7.10383e-05
0.000316228 7.20097e-05
0.000323594 7.39447e-05
0.000331131 7.59506e-05
0.000334965 7.69506e-05
0.000338844 7.7968e-05
0.000354813 8.20262e-05
0.000367282 8.51691e-05
0.00037 8.58611e-05
0.000371535 8.62468e-05
0.000380189 8.83616e-05
0.000402717 9.37901e-05
0.00040738 9.49108e-05
0.00041 9.55218e-05
0.000412098 9.59975e-05
0.000436516 0.000101571
0.00044157 0.000102729
0.000446684 0.000103855
0.000451856 0.000104969
0.000457088 0.000106094
0.000473151 0.000109578
0.00047863 0.000110763
0.000485 0.000112118
0.000501187 0.000115446
0.000506991 0.00011665
0.000512861 0.000117874
0.000515 0.000118318
0.0005188 0.000119099
0.000530884 0.000121524
0.000537032 0.000122736
0.000555904 0.000126429
0.000562341 0.000127682
0.00057544 0.000130169
0.000582103 0.00013143
0.000588844 0.00013271
0.00060256 0.000135223
0.000609537 0.000136491
0.000616595 0.000137778
0.000645654 0.000142968
0.00065 0.00014374
0.000660693 0.000145586
0.000668344 0.000146891
0.000676083 0.000148216
0.000683912 0.000149516
0.000707946 0.000153532
0.000724436 0.000156276
0.000732825 0.000157627
0.00074131 0.000158998
0.00078 0.000165013
0.000794328 0.000167233
0.0008 0.000168098
0.000803526 0.000168626
0.000812831 0.000170021
0.000822243 0.000171388
0.000831764 0.000172774
0.000841395 0.00017418
0.000851138 0.00017559
0.000881049 0.00017989
0.000891251 0.000181335
0.000901571 0.000182774
0.000922571 0.000185595
0.000944061 0.000188495
0.000966051 0.000191441
0.000977237 0.000192914
0.000988553 0.000194389
0.001 0.000195825
0.00102329 0.0001987
0.00105925 0.00020316
0.00107152 0.000204669
0.00109648 0.000207683
0.001122 0.000210648
0.001122 0.00043662
0.00112202 0.000436841
0.00112225 0.00044597
0.0011225 0.00046168
0.0011228 0.000480384
0.0011231 0.00049895
0.0011234 0.000517426
0.0011238 0.000541542
0.0011242 0.000565349
0.0011246 0.000588535
0.001125 0.000611125
0.0011255 0.000638535
0.001126 0.000664907
0.0011265 0.000690084
0.0011269 0.000709376
0.0011271 0.000710157
0.0011281 0.000745566
0.0011283 0.000751646
0.00113 0.00079206
0.0011315 0.000824173
0.0011334 0.000854365
0.00113501 0.000873637
0.001136 0.000885734
0.001139 0.000918513
0.0011423 0.000946714
0.001143 0.000950849
0.001146 0.000977091
0.0011504 0.000998623
0.0011504 0.00111441
0.00115051 0.00111754
0.0011508 0.00112839
0.0011511 0.00113956
0.0011514 0.00115069
0.0011517 0.00116174
0.0011521 0.00117628
0.00115255 0.00119239
0.001153 0.0012081
0.0011535 0.00122421
0.001154 0.00123975
0.0011545 0.00125469
0.001155 0.00126904
0.0011556 0.00128549
0.0011563 0.00130354
0.0011569 0.00131801
0.0011573 0.00132717
0.001158 0.0013422
0.0011587 0.00135603
0.0011595 0.00137047
0.0011604 0.0013851
0.00116145 0.00140015
0.0011615 0.00140085
0.0011627 0.0014149
0.001164 0.00142784
0.001165 0.00143643
0.0011665 0.00144746
0.0011685 0.00145958
0.00117 0.00146722
0.001173 0.00147926
0.001178 0.00149581
0.00118 0.00150196
0.0011885 0.00151985
0.00119 0.00152301
0.00120226 0.00154241
0.001205 0.00154594
0.001215 0.0015562
0.00121619 0.00155709
0.001225 0.00156366
0.00124 0.00157112
0.00125892 0.00158251
0.0012735 0.00159122
0.00128825 0.00160048
0.00129 0.00160157
0.0012907 0.00160196
0.0012907 0.00182132
0.00131826 0.00184317
0.00133352 0.0018547
0.00135 0.00186712
0.00136458 0.00187831
0.001365 0.00187863
0.00139 0.00189893
0.00139637 0.00190427
0.00141254 0.00191812
0.00142889 0.00193211
0.00146218 0.00195903
0.0015 0.00198945
0.00151356 0.00200029
0.0015549 0.00203309
0.00156675 0.00204236
0.00157 0.0020449
0.00158489 0.00205592
0.00160325 0.00206948
0.00162181 0.00208276
0.0016788 0.00212326
0.00169824 0.00213695
0.00175792 0.00217883
0.00177828 0.00219222
0.0018197 0.00221867
0.00182 0.00221886
0.00186209 0.00224461
0.00190546 0.00227089
0.00192753 0.00228422
0.00195 0.00229685
0.00197242 0.00230891
0.002 0.00232372
0.00204174 0.00234609
0.00206538 0.0023587
0.0020893 0.00237137
0.00218776 0.00242305
0.00221309 0.0024358
0.00223872 0.00244868
0.0023 0.00247936
0.00231739 0.00248745
0.00234423 0.00249945
0.00237137 0.00251148
0.0024 0.0025241
0.00248313 0.00255972
0.00251189 0.002572
0.00254097 0.0025844
0.0025704 0.00259585
0.00260016 0.00260743
0.00263027 0.00261909
0.00266073 0.00263079
0.00278612 0.00267881
0.0028 0.0026841
0.00281838 0.0026908
0.00285102 0.00270267
0.00288403 0.00271466
0.00291743 0.00272678
0.00295121 0.00273897
0.00298538 0.00275037
0.00301995 0.00276144
0.00309029 0.00278394
0.00312608 0.00279494
0.00316228 0.00280606
0.0031989 0.0028173
0.00327341 0.00284013
0.00334965 0.00286324
0.00338844 0.00287427
0.00342768 0.00288511
0.00354813 0.00291838
0.00358922 0.00292973
0.00363078 0.00294057
0.00367282 0.00295153
0.00371535 0.0029626
0.00380189 0.00298501
0.00384592 0.00299631
0.00389045 0.0030065
0.00402717 0.0030378
0.0040738 0.00304849
0.00412097 0.00305878
0.00421696 0.00307971
0.00431519 0.00310104
0.00436516 0.00311181
0.0044157 0.00312269
0.00446684 0.00313369
0.00451856 0.00314377
0.00457088 0.0031539
0.00462381 0.00316417
0.00467735 0.00317384
0.0047863 0.00319354
0.00489779 0.00321364
0.00501187 0.00323406
0.00506991 0.00324445
0.00512861 0.00325463
0.005188 0.00326428
0.00530884 0.003284
0.00537032 0.00329395
0.0054325 0.00330328
0.00555904 0.00332222
0.00568853 0.00334147
0.00588844 0.00337128
0.0060256 0.00338976
0.00609537 0.0033992
0.00616595 0.00340807
0.00623735 0.00341701
0.00630957 0.00342597
0.00645654 0.00344407
0.00668344 0.00347215
0.00683912 0.00349153
0.00691831 0.0035008
0.0069282 0.00350192
0.00699842 0.0035091
0.00707946 0.00351741
0.00716143 0.0035258
0.00724436 0.00353423
0.0074131 0.0035512
0.00758578 0.00356867
0.00794328 0.00360515
0.008 0.00361062
0.00803526 0.00361403
0.00812831 0.00362173
0.00822243 0.00362951
0.00841395 0.00364527
0.00851138 0.00365333
0.00860994 0.00366136
0.00912011 0.00370343
0.00922571 0.00371223
0.00933254 0.00372062
0.00944061 0.00372804
0.00977237 0.00374993
0.00988553 0.00375746
0.01 0.00376497
0.010331 0.00378689
