7.53e-06 0.0070834 505
505
7.53e-06 7.35358e-10
7.6e-06 7.15631e-10
7.76247e-06 6.61974e-10
8e-06 5.8908e-10
8.22243e-06 5.25818e-10
8.42e-06 4.73657e-10
8.60994e-06 4.26921e-10
8.81049e-06 3.80889e-10
9.01571e-06 3.37335e-10
9.2e-06 3.01056e-10
9.35e-06 2.73404e-10
9.5e-06 2.47382e-10
9.66051e-06 2.21307e-10
9.77237e-06 2.04174e-10
9.93e-06 1.81451e-10
1.005e-05 1.65221e-10
1.02e-05 1.46202e-10
1.031e-05 1.3312e-10
1.044e-05 1.18586e-10
1.055e-05 1.07047e-10
1.065e-05 9.71493e-11
1.077e-05 8.60014e-11
1.088e-05 7.6466e-11
1.09648e-05 6.95548e-11
1.105e-05 6.29849e-11
1.115e-05 5.57495e-11
1.123e-05 5.03235e-11
1.131e-05 4.5215e-11
1.138e-05 4.1003e-11
1.146e-05 3.64772e-11
1.154e-05 3.22574e-11
1.16145e-05 2.85975e-11
1.168e-05 2.5591e-11
1.1749e-05 2.26387e-11
1.182e-05 1.98233e-11
1.1885e-05 1.74442e-11
1.195e-05 1.52533e-11
1.2015e-05 1.32469e-11
1.207e-05 1.1692e-11
1.213e-05 1.01441e-11
1.218e-05 8.97113e-12
1.224e-05 7.7027e-12
1.23027e-05 6.53817e-12
1.242e-05 4.79457e-12
1.247e-05 4.22199e-12
1.251e-05 3.83658e-12
1.2535e-05 3.62828e-12
1.2565e-05 3.41126e-12
1.259e-05 3.25775e-12
1.262e-05 3.10622e-12
1.2642e-05 3.01765e-12
1.266e-05 2.95935e-12
1.2685e-05 2.89943e-12
1.271e-05 2.86391e-12
1.2727e-05 2.85367e-12
1.274e-05 2.85592e-12
1.274e-05 3.95375e-09
1.275e-05 3.96298e-09
1.277e-05 3.98148e-09
1.2795e-05 4.00472e-09
1.282e-05 4.02807e-09
1.2842e-05 4.04871e-09
1.287e-05 4.0751e-09
1.29e-05 4.10354e-09
1.291e-05 4.11306e-09
1.291e-05 6.8259e-09
1.292e-05 6.84161e-09
1.295e-05 6.8889e-09
1.299e-05 6.95235e-09
1.30317e-05 7.01891e-09
1.317e-05 7.24332e-09
1.322e-05 7.32932e-09
1.33e-05 7.46852e-09
1.335e-05 7.55651e-09
1.337e-05 7.59278e-09
1.342e-05 7.68403e-09
1.34896e-05 7.81246e-09
1.355e-05 7.92509e-09
1.36e-05 8.01928e-09
1.361e-05 8.03906e-09
1.368e-05 8.17846e-09
1.37e-05 8.2186e-09
1.376e-05 8.34318e-09
1.382e-05 8.46915e-09
1.39e-05 8.6393e-09
1.397e-05 8.79026e-09
1.405e-05 8.96516e-09
1.41254e-05 9.13228e-09
1.415e-05 9.18934e-09
1.42e-05 9.30596e-09
1.425e-05 9.42656e-09
1.435e-05 9.67117e-09
1.4458e-05 9.94063e-09
1.455e-05 1.01745e-08
1.46218e-05 1.03597e-08
1.465e-05 1.04353e-08
1.47e-05 1.057e-08
1.48e-05 1.08486e-08
1.495e-05 1.12768e-08
1.507e-05 1.16282e-08
1.51356e-05 1.18236e-08
1.522e-05 1.2085e-08
1.53109e-05 1.2371e-08
1.54e-05 1.26618e-08
1.56e-05 1.33327e-08
1.58e-05 1.40296e-08
1.58489e-05 1.42041e-08
1.60324e-05 1.48884e-08
1.62181e-05 1.56158e-08
1.64059e-05 1.63783e-08
1.67e-05 1.7628e-08
1.6788e-05 1.80154e-08
1.69e-05 1.85261e-08
1.7e-05 1.89967e-08
1.73e-05 2.04619e-08
1.76e-05 2.20104e-08
1.785e-05 2.33669e-08
1.8e-05 2.421e-08
1.8197e-05 2.53739e-08
1.86209e-05 2.80201e-08
1.90546e-05 3.09389e-08
1.95e-05 3.41697e-08
2e-05 3.8094e-08
2.055e-05 4.2795e-08
2.11349e-05 4.82632e-08
2.17e-05 5.40343e-08
2.23872e-05 6.17412e-08
2.26464e-05 6.48541e-08
2.31739e-05 7.14914e-08
2.4e-05 8.28252e-08
2.48313e-05 9.55533e-08
2.5e-05 9.82719e-08
2.51189e-05 1.00221e-07
2.61e-05 1.17303e-07
2.69153e-05 1.33089e-07
2.7108e-05 1.36984e-07
2.73e-05 1.4091e-07
2.85102e-05 1.67617e-07
2.88403e-05 1.75515e-07
2.9e-05 1.79372e-07
3.01995e-05 2.10036e-07
3.05492e-05 2.19661e-07
3.0903e-05 2.29547e-07
3.19889e-05 2.61567e-07
3.23594e-05 2.73198e-07
3.27341e-05 2.85105e-07
3.4e-05 3.27515e-07
3.42768e-05 3.3736e-07
3.46737e-05 3.51533e-07
3.63078e-05 4.13414e-07
3.65e-05 4.2099e-07
3.80189e-05 4.83369e-07
3.85e-05 5.03941e-07
3.9e-05 5.25618e-07
4e-05 5.70878e-07
4.02717e-05 5.8329e-07
4.21697e-05 6.73721e-07
4.22e-05 6.75239e-07
4.4157e-05 7.7368e-07
4.57088e-05 8.54473e-07
4.65e-05 8.97684e-07
4.67735e-05 9.12683e-07
4.9e-05 1.03681e-06
4.9545e-05 1.06817e-06
5.188e-05 1.20495e-06
5.24807e-05 1.24112e-06
5.4e-05 1.33309e-06
5.5e-05 1.39576e-06
5.55904e-05 1.43289e-06
5.88844e-05 1.64512e-06
5.9e-05 1.65288e-06
6.30957e-05 1.92863e-06
6.38264e-05 1.97821e-06
6.645e-05 2.16184e-06
6.645e-05 2.40431e-06
6.72e-05 2.46046e-06
6.8e-05 2.51961e-06
6.804e-05 2.52239e-06
6.804e-05 2.64712e-06
6.87e-05 2.69445e-06
6.9e-05 2.71579e-06
6.91831e-05 2.72864e-06
6.95e-05 2.75096e-06
7e-05 2.78596e-06
7.03e-05 2.80679e-06
7.15e-05 2.89032e-06
7.32824e-05 3.01642e-06
7.45e-05 3.10013e-06
7.58578e-05 3.19674e-06
7.62e-05 3.2214e-06
7.65e-05 3.24349e-06
7.76e-05 3.32576e-06
7.8e-05 3.35643e-06
7.85236e-05 3.39712e-06
7.95e-05 3.47086e-06
8.08e-05 3.57271e-06
8.19e-05 3.66212e-06
8.31764e-05 3.7696e-06
8.41395e-05 3.85116e-06
8.45e-05 3.88126e-06
8.57e-05 3.98449e-06
8.70964e-05 4.10884e-06
8.73e-05 4.12726e-06
8.81049e-05 4.2015e-06
8.85e-05 4.2372e-06
8.91251e-05 4.29439e-06
9.01571e-05 4.38884e-06
9.12011e-05 4.48614e-06
9.15e-05 4.51453e-06
9.22571e-05 4.58731e-06
9.33254e-05 4.69118e-06
9.35e-05 4.70778e-06
9.4e-05 4.75574e-06
9.5e-05 4.85346e-06
9.54993e-05 4.90169e-06
9.8e-05 5.14924e-06
9.9e-05 5.25089e-06
0.00010101 5.45337e-06
0.00010101 5.81257e-06
0.000101158 5.82915e-06
0.000103514 6.093e-06
0.000105925 6.37212e-06
0.000106 6.38068e-06
0.000107152 6.51328e-06
0.00011 6.8428e-06
0.000110918 6.95136e-06
0.000112202 7.10433e-06
0.000113501 7.25778e-06
0.000115 7.43709e-06
0.000116145 7.5735e-06
0.00011885 7.90017e-06
0.000120226 8.07053e-06
0.0001205 8.104e-06
0.000121619 8.24121e-06
0.000123027 8.41463e-06
0.000125892 8.77082e-06
0.000126 8.78433e-06
0.00013 9.2923e-06
0.000130317 9.33256e-06
0.0001315 9.48398e-06
0.000133352 9.71997e-06
0.000136458 1.01201e-05
0.000139637 1.05344e-05
0.000141254 1.07493e-05
0.000142889 1.09612e-05
0.000144544 1.11787e-05
0.000146218 1.1399e-05
0.000147911 1.16236e-05
0.000151356 1.20819e-05
0.000152 1.21673e-05
0.000154882 1.25515e-05
0.000156675 1.27907e-05
0.000158489 1.30309e-05
0.000162181 1.35251e-05
0.000165 1.39044e-05
0.000165959 1.40321e-05
0.000169824 1.45466e-05
0.00017378 1.50688e-05
0.000176 1.53646e-05
0.000177828 1.56094e-05
0.00018 1.58982e-05
0.00018197 1.61581e-05
0.000184077 1.64352e-05
0.000190546 1.72964e-05
0.000195 1.7879e-05
0.000198 1.82744e-05
0.000201837 1.87808e-05
0.000206538 1.94003e-05
0.00020893 1.97171e-05
0.000211349 2.00342e-05
0.000215 2.05163e-05
0.000216272 2.06821e-05
0.000219 2.10361e-05
0.000229087 2.2362e-05
0.000231739 2.27098e-05
0.000234423 2.30545e-05
0.000237137 2.3404e-05
0.000245 2.44233e-05
0.000245471 2.44836e-05
0.000254097 2.55878e-05
0.000258 2.60923e-05
0.000260016 2.63481e-05
0.000263027 2.67279e-05
0.000269154 2.74891e-05
0.000275423 2.82792e-05
0.00028 2.88591e-05
0.000281838 2.90885e-05
0.000285102 2.94879e-05
0.000301995 3.15621e-05
0.000305492 3.19946e-05
0.000316228 3.32827e-05
0.000328 3.47006e-05
0.000331131 3.50771e-05
0.00034 3.61214e-05
0.000346737 3.69172e-05
0.000350752 3.73917e-05
0.000354813 3.78742e-05
0.000358922 3.83522e-05
0.000375837 4.02843e-05
0.000380189 4.07843e-05
0.000385 4.13316e-05
0.000389045 4.17898e-05
0.00039355 4.22863e-05
0.00040738 4.38059e-05
0.000412098 4.43285e-05
0.000416869 4.48515e-05
0.000421697 4.53786e-05
0.000431519 4.64276e-05
0.000436516 4.69593e-05
0.000451856 4.85878e-05
0.000462381 4.96974e-05
0.000484172 5.19265e-05
0.000489779 5.24995e-05
0.00049545 5.30809e-05
0.0005 5.35405e-05
0.000506991 5.42426e-05
0.0005188 5.53913e-05
0.000537032 5.71658e-05
0.00054 5.74534e-05
0.000555904 5.8972e-05
0.000562341 5.9566e-05
0.000582103 6.13753e-05
0.000595662 6.26146e-05
0.00060256 6.32359e-05
0.000616595 6.44934e-05
0.00065 6.73999e-05
0.000653131 6.76703e-05
0.000676083 6.96122e-05
0.000683912 7.02476e-05
0.000716143 7.28691e-05
0.00072069 7.32321e-05
0.00072069 0.00021537
0.00072086 0.000219255
0.00072115 0.000227312
0.00072145 0.000235326
0.00072175 0.000243053
0.0007222 0.000254057
0.00072265 0.00026449
0.000723 0.000272208
0.0007235 0.000282745
0.0007242 0.000296481
0.0007248 0.000307391
0.0007253 0.00031594
0.0007261 0.00032867
0.0007269 0.0003403
0.0007277 0.000350883
0.0007285 0.000360508
0.0007295 0.000371288
0.0007307 0.000382555
0.0007319 0.000392184
0.000733 0.000399719
0.00073355 0.000402822
0.00073355 0.000474981
0.0007337 0.000477591
0.00073405 0.000484559
0.00073435 0.000490353
0.0007345 0.000493156
0.00073465 0.000495833
0.0007351 0.000503557
0.00073555 0.000510943
0.0007357 0.000513304
0.000736 0.000517818
0.0007365 0.000524972
0.0007372 0.000534483
0.0007373 0.000535771
0.0007377 0.000540578
0.0007385 0.000549635
0.0007392 0.000557063
0.00073941 0.000559129
0.00074 0.000564501
0.000741 0.000572856
0.00074131 0.000575196
0.0007415 0.000576638
0.000742 0.000580081
0.000743 0.000586256
0.000744 0.000591812
0.000745 0.000596658
0.00074548 0.000598711
0.000747 0.000604032
0.0007485 0.000608327
0.00075 0.000611831
0.0007523 0.000615517
0.000755 0.00061846
0.000758578 0.000620876
0.000767361 0.000625438
0.000794328 0.000639329
0.0008 0.000642224
0.000828 0.000656415
0.000831764 0.000658119
0.00084296 0.000663135
0.00084296 0.000751253
0.000860994 0.000762656
0.000881049 0.000776029
0.000912011 0.00079662
0.000922571 0.000803327
0.000933254 0.000809929
0.000944061 0.000815396
0.000954993 0.000820914
0.000966051 0.000826595
0.00097 0.000828621
0.000977237 0.000832322
0.000988553 0.000838718
0.00102329 0.000857868
0.00104713 0.000870902
0.00105925 0.000877336
0.00108393 0.000890394
0.00109648 0.000896626
0.00113501 0.000915696
0.00115 0.000923058
0.00120226 0.000947471
0.00121619 0.000953366
0.00124452 0.00096529
0.00125892 0.000971335
0.00131826 0.000995069
0.00133352 0.00100089
0.00134896 0.00100676
0.00136458 0.00101268
0.00138038 0.00101867
0.00141254 0.00103078
0.00142889 0.00103689
0.00149624 0.00106114
0.00151356 0.00106712
0.00154882 0.00107842
0.00157 0.001085
0.00158489 0.0010896
0.00160325 0.00109523
0.00165959 0.00111244
0.0016788 0.00111814
0.0017378 0.00113471
0.00175792 0.00114033
0.00177828 0.00114601
0.0018 0.00115203
0.0018197 0.0011573
0.00186209 0.00116859
0.00190546 0.00118007
0.00194984 0.00119139
0.00195 0.00119143
0.00197242 0.00119673
0.002 0.00120298
0.00201837 0.00120714
0.00206538 0.0012177
0.00216272 0.00123948
0.00218776 0.00124493
0.00221309 0.00125042
0.00223872 0.00125594
0.00226464 0.00126123
0.00229087 0.00126653
0.00234423 0.00127682
0.00245471 0.00129805
0.00248313 0.00130332
0.00254097 0.00131399
0.0025704 0.00131909
0.00263027 0.0013289
0.00266073 0.00133386
0.00281838 0.00135948
0.00285102 0.00136475
0.00291743 0.00137517
0.00295121 0.00138009
0.00301995 0.00138949
0.00309029 0.00139912
0.0031989 0.00141389
0.00323594 0.00141891
0.00327341 0.00142384
0.00331131 0.00142882
0.00334965 0.00143382
0.00338844 0.0014386
0.00342768 0.00144312
0.00358922 0.00146175
0.00363078 0.00146651
0.00371535 0.00147617
0.00375837 0.00148093
0.00380189 0.00148571
0.00389045 0.00149476
0.00412097 0.00151694
0.00416869 0.00152153
0.00421696 0.00152614
0.0042658 0.0015308
0.00431519 0.00153549
0.00436516 0.00154009
0.0044157 0.00154436
0.00446684 0.00154868
0.00467735 0.00156543
0.00484172 0.00157855
0.00501187 0.00159194
0.00506991 0.00159598
0.00512861 0.00160007
0.005188 0.00160422
0.00537032 0.00161615
0.00555904 0.00162856
0.00562341 0.00163278
0.0057544 0.00164129
0.00582103 0.00164521
0.00588844 0.00164905
0.00595662 0.00165294
0.00609537 0.0016609
0.00616595 0.00166469
0.00630957 0.00167243
0.00653131 0.00168439
0.00660693 0.00168843
0.00676083 0.00169573
0.00683912 0.00169935
0.00691831 0.00170302
0.00699842 0.00170673
0.00707946 0.00171051
0.0070834 0.00171069
