0.08829 0.57544 13 0
0.08829 1.34606
0.0922571 1.37923
0.095 1.39588
0.099 1.42835
0.12735 1.59108
0.146218 1.67755
0.24 2.01818
0.291743 2.18567
0.338844 2.33884
0.389045 2.50776
0.446684 2.709
0.506991 2.92911
0.57544 3.19335
0.015847 0.512861 25 1
0.015847 0.0280817
0.0162181 0.0288665
0.0166 0.0297885
0.0171 0.0308597
0.01785 0.0327234
0.0192753 0.035828
0.0211349 0.040161
0.0226464 0.0434559
0.0254097 0.0492893
0.031989 0.0621889
0.0367282 0.0706198
0.0412098 0.0782192
0.049545 0.0909363
0.058 0.102403
0.0653131 0.11139
0.0758578 0.123072
0.0901571 0.136933
0.107152 0.151186
0.130317 0.167876
0.16788 0.190585
0.266072 0.238675
0.327341 0.265901
0.384592 0.291209
0.446684 0.319051
0.512861 0.349543
0.015251 0.5188 19 2
0.015251 0.0502932
0.01543 0.0508038
0.017378 0.0537928
0.0204174 0.0575872
0.0226464 0.0596473
0.0291743 0.0641095
0.0371535 0.0672771
0.0462381 0.0693598
0.0582103 0.0708553
0.074131 0.0718171
0.153109 0.0733226
0.190546 0.0742699
0.23 0.0756096
0.269153 0.0772749
0.312608 0.0794691
0.358922 0.0821522
0.40738 0.085293
0.462381 0.0892249
0.5188 0.0936271
0.01304 0.512861 23 3
0.01304 0.0730022
0.01327 0.0730593
0.01365 0.0737579
0.0146218 0.0751476
0.0179887 0.078477
0.0199526 0.0795299
0.0248313 0.0810472
0.0312608 0.0812098
0.0389045 0.0802383
0.047863 0.0784796
0.0582103 0.0762072
0.0724436 0.0731813
0.0966051 0.0687873
0.15 0.0623057
0.184077 0.0598462
0.221309 0.0581673
0.25704 0.0572498
0.295121 0.0568407
0.334965 0.0568924
0.375837 0.0573404
0.416869 0.0581169
0.462381 0.0592933
0.512861 0.0609126
0.0038243 0.524807 30 4
0.0038243 0.00109055
0.00415 0.0012616
0.0044157 0.00139473
0.00473151 0.00156646
0.00501187 0.00171368
0.0064 0.00246722
0.00691831 0.00274748
0.00841395 0.00357022
0.0095 0.00415655
0.0108393 0.00488333
0.0128825 0.00596087
0.0145 0.00679374
0.0169824 0.00803595
0.0201837 0.00956633
0.024 0.0112914
0.0285102 0.0132001
0.0338844 0.0153079
0.0398107 0.0174455
0.0467735 0.0197423
0.054325 0.0220015
0.065 0.0248561
0.0776247 0.0278359
0.0922571 0.0308627
0.113501 0.0346033
0.147911 0.0396988
0.27227 0.0537846
0.331131 0.059676
0.39355 0.0658817
0.457088 0.0722943
0.524807 0.0793356
0.0035493 0.506991 37 5
0.0035493 0.00138943
0.0035499 0.00138994
0.00355 0.0014007
0.003685 0.00152374
0.004 0.00176855
0.0042658 0.00198069
0.00451856 0.00217584
0.00515 0.00265794
0.00555904 0.00297342
0.0060256 0.00332486
0.00645654 0.00362889
0.0074131 0.0042961
0.008 0.00468272
0.00933254 0.00550143
0.0101158 0.00594984
0.011749 0.0068061
0.0128825 0.00734484
0.0147911 0.00816604
0.0165959 0.00884613
0.0186209 0.00952826
0.0216272 0.0103928
0.0251189 0.0112236
0.0291743 0.012011
0.0338844 0.012745
0.039355 0.0134189
0.0462381 0.0140703
0.054325 0.0146432
0.0653131 0.0152061
0.0803526 0.0157331
0.104713 0.0162832
0.184077 0.0173524
0.204174 0.0176101
0.295121 0.0188865
0.342768 0.019627
0.39355 0.0204862
0.446684 0.02146
0.506991 0.0226516
0.0030546 0.530884 36 6
0.0030546 0.00288831
0.003124 0.00303067
0.00365 0.00376837
0.0039 0.0041068
0.00467735 0.0051166
0.00512861 0.00568124
0.0055 0.00610574
0.00645654 0.00716067
0.007 0.00770165
0.00822243 0.0088153
0.00901571 0.00945353
0.0103514 0.0104199
0.0116145 0.0112047
0.0130317 0.0119776
0.015 0.0128731
0.0169824 0.0136108
0.0190546 0.0142447
0.0218776 0.014927
0.0251189 0.0155153
0.029 0.0160201
0.0334965 0.0164111
0.0389045 0.0166936
0.0451856 0.0168523
0.0530884 0.0168959
0.0630957 0.0168042
0.0758578 0.0165772
0.0944061 0.0161811
0.18197 0.0147653
0.223872 0.014457
0.263027 0.0143269
0.301995 0.0143177
0.342768 0.0144099
0.384592 0.0145913
0.431519 0.014882
0.47863 0.0152501
0.530884 0.0157336
0.0025947 0.54325 41 7
0.0025947 0.00409829
0.00274 0.00477344
0.0028066 0.00505502
0.00285102 0.00521773
0.0029 0.00536071
0.00295121 0.00549387
0.00323594 0.00569769
0.00358922 0.00589201
0.0039355 0.00603415
0.00436516 0.0061562
0.00484172 0.00623155
0.0054325 0.00627471
0.00653131 0.00623407
0.00716143 0.00617364
0.00831764 0.00602776
0.00922571 0.00588741
0.0104713 0.00568928
0.0121619 0.00540891
0.0136458 0.0051695
0.0156675 0.00486247
0.018197 0.00451195
0.0211349 0.00415307
0.0245471 0.00379426
0.0288403 0.0034161
0.0338844 0.00305377
0.0402717 0.00268876
0.049545 0.00228999
0.0653131 0.00183136
0.108393 0.00120815
0.134896 0.00101643
0.164059 0.000877275
0.190546 0.0007892
0.216272 0.000726649
0.245471 0.000673916
0.281838 0.000625765
0.319889 0.000589216
0.358922 0.000562
0.4 0.000541482
0.44157 0.000526974
0.489779 0.000515926
0.54325 0.000508976
0.002489 0.549541 40 8
0.002489 0.00635726
0.00281 0.00755159
0.00301995 0.00775984
0.00334965 0.00800858
0.00367282 0.00818446
0.0040738 0.00833072
0.00451856 0.00841535
0.005188 0.00844908
0.00568853 0.00840108
0.00653131 0.00828819
0.00724436 0.00813511
0.00822243 0.00791004
0.00944061 0.00759538
0.0105925 0.00729508
0.0120226 0.0069293
0.0138038 0.00649711
0.0158 0.00605252
0.018 0.00561261
0.0206538 0.00514684
0.0237137 0.00468485
0.027227 0.00423699
0.0315 0.00378617
0.0371535 0.00330922
0.045 0.00280678
0.0537032 0.00239519
0.107152 0.00125891
0.130317 0.00105517
0.154882 0.000909335
0.177828 0.000812387
0.201837 0.000737847
0.226464 0.000681232
0.254097 0.000633747
0.281838 0.000598038
0.312608 0.000568347
0.346737 0.000544257
0.380189 0.000527396
0.416869 0.000514728
0.457088 0.000506158
0.501187 0.000501583
0.549541 0.00050111
0.00087672 0.54325 39 9
0.00087672 2.98997e-05
0.000988553 3.94416e-05
0.00103514 4.34912e-05
0.00121619 6.02578e-05
0.0012761 6.6284e-05
0.00157 9.68061e-05
0.00169824 0.000110982
0.00204174 0.000150752
0.00223872 0.000174646
0.00266073 0.00022761
0.003 0.000271591
0.00346737 0.000333967
0.0040738 0.000416456
0.00473151 0.000507435
0.00549541 0.000614214
0.00645654 0.000749
0.00758578 0.000907064
0.00901571 0.00110527
0.0107152 0.00133736
0.0128825 0.00162643
0.0154882 0.00196257
0.0184077 0.00232398
0.0218776 0.00273229
0.0260016 0.0031894
0.0309029 0.00369584
0.0367282 0.00425133
0.0436516 0.0048548
0.05188 0.00550351
0.0623735 0.00623845
0.0749894 0.00701861
0.0901571 0.00784054
0.110918 0.00879125
0.146218 0.010149
0.223872 0.0125495
0.288403 0.0142664
0.346737 0.015765
0.40738 0.0173239
0.473151 0.0190535
0.54325 0.0209493
0.00075602 0.562341 52 10
0.00075602 1.65308e-05
0.000881049 2.58586e-05
0.000993 3.59934e-05
0.00105 4.16812e-05
0.00113501 5.07516e-05
0.00121619 6.00818e-05
0.00131826 7.26607e-05
0.00141254 8.5007e-05
0.00151356 9.86738e-05
0.0016788 0.000122252
0.0018197 0.00014355
0.00197242 0.000167255
0.00218776 0.000201951
0.00237137 0.000232567
0.002613 0.000273522
0.00291743 0.000326508
0.0031989 0.000375903
0.00358922 0.000445029
0.004 0.000517571
0.00446684 0.000599595
0.00501187 0.000693567
0.00562341 0.000796609
0.00630957 0.000908544
0.00707946 0.00102911
0.00803526 0.0011714
0.00912011 0.00132316
0.0104 0.00148949
0.0119 0.00166822
0.0135 0.00184139
0.0153109 0.00201797
0.017378 0.00219742
0.0197242 0.00237702
0.0226817 0.0025723
0.0260016 0.00275814
0.03 0.00294452
0.0346737 0.00312319
0.0402717 0.00329508
0.0473151 0.00346372
0.0562341 0.00362437
0.0676083 0.00377356
0.0831764 0.00391624
0.108393 0.00406986
0.188365 0.00436921
0.201837 0.00441779
0.245471 0.00464131
0.269153 0.00471996
0.291743 0.004754
0.338844 0.00494406
0.389045 0.00516232
0.44157 0.00540846
0.501187 0.00570877
0.562341 0.00603911
0.0006343 0.530884 55 11
0.0006343 5.20561e-05
0.000665 5.88043e-05
0.0007 6.66992e-05
0.000767361 8.18218e-05
0.000831764 9.71729e-05
0.000912011 0.000117127
0.001 0.000140388
0.00112202 0.000174566
0.00121619 0.000201963
0.00136458 0.000246199
0.00151356 0.000292545
0.00165959 0.000338485
0.00188365 0.000410519
0.0020893 0.000477249
0.00237137 0.000569278
0.00266073 0.000662975
0.003 0.000771853
0.00342768 0.000905654
0.00384592 0.00103243
0.00436516 0.00118384
0.00501187 0.00136223
0.00568853 0.00153674
0.00638264 0.00170364
0.00716143 0.0018775
0.00812831 0.00207468
0.00922571 0.00227597
0.0104713 0.00247912
0.0119 0.00268369
0.0135 0.00288165
0.0153109 0.00307286
0.017378 0.00325545
0.0197242 0.00342539
0.0226464 0.00359318
0.0260016 0.00374014
0.03 0.00386811
0.0346737 0.00397064
0.0402717 0.00404774
0.0467735 0.00409549
0.0549541 0.00411577
0.0645654 0.00410601
0.0785236 0.00406071
0.0977237 0.00397638
0.15 0.00376643
0.2 0.00364288
0.226464 0.00353093
0.242661 0.00348955
0.25704 0.00347579
0.27227 0.00348718
0.285102 0.00351875
0.300006 0.00358186
0.342768 0.00360855
0.384592 0.00365656
0.431519 0.00373163
0.47863 0.00382567
0.530884 0.00394869
0.00043523 0.5188 89 12
0.00043523 8.11623e-06
0.000437 8.07175e-06
0.000439 8.0843e-06
0.0004405 8.15094e-06
0.000442 8.27549e-06
0.000443 8.40026e-06
0.000444 8.56395e-06
0.000445 8.76996e-06
0.0004465 9.15835e-06
0.0004478 9.5631e-06
0.0004507 1.05864e-05
0.0004523 1.11488e-05
0.000454 1.17054e-05
0.0004558 1.22415e-05
0.000458 1.28353e-05
0.00046 1.33333e-05
0.000463 1.4038e-05
0.0004665 1.48214e-05
0.00047 1.55764e-05
0.00047465 1.65344e-05
0.00048 1.75717e-05
0.000485 1.84974e-05
0.000530884 2.82083e-05
0.000545 3.16631e-05
0.000562341 3.60965e-05
0.000588844 4.34524e-05
0.00061 4.98002e-05
0.000630957 5.63588e-05
0.000660693 6.61256e-05
0.000685 7.45019e-05
0.000716143 8.56283e-05
0.00075 9.81404e-05
0.00078 0.00010958
0.000812831 0.000122365
0.000851138 0.000137635
0.000891251 0.000153761
0.00095 0.000177855
0.001 0.00019878
0.00105925 0.00022365
0.00112202 0.000249781
0.00120226 0.000283112
0.00128825 0.000318664
0.00138038 0.000355826
0.00147911 0.000394636
0.00160325 0.000442255
0.00173 0.000488623
0.0019 0.000547557
0.00204174 0.000593992
0.00223872 0.000653727
0.00242661 0.000706575
0.00266073 0.000765973
0.00291743 0.000824548
0.0031989 0.000880741
0.00350752 0.000934559
0.0039 0.00099206
0.0043 0.00104019
0.00473151 0.00108256
0.00530884 0.00112594
0.00588844 0.00115745
0.00653131 0.00118161
0.00724436 0.0011982
0.00803526 0.00120711
0.00901571 0.00120794
0.0101158 0.00119963
0.0112202 0.00118478
0.0124452 0.00116346
0.0139637 0.00113286
0.0158489 0.0010914
0.0179887 0.00104359
0.0204174 0.000990631
0.0234423 0.000928377
0.0269154 0.000863468
0.0312608 0.000792111
0.0367282 0.000716082
0.0436516 0.000637495
0.0530884 0.000554158
0.0668344 0.00046598
0.11885 0.000298666
0.147911 0.000253927
0.177828 0.000223096
0.204174 0.0002037
0.234423 0.000187448
0.266072 0.000174946
0.301995 0.000164509
0.338844 0.000156627
0.380189 0.000150255
0.421696 0.000145784
0.467735 0.000142463
0.5188 0.000140208
0.00041249 0.506991 85 13
0.00041249 7.79818e-06
0.0004171 9.44357e-06
0.000421 1.10084e-05
0.0004245 1.25238e-05
0.0004275 1.3881e-05
0.0004303 1.51706e-05
0.000433 1.64082e-05
0.00043436 1.70399e-05
0.000436516 1.79368e-05
0.0004385 1.87155e-05
0.00044157 1.98704e-05
0.000445 2.11146e-05
0.000449 2.25095e-05
0.000453 2.38341e-05
0.000457088 2.51133e-05
0.000463 2.68609e-05
0.000473151 2.97872e-05
0.000504 4.00457e-05
0.000515 4.4109e-05
0.000530884 5.01336e-05
0.000555904 6.02507e-05
0.00058 7.08662e-05
0.0006 8.01142e-05
0.000623735 9.14406e-05
0.00065 0.000104585
0.000676083 0.00011814
0.000707946 0.000135181
0.00074131 0.000153562
0.00078 0.000175389
0.000822243 0.000199719
0.00087 0.000227496
0.000922571 0.000258602
0.000977237 0.000291443
0.00103514 0.000326167
0.00109648 0.000362504
0.0011749 0.000408625
0.00125892 0.000457603
0.00133352 0.000499925
0.00144544 0.000561621
0.00156675 0.000626091
0.00169824 0.000692481
0.00185 0.000764821
0.00201837 0.000839573
0.00221309 0.000919104
0.0024 0.000988634
0.00263027 0.00106595
0.00288403 0.00114103
0.00316228 0.00121291
0.0035 0.00128666
0.00384592 0.00134945
0.0042658 0.00141121
0.0047863 0.00146923
0.00530884 0.00151116
0.00582103 0.00154029
0.00645654 0.00156324
0.00724436 0.00157617
0.00812831 0.00157612
0.00912011 0.00156349
0.0102329 0.00153915
0.0114815 0.00150378
0.0128825 0.00145852
0.0144544 0.00140467
0.0164059 0.00133719
0.0186209 0.00126294
0.0211349 0.0011837
0.0239883 0.00110136
0.0275423 0.00101036
0.031989 0.000912786
0.0371535 0.000818373
0.0436516 0.000722022
0.0524807 0.00062065
0.0645654 0.000519346
0.116145 0.000308709
0.141254 0.000261233
0.154882 0.00024246
0.206538 0.000194174
0.231739 0.000179944
0.25704 0.000169162
0.285102 0.000160092
0.319889 0.000151779
0.354813 0.000145794
0.389045 0.00014164
0.42658 0.000138551
0.467735 0.000136526
0.506991 0.000135642
0.00015304 0.549541 128 14
0.00015304 3.15803e-07
0.000153109 3.22818e-07
0.0001534 3.46602e-07
0.0001537 3.70633e-07
0.0001541 4.01157e-07
0.0001545 4.30006e-07
0.000154882 4.56253e-07
0.0001552 4.76838e-07
0.0001557 5.07271e-07
0.00015615 5.32703e-07
0.000156675 5.59936e-07
0.0001572 5.84605e-07
0.0001578 6.09905e-07
0.0001585 6.36069e-07
0.0001593 6.61946e-07
0.00016 6.81556e-07
0.000161 7.05225e-07
0.000162181 7.279e-07
0.0001635 7.48178e-07
0.0001648 7.6448e-07
0.00016728 7.90156e-07
0.000171 8.26688e-07
0.0001733 8.53592e-07
0.0001755 8.85311e-07
0.0001777 9.24818e-07
0.0001792 9.57061e-07
0.000181 1.00221e-06
0.0001828 1.05516e-06
0.000185 1.13153e-06
0.0001873 1.22634e-06
0.000189 1.30708e-06
0.0001915 1.44342e-06
0.000194 1.60244e-06
0.000197242 1.8459e-06
0.0002 2.08944e-06
0.000204174 2.53024e-06
0.00021 3.31421e-06
0.000221309 5.52067e-06
0.000226464 6.8675e-06
0.00023 7.92108e-06
0.000234423 9.38634e-06
0.000239 1.10731e-05
0.000243 1.26859e-05
0.000248 1.48805e-05
0.000252 1.67763e-05
0.00025704 1.93417e-05
0.000262 2.20565e-05
0.000267 2.49781e-05
0.000273 2.87197e-05
0.000278612 3.24337e-05
0.000285102 3.69527e-05
0.000291743 4.17876e-05
0.000298538 4.69099e-05
0.000305492 5.22952e-05
0.000313 5.82407e-05
0.00032 6.38834e-05
0.000328 7.04463e-05
0.000339 7.96412e-05
0.000350752 8.96591e-05
0.000363078 0.000100283
0.000374 0.000109673
0.000385 0.000119024
0.0004 0.000131563
0.000416869 0.000145443
0.000436516 0.000161394
0.000457088 0.000177712
0.00047863 0.000194114
0.000501187 0.000210515
0.000524808 0.000226842
0.000555904 0.000247231
0.000588844 0.000267401
0.000623735 0.000286929
0.000660693 0.000305699
0.000707946 0.000327336
0.00075 0.000344364
0.000803526 0.000363083
0.000860994 0.000380301
0.000922571 0.000395698
0.001 0.000411114
0.00108393 0.000424056
0.0011749 0.000434131
0.0012735 0.00044166
0.0014 0.000446989
0.00151356 0.000448659
0.00165959 0.000447712
0.00185 0.000442432
0.00201837 0.000435189
0.00221309 0.00042514
0.00245471 0.000410968
0.0027227 0.000394206
0.00305492 0.000373209
0.00342768 0.000350288
0.00384592 0.000325967
0.0043 0.000301614
0.0047863 0.000278057
0.00537032 0.000252785
0.0060256 0.000228109
0.00676083 0.000204334
0.00758578 0.000181759
0.00860994 0.000158637
0.00966051 0.000139218
0.0109648 0.000119704
0.0124452 0.000102189
0.0141254 8.6624e-05
0.0160325 7.29086e-05
0.0184077 5.99613e-05
0.0213796 4.81497e-05
0.0251189 3.7729e-05
0.0305492 2.78224e-05
0.0375837 2.0002e-05
0.0501187 1.25147e-05
0.0822243 5.53729e-06
0.0988553 4.11426e-06
0.116145 3.19887e-06
0.136458 2.50591e-06
0.164059 1.91308e-06
0.184077 1.62675e-06
0.201837 1.43678e-06
0.223872 1.26025e-06
0.248313 1.11348e-06
0.275423 9.90916e-07
0.312608 8.66989e-07
0.342768 7.91493e-07
0.375837 7.275e-07
0.402717 6.86374e-07
0.44157 6.4063e-07
0.49545 5.92548e-07
0.549541 5.53694e-07
0.00014781 0.530884 132 15
0.00014781 3.88867e-07
0.000147911 4.00379e-07
0.00014822 4.31057e-07
0.00014845 4.53316e-07
0.00014875 4.81276e-07
0.00014905 5.08419e-07
0.0001495 5.47016e-07
0.00014992 5.81119e-07
0.0001502 6.02663e-07
0.0001507 6.38951e-07
0.0001512 6.72609e-07
0.00015165 7.00704e-07
0.000152 7.21157e-07
0.0001525 7.48308e-07
0.0001532 7.82538e-07
0.000154 8.16786e-07
0.000154882 8.49242e-07
0.0001555 8.69129e-07
0.0001565 8.97038e-07
0.0001575 9.20592e-07
0.000159 9.49725e-07
0.000161 9.80998e-07
0.000166 1.04862e-06
0.000168 1.07978e-06
0.000169824 1.11335e-06
0.000172 1.16197e-06
0.000174 1.21677e-06
0.000176 1.28292e-06
0.000178 1.3619e-06
0.00018 1.45505e-06
0.00018217 1.57361e-06
0.0001842 1.70232e-06
0.0001865 1.87056e-06
0.000189 2.08258e-06
0.0001915 2.32766e-06
0.000195 2.73211e-06
0.000199526 3.37554e-06
0.000206 4.57389e-06
0.000215 6.89292e-06
0.0002205 8.73133e-06
0.000224 1.0075e-05
0.000228 1.17765e-05
0.000231739 1.35243e-05
0.0002365 1.59651e-05
0.00024 1.79104e-05
0.000245 2.09069e-05
0.00025 2.41578e-05
0.000256 2.83876e-05
0.000262 3.29697e-05
0.000267 3.70431e-05
0.000273 4.22133e-05
0.000278612 4.72982e-05
0.000285102 5.34277e-05
0.000291743 5.99261e-05
0.00029855 6.6772e-05
0.000305492 7.39048e-05
0.000313 8.1763e-05
0.00032 8.92097e-05
0.000328 9.78524e-05
0.000339 0.000109924
0.000350752 0.000122992
0.000363078 0.000136752
0.000375837 0.000150903
0.000389045 0.000165344
0.000405 0.000182465
0.000421697 0.00020005
0.00044157 0.000220582
0.000462381 0.000241486
0.000485 0.000263162
0.000508 0.000284135
0.000537032 0.000309093
0.00057001 0.00033567
0.00060256 0.000359956
0.000638263 0.000384093
0.000683912 0.000411737
0.00073 0.000436598
0.00078 0.00045975
0.000841395 0.000483837
0.000901571 0.000503591
0.000977237 0.00052318
0.00105925 0.000539696
0.00115 0.000552702
0.00124452 0.000562021
0.00136458 0.000568561
0.00147911 0.000570767
0.00164059 0.000568905
0.0018197 0.000561831
0.00197242 0.000553035
0.00216272 0.000540046
0.00242661 0.000519432
0.0027227 0.000494903
0.00305492 0.000467215
0.0034 0.000439444
0.00375837 0.00041214
0.00416869 0.000383152
0.00462381 0.000353913
0.005188 0.000321474
0.00582103 0.000289777
0.00653131 0.000259298
0.00732824 0.000230399
0.00822243 0.000203296
0.01 0.000162363
0.0113501 0.000139474
0.0123027 0.000125977
0.0138038 0.000107983
0.0154882 9.18944e-05
0.0175792 7.63939e-05
0.0206538 5.99389e-05
0.0242661 4.66551e-05
0.0288403 3.53899e-05
0.0354813 2.51838e-05
0.0446684 1.71277e-05
0.06 1.03597e-05
0.0822243 5.99893e-06
0.0977237 4.47416e-06
0.112202 3.56676e-06
0.130317 2.81163e-06
0.15 2.26563e-06
0.169824 1.88109e-06
0.188365 1.62162e-06
0.206538 1.43033e-06
0.223872 1.28988e-06
0.245471 1.15415e-06
0.269153 1.04027e-06
0.295121 9.45119e-07
0.323594 8.64909e-07
0.358922 7.8907e-07
0.39355 7.3134e-07
0.42658 6.88954e-07
0.462381 6.53737e-07
0.49545 6.28967e-07
0.530884 6.09152e-07
0.00015283 0.5188 55 16
0.00015283 2.09826e-07
0.0001568 2.23916e-07
0.000159 2.33092e-07
0.000163 2.52438e-07
0.00017378 3.13805e-07
0.00018 3.51344e-07
0.000186209 3.89224e-07
0.000195 4.44144e-07
0.000237137 7.63273e-07
0.000251189 8.90592e-07
0.000266073 1.03241e-06
0.000285102 1.22271e-06
0.000312608 1.51882e-06
0.000338844 1.8254e-06
0.000363078 2.12458e-06
0.00039355 2.51757e-06
0.000436516 3.10578e-06
0.00047863 3.72012e-06
0.000524808 4.42599e-06
0.000595662 5.57294e-06
0.000668344 6.82153e-06
0.000767361 8.61964e-06
0.000881049 1.08127e-05
0.00103514 1.39696e-05
0.00124452 1.85523e-05
0.0015 2.4525e-05
0.0018197 3.24805e-05
0.00221309 4.28355e-05
0.00266073 5.51764e-05
0.0031989 7.05665e-05
0.00384592 8.95673e-05
0.00462381 0.000112844
0.00555904 0.000141127
0.00668344 0.000175241
0.00812831 0.000218875
0.00977237 0.000267888
0.011885 0.000329514
0.0144544 0.000402135
0.017378 0.000481488
0.020893 0.000572238
0.0251189 0.000674881
0.0301995 0.000789707
0.0358922 0.000908357
0.042658 0.00103747
0.0506991 0.0011765
0.0609537 0.00133479
0.0732824 0.00150263
0.0901571 0.00170387
0.110918 0.00191117
0.144544 0.00219346
0.269153 0.00298992
0.327341 0.00331686
0.389045 0.00366054
0.451856 0.00401504
0.5188 0.00440356
0.00011091 0.530884 87 17
0.00011091 6.65465e-07
0.00011135 7.06137e-07
0.0001117 7.36615e-07
0.0001121 7.69542e-07
0.00011265 8.10916e-07
0.000113 8.34872e-07
0.000113501 8.66117e-07
0.0001142 9.04536e-07
0.000114815 9.33163e-07
0.0001154 9.56256e-07
0.000116145 9.80787e-07
0.0001169 1.00072e-06
0.0001177 1.01717e-06
0.00011885 1.03374e-06
0.000120226 1.0451e-06
0.000121619 1.04979e-06
0.0001235 1.04893e-06
0.000126 1.04053e-06
0.000130317 1.01802e-06
0.000142889 9.52705e-07
0.000154882 9.06499e-07
0.00016788 8.69146e-07
0.000177828 8.48515e-07
0.000188365 8.34209e-07
0.000198 8.27563e-07
0.000208 8.26489e-07
0.000218776 8.3156e-07
0.000229087 8.42473e-07
0.000237137 8.55221e-07
0.000245471 8.72367e-07
0.000254097 8.94303e-07
0.000265 9.27868e-07
0.000277 9.71823e-07
0.00029 1.02698e-06
0.000305492 1.10213e-06
0.00032 1.18133e-06
0.000338844 1.29672e-06
0.00036 1.44291e-06
0.000385 1.63772e-06
0.000416869 1.91806e-06
0.00047 2.45695e-06
0.000638263 4.67849e-06
0.00074131 6.36457e-06
0.000841395 8.20312e-06
0.000966051 1.07342e-05
0.00109648 1.36309e-05
0.00124452 1.719e-05
0.00141254 2.15222e-05
0.00160325 2.67637e-05
0.0018197 3.30501e-05
0.00207 4.06752e-05
0.00237137 5.02289e-05
0.00269154 6.06791e-05
0.00305492 7.27648e-05
0.00342768 8.52823e-05
0.00389045 0.000100837
0.0044157 0.000118356
0.00501187 0.000137907
0.00568853 0.000159514
0.00645654 0.000183157
0.00732824 0.000208824
0.00831764 0.000236423
0.00944061 0.000265814
0.0108393 0.000299718
0.0123027 0.000332229
0.0141254 0.000368887
0.0160325 0.00040318
0.0184077 0.000440875
0.0211349 0.000478428
0.0242661 0.00051534
0.0278612 0.000551183
0.031989 0.000585404
0.0371535 0.000620215
0.0436516 0.000655037
0.05188 0.00068923
0.0623735 0.000722323
0.0767362 0.000755282
0.0912011 0.000777986
0.123027 0.000810946
0.184077 0.000855233
0.229087 0.000885767
0.27227 0.000916612
0.319889 0.000953165
0.367282 0.000992369
0.416869 0.00103649
0.473151 0.0010903
0.530884 0.00114937
8.764e-05 0.530884 80 18
8.764e-05 7.41294e-07
8.82e-05 7.74222e-07
8.88e-05 8.06272e-07
8.94e-05 8.3459e-07
9.01571e-05 8.65555e-07
9.0766e-05 8.87e-07
9.15e-05 9.09066e-07
9.23e-05 9.28782e-07
9.35e-05 9.51444e-07
9.45e-05 9.65145e-07
9.58e-05 9.77458e-07
9.77237e-05 9.87473e-07
0.0001 9.91484e-07
0.000104 9.88958e-07
0.000113501 9.75238e-07
0.000119 9.7293e-07
0.000124452 9.77016e-07
0.00013 9.88272e-07
0.000135 1.0048e-06
0.00014 1.0274e-06
0.000145 1.05592e-06
0.00015077 1.09576e-06
0.000156675 1.14354e-06
0.000164059 1.21209e-06
0.000172 1.29537e-06
0.000182 1.41276e-06
0.000192753 1.55365e-06
0.000204174 1.71975e-06
0.000218776 1.95675e-06
0.000237137 2.29254e-06
0.000350752 5.0807e-06
0.000402717 6.67815e-06
0.000457088 8.52108e-06
0.0005188 1.07913e-05
0.000588844 1.35723e-05
0.00067 1.70184e-05
0.000767361 2.14262e-05
0.000870964 2.63848e-05
0.001 3.28884e-05
0.00115 4.08031e-05
0.00131826 5.00442e-05
0.00151356 6.11254e-05
0.00175792 7.53571e-05
0.00204174 9.21669e-05
0.00234423 0.000110174
0.00269154 0.000130759
0.00309029 0.000154023
0.00354813 0.000179994
0.0040738 0.000208689
0.00467735 0.000240052
0.00530884 0.000271016
0.00609537 0.000307001
0.00691831 0.000341757
0.00785236 0.000377858
0.009 0.000417793
0.0102329 0.000455919
0.011749 0.00049702
0.0134896 0.00053752
0.01536 0.000574381
0.0175792 0.000610732
0.0201837 0.000645279
0.0231739 0.000676488
0.0266072 0.000703893
0.0305492 0.000727096
0.0350752 0.000745796
0.0402717 0.000759713
0.0467735 0.000768861
0.0549541 0.000772711
0.0653131 0.00077077
0.0794328 0.000762393
0.1 0.000746546
0.175792 0.000696336
0.218776 0.000682384
0.25704 0.000676826
0.295121 0.00067657
0.334965 0.000680822
0.380189 0.000690169
0.42658 0.000703901
0.47863 0.000723424
0.530884 0.000746727
2.881e-05 0.530884 142 19
2.881e-05 4.7583e-08
2.91743e-05 5.0561e-08
2.95121e-05 5.37926e-08
2.97e-05 5.58209e-08
3.01e-05 6.07711e-08
3.04e-05 6.50966e-08
3.08e-05 7.1773e-08
3.12e-05 7.95926e-08
3.16228e-05 8.92969e-08
3.21e-05 1.02263e-07
3.26e-05 1.18436e-07
3.315e-05 1.39698e-07
3.38844e-05 1.74697e-07
3.63078e-05 3.60224e-07
3.71535e-05 4.56179e-07
3.77e-05 5.27819e-07
3.83e-05 6.15149e-07
3.9e-05 7.28017e-07
3.95e-05 8.15196e-07
4e-05 9.07223e-07
4.05e-05 1.00298e-06
4.11e-05 1.12159e-06
4.16869e-05 1.23946e-06
4.22e-05 1.34253e-06
4.28e-05 1.46123e-06
4.33e-05 1.55736e-06
4.37e-05 1.63175e-06
4.42e-05 1.72079e-06
4.485e-05 1.82914e-06
4.54e-05 1.9135e-06
4.61e-05 2.01075e-06
4.68e-05 2.09659e-06
4.76e-05 2.18123e-06
4.85e-05 2.26065e-06
4.95e-05 2.33157e-06
5.04e-05 2.38214e-06
5.15e-05 2.42997e-06
5.3e-05 2.47574e-06
5.45e-05 2.5047e-06
5.65e-05 2.52471e-06
5.9e-05 2.52826e-06
6.16595e-05 2.51215e-06
6.45654e-05 2.47567e-06
6.76083e-05 2.4214e-06
7.07946e-05 2.35087e-06
7.4131e-05 2.26561e-06
7.8e-05 2.15819e-06
8.3e-05 2.01677e-06
8.91251e-05 1.85066e-06
9.66051e-05 1.6662e-06
0.000104713 1.48966e-06
0.000112202 1.34491e-06
0.000119 1.2258e-06
0.000126 1.11376e-06
0.000135 9.84967e-07
0.000158489 7.30094e-07
0.000165959 6.73424e-07
0.000172 6.35875e-07
0.000178 6.05689e-07
0.0001835 5.84097e-07
0.000188365 5.69766e-07
0.000193 5.60214e-07
0.000198 5.54328e-07
0.000202 5.52871e-07
0.000206538 5.5466e-07
0.000211349 5.60494e-07
0.000216272 5.7059e-07
0.000221309 5.8517e-07
0.000226464 6.04467e-07
0.000231739 6.28715e-07
0.000237137 6.5816e-07
0.000243 6.95348e-07
0.00025 7.467e-07
0.000258 8.14444e-07
0.000266073 8.9242e-07
0.000277 1.01312e-06
0.000291743 1.20259e-06
0.000338844 1.99692e-06
0.000365 2.54952e-06
0.000389045 3.12045e-06
0.000412098 3.72075e-06
0.000436516 4.40821e-06
0.000462381 5.18822e-06
0.000489779 6.06757e-06
0.000524808 7.263e-06
0.000555904 8.38491e-06
0.000595662 9.89338e-06
0.000638263 1.15811e-05
0.000683912 1.34654e-05
0.00074131 1.59268e-05
0.000803526 1.86763e-05
0.000870964 2.17233e-05
0.000944061 2.50919e-05
0.00102329 2.87722e-05
0.00110918 3.27789e-05
0.00120226 3.71052e-05
0.00131826 4.243e-05
0.00144544 4.81419e-05
0.00158489 5.42252e-05
0.0017378 6.06385e-05
0.00190546 6.73229e-05
0.0020893 7.4221e-05
0.00229087 8.1265e-05
0.00251189 8.83729e-05
0.00275423 9.54598e-05
0.00301995 0.000102436
0.00334965 0.000110029
0.00371535 0.000117244
0.00412097 0.000123963
0.00457088 0.000130077
0.00506991 0.000135501
0.00562341 0.000140163
0.00623735 0.000143969
0.00691831 0.000146859
0.00767361 0.000148806
0.00860994 0.000149873
0.00977237 0.000150042
0.0109648 0.000149036
0.012196 0.000147036
0.0136458 0.000143588
0.0154882 0.00013869
0.0177828 0.000132524
0.0201837 0.000126215
0.0229087 0.00011934
0.0263027 0.000111436
0.0301995 0.000103312
0.0350752 9.44597e-05
0.0412098 8.51344e-05
0.049545 7.50004e-05
0.0616595 6.39194e-05
0.123027 3.77515e-05
0.153109 3.21626e-05
0.18197 2.85266e-05
0.20893 2.60927e-05
0.239883 2.40534e-05
0.27227 2.24855e-05
0.30903 2.11768e-05
0.346737 2.01924e-05
0.389045 1.94006e-05
0.431519 1.88484e-05
0.47863 1.84447e-05
0.530884 1.8186e-05
2.603e-05 0.530884 146 20
2.603e-05 6.79112e-08
2.64e-05 7.17173e-08
2.67e-05 7.53856e-08
2.7e-05 7.96216e-08
2.7356e-05 8.55049e-08
2.765e-05 9.11266e-08
2.8e-05 9.88218e-08
2.84e-05 1.09076e-07
2.88403e-05 1.22391e-07
2.92e-05 1.35024e-07
2.965e-05 1.53323e-07
3.02e-05 1.7992e-07
3.08e-05 2.14985e-07
3.16228e-05 2.74977e-07
3.37e-05 5.02954e-07
3.45e-05 6.25181e-07
3.5269e-05 7.6208e-07
3.59e-05 8.88265e-07
3.65e-05 1.01894e-06
3.71535e-05 1.17155e-06
3.77e-05 1.30566e-06
3.83e-05 1.4576e-06
3.89045e-05 1.61309e-06
3.95e-05 1.76603e-06
4e-05 1.89237e-06
4.05e-05 2.01532e-06
4.1131e-05 2.16373e-06
4.16869e-05 2.28681e-06
4.22e-05 2.39309e-06
4.28e-05 2.5078e-06
4.35e-05 2.62809e-06
4.42e-05 2.73387e-06
4.5e-05 2.83774e-06
4.57088e-05 2.91578e-06
4.65e-05 2.98892e-06
4.76e-05 3.06948e-06
4.85e-05 3.12004e-06
5e-05 3.18024e-06
5.15e-05 3.21753e-06
5.35e-05 3.24166e-06
5.58e-05 3.24365e-06
5.82103e-05 3.22364e-06
6.09537e-05 3.1788e-06
6.38264e-05 3.11118e-06
6.68344e-05 3.02269e-06
7e-05 2.91536e-06
7.32824e-05 2.79391e-06
7.67362e-05 2.66064e-06
8.12831e-05 2.48592e-06
8.70964e-05 2.27309e-06
9.33254e-05 2.06522e-06
0.000101158 1.83254e-06
0.000108393 1.64337e-06
0.000116145 1.46331e-06
0.000124452 1.29294e-06
0.000148 9.32494e-07
0.000154882 8.60469e-07
0.000160324 8.13866e-07
0.000165959 7.7496e-07
0.0001705 7.50344e-07
0.000174 7.35414e-07
0.000178 7.22608e-07
0.000182 7.14291e-07
0.0001865 7.10233e-07
0.000190546 7.1131e-07
0.000195 7.17585e-07
0.000199526 7.29336e-07
0.000204174 7.46938e-07
0.00020893 7.7066e-07
0.000213796 8.00819e-07
0.000219 8.39544e-07
0.000224 8.8294e-07
0.00023 9.42814e-07
0.000237137 1.0248e-06
0.000245471 1.13483e-06
0.000254097 1.26467e-06
0.000266073 1.47109e-06
0.000315 2.60636e-06
0.000335 3.19273e-06
0.000355 3.84182e-06
0.000378 4.66035e-06
0.0004 5.51067e-06
0.000428 6.67963e-06
0.000451856 7.74305e-06
0.000484172 9.27273e-06
0.000515 1.08137e-05
0.00055 1.26579e-05
0.00059 1.48611e-05
0.000630957 1.72035e-05
0.000676083 1.98763e-05
0.000732825 2.33423e-05
0.0008 2.75506e-05
0.000860994 3.14356e-05
0.000933254 3.60765e-05
0.00101158 4.11325e-05
0.00109648 4.66026e-05
0.00120226 5.33464e-05
0.00131826 6.05918e-05
0.00144544 6.83038e-05
0.00158489 7.64509e-05
0.0017378 8.4969e-05
0.00190546 9.37723e-05
0.0020893 0.000102777
0.00229087 0.000111886
0.00251189 0.000120984
0.00275423 0.000129954
0.00301995 0.000138673
0.00334965 0.000148013
0.00371535 0.000156723
0.00412097 0.000164657
0.00457088 0.00017168
0.00506991 0.000177675
0.00562341 0.00018255
0.00623735 0.000186283
0.00691831 0.00018878
0.00767361 0.000190024
0.00860994 0.000189995
0.00954993 0.000188636
0.0103514 0.000186573
0.0116145 0.000182167
0.0133352 0.000175434
0.0151356 0.00016847
0.016788 0.000161958
0.0190546 0.000153121
0.0216272 0.000143665
0.0245471 0.000133844
0.0281838 0.00012296
0.0323594 0.000112119
0.0375837 0.000100681
0.044157 8.89923e-05
0.0524807 7.73852e-05
0.0653131 6.42375e-05
0.11885 3.80321e-05
0.144544 3.22575e-05
0.169824 2.83518e-05
0.194985 2.55674e-05
0.218776 2.3624e-05
0.245471 2.1985e-05
0.27227 2.07439e-05
0.301995 1.97061e-05
0.334965 1.88547e-05
0.367282 1.82507e-05
0.402717 1.77865e-05
0.44157 1.74627e-05
0.484172 1.72725e-05
0.530884 1.72151e-05
1.505e-05 0.5188 75 21
1.505e-05 9.92893e-09
1.65959e-05 8.63296e-09
2.21309e-05 5.63204e-09
2.42661e-05 4.94378e-09
2.58e-05 4.55988e-09
2.73e-05 4.26139e-09
2.85102e-05 4.07028e-09
2.95121e-05 3.94278e-09
3.05492e-05 3.83826e-09
3.16228e-05 3.75793e-09
3.27341e-05 3.70316e-09
3.38844e-05 3.67544e-09
3.50752e-05 3.67625e-09
3.61e-05 3.6999e-09
3.73e-05 3.75331e-09
3.85e-05 3.83332e-09
3.98107e-05 3.94977e-09
4.12098e-05 4.10604e-09
4.2658e-05 4.30108e-09
4.4157e-05 4.53699e-09
4.57088e-05 4.81601e-09
4.73151e-05 5.14011e-09
4.9545e-05 5.64648e-09
5.188e-05 6.24257e-09
5.5e-05 7.13626e-09
6.0256e-05 8.87251e-09
7.5e-05 1.5085e-08
8.41395e-05 1.98025e-08
9.44061e-05 2.58058e-08
0.000104713 3.25257e-08
0.000116145 4.07178e-08
0.000130317 5.18601e-08
0.000151356 7.04311e-08
0.000188365 1.09168e-07
0.000215 1.41459e-07
0.00024 1.74341e-07
0.000269154 2.15257e-07
0.000312608 2.81129e-07
0.000363078 3.64314e-07
0.000451997 5.27178e-07
0.000524808 6.74326e-07
0.000616595 8.71996e-07
0.000749894 1.18102e-06
0.000922571 1.6175e-06
0.00114815 2.23322e-06
0.00142889 3.05992e-06
0.00179887 4.23092e-06
0.00226464 5.80395e-06
0.00278612 7.65801e-06
0.00338844 9.87977e-06
0.00380189 1.1428e-05
0.0049545 1.57376e-05
0.00638264 2.13028e-05
0.00785236 2.7095e-05
0.00922571 3.2396e-05
0.0110917 3.94379e-05
0.0133352 4.76576e-05
0.0162181 5.78332e-05
0.0194985 6.88959e-05
0.0234423 8.14628e-05
0.0281838 9.55855e-05
0.0334965 0.000110239
0.0402717 0.000127359
0.0484172 0.000145972
0.057544 0.000164588
0.0691831 0.000185673
0.0841395 0.00020943
0.0977237 0.000228229
0.123027 0.000258346
0.169824 0.000304372
0.266072 0.000380506
0.327341 0.000424635
0.389045 0.000468654
0.451856 0.000514076
0.5188 0.000563886
7e-06 0.537032 95 22
7e-06 4.39315e-09
7.24436e-06 4.6639e-09
7.67361e-06 5.1227e-09
8.12831e-06 5.58344e-09
8.70964e-06 6.13764e-09
9.22571e-06 6.5936e-09
9.88553e-06 7.13278e-09
1.05e-05 7.59163e-09
1.12202e-05 8.07441e-09
1.20226e-05 8.55144e-09
1.30317e-05 9.0709e-09
1.42e-05 9.57667e-09
1.53109e-05 9.97707e-09
1.6788e-05 1.0411e-08
1.86209e-05 1.08413e-08
2.11349e-05 1.12899e-08
2.5e-05 1.18026e-08
3.27341e-05 1.25372e-08
4.2658e-05 1.32156e-08
5.12861e-05 1.36233e-08
6.09537e-05 1.39175e-08
8.60994e-05 1.43774e-08
9.8e-05 1.46427e-08
0.000109648 1.49801e-08
0.000120226 1.53609e-08
0.000130317 1.57933e-08
0.000141254 1.63499e-08
0.000151356 1.69512e-08
0.000162181 1.76887e-08
0.00017378 1.85909e-08
0.000186209 1.96828e-08
0.000199526 2.09917e-08
0.000213796 2.25546e-08
0.000229087 2.44271e-08
0.000245471 2.66584e-08
0.000263027 2.93017e-08
0.000281838 3.24203e-08
0.000305492 3.67614e-08
0.000331131 4.19977e-08
0.000363078 4.92889e-08
0.0004 5.87734e-08
0.000451856 7.40616e-08
0.000616595 1.3482e-07
0.000803526 2.22053e-07
0.000933254 2.93002e-07
0.00108393 3.83431e-07
0.00125892 4.98072e-07
0.00146218 6.42093e-07
0.00169824 8.21476e-07
0.00194984 1.02385e-06
0.00223872 1.2668e-06
0.0025704 1.55562e-06
0.003051 1.98533e-06
0.00309029 2.06134e-06
0.00312608 2.12717e-06
0.00316228 2.19038e-06
0.00323594 2.30829e-06
0.00331131 2.41408e-06
0.00338844 2.5072e-06
0.00346737 2.58756e-06
0.00354813 2.65549e-06
0.00363078 2.71168e-06
0.00375837 2.77626e-06
0.00389045 2.82123e-06
0.004 2.8468e-06
0.00457088 3.35951e-06
0.005188 3.90307e-06
0.00588844 4.50299e-06
0.00668344 5.15923e-06
0.00758578 5.8704e-06
0.00860994 6.63373e-06
0.00977237 7.4452e-06
0.0110917 8.29966e-06
0.012735 9.27258e-06
0.0146218 1.02773e-05
0.0165959 1.12144e-05
0.0190546 1.22424e-05
0.0218776 1.32633e-05
0.0251189 1.42642e-05
0.0288403 1.52332e-05
0.0334965 1.62301e-05
0.0389045 1.7163e-05
0.0457088 1.80887e-05
0.0530884 1.8864e-05
0.0638264 1.97012e-05
0.0785236 2.05161e-05
0.1 2.1333e-05
0.184077 2.31421e-05
0.231739 2.40242e-05
0.275423 2.48757e-05
0.323594 2.58867e-05
0.371535 2.69728e-05
0.421696 2.81952e-05
0.47863 2.96863e-05
0.537032 3.13272e-05
5.29e-06 0.524807 83 23
5.29e-06 4.33519e-09
5.82103e-06 4.8072e-09
6.30957e-06 5.20931e-09
6.83912e-06 5.61051e-09
7.4131e-06 6.0082e-09
8.12831e-06 6.44953e-09
8.91251e-06 6.87401e-09
9.77237e-06 7.2737e-09
1.07152e-05 7.64157e-09
1.1885e-05 8.01497e-09
1.31e-05 8.31986e-09
1.46218e-05 8.61259e-09
1.65e-05 8.87444e-09
1.90546e-05 9.11324e-09
2.26464e-05 9.32816e-09
3.9355e-05 9.88169e-09
4.67735e-05 1.01234e-08
5.24807e-05 1.03524e-08
5.8e-05 1.06324e-08
6.30957e-05 1.09524e-08
6.8e-05 1.13275e-08
7.3e-05 1.17808e-08
7.8e-05 1.2304e-08
8.31764e-05 1.29223e-08
8.91251e-05 1.37228e-08
9.54993e-05 1.46845e-08
0.000102329 1.58274e-08
0.000109648 1.71836e-08
0.00011749 1.87852e-08
0.000126 2.07003e-08
0.000136458 2.33168e-08
0.000147911 2.65148e-08
0.000160324 3.03766e-08
0.000177828 3.64732e-08
0.00020893 4.9022e-08
0.000301995 9.72605e-08
0.000384592 1.50304e-07
0.00047863 2.21938e-07
0.000549541 2.82e-07
0.000616595 3.42238e-07
0.00074131 4.61664e-07
0.0009 6.28305e-07
0.00104713 7.92048e-07
0.00123027 1.00568e-06
0.00144544 1.26685e-06
0.00169824 1.5837e-06
0.00197242 1.9342e-06
0.00229087 2.34453e-06
0.00266073 2.81961e-06
0.00305492 3.31947e-06
0.00350752 3.87713e-06
0.00402717 4.49326e-06
0.00462381 5.16827e-06
0.00530884 5.89845e-06
0.00609537 6.67898e-06
0.00699842 7.50293e-06
0.008 8.33362e-06
0.00912011 9.16895e-06
0.0104713 1.00618e-05
0.0120226 1.09541e-05
0.0136458 1.17582e-05
0.0154882 1.25356e-05
0.0177828 1.33366e-05
0.0204174 1.40768e-05
0.0234423 1.47421e-05
0.0269154 1.53231e-05
0.0309029 1.58161e-05
0.0358922 1.62373e-05
0.0416869 1.65395e-05
0.0484172 1.67224e-05
0.0568853 1.67961e-05
0.0668344 1.67469e-05
0.081283 1.65536e-05
0.102329 1.6195e-05
0.175792 1.51539e-05
0.218776 1.48542e-05
0.25704 1.47368e-05
0.295121 1.47354e-05
0.334965 1.48329e-05
0.380189 1.5043e-05
0.42658 1.53501e-05
0.473151 1.57359e-05
0.524807 1.6241e-05
