0.00040485 0.0988553 32 0
0.00040485 4.3697e-05
0.00040738 4.39667e-05
0.0004155 4.45675e-05
0.000421697 4.53004e-05
0.000445 4.89555e-05
0.000455 5.02491e-05
0.000467735 5.14946e-05
0.000485 5.26811e-05
0.000530884 5.52441e-05
0.00061 6.01686e-05
0.000653131 6.22817e-05
0.000803526 6.8048e-05
0.000891251 7.06609e-05
0.00108393 7.49946e-05
0.00123027 7.74346e-05
0.00147911 8.04956e-05
0.00175792 8.27574e-05
0.00206538 8.43855e-05
0.00248313 8.56407e-05
0.00301995 8.62951e-05
0.00371535 8.62856e-05
0.00457088 8.56133e-05
0.00562341 8.4342e-05
0.007 8.24051e-05
0.00870964 7.99236e-05
0.0109648 7.68112e-05
0.0141254 7.29356e-05
0.0184077 6.8539e-05
0.0245471 6.3554e-05
0.0334965 5.8126e-05
0.05188 5.07743e-05
0.0988553 4.12708e-05
2.31e-05 0.060256 66 1
2.31e-05 7.89298e-09
2.37137e-05 9.19908e-09
2.43e-05 1.05364e-08
2.48313e-05 1.18106e-08
2.55e-05 1.35013e-08
2.63027e-05 1.56466e-08
2.7e-05 1.76146e-08
2.78612e-05 2.01733e-08
2.89e-05 2.34386e-08
3e-05 2.7105e-08
3.12608e-05 3.15634e-08
3.26e-05 3.65889e-08
3.4e-05 4.21484e-08
3.57e-05 4.93032e-08
3.75837e-05 5.77254e-08
3.98107e-05 6.83268e-08
4.22e-05 8.04349e-08
4.5e-05 9.55172e-08
4.8e-05 1.12663e-07
5.15e-05 1.33829e-07
5.5e-05 1.56074e-07
5.9e-05 1.82611e-07
6.30957e-05 2.10802e-07
6.8e-05 2.45554e-07
7.32824e-05 2.83795e-07
7.85236e-05 3.22196e-07
8.4853e-05 3.68776e-07
9.12011e-05 4.15276e-07
9.9e-05 4.71808e-07
0.000108 5.35924e-07
0.00011885 6.11437e-07
0.000131826 6.99408e-07
0.000147911 8.05394e-07
0.000165959 9.20615e-07
0.000186209 1.04513e-06
0.00020893 1.17792e-06
0.000234423 1.31707e-06
0.000263027 1.46115e-06
0.0003 1.63216e-06
0.000354813 1.86464e-06
0.000412098 2.08647e-06
0.000467735 2.27886e-06
0.000524808 2.45188e-06
0.00060256 2.65591e-06
0.0007 2.87438e-06
0.000812831 3.08737e-06
0.00101158 3.39547e-06
0.0011749 3.59615e-06
0.00136458 3.78192e-06
0.00160325 3.96256e-06
0.00188365 4.11994e-06
0.00218776 4.24127e-06
0.0025768 4.34497e-06
0.00305492 4.42136e-06
0.00363078 4.46702e-06
0.0044157 4.48297e-06
0.00530884 4.46503e-06
0.00660693 4.40775e-06
0.00812831 4.3218e-06
0.0101158 4.20025e-06
0.012735 4.04239e-06
0.0160325 3.86123e-06
0.0206538 3.64259e-06
0.0275423 3.38122e-06
0.0380189 3.08411e-06
0.060256 2.67844e-06
1.15e-05 0.0549541 65 2
1.15e-05 5.6937e-09
1.19e-05 6.44337e-09
1.23027e-05 7.22434e-09
1.2735e-05 8.0934e-09
1.33352e-05 9.35221e-09
1.4e-05 1.08094e-08
1.47911e-05 1.26409e-08
1.57e-05 1.48573e-08
1.6788e-05 1.76698e-08
1.8e-05 2.09993e-08
1.92753e-05 2.47112e-08
2.07e-05 2.90803e-08
2.23e-05 3.42279e-08
2.42661e-05 4.08492e-08
2.60016e-05 4.69137e-08
2.8e-05 5.40327e-08
3.01995e-05 6.19536e-08
3.23594e-05 6.9724e-08
3.46737e-05 7.78879e-08
3.71535e-05 8.63453e-08
3.98107e-05 9.49843e-08
4.22e-05 1.02304e-07
4.5e-05 1.10261e-07
4.8e-05 1.18057e-07
5.12861e-05 1.25737e-07
5.5e-05 1.33365e-07
5.9e-05 1.40504e-07
6.38264e-05 1.47806e-07
6.91831e-05 1.54559e-07
7.58578e-05 1.61437e-07
8.41395e-05 1.68251e-07
9.5e-05 1.75213e-07
0.000108393 1.81703e-07
0.000122 1.8656e-07
0.000136458 1.90131e-07
0.000153109 1.92518e-07
0.000172 1.93453e-07
0.000194984 1.92926e-07
0.000234423 1.90275e-07
0.00030903 1.84902e-07
0.000354813 1.81309e-07
0.000402717 1.76783e-07
0.000457088 1.7102e-07
0.0005188 1.64255e-07
0.0006 1.55531e-07
0.00074131 1.42009e-07
0.000922571 1.28629e-07
0.00105925 1.19632e-07
0.00121619 1.10484e-07
0.00139637 1.01219e-07
0.00160325 9.20455e-08
0.00184077 8.30928e-08
0.00206538 7.58541e-08
0.00239883 6.68331e-08
0.00281838 5.78766e-08
0.00350752 4.72245e-08
0.00431519 3.86539e-08
0.0054325 3.06941e-08
0.00724436 2.28114e-08
0.00933254 1.74369e-08
0.012247 1.29663e-08
0.0164059 9.30997e-09
0.0309029 4.47878e-09
0.0431519 3.05222e-09
0.0549541 2.32746e-09
1.148e-05 0.0595662 64 3
1.148e-05 1.13673e-08
1.18e-05 1.2565e-08
1.22e-05 1.41031e-08
1.2735e-05 1.62424e-08
1.33352e-05 1.87552e-08
1.4e-05 2.16734e-08
1.47911e-05 2.5327e-08
1.57e-05 2.97636e-08
1.65959e-05 3.43707e-08
1.77828e-05 4.08174e-08
1.90546e-05 4.81331e-08
2.04174e-05 5.63992e-08
2.21309e-05 6.73431e-08
2.4e-05 7.98646e-08
2.58e-05 9.23464e-08
2.78612e-05 1.06992e-07
3e-05 1.22378e-07
3.23e-05 1.38846e-07
3.46737e-05 1.55554e-07
3.71535e-05 1.72455e-07
3.9355e-05 1.86801e-07
4.16869e-05 2.01179e-07
4.46684e-05 2.18308e-07
4.73151e-05 2.32257e-07
5.06991e-05 2.48319e-07
5.4325e-05 2.63542e-07
5.82103e-05 2.77724e-07
6.30957e-05 2.92842e-07
6.83912e-05 3.06519e-07
7.5e-05 3.20405e-07
8.31764e-05 3.34139e-07
9.44061e-05 3.48749e-07
0.000108393 3.62332e-07
0.000124452 3.73369e-07
0.000141254 3.807e-07
0.000158489 3.84523e-07
0.00018 3.85394e-07
0.000206538 3.82991e-07
0.000269154 3.73778e-07
0.000327341 3.65292e-07
0.000375837 3.56945e-07
0.000421697 3.47816e-07
0.00047863 3.35522e-07
0.00054325 3.21294e-07
0.000623735 3.04202e-07
0.000860994 2.63804e-07
0.000988553 2.46878e-07
0.00109648 2.33224e-07
0.00124452 2.15815e-07
0.00142889 1.9676e-07
0.00171791 1.72841e-07
0.002 1.54032e-07
0.00226464 1.39264e-07
0.00263027 1.22092e-07
0.00309029 1.05108e-07
0.00436516 7.51017e-08
0.00549541 5.96328e-08
0.00691831 4.69999e-08
0.00851138 3.76727e-08
0.0109648 2.8517e-08
0.0142889 2.11449e-08
0.0186209 1.55443e-08
0.0462381 5.30037e-09
0.0595662 3.9564e-09
