1.00000000e-06	1.91405829e+00	1.00788072e+00	1.69007222e+00
1.35935639e-06	1.80152086e+00	1.00854349e+00	1.82498137e+00
1.84784980e-06	1.68960233e+00	1.00919843e+00	1.94468828e+00
2.51188643e-06	1.58725028e+00	1.00981414e+00	2.04857001e+00
3.41454887e-06	1.50065586e+00	1.01034478e+00	2.13750560e+00
4.64158883e-06	1.43262122e+00	1.01073160e+00	2.21320530e+00
6.30957344e-06	1.38305017e+00	1.01090602e+00	2.27770363e+00
8.57695899e-06	1.34993907e+00	1.01079169e+00	2.33303171e+00
1.16591440e-05	1.33035025e+00	1.01030407e+00	2.38104130e+00
1.58489319e-05	1.32113090e+00	1.00934800e+00	2.42333709e+00
2.15443469e-05	1.31934965e+00	1.00781536e+00	2.46127426e+00
2.92864456e-05	1.32251129e+00	1.00558581e+00	2.49598605e+00
3.98107171e-05	1.32862418e+00	1.00253380e+00	2.52841676e+00
5.41169527e-05	1.33618184e+00	9.98545397e-01	2.55934341e+00
7.35642254e-05	1.34410203e+00	9.93547401e-01	2.58937613e+00
1.00000000e-04	1.35165136e+00	9.87548528e-01	2.61893275e+00
1.21441818e-04	1.35365029e+00	9.83294718e-01	2.63746653e+00
1.45311983e-04	1.35636466e+00	9.79112803e-01	2.65448304e+00
1.72106431e-04	1.35914528e+00	9.75015204e-01	2.67039249e+00
2.02475553e-04	1.36170230e+00	9.71013905e-01	2.68547818e+00
2.37292126e-04	1.36397591e+00	9.67121542e-01	2.69994740e+00
2.77759703e-04	1.37207967e+00	9.63334467e-01	2.71430105e+00
3.25593478e-04	1.37618463e+00	9.59698457e-01	2.72809201e+00
3.83338850e-04	1.37686385e+00	9.56238239e-01	2.74148297e+00
4.54971620e-04	1.37808563e+00	9.52974538e-01	2.75484579e+00
5.47130977e-04	1.37889642e+00	9.49959084e-01	2.76830261e+00
6.71962865e-04	1.37823950e+00	9.47272626e-01	2.78197776e+00
8.54845697e-04	1.37924666e+00	9.45037920e-01	2.79645459e+00
1.16151357e-03	1.37902277e+00	9.43546140e-01	2.81220445e+00
1.85302501e-03	1.37855451e+00	9.43601643e-01	2.83142904e+00
5.05888921e-02	1.39358074e+00	9.50148095e-01	2.89837848e+00
