1.00000000e-06	2.42326573e+00	1.01117889e+00	1.53108415e+00
1.35935639e-06	2.31376629e+00	1.01232462e+00	1.67064493e+00
1.84784980e-06	2.18194213e+00	1.01351606e+00	1.80182810e+00
2.51188643e-06	2.03706050e+00	1.01473413e+00	1.92169337e+00
3.41454887e-06	1.89087139e+00	1.01594571e+00	2.02855827e+00
4.64158883e-06	1.75451537e+00	1.01709635e+00	2.12200320e+00
6.30957344e-06	1.63604349e+00	1.01810707e+00	2.20264837e+00
8.57695899e-06	1.53945707e+00	1.01887698e+00	2.27181468e+00
1.16591440e-05	1.46516182e+00	1.01928963e+00	2.33118276e+00
1.58489319e-05	1.41112843e+00	1.01921906e+00	2.38252276e+00
2.15443469e-05	1.37408977e+00	1.01853331e+00	2.42751875e+00
2.92864456e-05	1.35043769e+00	1.01709646e+00	2.46767717e+00
3.98107171e-05	1.33676488e+00	1.01477355e+00	2.50429208e+00
5.41169527e-05	1.33012677e+00	1.01144377e+00	2.53843714e+00
7.35642254e-05	1.32812277e+00	1.00702624e+00	2.57095930e+00
1.00000000e-04	1.32887817e+00	1.00151919e+00	2.60245862e+00
1.21441818e-04	1.32792008e+00	9.97521049e-01	2.62199404e+00
1.45311983e-04	1.32839542e+00	9.93537793e-01	2.63982179e+00
1.72106431e-04	1.32942940e+00	9.89591049e-01	2.65640795e+00
2.02475553e-04	1.33057875e+00	9.85698713e-01	2.67207332e+00
2.37292126e-04	1.33167835e+00	9.81877073e-01	2.68705126e+00
2.77759703e-04	1.33272256e+00	9.78142460e-01	2.70152258e+00
3.25593478e-04	1.33379214e+00	9.74512828e-01	2.71563853e+00
3.83338850e-04	1.33937212e+00	9.71000498e-01	2.72995128e+00
4.54971620e-04	1.34195128e+00	9.67648706e-01	2.74378964e+00
5.47130977e-04	1.34256820e+00	9.64497421e-01	2.75755243e+00
6.71962865e-04	1.34189323e+00	9.61608377e-01	2.77155993e+00
8.54845697e-04	1.34288032e+00	9.59081480e-01	2.78641744e+00
1.16151357e-03	1.34292870e+00	9.57145369e-01	2.80264008e+00
1.85302501e-03	1.34285473e+00	9.56432208e-01	2.82256220e+00
5.05888921e-02	1.34977401e+00	9.63573296e-01	2.89299893e+00
