1.00000000e-06	8.30746170e+00	1.03997451e+00	9.86822869e-01
1.35935639e-06	8.20709493e+00	1.04655703e+00	9.25199072e-01
1.84784980e-06	8.16230484e+00	1.05397785e+00	9.30961903e-01
2.51188643e-06	8.13360230e+00	1.06238930e+00	9.92941234e-01
3.41454887e-06	8.08876218e+00	1.07196444e+00	1.09287777e+00
4.64158883e-06	8.00121026e+00	1.08289115e+00	1.21273173e+00
6.30957344e-06	7.85074219e+00	1.09536448e+00	1.33893362e+00
8.57695899e-06	7.62499282e+00	1.10957330e+00	1.46300309e+00
1.16591440e-05	7.32099753e+00	1.12567891e+00	1.58035597e+00
1.58489319e-05	6.94562960e+00	1.14378028e+00	1.68892848e+00
2.15443469e-05	6.51429441e+00	1.16386248e+00	1.78823494e+00
2.92864456e-05	6.04836016e+00	1.18573860e+00	1.87878804e+00
3.98107171e-05	5.57219051e+00	1.20900244e+00	1.96165767e+00
5.41169527e-05	5.11013999e+00	1.23299521e+00	2.03807671e+00
7.35642254e-05	4.68346772e+00	1.25677397e+00	2.10912819e+00
1.00000000e-04	4.30748757e+00	1.27909973e+00	2.17556301e+00
1.21441818e-04	4.09843284e+00	1.29180052e+00	2.21525308e+00
1.45311983e-04	3.92668735e+00	1.30216584e+00	2.25052133e+00
1.72106431e-04	3.78310471e+00	1.31048117e+00	2.28247860e+00
2.02475553e-04	3.66102475e+00	1.31694439e+00	2.31191300e+00
2.37292126e-04	3.55558082e+00	1.32169160e+00	2.33941156e+00
2.77759703e-04	3.46316506e+00	1.32480874e+00	2.36543481e+00
3.25593478e-04	3.38102789e+00	1.32633413e+00	2.39036782e+00
3.83338850e-04	3.30697760e+00	1.32625331e+00	2.41456216e+00
4.54971620e-04	3.23907409e+00	1.32448284e+00	2.43838140e+00
5.47130977e-04	3.17509023e+00	1.32083303e+00	2.46216537e+00
6.71962865e-04	3.11514476e+00	1.31498442e+00	2.48630425e+00
8.54845697e-04	3.05137894e+00	1.30616801e+00	2.51206794e+00
1.16151357e-03	2.98839721e+00	1.29300113e+00	2.54077037e+00
1.85302501e-03	2.89679665e+00	1.27078108e+00	2.57871210e+00
5.05888921e-02	2.82008308e+00	1.15838192e+00	2.73064497e+00
