1.00000000e-06	8.01447554e+00	1.03960516e+00	9.12304592e-01
1.35935639e-06	7.86681734e+00	1.04574867e+00	8.71939020e-01
1.84784980e-06	7.78528806e+00	1.05268463e+00	9.03814461e-01
2.51188643e-06	7.72334598e+00	1.06055219e+00	9.89437890e-01
3.41454887e-06	7.64592794e+00	1.06950415e+00	1.10680785e+00
4.64158883e-06	7.52598721e+00	1.07970021e+00	1.23811110e+00
6.30957344e-06	7.34456401e+00	1.09129918e+00	1.37168695e+00
8.57695899e-06	7.09180017e+00	1.10444559e+00	1.50081413e+00
1.16591440e-05	6.76772010e+00	1.11924712e+00	1.62196043e+00
1.58489319e-05	6.38165729e+00	1.13573897e+00	1.73357041e+00
2.15443469e-05	5.95029349e+00	1.15383907e+00	1.83539016e+00
2.92864456e-05	5.49505539e+00	1.17330822e+00	1.92801813e+00
3.98107171e-05	5.03940473e+00	1.19372197e+00	2.01250019e+00
5.41169527e-05	4.60595718e+00	1.21444148e+00	2.08997303e+00
7.35642254e-05	4.21341096e+00	1.23457814e+00	2.16141956e+00
1.00000000e-04	3.87394151e+00	1.25299332e+00	2.22755414e+00
1.21441818e-04	3.68774892e+00	1.26315674e+00	2.26670689e+00
1.45311983e-04	3.53625665e+00	1.27119888e+00	2.30128976e+00
1.72106431e-04	3.41066939e+00	1.27739764e+00	2.33245904e+00
2.02475553e-04	3.30465446e+00	1.28194890e+00	2.36103439e+00
2.37292126e-04	3.21364556e+00	1.28499082e+00	2.38762368e+00
2.77759703e-04	3.13430996e+00	1.28661509e+00	2.41269993e+00
3.25593478e-04	3.06415367e+00	1.28686997e+00	2.43665386e+00
3.83338850e-04	3.00123843e+00	1.28575666e+00	2.45983670e+00
4.54971620e-04	2.94392210e+00	1.28321658e+00	2.48260505e+00
5.47130977e-04	2.89005461e+00	1.27909537e+00	2.50528584e+00
6.71962865e-04	2.83930741e+00	1.27312374e+00	2.52824672e+00
8.54845697e-04	2.78620021e+00	1.26467998e+00	2.55269093e+00
1.16151357e-03	2.73347048e+00	1.25257806e+00	2.57982568e+00
1.85302501e-03	2.65644401e+00	1.23285966e+00	2.61533925e+00
5.05888921e-02	2.59660413e+00	1.13639031e+00	2.75593343e+00
