1.00000000e-06	5.56716821e+00	1.03098390e+00	9.45667384e-01
1.35935639e-06	5.58798700e+00	1.03554031e+00	1.02194056e+00
1.84784980e-06	5.58021787e+00	1.04062248e+00	1.12581463e+00
2.51188643e-06	5.52749479e+00	1.04629653e+00	1.24690561e+00
3.41454887e-06	5.41823404e+00	1.05262855e+00	1.37705192e+00
4.64158883e-06	5.24699774e+00	1.05967713e+00	1.50947617e+00
6.30957344e-06	5.01498283e+00	1.06748037e+00	1.63873711e+00
8.57695899e-06	4.72951082e+00	1.07603866e+00	1.76099695e+00
1.16591440e-05	4.40302420e+00	1.08530026e+00	1.87406991e+00
1.58489319e-05	4.05200384e+00	1.09515311e+00	1.97712378e+00
2.15443469e-05	3.69555516e+00	1.10541457e+00	2.07021819e+00
2.92864456e-05	3.35312457e+00	1.11580492e+00	2.15390242e+00
3.98107171e-05	3.04146357e+00	1.12590972e+00	2.22897093e+00
5.41169527e-05	2.77191431e+00	1.13516458e+00	2.29634745e+00
7.35642254e-05	2.54921982e+00	1.14290000e+00	2.35701655e+00
1.00000000e-04	2.37219048e+00	1.14845327e+00	2.41194122e+00
1.21441818e-04	2.27994899e+00	1.15057934e+00	2.44398182e+00
1.45311983e-04	2.20804056e+00	1.15152207e+00	2.47207543e+00
1.72106431e-04	2.15051030e+00	1.15149746e+00	2.49727605e+00
2.02475553e-04	2.10332764e+00	1.15065807e+00	2.52031833e+00
2.37292126e-04	2.06377378e+00	1.14911332e+00	2.54173580e+00
2.77759703e-04	2.03000135e+00	1.14694010e+00	2.56193392e+00
3.25593478e-04	2.00072696e+00	1.14418784e+00	2.58123950e+00
3.83338850e-04	1.97504669e+00	1.14087981e+00	2.59993889e+00
4.54971620e-04	1.95231896e+00	1.13701022e+00	2.61831623e+00
5.47130977e-04	1.93095513e+00	1.13252296e+00	2.63662569e+00
6.71962865e-04	1.90989702e+00	1.12730737e+00	2.65514199e+00
8.54845697e-04	1.88925393e+00	1.12114679e+00	2.67479423e+00
1.16151357e-03	1.84791589e+00	1.11336382e+00	2.69738647e+00
1.85302501e-03	1.83892113e+00	1.10285487e+00	2.72402891e+00
5.05888921e-02	1.81797583e+00	1.05970612e+00	2.82915393e+00
