1.00000000e-06	8.89733449e+00	1.03901033e+00	1.07444285e+00
1.35935639e-06	8.85059179e+00	1.04610510e+00	1.00072591e+00
1.84784980e-06	8.86194546e+00	1.05417122e+00	9.82438301e-01
2.51188643e-06	8.89544136e+00	1.06337716e+00	1.01509083e+00
3.41454887e-06	8.91804408e+00	1.07391717e+00	1.08799747e+00
4.64158883e-06	8.90161815e+00	1.08601746e+00	1.18716197e+00
6.30957344e-06	8.82288433e+00	1.09993126e+00	1.29886503e+00
8.57695899e-06	8.66477055e+00	1.11592856e+00	1.41245722e+00
1.16591440e-05	8.41823923e+00	1.13427649e+00	1.52123748e+00
1.58489319e-05	8.08402982e+00	1.15520757e+00	1.62188171e+00
2.15443469e-05	7.67309126e+00	1.17886802e+00	1.71340839e+00
2.92864456e-05	7.20501728e+00	1.20523864e+00	1.79629705e+00
3.98107171e-05	6.70498846e+00	1.23403838e+00	1.87186058e+00
5.41169527e-05	6.20023009e+00	1.26463843e+00	1.94175126e+00
7.35642254e-05	5.71653718e+00	1.29600872e+00	2.00753028e+00
1.00000000e-04	5.27501443e+00	1.32670015e+00	2.07033303e+00
1.21441818e-04	5.02284064e+00	1.34493736e+00	2.10870155e+00
1.45311983e-04	4.81189308e+00	1.36045890e+00	2.14335196e+00
1.72106431e-04	4.63266503e+00	1.37355758e+00	2.17523844e+00
2.02475553e-04	4.47810980e+00	1.38442854e+00	2.20503091e+00
2.37292126e-04	4.34296987e+00	1.39319639e+00	2.23322886e+00
2.77759703e-04	4.22324005e+00	1.39992689e+00	2.26023037e+00
3.25593478e-04	4.11576526e+00	1.40462830e+00	2.28637880e+00
3.83338850e-04	4.01790864e+00	1.40724279e+00	2.31200214e+00
4.54971620e-04	3.92712028e+00	1.40762222e+00	2.33745881e+00
5.47130977e-04	3.84118254e+00	1.40549308e+00	2.36310628e+00
6.71962865e-04	3.76160762e+00	1.40042441e+00	2.38938102e+00
8.54845697e-04	3.67411394e+00	1.39128858e+00	2.41766999e+00
1.16151357e-03	3.58836388e+00	1.37628603e+00	2.44955000e+00
1.85302501e-03	3.49163025e+00	1.34942564e+00	2.49115631e+00
5.05888921e-02	3.34782990e+00	1.20315726e+00	2.67067997e+00
