1.00000000e-06	2.31881085e+00	1.01052775e+00	1.56398855e+00
1.35935639e-06	2.20678205e+00	1.01157613e+00	1.70197611e+00
1.84784980e-06	2.07577402e+00	1.01265910e+00	1.83094963e+00
2.51188643e-06	1.93600083e+00	1.01375598e+00	1.94795582e+00
3.41454887e-06	1.79900941e+00	1.01483070e+00	2.05153987e+00
4.64158883e-06	1.67472427e+00	1.01582615e+00	2.14159556e+00
6.30957344e-06	1.56953632e+00	1.01666317e+00	2.21902154e+00
8.57695899e-06	1.48594116e+00	1.01724433e+00	2.28532379e+00
1.16591440e-05	1.42332270e+00	1.01745977e+00	2.34226801e+00
1.58489319e-05	1.37915081e+00	1.01719137e+00	2.39163124e+00
2.15443469e-05	1.35005407e+00	1.01631427e+00	2.43505644e+00
2.92864456e-05	1.33255978e+00	1.01469788e+00	2.47398711e+00
3.98107171e-05	1.32351074e+00	1.01221075e+00	2.50965055e+00
5.41169527e-05	1.32024607e+00	1.00873437e+00	2.54305978e+00
7.35642254e-05	1.32063787e+00	1.00418972e+00	2.57501116e+00
1.00000000e-04	1.32305359e+00	9.98577117e-01	2.60606477e+00
1.21441818e-04	1.32284195e+00	9.94525167e-01	2.62537052e+00
1.45311983e-04	1.32387308e+00	9.90500865e-01	2.64301239e+00
1.72106431e-04	1.32533386e+00	9.86523625e-01	2.65944363e+00
2.02475553e-04	1.32682306e+00	9.82609914e-01	2.67497633e+00
2.37292126e-04	1.32820485e+00	9.78775124e-01	2.68983784e+00
2.77759703e-04	1.32949412e+00	9.75035086e-01	2.70420456e+00
3.25593478e-04	1.33078625e+00	9.71407626e-01	2.71822443e+00
3.83338850e-04	1.33685404e+00	9.67903360e-01	2.73240049e+00
4.54971620e-04	1.33962964e+00	9.64570003e-01	2.74615157e+00
5.47130977e-04	1.34031898e+00	9.61448492e-01	2.75984458e+00
6.71962865e-04	1.33970727e+00	9.58602996e-01	2.77377668e+00
8.54845697e-04	1.34075854e+00	9.56138339e-01	2.78854854e+00
1.16151357e-03	1.34077788e+00	9.54296713e-01	2.80466701e+00
1.85302501e-03	1.34060708e+00	9.53747502e-01	2.82443807e+00
5.05888921e-02	1.34832890e+00	9.60971592e-01	2.89413551e+00
