1.00000000e-06	8.81272262e+00	1.03912627e+00	1.07250829e+00
1.35935639e-06	8.77298396e+00	1.04620419e+00	9.99276168e-01
1.84784980e-06	8.78663485e+00	1.05424098e+00	9.81771474e-01
2.51188643e-06	8.81919509e+00	1.06340351e+00	1.01558365e+00
3.41454887e-06	8.83872193e+00	1.07388454e+00	1.08974461e+00
4.64158883e-06	8.81783001e+00	1.08590790e+00	1.18994359e+00
6.30957344e-06	8.73384750e+00	1.09972291e+00	1.30236752e+00
8.57695899e-06	8.57029216e+00	1.11559356e+00	1.41646897e+00
1.16591440e-05	8.31876166e+00	1.13377861e+00	1.52570164e+00
1.58489319e-05	7.98063901e+00	1.15449957e+00	1.62684923e+00
2.15443469e-05	7.56739576e+00	1.17788867e+00	1.71897012e+00
2.92864456e-05	7.09890910e+00	1.20391043e+00	1.80253470e+00
3.98107171e-05	6.60037818e+00	1.23226876e+00	1.87881804e+00
5.41169527e-05	6.09882902e+00	1.26232708e+00	1.94941774e+00
7.35642254e-05	5.61969388e+00	1.29305931e+00	2.01583364e+00
1.00000000e-04	5.18359728e+00	1.32303338e+00	2.07914642e+00
1.21441818e-04	4.93507829e+00	1.34078931e+00	2.11775067e+00
1.45311983e-04	4.72749198e+00	1.35585805e+00	2.15256090e+00
1.72106431e-04	4.55135126e+00	1.36853248e+00	2.18454606e+00
2.02475553e-04	4.39963356e+00	1.37900846e+00	2.21438766e+00
2.37292126e-04	4.26710812e+00	1.38741196e+00	2.24259412e+00
2.77759703e-04	4.14979874e+00	1.39381086e+00	2.26957018e+00
3.25593478e-04	4.04458188e+00	1.39821644e+00	2.29566392e+00
3.83338850e-04	3.94885825e+00	1.40057510e+00	2.32120634e+00
4.54971620e-04	3.86013204e+00	1.40074489e+00	2.34655715e+00
5.47130977e-04	3.77617829e+00	1.39846001e+00	2.37207257e+00
6.71962865e-04	3.69835928e+00	1.39329930e+00	2.39818498e+00
8.54845697e-04	3.61302981e+00	1.38416846e+00	2.42627259e+00
1.16151357e-03	3.52933148e+00	1.36930373e+00	2.45788712e+00
1.85302501e-03	3.43495973e+00	1.34284846e+00	2.49908402e+00
5.05888921e-02	3.29548273e+00	1.19944793e+00	2.67618707e+00
