1.00000000e-06	9.63422727e-01	1.00263869e+00	2.09132191e+00
1.35935639e-06	9.64400107e-01	1.00267126e+00	2.16082434e+00
1.84784980e-06	9.73662765e-01	1.00262915e+00	2.22158714e+00
2.51188643e-06	9.89215271e-01	1.00248907e+00	2.27507685e+00
3.41454887e-06	1.00895739e+00	1.00222301e+00	2.32252155e+00
4.64158883e-06	1.03095016e+00	1.00179596e+00	2.36493984e+00
6.30957344e-06	1.05357107e+00	1.00116322e+00	2.40318181e+00
8.57695899e-06	1.07558010e+00	1.00026767e+00	2.43796934e+00
1.16591440e-05	1.09611978e+00	9.99037288e-01	2.46993075e+00
1.58489319e-05	1.11467250e+00	9.97383479e-01	2.49962832e+00
2.15443469e-05	1.13099471e+00	9.95201173e-01	2.52757853e+00
2.92864456e-05	1.14504461e+00	9.92372297e-01	2.55426435e+00
3.98107171e-05	1.15691380e+00	9.88774943e-01	2.58013776e+00
5.41169527e-05	1.16676921e+00	9.84301110e-01	2.60560889e+00
7.35642254e-05	1.17480835e+00	9.78885431e-01	2.63101795e+00
1.00000000e-04	1.18122961e+00	9.72544748e-01	2.65658720e+00
1.21441818e-04	1.18602806e+00	9.68108461e-01	2.67295449e+00
1.45311983e-04	1.19751560e+00	9.63760888e-01	2.68823720e+00
1.72106431e-04	1.19705329e+00	9.59571822e-01	2.70238256e+00
2.02475553e-04	1.19683099e+00	9.55507118e-01	2.71588416e+00
2.37292126e-04	1.19672055e+00	9.51576254e-01	2.72890232e+00
2.77759703e-04	1.19666057e+00	9.47792666e-01	2.74156561e+00
3.25593478e-04	1.19675457e+00	9.44174650e-01	2.75398204e+00
3.83338850e-04	1.19715865e+00	9.40748146e-01	2.76625509e+00
4.54971620e-04	1.19814134e+00	9.37550615e-01	2.77849944e+00
5.47130977e-04	1.19878642e+00	9.34645642e-01	2.79081832e+00
6.71962865e-04	1.19799688e+00	9.32133772e-01	2.80331308e+00
8.54845697e-04	1.19890468e+00	9.30163541e-01	2.81650002e+00
1.16151357e-03	1.19895123e+00	9.29091985e-01	2.83076308e+00
1.85302501e-03	1.19934498e+00	9.29889991e-01	2.84801078e+00
5.05888921e-02	1.24753609e+00	8.93340233e-01	2.90716515e+00
