1.00000000e-06	3.65201662e+00	1.01826223e+00	1.13082906e+00
1.35935639e-06	3.54669168e+00	1.02040617e+00	1.30271157e+00
1.84784980e-06	3.41490656e+00	1.02275360e+00	1.46900111e+00
2.51188643e-06	3.25260758e+00	1.02529598e+00	1.62415484e+00
3.41454887e-06	3.06076649e+00	1.02801322e+00	1.76580237e+00
4.64158883e-06	2.84601003e+00	1.03087328e+00	1.89314872e+00
6.30957344e-06	2.62007027e+00	1.03382613e+00	2.00617113e+00
8.57695899e-06	2.39739453e+00	1.03679006e+00	2.10533345e+00
1.16591440e-05	2.19162929e+00	1.03963619e+00	2.19152328e+00
1.58489319e-05	2.01259877e+00	1.04218181e+00	2.26601271e+00
2.15443469e-05	1.86501748e+00	1.04419931e+00	2.33036438e+00
2.92864456e-05	1.74899090e+00	1.04543839e+00	2.38629002e+00
3.98107171e-05	1.66148736e+00	1.04565377e+00	2.43550043e+00
5.41169527e-05	1.59789930e+00	1.04463304e+00	2.47957738e+00
7.35642254e-05	1.55321698e+00	1.04222586e+00	2.51987630e+00
1.00000000e-04	1.52273197e+00	1.03837895e+00	2.55745274e+00
1.21441818e-04	1.50682077e+00	1.03522354e+00	2.58010208e+00
1.45311983e-04	1.49593679e+00	1.03187708e+00	2.60043319e+00
1.72106431e-04	1.48812404e+00	1.02840024e+00	2.61908834e+00
2.02475553e-04	1.48221046e+00	1.02483591e+00	2.63650741e+00
2.37292126e-04	1.47753212e+00	1.02121629e+00	2.65300714e+00
2.77759703e-04	1.47373333e+00	1.01756683e+00	2.66882893e+00
3.25593478e-04	1.47064392e+00	1.01390878e+00	2.68417023e+00
3.83338850e-04	1.46821692e+00	1.01026102e+00	2.69920937e+00
4.54971620e-04	1.46654362e+00	1.00664185e+00	2.71413105e+00
5.47130977e-04	1.46434579e+00	1.00306921e+00	2.72915369e+00
6.71962865e-04	1.45858727e+00	9.99565633e-01	2.74493380e+00
8.54845697e-04	1.45840960e+00	9.96172832e-01	2.76077428e+00
1.16151357e-03	1.45750665e+00	9.92946202e-01	2.77820341e+00
1.85302501e-03	1.45635838e+00	9.90044758e-01	2.79988129e+00
5.05888921e-02	1.45516540e+00	9.89515140e-01	2.87899546e+00
