1.00000000e-06	3.21736180e+00	1.01615462e+00	1.27434063e+00
1.35935639e-06	3.12378516e+00	1.01804343e+00	1.43273989e+00
1.84784980e-06	2.99957317e+00	1.02008628e+00	1.58367702e+00
2.51188643e-06	2.84443711e+00	1.02227000e+00	1.72409198e+00
3.41454887e-06	2.66313830e+00	1.02457259e+00	1.85242853e+00
4.64158883e-06	2.46556295e+00	1.02695996e+00	1.96790973e+00
6.30957344e-06	2.26500850e+00	1.02937596e+00	2.07031620e+00
8.57695899e-06	2.07503791e+00	1.03172889e+00	2.15997288e+00
1.16591440e-05	1.90633569e+00	1.03388272e+00	2.23773608e+00
1.58489319e-05	1.76496370e+00	1.03565971e+00	2.30489907e+00
2.15443469e-05	1.65239516e+00	1.03685438e+00	2.36303054e+00
2.92864456e-05	1.56671501e+00	1.03725296e+00	2.41379702e+00
3.98107171e-05	1.50411320e+00	1.03665259e+00	2.45881146e+00
5.41169527e-05	1.46010417e+00	1.03488042e+00	2.49952403e+00
7.35642254e-05	1.43030546e+00	1.03181769e+00	2.53714779e+00
1.00000000e-04	1.41084062e+00	1.02743367e+00	2.57260322e+00
1.21441818e-04	1.40031470e+00	1.02400886e+00	2.59415244e+00
1.45311983e-04	1.39352632e+00	1.02046218e+00	2.61359187e+00
1.72106431e-04	1.38891244e+00	1.01684064e+00	2.63150438e+00
2.02475553e-04	1.38556328e+00	1.01317828e+00	2.64828958e+00
2.37292126e-04	1.38299012e+00	1.00950158e+00	2.66423595e+00
2.77759703e-04	1.38095521e+00	1.00583256e+00	2.67956438e+00
3.25593478e-04	1.37937176e+00	1.00219096e+00	2.69445666e+00
3.83338850e-04	1.37824951e+00	9.98596097e-01	2.70907836e+00
4.54971620e-04	1.37772343e+00	9.95068854e-01	2.72360264e+00
5.47130977e-04	1.37561334e+00	9.91634473e-01	2.73893342e+00
6.71962865e-04	1.37428162e+00	9.88329118e-01	2.75348081e+00
8.54845697e-04	1.37436717e+00	9.85208160e-01	2.76896217e+00
1.16151357e-03	1.37369465e+00	9.82381716e-01	2.78596147e+00
1.85302501e-03	1.37297361e+00	9.80151574e-01	2.80703093e+00
5.05888921e-02	1.37305672e+00	9.82393642e-01	2.88332397e+00
