1.00000000e-06	8.35361022e+00	1.03987600e+00	1.01292773e+00
1.35935639e-06	8.28130868e+00	1.04659276e+00	9.46824530e-01
1.84784980e-06	8.25701172e+00	1.05416483e+00	9.45613242e-01
2.51188643e-06	8.24511154e+00	1.06274737e+00	1.00016265e+00
3.41454887e-06	8.21515066e+00	1.07251840e+00	1.09384924e+00
4.64158883e-06	8.14135129e+00	1.08367404e+00	1.20914579e+00
6.30957344e-06	8.00357360e+00	1.09642088e+00	1.33218203e+00
8.57695899e-06	7.78897413e+00	1.11096257e+00	1.45396588e+00
1.16591440e-05	7.49378582e+00	1.12747869e+00	1.56952860e+00
1.58489319e-05	7.12409304e+00	1.14609051e+00	1.67659890e+00
2.15443469e-05	6.69482006e+00	1.16680836e+00	1.77459739e+00
2.92864456e-05	6.22725804e+00	1.18946825e+00	1.86400378e+00
3.98107171e-05	5.74603555e+00	1.21367640e+00	1.94589572e+00
5.41169527e-05	5.27604286e+00	1.23877101e+00	2.02154227e+00
7.35642254e-05	4.83932352e+00	1.26379108e+00	2.09207059e+00
1.00000000e-04	4.45216873e+00	1.28746326e+00	2.15825864e+00
1.21441818e-04	4.23592686e+00	1.30104511e+00	2.19793960e+00
1.45311983e-04	4.05772243e+00	1.31222360e+00	2.23328373e+00
1.72106431e-04	3.90832813e+00	1.32128630e+00	2.26537972e+00
2.02475553e-04	3.78100220e+00	1.32843128e+00	2.29499972e+00
2.37292126e-04	3.67080167e+00	1.33379341e+00	2.32271944e+00
2.77759703e-04	3.57404464e+00	1.33745605e+00	2.34899184e+00
3.25593478e-04	3.48790922e+00	1.33945345e+00	2.37419744e+00
3.83338850e-04	3.41012805e+00	1.33976504e+00	2.39868584e+00
4.54971620e-04	3.33865719e+00	1.33829789e+00	2.42282144e+00
5.47130977e-04	3.27125918e+00	1.33484964e+00	2.44694754e+00
6.71962865e-04	3.20822282e+00	1.32908311e+00	2.47146186e+00
8.54845697e-04	3.14078605e+00	1.32017565e+00	2.49765526e+00
1.16151357e-03	3.07425589e+00	1.30667744e+00	2.52687999e+00
1.85302501e-03	2.97784612e+00	1.28363021e+00	2.56565706e+00
5.05888921e-02	2.89482546e+00	1.16580381e+00	2.72156599e+00
