1.00000000e-06	3.99035211e+00	1.02014345e+00	1.05809089e+00
1.35935639e-06	3.88645390e+00	1.02255405e+00	1.22319676e+00
1.84784980e-06	3.75583363e+00	1.02520736e+00	1.39044911e+00
2.51188643e-06	3.59316412e+00	1.02810457e+00	1.55042578e+00
3.41454887e-06	3.39765768e+00	1.03123220e+00	1.69844147e+00
4.64158883e-06	3.17369054e+00	1.03456195e+00	1.83260140e+00
6.30957344e-06	2.93108666e+00	1.03804864e+00	1.95245050e+00
8.57695899e-06	2.68387993e+00	1.04161984e+00	2.05826662e+00
1.16591440e-05	2.44734051e+00	1.04515808e+00	2.15078642e+00
1.58489319e-05	2.23441503e+00	1.04848535e+00	2.23111928e+00
2.15443469e-05	2.05323830e+00	1.05136253e+00	2.30068402e+00
2.92864456e-05	1.90658575e+00	1.05350845e+00	2.36110550e+00
3.98107171e-05	1.79291821e+00	1.05463320e+00	2.41407840e+00
5.41169527e-05	1.70806164e+00	1.05447612e+00	2.46122858e+00
7.35642254e-05	1.64673307e+00	1.05284388e+00	2.50399311e+00
1.00000000e-04	1.60358881e+00	1.04964991e+00	2.54352439e+00
1.21441818e-04	1.58141864e+00	1.04683170e+00	2.56718096e+00
1.45311983e-04	1.56569375e+00	1.04374234e+00	2.58832228e+00
1.72106431e-04	1.55404826e+00	1.04045813e+00	2.60764595e+00
2.02475553e-04	1.54503185e+00	1.03703214e+00	2.62562966e+00
2.37292126e-04	1.53779019e+00	1.03350327e+00	2.64261680e+00
2.77759703e-04	1.53183535e+00	1.02990109e+00	2.65886820e+00
3.25593478e-04	1.52689798e+00	1.02624876e+00	2.67459627e+00
3.83338850e-04	1.52287095e+00	1.02256498e+00	2.68999109e+00
4.54971620e-04	1.51978192e+00	1.01886539e+00	2.70524834e+00
5.47130977e-04	1.51651352e+00	1.01516070e+00	2.72054505e+00
6.71962865e-04	1.50963225e+00	1.01145763e+00	2.73634366e+00
8.54845697e-04	1.50454792e+00	1.00777888e+00	2.75301541e+00
1.16151357e-03	1.50338370e+00	1.00413466e+00	2.77079243e+00
1.85302501e-03	1.50145490e+00	1.00052331e+00	2.79298375e+00
5.05888921e-02	1.49891142e+00	9.96466265e-01	2.87464312e+00
