1.00000000e-06	5.59506496e+00	1.03126048e+00	9.49623567e-01
1.35935639e-06	5.62337983e+00	1.03589881e+00	1.02290048e+00
1.84784980e-06	5.62312105e+00	1.04107529e+00	1.12429271e+00
2.51188643e-06	5.57775091e+00	1.04685826e+00	1.24320351e+00
3.41454887e-06	5.47529837e+00	1.05331673e+00	1.37146482e+00
4.64158883e-06	5.30983123e+00	1.06051313e+00	1.50240728e+00
6.30957344e-06	5.08211323e+00	1.06849051e+00	1.63065572e+00
8.57695899e-06	4.79919451e+00	1.07725491e+00	1.75234076e+00
1.16591440e-05	4.47338895e+00	1.08675934e+00	1.86518467e+00
1.58489319e-05	4.12112669e+00	1.09689437e+00	1.96825998e+00
2.15443469e-05	3.76154862e+00	1.10747860e+00	2.06155712e+00
2.92864456e-05	3.41431583e+00	1.11823391e+00	2.14558011e+00
3.98107171e-05	3.09664344e+00	1.12874751e+00	2.22108794e+00
5.41169527e-05	2.82052251e+00	1.13845224e+00	2.28896831e+00
7.35642254e-05	2.59135590e+00	1.14666539e+00	2.35016808e+00
1.00000000e-04	2.40845455e+00	1.15269836e+00	2.40561551e+00
1.21441818e-04	2.31296170e+00	1.15511338e+00	2.43796852e+00
1.45311983e-04	2.23836330e+00	1.15630318e+00	2.46633513e+00
1.72106431e-04	2.17857666e+00	1.15648802e+00	2.49177687e+00
2.02475553e-04	2.12947695e+00	1.15582379e+00	2.51503436e+00
2.37292126e-04	2.08827088e+00	1.15442243e+00	2.53664614e+00
2.77759703e-04	2.05305210e+00	1.15236256e+00	2.55702187e+00
3.25593478e-04	2.02249427e+00	1.14969461e+00	2.57649191e+00
3.83338850e-04	1.99565866e+00	1.14644192e+00	2.59534586e+00
4.54971620e-04	1.97187307e+00	1.14259760e+00	2.61387107e+00
5.47130977e-04	1.94953389e+00	1.13810247e+00	2.63232469e+00
6.71962865e-04	1.92759636e+00	1.13284031e+00	2.65098509e+00
8.54845697e-04	1.90601749e+00	1.12658190e+00	2.67079119e+00
1.16151357e-03	1.86271775e+00	1.11861061e+00	2.69360142e+00
1.85302501e-03	1.85319737e+00	1.10778355e+00	2.72045542e+00
5.05888921e-02	1.83129174e+00	1.06268993e+00	2.82673334e+00
