1.00000000e-06	7.72619613e+00	1.03892056e+00	8.88703833e-01
1.35935639e-06	7.59611637e+00	1.04486259e+00	8.63345054e-01
1.84784980e-06	7.52128580e+00	1.05156750e+00	9.09454850e-01
2.51188643e-06	7.45857699e+00	1.05916661e+00	1.00523618e+00
3.41454887e-06	7.37511902e+00	1.06780123e+00	1.12849152e+00
4.64158883e-06	7.24592339e+00	1.07761685e+00	1.26276875e+00
6.30957344e-06	7.05418015e+00	1.08875502e+00	1.39778430e+00
8.57695899e-06	6.79227806e+00	1.10133946e+00	1.52765452e+00
1.16591440e-05	6.46224839e+00	1.11545278e+00	1.64922707e+00
1.58489319e-05	6.07480637e+00	1.13110126e+00	1.76109696e+00
2.15443469e-05	5.64726135e+00	1.14817564e+00	1.86307020e+00
2.92864456e-05	5.20103644e+00	1.16642026e+00	1.95575317e+00
3.98107171e-05	4.75909251e+00	1.18541009e+00	2.04015561e+00
5.41169527e-05	4.34305642e+00	1.20451915e+00	2.11735646e+00
7.35642254e-05	3.97016892e+00	1.22288476e+00	2.18829424e+00
1.00000000e-04	3.65089735e+00	1.23941896e+00	2.25367889e+00
1.21441818e-04	3.47700070e+00	1.24837479e+00	2.29224721e+00
1.45311983e-04	3.33623454e+00	1.25532287e+00	2.32623590e+00
1.72106431e-04	3.22005185e+00	1.26053651e+00	2.35680979e+00
2.02475553e-04	3.12234003e+00	1.26420956e+00	2.38479377e+00
2.37292126e-04	3.03872388e+00	1.26648001e+00	2.41079810e+00
2.77759703e-04	2.96603561e+00	1.26744100e+00	2.43529586e+00
3.25593478e-04	2.90192556e+00	1.26714424e+00	2.45867603e+00
3.83338850e-04	2.84459428e+00	1.26559717e+00	2.48128593e+00
4.54971620e-04	2.79253455e+00	1.26275157e+00	2.50347631e+00
5.47130977e-04	2.74365532e+00	1.25846924e+00	2.52556605e+00
6.71962865e-04	2.69744466e+00	1.25250468e+00	2.54791108e+00
8.54845697e-04	2.64946345e+00	1.24430321e+00	2.57167877e+00
1.16151357e-03	2.60167234e+00	1.23277530e+00	2.59802601e+00
1.85302501e-03	2.53186327e+00	1.21431946e+00	2.63235943e+00
5.05888921e-02	2.47937743e+00	1.12560210e+00	2.76756148e+00
