1.00000000e-06	5.08915843e+00	1.02731535e+00	9.46438177e-01
1.35935639e-06	5.04678989e+00	1.03100151e+00	1.05040587e+00
1.84784980e-06	4.97424710e+00	1.03509307e+00	1.17929008e+00
2.51188643e-06	4.85927948e+00	1.03963302e+00	1.32200148e+00
3.41454887e-06	4.69558656e+00	1.04465706e+00	1.46848392e+00
4.64158883e-06	4.48257193e+00	1.05018342e+00	1.61103586e+00
6.30957344e-06	4.22480755e+00	1.05620221e+00	1.74477223e+00
8.57695899e-06	3.93166349e+00	1.06266940e+00	1.86723925e+00
1.16591440e-05	3.61695939e+00	1.06950347e+00	1.97765165e+00
1.58489319e-05	3.29783673e+00	1.07657447e+00	2.07618730e+00
2.15443469e-05	2.99225460e+00	1.08367807e+00	2.16353444e+00
2.92864456e-05	2.71562956e+00	1.09050577e+00	2.24067436e+00
3.98107171e-05	2.47807889e+00	1.09663836e+00	2.30878753e+00
5.41169527e-05	2.28346522e+00	1.10158317e+00	2.36918016e+00
7.35642254e-05	2.13028537e+00	1.10485246e+00	2.42318227e+00
1.00000000e-04	2.01353494e+00	1.10606096e+00	2.47201738e+00
1.21441818e-04	1.95372904e+00	1.10564602e+00	2.50060065e+00
1.45311983e-04	1.90823224e+00	1.10446543e+00	2.52575973e+00
1.72106431e-04	1.87254190e+00	1.10268163e+00	2.54843168e+00
2.02475553e-04	1.84370518e+00	1.10040714e+00	2.56926287e+00
2.37292126e-04	1.81980331e+00	1.09772190e+00	2.58871871e+00
2.77759703e-04	1.79958507e+00	1.09468240e+00	2.60715090e+00
3.25593478e-04	1.78222305e+00	1.09132642e+00	2.62484217e+00
3.83338850e-04	1.76717950e+00	1.08767517e+00	2.64204056e+00
4.54971620e-04	1.75414322e+00	1.08373272e+00	2.65899353e+00
5.47130977e-04	1.74176558e+00	1.07947288e+00	2.67592231e+00
6.71962865e-04	1.72897901e+00	1.07483932e+00	2.69306384e+00
8.54845697e-04	1.71715344e+00	1.06972787e+00	2.71125173e+00
1.16151357e-03	1.69380977e+00	1.06380292e+00	2.73183560e+00
1.85302501e-03	1.68915347e+00	1.05639221e+00	2.75645482e+00
5.05888921e-02	1.67753001e+00	1.03142393e+00	2.85084509e+00
