1.00000000e-06	6.47882945e+00	1.03493252e+00	8.55658876e-01
1.35935639e-06	6.44372004e+00	1.04011011e+00	9.05171973e-01
1.84784980e-06	6.41603564e+00	1.04593815e+00	1.00002085e+00
2.51188643e-06	6.36708271e+00	1.05250889e+00	1.12069266e+00
3.41454887e-06	6.27488491e+00	1.05991783e+00	1.25350930e+00
4.64158883e-06	6.12452786e+00	1.06825824e+00	1.38962400e+00
6.30957344e-06	5.90908792e+00	1.07761119e+00	1.52320132e+00
8.57695899e-06	5.62993563e+00	1.08802851e+00	1.65033721e+00
1.16591440e-05	5.29589609e+00	1.09950877e+00	1.76865784e+00
1.58489319e-05	4.92166191e+00	1.11197410e+00	1.87710777e+00
2.15443469e-05	4.52601932e+00	1.12525503e+00	1.97564088e+00
2.92864456e-05	4.12986814e+00	1.13907600e+00	2.06482744e+00
3.98107171e-05	3.75364448e+00	1.15302519e+00	2.14551077e+00
5.41169527e-05	3.41427167e+00	1.16651445e+00	2.21859601e+00
7.35642254e-05	3.12261208e+00	1.17877208e+00	2.28495461e+00
1.00000000e-04	2.88250380e+00	1.18891729e+00	2.34537763e+00
1.21441818e-04	2.75498902e+00	1.19384320e+00	2.38070160e+00
1.45311983e-04	2.65379130e+00	1.19720330e+00	2.41167747e+00
1.72106431e-04	2.57163876e+00	1.19924689e+00	2.43943955e+00
2.02475553e-04	2.50347944e+00	1.20015208e+00	2.46478512e+00
2.37292126e-04	2.44580530e+00	1.20004732e+00	2.48829823e+00
2.77759703e-04	2.39615798e+00	1.19902231e+00	2.51042626e+00
3.25593478e-04	2.35277761e+00	1.19713250e+00	2.53153199e+00
3.83338850e-04	2.31437251e+00	1.19439884e+00	2.55193483e+00
4.54971620e-04	2.27994965e+00	1.19080176e+00	2.57195228e+00
5.47130977e-04	2.24768719e+00	1.18625305e+00	2.59186916e+00
6.71962865e-04	2.21666149e+00	1.18058635e+00	2.61199664e+00
8.54845697e-04	2.18539063e+00	1.17345439e+00	2.63336756e+00
1.16151357e-03	2.15383578e+00	1.16409998e+00	2.65697212e+00
1.85302501e-03	2.10901780e+00	1.15011489e+00	2.68730641e+00
5.05888921e-02	2.07715137e+00	1.08790983e+00	2.80466105e+00
