1.00000000e-06	7.45911409e+00	1.03815975e+00	8.59996683e-01
1.35935639e-06	7.33755233e+00	1.04387976e+00	8.53750693e-01
1.84784980e-06	7.26451611e+00	1.05033723e+00	9.15899717e-01
2.51188643e-06	7.19837628e+00	1.05765400e+00	1.02223127e+00
3.41454887e-06	7.10754539e+00	1.06595851e+00	1.15133453e+00
4.64158883e-06	6.96868022e+00	1.07538121e+00	1.28855105e+00
6.30957344e-06	6.76694405e+00	1.08604602e+00	1.42501040e+00
8.57695899e-06	6.49682875e+00	1.09805588e+00	1.55559280e+00
1.16591440e-05	6.16216481e+00	1.11146859e+00	1.67748477e+00
1.58489319e-05	5.77481541e+00	1.12626330e+00	1.78943727e+00
2.15443469e-05	5.35254417e+00	1.14230774e+00	1.89133762e+00
2.92864456e-05	4.91668336e+00	1.15933520e+00	1.98381767e+00
3.98107171e-05	4.48963482e+00	1.17692313e+00	2.06786474e+00
5.41169527e-05	4.09195551e+00	1.19445758e+00	2.14451623e+00
7.35642254e-05	3.73933962e+00	1.21110015e+00	2.21468636e+00
1.00000000e-04	3.44050647e+00	1.22581444e+00	2.27909988e+00
1.21441818e-04	3.27887464e+00	1.23360926e+00	2.31697096e+00
1.45311983e-04	3.14871805e+00	1.23951221e+00	2.35027945e+00
1.72106431e-04	3.04176902e+00	1.24379144e+00	2.38019329e+00
2.02475553e-04	2.95215610e+00	1.24663798e+00	2.40753820e+00
2.37292126e-04	2.87570898e+00	1.24818871e+00	2.43292342e+00
2.77759703e-04	2.80943305e+00	1.24853723e+00	2.45681954e+00
3.25593478e-04	2.75113213e+00	1.24773771e+00	2.47961160e+00
3.83338850e-04	2.69913352e+00	1.24580251e+00	2.50164192e+00
4.54971620e-04	2.65207467e+00	1.24269272e+00	2.52325390e+00
5.47130977e-04	2.60792558e+00	1.23828501e+00	2.54475810e+00
6.71962865e-04	2.56602426e+00	1.23235654e+00	2.56649869e+00
8.54845697e-04	2.52285740e+00	1.22441456e+00	2.58960713e+00
1.16151357e-03	2.47971798e+00	1.21346292e+00	2.61519279e+00
1.85302501e-03	2.41708230e+00	1.19624426e+00	2.64839515e+00
5.05888921e-02	2.37111442e+00	1.11503121e+00	2.77848250e+00
