1.00000000e-06	8.52236712e+00	1.03947055e+00	1.06002352e+00
1.35935639e-06	8.49499849e+00	1.04643874e+00	9.88181552e-01
1.84784980e-06	8.50825543e+00	1.05431608e+00	9.75005785e-01
2.51188643e-06	8.53119085e+00	1.06326348e+00	1.01515451e+00
3.41454887e-06	8.53492311e+00	1.07346781e+00	1.09574685e+00
4.64158883e-06	8.49421671e+00	1.08514217e+00	1.20105055e+00
6.30957344e-06	8.38836183e+00	1.09851870e+00	1.31701896e+00
8.57695899e-06	8.20298083e+00	1.11383599e+00	1.43364825e+00
1.16591440e-05	7.93205647e+00	1.13131845e+00	1.54504852e+00
1.58489319e-05	7.57936460e+00	1.15114334e+00	1.64841791e+00
2.15443469e-05	7.15822259e+00	1.17338762e+00	1.74296036e+00
2.92864456e-05	6.68939380e+00	1.19795434e+00	1.82911777e+00
3.98107171e-05	6.19797770e+00	1.22449565e+00	1.90803760e+00
5.41169527e-05	5.71011523e+00	1.25235465e+00	1.98113050e+00
7.35642254e-05	5.24975281e+00	1.28052929e+00	2.04968856e+00
1.00000000e-04	4.83558792e+00	1.30765828e+00	2.11461512e+00
1.21441818e-04	4.60166322e+00	1.32351917e+00	2.15390203e+00
1.45311983e-04	4.40742154e+00	1.33681422e+00	2.18912528e+00
1.72106431e-04	4.24347621e+00	1.34783498e+00	2.22130958e+00
2.02475553e-04	4.10291896e+00	1.35677901e+00	2.25117942e+00
2.37292126e-04	3.98064067e+00	1.36377693e+00	2.27927575e+00
2.77759703e-04	3.87279004e+00	1.36890425e+00	2.30602718e+00
3.25593478e-04	3.77637573e+00	1.37218338e+00	2.33179830e+00
3.83338850e-04	3.68894907e+00	1.37357659e+00	2.35693007e+00
4.54971620e-04	3.60822416e+00	1.37296516e+00	2.38178564e+00
5.47130977e-04	3.53195962e+00	1.37011281e+00	2.40671587e+00
6.71962865e-04	3.46097708e+00	1.36463669e+00	2.43213727e+00
8.54845697e-04	3.38398686e+00	1.35556949e+00	2.45939072e+00
1.16151357e-03	3.30823747e+00	1.34128901e+00	2.48993360e+00
1.85302501e-03	3.22298804e+00	1.31646459e+00	2.52951423e+00
5.05888921e-02	3.09973581e+00	1.18448663e+00	2.69730051e+00
