1.00000000e-06	7.54907272e+00	1.03842851e+00	8.69570860e-01
1.35935639e-06	7.42464519e+00	1.04422356e+00	8.56529854e-01
1.84784980e-06	7.35094312e+00	1.05076435e+00	9.13226105e-01
2.51188643e-06	7.28587513e+00	1.05817608e+00	1.01609490e+00
3.41454887e-06	7.19742299e+00	1.06659159e+00	1.14333252e+00
4.64158883e-06	7.06168321e+00	1.07614638e+00	1.27963489e+00
6.30957344e-06	6.86314660e+00	1.08697023e+00	1.41566090e+00
8.57695899e-06	6.59560077e+00	1.09917299e+00	1.54604721e+00
1.16591440e-05	6.26228767e+00	1.11282062e+00	1.66787349e+00
1.58489319e-05	5.87470559e+00	1.12790111e+00	1.77983958e+00
2.15443469e-05	5.45047958e+00	1.14428929e+00	1.88180499e+00
2.92864456e-05	5.01097830e+00	1.16172161e+00	1.97439260e+00
3.98107171e-05	4.57879666e+00	1.17977445e+00	2.05859685e+00
5.41169527e-05	4.17485941e+00	1.19782994e+00	2.13546795e+00
7.35642254e-05	3.81538846e+00	1.21504169e+00	2.20592652e+00
1.00000000e-04	3.50969101e+00	1.23035594e+00	2.27069071e+00
1.21441818e-04	3.34396136e+00	1.23853265e+00	2.30880774e+00
1.45311983e-04	3.21027046e+00	1.24477860e+00	2.34235321e+00
1.72106431e-04	3.10025371e+00	1.24936376e+00	2.37249476e+00
2.02475553e-04	3.00795638e+00	1.25248018e+00	2.40005839e+00
2.37292126e-04	2.92913796e+00	1.25426520e+00	2.42565410e+00
2.77759703e-04	2.86074501e+00	1.25481241e+00	2.44975364e+00
3.25593478e-04	2.80052979e+00	1.25417524e+00	2.47274359e+00
3.83338850e-04	2.74677567e+00	1.25236454e+00	2.49496817e+00
4.54971620e-04	2.69807333e+00	1.24933844e+00	2.51677329e+00
5.47130977e-04	2.65237171e+00	1.24496878e+00	2.53847240e+00
6.71962865e-04	2.60905526e+00	1.23902530e+00	2.56041357e+00
8.54845697e-04	2.56431372e+00	1.23099517e+00	2.58374025e+00
1.16151357e-03	2.51965201e+00	1.21985144e+00	2.60957742e+00
1.85302501e-03	2.45463636e+00	1.20222334e+00	2.64315206e+00
5.05888921e-02	2.40659757e+00	1.11853138e+00	2.77491680e+00
